#     Density Matrix: population Re; see the manual for detail orders
        0     0.00000000     0.00000000     1.00000000
        1     0.00000007     0.00001063     0.99998931
        2     0.00000010     0.00009542     0.99990448
        3     0.00000028     0.00024167     0.99975805
        4     0.00000028     0.00037596     0.99962376
        5     0.00000058     0.00045501     0.99954442
        6     0.00000051     0.00059703     0.99940246
        7     0.00000084     0.00123922     0.99875994
        8     0.00000073     0.00346010     0.99653918
        9     0.00000096     0.01019292     0.98980612
       10     0.00000085     0.03178481     0.96821435
       11     0.00000079     0.11176979     0.88822943
       12     0.00000057     0.35484096     0.64515847
       13     0.00000051     0.57711374     0.42288574
       14     0.00000075     0.43817590     0.56182335
       15     0.00000151     0.31677377     0.68322471
       16     0.00000128     0.25313457     0.74686414
       17     0.00000067     0.22057135     0.77942798
       18     0.00000076     0.20511454     0.79488471
       19     0.00000067     0.19889793     0.80110140
       20     0.00000069     0.19725696     0.80274235
       21     0.00000033     0.19735176     0.80264791
       22     0.00000029     0.19736022     0.80263948
       23     0.00000033     0.19633927     0.80366041
       24     0.00000009     0.19394444     0.80605547
       25     0.00000010     0.19012980     0.80987010
       26     0.00000010     0.18507285     0.81492705
       27     0.00000001     0.17904069     0.82095929
       28     0.00000002     0.17232300     0.82767699
       29     0.00000003     0.16517575     0.83482422
       30     0.00000001     0.15796162     0.84203836
       31     0.00000003     0.15106337     0.84893661
       32     0.00000001     0.14492813     0.85507186
       33     0.00000001     0.14020076     0.85979924
       34     0.00000004     0.13770660     0.86229336
       35     0.00000002     0.13846258     0.86153741
       36     0.00000001     0.14367649     0.85632350
       37     0.00000003     0.15455059     0.84544938
       38     0.00000001     0.17201874     0.82798125
       39     0.00000004     0.19631750     0.80368247
       40     0.00000005     0.22639525     0.77360469
       41     0.00000004     0.25916047     0.74083949
       42     0.00000008     0.28878490     0.71121502
       43     0.00000033     0.30654774     0.69345193
       44     0.00000011     0.30191245     0.69808744
       45     0.00000021     0.26582626     0.73417353
       46     0.00000054     0.19714055     0.80285891
       47     0.00000017     0.11056425     0.88943558
       48     0.00000053     0.03909395     0.96090552
       49     0.00000054     0.02114665     0.97885281
       50     0.00000016     0.07282721     0.92717263
       51     0.00000059     0.16880468     0.83119473
       52     0.00000018     0.25678790     0.74321191
       53     0.00000043     0.29419573     0.70580384
       54     0.00000049     0.27271847     0.72728104
       55     0.00000015     0.21577706     0.78422279
       56     0.00000047     0.15903205     0.84096748
       57     0.00000016     0.12955425     0.87044559
       58     0.00000036     0.13394523     0.86605441
       59     0.00000035     0.15942901     0.84057064
       60     0.00000015     0.18481145     0.81518840
       61     0.00000045     0.19428615     0.80571340
       62     0.00000008     0.18595859     0.81404132
       63     0.00000057     0.17020768     0.82979174
       64     0.00000007     0.16016363     0.83983630
       65     0.00000028     0.16157911     0.83842061
       66     0.00000003     0.16998131     0.83001866
       67     0.00000031     0.17653234     0.82346735
       68     0.00000011     0.17649240     0.82350749
       69     0.00000033     0.17224318     0.82775650
       70     0.00000026     0.16903956     0.83096018
       71     0.00000007     0.16906927     0.83093066
       72     0.00000009     0.17038556     0.82961434
       73     0.00000023     0.17080611     0.82919367
       74     0.00000019     0.17099837     0.82900144
       75     0.00000017     0.17241899     0.82758084
       76     0.00000035     0.17383618     0.82616347
       77     0.00000003     0.17238271     0.82761727
       78     0.00000001     0.16835169     0.83164830
       79     0.00000035     0.16648309     0.83351656
       80     0.00000039     0.17036995     0.82962966
       81     0.00000011     0.17656273     0.82343717
       82     0.00000041     0.17734921     0.82265038
       83     0.00000029     0.17039579     0.82960392
       84     0.00000011     0.16315785     0.83684204
       85     0.00000047     0.16480582     0.83519371
       86     0.00000098     0.17463024     0.82536877
       87     0.00000032     0.18163216     0.81836752
       88     0.00000026     0.17708807     0.82291167
       89     0.00000057     0.16539215     0.83460729
       90     0.00000086     0.15964462     0.84035452
       91     0.00000075     0.16669022     0.83330903
       92     0.00000145     0.17909502     0.82090353
       93     0.00000099     0.18334403     0.81665498
       94     0.00000025     0.17507794     0.82492182
       95     0.00000046     0.16339610     0.83660345
       96     0.00000173     0.16045543     0.83954284
       97     0.00000208     0.16861536     0.83138256
       98     0.00000140     0.17883189     0.82116670
       99     0.00000134     0.18090487     0.81909378
      100     0.00000067     0.17381434     0.82618499
      101     0.00000083     0.16551517     0.83448401
      102     0.00000150     0.16396705     0.83603146
      103     0.00000330     0.16942806     0.83056864
      104     0.00000327     0.17555974     0.82443699
      105     0.00000108     0.17661148     0.82338744
      106     0.00000022     0.17275056     0.82724922
      107     0.00000092     0.16864526     0.83135382
      108     0.00000358     0.16804753     0.83194889
      109     0.00000444     0.17048637     0.82950919
      110     0.00000305     0.17280156     0.82719539
      111     0.00000176     0.17298119     0.82701706
      112     0.00000067     0.17171180     0.82828752
      113     0.00000231     0.17077470     0.82922299
      114     0.00000522     0.17079756     0.82919722
      115     0.00000566     0.17110669     0.82888765
      116     0.00000405     0.17114096     0.82885499
      117     0.00000161     0.17123751     0.82876087
      118     0.00000120     0.17175276     0.82824603
      119     0.00000577     0.17211264     0.82788159
      120     0.00000854     0.17152003     0.82847143
