#     Density Matrix: population Re; see the manual for detail orders
        0     0.00000000     0.00000000     1.00000000
        1     0.00000005     0.00001613     0.99998382
        2     0.00000008     0.00013495     0.99986497
        3     0.00000014     0.00031459     0.99968527
        4     0.00000020     0.00045110     0.99954871
        5     0.00000026     0.00046340     0.99953634
        6     0.00000037     0.00036727     0.99963236
        7     0.00000038     0.00033060     0.99966902
        8     0.00000057     0.00072903     0.99927040
        9     0.00000046     0.00231296     0.99768659
       10     0.00000075     0.00693386     0.99306539
       11     0.00000049     0.02108469     0.97891482
       12     0.00000077     0.07595716     0.92404207
       13     0.00000035     0.30072627     0.69927338
       14     0.00000016     0.60572240     0.39427744
       15     0.00000026     0.53689258     0.46310716
       16     0.00000082     0.38216796     0.61783122
       17     0.00000060     0.28875649     0.71124291
       18     0.00000068     0.24020711     0.75979221
       19     0.00000090     0.21903867     0.78096043
       20     0.00000068     0.21487609     0.78512323
       21     0.00000055     0.22155137     0.77844808
       22     0.00000046     0.23530181     0.76469773
       23     0.00000016     0.25389851     0.74610133
       24     0.00000010     0.27605288     0.72394702
       25     0.00000018     0.30101715     0.69898267
       26     0.00000011     0.32802454     0.67197535
       27     0.00000024     0.35592516     0.64407460
       28     0.00000004     0.38176332     0.61823664
       29     0.00000008     0.40163816     0.59836175
       30     0.00000045     0.41093137     0.58906818
       31     0.00000041     0.40179160     0.59820800
       32     0.00000001     0.36228900     0.63771098
       33     0.00000037     0.29172750     0.70827213
       34     0.00000091     0.20350433     0.79649476
       35     0.00000051     0.11405073     0.88594876
       36     0.00000025     0.05094516     0.94905459
       37     0.00000083     0.04219232     0.95780685
       38     0.00000072     0.07989115     0.92010814
       39     0.00000025     0.13081484     0.86918491
       40     0.00000072     0.21483480     0.78516448
       41     0.00000130     0.30946451     0.69053419
       42     0.00000062     0.39339857     0.60660081
       43     0.00000027     0.46171781     0.53828193
       44     0.00000111     0.51299386     0.48700503
       45     0.00000131     0.55143563     0.44856307
       46     0.00000046     0.58105935     0.41894020
       47     0.00000052     0.60490859     0.39509089
       48     0.00000150     0.62606997     0.37392853
       49     0.00000137     0.64671733     0.35328130
       50     0.00000046     0.66784357     0.33215597
       51     0.00000080     0.69058009     0.30941910
       52     0.00000184     0.71555049     0.28444767
       53     0.00000153     0.74355502     0.25644345
       54     0.00000059     0.77720780     0.22279162
       55     0.00000107     0.80855407     0.19144486
       56     0.00000216     0.83652446     0.16347338
       57     0.00000183     0.86075772     0.13924046
       58     0.00000080     0.88139538     0.11860382
       59     0.00000114     0.89885090     0.10114796
       60     0.00000232     0.91364116     0.08635652
       61     0.00000230     0.92627582     0.07372188
       62     0.00000121     0.93719735     0.06280145
       63     0.00000119     0.94678078     0.05321803
       64     0.00000274     0.95528155     0.04471571
       65     0.00000344     0.96288287     0.03711369
       66     0.00000226     0.96981693     0.03018081
       67     0.00000124     0.97609742     0.02390134
       68     0.00000235     0.98169598     0.01830167
       69     0.00000441     0.98664636     0.01334922
       70     0.00000000     1.00000000     0.00000000
       71     0.00000666     0.99966213     0.00033121
       72     0.00001668     0.99863445     0.00134888
       73     0.00001434     0.99695767     0.00302799
       74     0.00000316     0.99473191     0.00526493
       75     0.00000169     0.99218101     0.00781729
       76     0.00001319     0.98965532     0.01033148
       77     0.00002007     0.98754373     0.01243620
       78     0.00001198     0.98625246     0.01373556
       79     0.00000131     0.98608615     0.01391254
       80     0.00000311     0.98716969     0.01282720
       81     0.00001382     0.98939379     0.01059239
       82     0.00000000     1.00000000     0.00000000
       83     0.00000856     0.99939432     0.00059712
       84     0.00002226     0.99773590     0.00224184
       85     0.00002169     0.99548265     0.00449565
       86     0.00000785     0.99328501     0.00670714
       87     0.00000001     0.99181431     0.00818568
       88     0.00000777     0.99156330     0.00842893
       89     0.00001947     0.99266384     0.00731669
       90     0.00002000     0.99478159     0.00519841
       91     0.00000921     0.99717586     0.00281493
       92     0.00000041     0.99897101     0.00102858
       93     0.00000433     0.99950393     0.00049173
       94     0.00001650     0.99863990     0.00134360
       95     0.00002149     0.99688614     0.00309237
       96     0.00001279     0.99516879     0.00481842
       97     0.00000170     0.99439265     0.00560565
       98     0.00000189     0.99493815     0.00505996
       99     0.00001269     0.99644850     0.00353881
      100     0.00002210     0.99802295     0.00195495
      101     0.00001955     0.99872798     0.00125247
      102     0.00000742     0.99819392     0.00179866
      103     0.00000002     0.99688939     0.00311059
      104     0.00000723     0.99579792     0.00419485
      105     0.00002103     0.99574640     0.00423257
      106     0.00002675     0.99671527     0.00325798
      107     0.00001899     0.99785552     0.00212549
      108     0.00000543     0.99820339     0.00179118
      109     0.00000097     0.99752908     0.00246995
      110     0.00001270     0.99655364     0.00343366
      111     0.00003003     0.99624783     0.00372214
      112     0.00003677     0.99686017     0.00310306
      113     0.00002759     0.99767821     0.00229420
      114     0.00001102     0.99782023     0.00216875
      115     0.00000426     0.99719142     0.00280432
      116     0.00001809     0.99659388     0.00338803
      117     0.00004381     0.99672751     0.00322868
      118     0.00006399     0.99734279     0.00259322
      119     0.00006509     0.99760403     0.00233088
      120     0.00004750     0.99723444     0.00271805
