#     Density Matrix: population Re; see the manual for detail orders
        0     0.00000000     0.00000000     1.00000000
        1     0.00000004     0.00001432     0.99998564
        2     0.00000006     0.00011402     0.99988592
        3     0.00000009     0.00024750     0.99975241
        4     0.00000013     0.00033030     0.99966956
        5     0.00000017     0.00032626     0.99967357
        6     0.00000021     0.00028548     0.99971431
        7     0.00000024     0.00034432     0.99965544
        8     0.00000028     0.00072749     0.99927223
        9     0.00000030     0.00185751     0.99814219
       10     0.00000032     0.00491156     0.99508812
       11     0.00000032     0.01449142     0.98550825
       12     0.00000032     0.05381750     0.94618219
       13     0.00000025     0.22280713     0.77719262
       14     0.00000005     0.75876591     0.24123404
       15     0.00000012     0.78095257     0.21904731
       16     0.00000057     0.68551439     0.31448503
       17     0.00000054     0.69221909     0.30778038
       18     0.00000041     0.72209990     0.27789969
       19     0.00000054     0.75334952     0.24664994
       20     0.00000042     0.78019728     0.21980230
       21     0.00000031     0.80140289     0.19859680
       22     0.00000020     0.81706082     0.18293898
       23     0.00000015     0.82768370     0.17231616
       24     0.00000013     0.83394114     0.16605874
       25     0.00000009     0.83663722     0.16336269
       26     0.00000008     0.83664605     0.16335387
       27     0.00000008     0.83465779     0.16534213
       28     0.00000007     0.83151549     0.16848445
       29     0.00000007     0.82790949     0.17209044
       30     0.00000009     0.82446009     0.17553982
       31     0.00000007     0.82209044     0.17790949
       32     0.00000009     0.82157775     0.17842216
       33     0.00000009     0.82350412     0.17649579
       34     0.00000004     0.82858115     0.17141880
       35     0.00000005     0.83773568     0.16226427
       36     0.00000008     0.85177988     0.14822004
       37     0.00000007     0.87116564     0.12883429
       38     0.00000002     0.89568204     0.10431793
       39     0.00000004     0.92402227     0.07597770
       40     0.00000006     0.95331574     0.04668420
       41     0.00000005     0.97876671     0.02123324
       42     0.00000004     0.99382722     0.00617274
       43     0.00000008     0.99135884     0.00864108
       44     0.00000010     0.96643345     0.03356645
       45     0.00000009     0.92040437     0.07959553
       46     0.00000011     0.86421755     0.13578234
       47     0.00000013     0.81697078     0.18302909
       48     0.00000009     0.79768734     0.20231257
       49     0.00000006     0.81432014     0.18567980
       50     0.00000007     0.85891394     0.14108599
       51     0.00000004     0.91316108     0.08683889
       52     0.00000001     0.95914451     0.04085548
       53     0.00000001     0.98714901     0.01285098
       54     0.00000002     0.99695135     0.00304863
       55     0.00000004     0.99457604     0.00542393
       56     0.00000003     0.98780679     0.01219317
       57     0.00000002     0.98272678     0.01727320
       58     0.00000002     0.98211277     0.01788721
       59     0.00000000     0.98555579     0.01444420
       60     0.00000000     0.99076951     0.00923049
       61     0.00000001     0.99525511     0.00474489
       62     0.00000001     0.99757964     0.00242035
       63     0.00000001     0.99779423     0.00220576
       64     0.00000001     0.99697833     0.00302166
       65     0.00000001     0.99634467     0.00365532
       66     0.00000001     0.99651150     0.00348849
       67     0.00000001     0.99732306     0.00267693
       68     0.00000002     0.99819405     0.00180593
       69     0.00000003     0.99868821     0.00131176
       70     0.00000004     0.99877882     0.00122114
       71     0.00000006     0.99871626     0.00128368
       72     0.00000009     0.99873364     0.00126627
       73     0.00000010     0.99885073     0.00114917
       74     0.00000010     0.99895791     0.00104199
       75     0.00000015     0.99901172     0.00098814
       76     0.00000020     0.99909202     0.00090778
       77     0.00000023     0.99926737     0.00073240
       78     0.00000026     0.99945707     0.00054267
       79     0.00000033     0.99949564     0.00050403
       80     0.00000038     0.99934561     0.00065400
       81     0.00000041     0.99919103     0.00080856
       82     0.00000049     0.99925981     0.00073970
       83     0.00000058     0.99955585     0.00044357
       84     0.00000063     0.99982376     0.00017561
       85     0.00000068     0.99981422     0.00018510
       86     0.00000076     0.99956573     0.00043350
       87     0.00000083     0.99936771     0.00063145
       88     0.00000089     0.99945051     0.00054860
       89     0.00000096     0.99974606     0.00025298
       90     0.00000103     0.99997443     0.00002453
       91     0.00000109     0.99994186     0.00005704
       92     0.00000115     0.99972312     0.00027574
       93     0.00000122     0.99955795     0.00044084
       94     0.00000129     0.99960267     0.00039604
       95     0.00000136     0.99979802     0.00020063
       96     0.00000141     0.99995858     0.00004002
       97     0.00000146     0.99996015     0.00003839
       98     0.00000150     0.99984190     0.00015659
       99     0.00000155     0.99973771     0.00026074
      100     0.00000160     0.99974242     0.00025598
      101     0.00000165     0.99983952     0.00015883
      102     0.00000169     0.99993905     0.00005926
      103     0.00000173     0.99996934     0.00002893
      104     0.00000177     0.99993237     0.00006586
      105     0.00000182     0.99988462     0.00011356
      106     0.00000187     0.99987654     0.00012159
      107     0.00000190     0.99991264     0.00008546
      108     0.00000196     0.99996029     0.00003776
      109     0.00000204     0.99998534     0.00001262
      110     0.00000213     0.99998077     0.00001710
      111     0.00000223     0.99996497     0.00003279
      112     0.00000237     0.99995917     0.00003846
      113     0.00000250     0.99996938     0.00002812
      114     0.00000265     0.99998556     0.00001180
      115     0.00000282     0.99999525     0.00000194
      116     0.00000302     0.99999525     0.00000174
      117     0.00000325     0.99999132     0.00000543
      118     0.00000352     0.99998982     0.00000666
      119     0.00000384     0.99999178     0.00000439
      120     0.00000420     0.99999425     0.00000154
