#     Density Matrix: population Re; see the manual for detail orders
        0     0.00000000     0.00000000     1.00000000
        1     0.00000000     0.00000031     0.99999969
        2     0.00000001     0.00000169     0.99999830
        3     0.00000001     0.00000212     0.99999788
        4     0.00000007     0.00000213     0.99999780
        5     0.00000007     0.00000320     0.99999673
        6     0.00000022     0.00000503     0.99999475
        7     0.00000022     0.00000567     0.99999411
        8     0.00000046     0.00000452     0.99999501
        9     0.00000046     0.00000633     0.99999321
       10     0.00000076     0.00002482     0.99997442
       11     0.00000071     0.00008932     0.99990997
       12     0.00000103     0.00027412     0.99972485
       13     0.00000091     0.00085151     0.99914758
       14     0.00000116     0.00335320     0.99664564
       15     0.00000105     0.02637015     0.97362880
       16     0.00000097     0.15207396     0.84792507
       17     0.00000057     0.36087074     0.63912868
       18     0.00000152     0.12459286     0.87540562
       19     0.00000100     0.12016477     0.87983423
       20     0.00000053     0.12515361     0.87484586
       21     0.00000189     0.13173664     0.86826147
       22     0.00000042     0.13789395     0.86210563
       23     0.00000108     0.14323279     0.85676613
       24     0.00000169     0.14789060     0.85210772
       25     0.00000024     0.15217037     0.84782939
       26     0.00000127     0.15637346     0.84362527
       27     0.00000137     0.16077372     0.83922491
       28     0.00000015     0.16557258     0.83442727
       29     0.00000115     0.17091252     0.82908632
       30     0.00000129     0.17686678     0.82313193
       31     0.00000014     0.18341312     0.81658674
       32     0.00000085     0.19043950     0.80955965
       33     0.00000133     0.19762613     0.80237255
       34     0.00000025     0.20437108     0.79562867
       35     0.00000040     0.20955568     0.79044392
       36     0.00000125     0.21020684     0.78979191
       37     0.00000061     0.20372743     0.79627196
       38     0.00000013     0.13344407     0.86655580
       39     0.00000008     0.43766662     0.56233330
       40     0.00000058     0.45278894     0.54721048
       41     0.00000045     0.38876376     0.61123579
       42     0.00000005     0.32249934     0.67750061
       43     0.00000014     0.26218644     0.73781342
       44     0.00000032     0.21104268     0.78895700
       45     0.00000022     0.16908958     0.83091020
       46     0.00000011     0.13418869     0.86581120
       47     0.00000016     0.09921027     0.90078957
       48     0.00000014     0.14548653     0.85451333
       49     0.00000004     0.41837929     0.58162066
       50     0.00000010     0.49092158     0.50907831
       51     0.00000016     0.50981568     0.49018415
       52     0.00000010     0.52038914     0.47961076
       53     0.00000009     0.52991092     0.47008899
       54     0.00000006     0.54132559     0.45867435
       55     0.00000006     0.55645501     0.44354493
       56     0.00000009     0.57681277     0.42318713
       57     0.00000007     0.60343318     0.39656675
       58     0.00000002     0.63720728     0.36279270
       59     0.00000020     0.67743323     0.32256657
       60     0.00000020     0.72276963     0.27723017
       61     0.00000001     0.76836602     0.23163397
       62     0.00000017     0.80689356     0.19310626
       63     0.00000028     0.83365976     0.16633995
       64     0.00000004     0.84095829     0.15904168
       65     0.00000015     0.80945124     0.19054861
       66     0.00000042     0.67872078     0.32127880
       67     0.00000012     0.35926746     0.64073242
       68     0.00000035     0.27739355     0.72260610
       69     0.00000155     0.65462851     0.34536994
       70     0.00000097     0.85001348     0.14998554
       71     0.00000035     0.92473057     0.07526908
       72     0.00000086     0.95681832     0.04318082
       73     0.00000067     0.96989424     0.03010509
       74     0.00000054     0.97329309     0.02670637
       75     0.00000085     0.97233386     0.02766529
       76     0.00000047     0.97063048     0.02936905
       77     0.00000067     0.97029929     0.02970003
       78     0.00000071     0.97195176     0.02804754
       79     0.00000045     0.97505295     0.02494660
       80     0.00000077     0.97855099     0.02144824
       81     0.00000056     0.98146180     0.01853764
       82     0.00000059     0.98326438     0.01673503
       83     0.00000066     0.98405381     0.01594553
       84     0.00000050     0.98437309     0.01562641
       85     0.00000071     0.98481886     0.01518043
       86     0.00000053     0.98567587     0.01432360
       87     0.00000063     0.98681814     0.01318123
       88     0.00000060     0.98790626     0.01209314
       89     0.00000056     0.98869320     0.01130623
       90     0.00000064     0.98918172     0.01081764
       91     0.00000054     0.98955303     0.01044643
       92     0.00000065     0.98996989     0.01002946
       93     0.00000000     1.00000000     0.00000000
       94     0.00000000     0.99999999     0.00000001
       95     0.00000000     0.99999985     0.00000015
       96     0.00000000     0.99999934     0.00000066
       97     0.00000000     0.99999842     0.00000158
       98     0.00000000     0.99999744     0.00000256
       99     0.00000000     0.99999684     0.00000316
      100     0.00000000     0.99999651     0.00000349
      101     0.00000000     0.99999577     0.00000423
      102     0.00000000     0.99999435     0.00000564
      103     0.00000000     0.99999247     0.00000753
      104     0.00000000     0.99999032     0.00000968
      105     0.00000000     0.99998820     0.00001179
      106     0.00000000     0.99998629     0.00001371
      107     0.00000000     0.99998425     0.00001574
      108     0.00000000     0.99998130     0.00001869
      109     0.00000001     0.99997702     0.00002297
      110     0.00000001     0.99997219     0.00002780
      111     0.00000000     0.99996773     0.00003226
      112     0.00000001     0.99996384     0.00003615
      113     0.00000001     0.99995988     0.00004011
      114     0.00000001     0.99995462     0.00004538
      115     0.00000001     0.99994701     0.00005299
      116     0.00000001     0.99993780     0.00006219
      117     0.00000001     0.99992811     0.00007188
      118     0.00000000     0.99991923     0.00008076
      119     0.00000001     0.99991081     0.00008918
      120     0.00000001     0.99990134     0.00009865
