#     Density Matrix: population Re; see the manual for detail orders
        0     0.00000000     0.00000000     1.00000000
        1     0.00000000     0.00000012     0.99999988
        2     0.00000001     0.00000240     0.99999759
        3     0.00000002     0.00001279     0.99998719
        4     0.00000007     0.00003604     0.99996389
        5     0.00000010     0.00007162     0.99992828
        6     0.00000020     0.00011982     0.99987998
        7     0.00000023     0.00020036     0.99979941
        8     0.00000037     0.00038304     0.99961659
        9     0.00000040     0.00084563     0.99915396
       10     0.00000053     0.00204453     0.99795494
       11     0.00000056     0.00537057     0.99462887
       12     0.00000060     0.01617935     0.98382005
       13     0.00000062     0.06102451     0.93897487
       14     0.00000042     0.26699545     0.73300414
       15     0.00000017     0.60152270     0.39847713
       16     0.00000063     0.49490769     0.50509168
       17     0.00000163     0.28661034     0.71338803
       18     0.00000036     0.21632408     0.78367556
       19     0.00000025     0.19036079     0.80963896
       20     0.00000078     0.17351180     0.82648742
       21     0.00000005     0.16389030     0.83610965
       22     0.00000049     0.15957043     0.84042907
       23     0.00000045     0.15883928     0.84116027
       24     0.00000003     0.16026065     0.83973933
       25     0.00000062     0.16274984     0.83724955
       26     0.00000027     0.16557304     0.83442669
       27     0.00000008     0.16824717     0.83175276
       28     0.00000048     0.17049167     0.82950784
       29     0.00000013     0.17218216     0.82781771
       30     0.00000018     0.17327341     0.82672641
       31     0.00000070     0.17376621     0.82623309
       32     0.00000019     0.17371334     0.82628646
       33     0.00000013     0.17314581     0.82685406
       34     0.00000068     0.17209178     0.82790753
       35     0.00000028     0.17059108     0.82940864
       36     0.00000007     0.16863355     0.83136638
       37     0.00000060     0.16616871     0.83383070
       38     0.00000040     0.16313951     0.83686009
       39     0.00000004     0.15942109     0.84057887
       40     0.00000050     0.15490842     0.84509107
       41     0.00000056     0.15012110     0.84987834
       42     0.00000008     0.15206730     0.84793262
       43     0.00000031     0.23598671     0.76401298
       44     0.00000064     0.50839334     0.49160602
       45     0.00000029     0.71210481     0.28789491
       46     0.00000020     0.77641312     0.22358667
       47     0.00000061     0.79939537     0.20060402
       48     0.00000050     0.81008433     0.18991517
       49     0.00000014     0.81589989     0.18409997
       50     0.00000041     0.81932239     0.18067720
       51     0.00000070     0.82138910     0.17861020
       52     0.00000034     0.82260967     0.17738999
       53     0.00000019     0.82326372     0.17673608
       54     0.00000062     0.82352687     0.17647251
       55     0.00000065     0.82353243     0.17646692
       56     0.00000023     0.82337621     0.17662356
       57     0.00000037     0.82309669     0.17690294
       58     0.00000083     0.82276406     0.17723511
       59     0.00000056     0.82245203     0.17754741
       60     0.00000025     0.82217895     0.17782080
       61     0.00000071     0.82196208     0.17803721
       62     0.00000090     0.82181121     0.17818789
       63     0.00000042     0.82169669     0.17830289
       64     0.00000047     0.82161470     0.17838483
       65     0.00000107     0.82158313     0.17841581
       66     0.00000087     0.82157832     0.17842081
       67     0.00000033     0.82157332     0.17842634
       68     0.00000063     0.82156257     0.17843680
       69     0.00000095     0.82156978     0.17842927
       70     0.00000048     0.82165673     0.17834280
       71     0.00000016     0.82190903     0.17809081
       72     0.00000038     0.82239635     0.17760327
       73     0.00000039     0.82321376     0.17678585
       74     0.00000014     0.82447388     0.17552598
       75     0.00000002     0.82626141     0.17373857
       76     0.00000005     0.82852608     0.17147387
       77     0.00000042     0.83106058     0.16893900
       78     0.00000094     0.83364689     0.16635216
       79     0.00000098     0.83591810     0.16408092
       80     0.00000126     0.83736032     0.16263842
       81     0.00000276     0.83745205     0.16254519
       82     0.00000387     0.83571037     0.16428575
       83     0.00000374     0.83182488     0.16817138
       84     0.00000436     0.82579808     0.17419756
       85     0.00000609     0.81793329     0.18206062
       86     0.00000644     0.80892376     0.19106980
       87     0.00000514     0.80004041     0.19995445
       88     0.00000463     0.79285362     0.20714175
       89     0.00000480     0.78881346     0.21118174
       90     0.00000369     0.78920463     0.21079168
       91     0.00000195     0.79460454     0.20539351
       92     0.00000107     0.80454147     0.19545746
       93     0.00000113     0.81737778     0.18262109
       94     0.00000203     0.83040267     0.16959530
       95     0.00000340     0.84057057     0.15942603
       96     0.00000432     0.84508223     0.15491345
       97     0.00000552     0.84236585     0.15762863
       98     0.00000821     0.83286739     0.16712440
       99     0.00001008     0.81920782     0.18078211
      100     0.00000867     0.80570018     0.19429115
      101     0.00000605     0.79705537     0.20293858
      102     0.00000470     0.79661494     0.20338036
      103     0.00000393     0.80475428     0.19524179
      104     0.00000361     0.81825625     0.18174014
      105     0.00000450     0.83132408     0.16867142
      106     0.00000622     0.83778001     0.16221377
      107     0.00000909     0.83430426     0.16568665
      108     0.00001305     0.82271834     0.17726861
      109     0.00001454     0.80951810     0.19046736
      110     0.00001135     0.80257892     0.19740973
      111     0.00000729     0.80610702     0.19388569
      112     0.00000625     0.81769090     0.18230285
      113     0.00000964     0.82919283     0.17079752
      114     0.00001713     0.83221393     0.16776894
      115     0.00002381     0.82455537     0.17542082
      116     0.00002541     0.81262578     0.18734881
      117     0.00002294     0.80675236     0.19322470
      118     0.00002059     0.81192802     0.18805139
      119     0.00002317     0.82282361     0.17715322
      120     0.00003344     0.82854649     0.17142007
