#     Density Matrix: population Re; see the manual for detail orders
        0     0.00000000     0.00000000     1.00000000
        1     0.00000000     0.00000200     0.99999799
        2     0.00000002     0.00001221     0.99998778
        3     0.00000005     0.00001762     0.99998233
        4     0.00000010     0.00001750     0.99998240
        5     0.00000016     0.00002355     0.99997629
        6     0.00000024     0.00004456     0.99995520
        7     0.00000033     0.00007671     0.99992297
        8     0.00000042     0.00011287     0.99988671
        9     0.00000051     0.00018543     0.99981405
       10     0.00000059     0.00056243     0.99943698
       11     0.00000066     0.00385423     0.99614511
       12     0.00000061     0.30982668     0.69017271
       13     0.00000023     0.30169919     0.69830058
       14     0.00000337     0.28262567     0.71737095
       15     0.00000081     0.26308661     0.73691258
       16     0.00000203     0.25037330     0.74962467
       17     0.00000272     0.24260005     0.75739723
       18     0.00000032     0.23858942     0.76141026
       19     0.00000316     0.23757802     0.76241883
       20     0.00000118     0.23906092     0.76093791
       21     0.00000112     0.24269707     0.75730182
       22     0.00000333     0.24823331     0.75176336
       23     0.00000055     0.25546877     0.74453068
       24     0.00000163     0.26433711     0.73566125
       25     0.00000304     0.27475497     0.72524199
       26     0.00000040     0.28656382     0.71343579
       27     0.00000180     0.29952156     0.70047664
       28     0.00000302     0.31332104     0.68667594
       29     0.00000050     0.32753154     0.67246796
       30     0.00000155     0.34145299     0.65854546
       31     0.00000297     0.35374351     0.64625352
       32     0.00000079     0.36209860     0.63790060
       33     0.00000108     0.36225560     0.63774332
       34     0.00000287     0.35345775     0.64653939
       35     0.00000129     0.33748652     0.66251219
       36     0.00000061     0.31814145     0.68185793
       37     0.00000261     0.30824962     0.69174777
       38     0.00000245     0.64210819     0.35788936
       39     0.00000043     0.90517943     0.09482014
       40     0.00000180     0.90336898     0.09662922
       41     0.00000309     0.90162616     0.09837075
       42     0.00000112     0.90097762     0.09902126
       43     0.00000071     0.90090366     0.09909563
       44     0.00000284     0.90132111     0.09867604
       45     0.00000246     0.90242472     0.09757282
       46     0.00000049     0.90424880     0.09575071
       47     0.00000147     0.90663806     0.09336047
       48     0.00000309     0.90949848     0.09049843
       49     0.00000173     0.91274363     0.08725465
       50     0.00000044     0.91628767     0.08371189
       51     0.00000198     0.92005192     0.07994610
       52     0.00000295     0.92396974     0.07602731
       53     0.00000133     0.92797594     0.07202273
       54     0.00000055     0.93199988     0.06799957
       55     0.00000217     0.93597331     0.06402452
       56     0.00000286     0.93983593     0.06016120
       57     0.00000123     0.94353097     0.05646779
       58     0.00000058     0.94700379     0.05299563
       59     0.00000277     0.95022472     0.04977251
       60     0.00000369     0.95318308     0.04681322
       61     0.00000145     0.95587837     0.04412017
       62     0.00000044     0.95832476     0.04167480
       63     0.00000289     0.96055122     0.03944590
       64     0.00000422     0.96259960     0.03739618
       65     0.00000177     0.96451015     0.03548808
       66     0.00000024     0.96631235     0.03368741
       67     0.00000246     0.96798873     0.03200881
       68     0.00000380     0.96960649     0.03038971
       69     0.00000181     0.97121130     0.02878690
       70     0.00000019     0.97275532     0.02724449
       71     0.00000203     0.97422922     0.02576875
       72     0.00000407     0.97562807     0.02436786
       73     0.00000271     0.97695075     0.02304655
       74     0.00000033     0.97819582     0.02180385
       75     0.00000128     0.97941436     0.02058435
       76     0.00000455     0.98063507     0.01936038
       77     0.00000461     0.98174573     0.01824966
       78     0.00000135     0.98283976     0.01715889
       79     0.00000029     0.98390134     0.01609837
       80     0.00000387     0.98484452     0.01515162
       81     0.00000678     0.98572865     0.01426457
       82     0.00000442     0.98652698     0.01346860
       83     0.00000041     0.98720176     0.01279783
       84     0.00000135     0.98771950     0.01227916
       85     0.00000632     0.98807014     0.01192355
       86     0.00000789     0.98827256     0.01171956
       87     0.00000363     0.98836749     0.01162888
       88     0.00000007     0.98841246     0.01158747
       89     0.00000268     0.98848163     0.01151569
       90     0.00000765     0.98865879     0.01133355
       91     0.00000785     0.98901600     0.01097616
       92     0.00000320     0.98958961     0.01040718
       93     0.00000000     1.00000000     0.00000000
       94     0.00000348     0.99997959     0.00001693
       95     0.00000941     0.99992343     0.00006716
       96     0.00001011     0.99984468     0.00014521
       97     0.00000472     0.99975568     0.00023960
       98     0.00000020     0.99966663     0.00033317
       99     0.00000218     0.99958904     0.00040878
      100     0.00000861     0.99953747     0.00045392
      101     0.00001188     0.99952902     0.00045910
      102     0.00000822     0.99957009     0.00042170
      103     0.00000197     0.99965023     0.00034780
      104     0.00000038     0.99974852     0.00025110
      105     0.00000533     0.99984427     0.00015039
      106     0.00001150     0.99992292     0.00006558
      107     0.00001241     0.99997349     0.00001411
      108     0.00000715     0.99998536     0.00000749
      109     0.00000130     0.99995047     0.00004823
      110     0.00000114     0.99987043     0.00012843
      111     0.00000710     0.99976204     0.00023086
      112     0.00001344     0.99965449     0.00033208
      113     0.00001405     0.99957662     0.00040932
      114     0.00000848     0.99955009     0.00044144
      115     0.00000211     0.99958216     0.00041572
      116     0.00000070     0.99966278     0.00033653
      117     0.00000538     0.99977135     0.00022327
      118     0.00001181     0.99987934     0.00010885
      119     0.00001451     0.99995935     0.00002614
      120     0.00001129     0.99998778     0.00000093
