#     Density Matrix: population Re; see the manual for detail orders
        0     0.00000000     0.00000000     1.00000000
        1     0.00000006     0.00000220     0.99999774
        2     0.00000008     0.00002147     0.99997845
        3     0.00000022     0.00005994     0.99993984
        4     0.00000021     0.00010240     0.99989739
        5     0.00000046     0.00013838     0.99986116
        6     0.00000039     0.00020171     0.99979790
        7     0.00000068     0.00041733     0.99958199
        8     0.00000056     0.00108329     0.99891615
        9     0.00000080     0.00296839     0.99703080
       10     0.00000070     0.00868702     0.99131228
       11     0.00000076     0.03043497     0.96956427
       12     0.00000072     0.14212409     0.85787519
       13     0.00000028     0.51906587     0.48093385
       14     0.00000021     0.60064213     0.39935766
       15     0.00000116     0.34734207     0.65265677
       16     0.00000114     0.24812690     0.75187197
       17     0.00000103     0.20487212     0.79512685
       18     0.00000166     0.18506017     0.81493817
       19     0.00000029     0.17673197     0.82326774
       20     0.00000085     0.17403409     0.82596506
       21     0.00000092     0.17367078     0.82632830
       22     0.00000004     0.17382036     0.82617960
       23     0.00000063     0.17354487     0.82645451
       24     0.00000048     0.17247221     0.82752732
       25     0.00000001     0.17058104     0.82941895
       26     0.00000042     0.16803191     0.83196768
       27     0.00000029     0.16504212     0.83495759
       28     0.00000001     0.16178912     0.83821087
       29     0.00000025     0.15835865     0.84164110
       30     0.00000019     0.15473861     0.84526120
       31     0.00000005     0.15091645     0.84908350
       32     0.00000022     0.14693140     0.85306838
       33     0.00000017     0.14297516     0.85702467
       34     0.00000008     0.13938442     0.86061550
       35     0.00000013     0.13691443     0.86308544
       36     0.00000008     0.13666385     0.86333607
       37     0.00000004     0.14001564     0.85998431
       38     0.00000004     0.14862659     0.85137337
       39     0.00000003     0.16415059     0.83584938
       40     0.00000013     0.18760905     0.81239082
       41     0.00000002     0.21876970     0.78123028
       42     0.00000010     0.25469903     0.74530087
       43     0.00000023     0.28815684     0.71184293
       44     0.00000003     0.30601922     0.69398076
       45     0.00000029     0.28960598     0.71039372
       46     0.00000035     0.22205756     0.77794210
       47     0.00000015     0.11078677     0.88921308
       48     0.00000070     0.01562753     0.98437177
       49     0.00000037     0.01850590     0.98149372
       50     0.00000033     0.11916276     0.88083690
       51     0.00000049     0.22734949     0.77265002
       52     0.00000012     0.27316629     0.72683359
       53     0.00000056     0.25304332     0.74695612
       54     0.00000027     0.19959619     0.80040354
       55     0.00000046     0.14818293     0.85181661
       56     0.00000055     0.12039837     0.87960108
       57     0.00000022     0.12000640     0.87999338
       58     0.00000064     0.13688876     0.86311060
       59     0.00000017     0.15564885     0.84435098
       60     0.00000052     0.16468995     0.83530953
       61     0.00000028     0.16149891     0.83850081
       62     0.00000036     0.15183904     0.84816059
       63     0.00000044     0.14408936     0.85591021
       64     0.00000014     0.14299960     0.85700027
       65     0.00000044     0.14721808     0.85278148
       66     0.00000005     0.15183938     0.84816057
       67     0.00000044     0.15318522     0.84681434
       68     0.00000003     0.15144608     0.84855389
       69     0.00000043     0.14932227     0.85067730
       70     0.00000004     0.14869287     0.85130709
       71     0.00000020     0.14911170     0.85088810
       72     0.00000001     0.14930272     0.85069726
       73     0.00000027     0.14921848     0.85078125
       74     0.00000004     0.14986084     0.85013912
       75     0.00000022     0.15124171     0.84875807
       76     0.00000013     0.15162697     0.84837290
       77     0.00000004     0.14970984     0.85029011
       78     0.00000004     0.14705322     0.85294674
       79     0.00000025     0.14700834     0.85299141
       80     0.00000007     0.15054443     0.84945550
       81     0.00000007     0.15409405     0.84590588
       82     0.00000027     0.15311770     0.84688204
       83     0.00000012     0.14781272     0.85218716
       84     0.00000002     0.14391186     0.85608812
       85     0.00000028     0.14651948     0.85348024
       86     0.00000022     0.15362518     0.84637459
       87     0.00000001     0.15743238     0.84256762
       88     0.00000030     0.15292507     0.84707462
       89     0.00000038     0.14422558     0.85577404
       90     0.00000004     0.14080097     0.85919899
       91     0.00000019     0.14712036     0.85287944
       92     0.00000049     0.15719468     0.84280483
       93     0.00000016     0.16045248     0.83954736
       94     0.00000007     0.15294886     0.84705107
       95     0.00000041     0.14182877     0.85817083
       96     0.00000046     0.13823417     0.86176538
       97     0.00000010     0.14601659     0.85398331
       98     0.00000044     0.15786562     0.84213394
       99     0.00000059     0.16254088     0.83745853
      100     0.00000011     0.15576111     0.84423878
      101     0.00000001     0.14396956     0.85603044
      102     0.00000041     0.13785242     0.86214718
      103     0.00000090     0.14242752     0.85757158
      104     0.00000031     0.15302558     0.84697411
      105     0.00000039     0.16022649     0.83977312
      106     0.00000044     0.15839594     0.84160362
      107     0.00000016     0.15002901     0.84997083
      108     0.00000020     0.14268337     0.85731643
      109     0.00000030     0.14200452     0.85799518
      110     0.00000118     0.14739211     0.85260671
      111     0.00000096     0.15352948     0.84646956
      112     0.00000013     0.15554071     0.84445916
      113     0.00000019     0.15285560     0.84714422
      114     0.00000012     0.14875388     0.85124600
      115     0.00000084     0.14673067     0.85326849
      116     0.00000069     0.14755087     0.85244844
      117     0.00000066     0.14943871     0.85056063
      118     0.00000119     0.15047367     0.84952514
      119     0.00000029     0.15042772     0.84957199
      120     0.00000010     0.15029405     0.84970584
