#     Density Matrix: population Re; see the manual for detail orders
        0     0.00000000     0.00000000     1.00000000
        1     0.00000000     0.00000009     0.99999991
        2     0.00000000     0.00000209     0.99999791
        3     0.00000003     0.00001260     0.99998737
        4     0.00000016     0.00004191     0.99995792
        5     0.00000029     0.00010813     0.99989158
        6     0.00000046     0.00024867     0.99975087
        7     0.00000052     0.00053346     0.99946602
        8     0.00000068     0.00115311     0.99884621
        9     0.00000070     0.00274124     0.99725806
       10     0.00000080     0.00764528     0.99235392
       11     0.00000076     0.02639752     0.97360172
       12     0.00000069     0.11765867     0.88234064
       13     0.00000043     0.45101302     0.54898654
       14     0.00000023     0.62277812     0.37722165
       15     0.00000075     0.38993983     0.61005943
       16     0.00000113     0.27418603     0.72581284
       17     0.00000073     0.21756440     0.78243487
       18     0.00000084     0.18589561     0.81410355
       19     0.00000074     0.16592225     0.83407701
       20     0.00000039     0.15117530     0.84882432
       21     0.00000050     0.13820926     0.86179024
       22     0.00000034     0.12535756     0.87464210
       23     0.00000017     0.11206129     0.88793853
       24     0.00000027     0.09852163     0.90147810
       25     0.00000015     0.08523001     0.91476985
       26     0.00000007     0.07272058     0.92727935
       27     0.00000012     0.06143048     0.93856940
       28     0.00000004     0.05155604     0.94844392
       29     0.00000004     0.04312867     0.95687129
       30     0.00000005     0.03610942     0.96389053
       31     0.00000001     0.03043593     0.96956406
       32     0.00000000     0.02603662     0.97396338
       33     0.00000001     0.02300364     0.97699636
       34     0.00000004     0.02157566     0.97842430
       35     0.00000002     0.02220608     0.97779391
       36     0.00000003     0.02612382     0.97387615
       37     0.00000003     0.03728629     0.96271368
       38     0.00000002     0.05906422     0.94093576
       39     0.00000005     0.09933665     0.90066331
       40     0.00000003     0.16898619     0.83101378
       41     0.00000004     0.27518085     0.72481911
       42     0.00000019     0.40657833     0.59342147
       43     0.00000003     0.53037684     0.46962313
       44     0.00000008     0.61593387     0.38406605
       45     0.00000019     0.65358859     0.34641122
       46     0.00000002     0.65426763     0.34573235
       47     0.00000016     0.64546799     0.35453185
       48     0.00000023     0.66286397     0.33713580
       49     0.00000002     0.72587359     0.27412639
       50     0.00000014     0.81267616     0.18732370
       51     0.00000020     0.88704952     0.11295028
       52     0.00000004     0.93649653     0.06350343
       53     0.00000005     0.96606912     0.03393083
       54     0.00000011     0.98306209     0.01693780
       55     0.00000000     1.00000000     0.00000000
       56     0.00000000     0.99579764     0.00420236
       57     0.00000001     0.98837606     0.01162393
       58     0.00000000     0.98351723     0.01648277
       59     0.00000001     0.98342171     0.01657828
       60     0.00000001     0.98700562     0.01299437
       61     0.00000000     1.00000000     0.00000000
       62     0.00000000     0.99966669     0.00033331
       63     0.00000000     0.99908822     0.00091177
       64     0.00000000     0.99878755     0.00121245
       65     0.00000000     0.99893770     0.00106229
       66     0.00000000     0.99933484     0.00066515
       67     0.00000000     0.99964225     0.00035774
       68     0.00000001     0.99967949     0.00032050
       69     0.00000003     0.99951410     0.00048587
       70     0.00000001     0.99935722     0.00064277
       71     0.00000002     0.99933375     0.00066623
       72     0.00000004     0.99939030     0.00060966
       73     0.00000004     0.99943297     0.00056700
       74     0.00000005     0.99943690     0.00056305
       75     0.00000009     0.99946580     0.00053411
       76     0.00000008     0.99953343     0.00046649
       77     0.00000009     0.99954442     0.00045549
       78     0.00000015     0.99941729     0.00058256
       79     0.00000016     0.99923991     0.00075993
       80     0.00000016     0.99922118     0.00077866
       81     0.00000025     0.99945150     0.00054825
       82     0.00000029     0.99971841     0.00028130
       83     0.00000027     0.99968109     0.00031864
       84     0.00000037     0.99929243     0.00070720
       85     0.00000046     0.99891356     0.00108598
       86     0.00000043     0.99896465     0.00103492
       87     0.00000050     0.99944492     0.00055458
       88     0.00000064     0.99986703     0.00013233
       89     0.00000063     0.99973219     0.00026718
       90     0.00000066     0.99907397     0.00092536
       91     0.00000084     0.99848427     0.00151489
       92     0.00000087     0.99854604     0.00145309
       93     0.00000083     0.99922690     0.00077228
       94     0.00000093     0.99988292     0.00011615
       95     0.00000109     0.99985866     0.00014025
       96     0.00000111     0.99908867     0.00091022
       97     0.00000105     0.99822736     0.00177159
       98     0.00000122     0.99800579     0.00199299
       99     0.00000141     0.99861201     0.00138658
      100     0.00000132     0.99952881     0.00046987
      101     0.00000133     0.99999408     0.00000459
      102     0.00000151     0.99967780     0.00032069
      103     0.00000151     0.99889060     0.00110789
      104     0.00000137     0.99828219     0.00171644
      105     0.00000150     0.99831423     0.00168427
      106     0.00000174     0.99891940     0.00107886
      107     0.00000168     0.99961753     0.00038079
      108     0.00000153     0.99993600     0.00006248
      109     0.00000163     0.99972872     0.00026965
      110     0.00000176     0.99925713     0.00074111
      111     0.00000165     0.99892425     0.00107409
      112     0.00000156     0.99894136     0.00105707
      113     0.00000173     0.99921951     0.00077876
      114     0.00000187     0.99951710     0.00048103
      115     0.00000165     0.99964543     0.00035292
      116     0.00000148     0.99959024     0.00040828
      117     0.00000166     0.99947789     0.00052045
      118     0.00000186     0.99942338     0.00057476
      119     0.00000179     0.99942112     0.00057709
      120     0.00000165     0.99939872     0.00059963
