#     Density Matrix: population Re; see the manual for detail orders
        0     0.00000000     0.00000000     1.00000000
        1     0.00000001     0.00000242     0.99999757
        2     0.00000000     0.00001992     0.99998008
        3     0.00000000     0.00004175     0.99995824
        4     0.00000001     0.00004601     0.99995398
        5     0.00000001     0.00003136     0.99996863
        6     0.00000009     0.00003202     0.99996789
        7     0.00000017     0.00010133     0.99989850
        8     0.00000039     0.00028038     0.99971923
        9     0.00000054     0.00058559     0.99941387
       10     0.00000078     0.00107087     0.99892835
       11     0.00000089     0.00201764     0.99798147
       12     0.00000108     0.00435995     0.99563897
       13     0.00000106     0.01083520     0.98916374
       14     0.00000119     0.02972120     0.97027761
       15     0.00000096     0.08603406     0.91396498
       16     0.00000090     0.22734603     0.77265308
       17     0.00000044     0.40555017     0.59444939
       18     0.00000056     0.43430236     0.56569708
       19     0.00000073     0.34040632     0.65959294
       20     0.00000096     0.24037484     0.75962420
       21     0.00000116     0.16839204     0.83160679
       22     0.00000105     0.12316669     0.87683226
       23     0.00000110     0.09740310     0.90259579
       24     0.00000101     0.08439856     0.91560043
       25     0.00000086     0.07906859     0.92093055
       26     0.00000094     0.07783011     0.92216896
       27     0.00000080     0.07826424     0.92173496
       28     0.00000068     0.07878898     0.92121034
       29     0.00000075     0.07839322     0.92160603
       30     0.00000064     0.07643642     0.92356295
       31     0.00000055     0.07251003     0.92748942
       32     0.00000062     0.06635171     0.93364767
       33     0.00000057     0.05781235     0.94218708
       34     0.00000049     0.04689489     0.95310462
       35     0.00000057     0.03391826     0.96608117
       36     0.00000058     0.01991041     0.98008901
       37     0.00000049     0.00743830     0.99256120
       38     0.00000055     0.00201261     0.99798685
       39     0.00000062     0.01330225     0.98669713
       40     0.00000054     0.05298831     0.94701115
       41     0.00000053     0.12647994     0.87351953
       42     0.00000063     0.22668460     0.77331477
       43     0.00000070     0.35664620     0.64335310
       44     0.00000093     0.50400588     0.49599318
       45     0.00000083     0.62510154     0.37489763
       46     0.00000064     0.70535291     0.29464645
       47     0.00000085     0.75381540     0.24618375
       48     0.00000101     0.78247791     0.21752108
       49     0.00000080     0.79934648     0.20065273
       50     0.00000078     0.80904512     0.19095410
       51     0.00000109     0.81422744     0.18577147
       52     0.00000109     0.81647999     0.18351893
       53     0.00000085     0.81680689     0.18319225
       54     0.00000101     0.81588800     0.18411099
       55     0.00000128     0.81421745     0.18578128
       56     0.00000110     0.81217777     0.18782112
       57     0.00000093     0.81007906     0.18992001
       58     0.00000118     0.80818104     0.19181778
       59     0.00000130     0.80670411     0.19329459
       60     0.00000101     0.80583211     0.19416689
       61     0.00000091     0.80570844     0.19429065
       62     0.00000114     0.80643414     0.19356472
       63     0.00000108     0.80806516     0.19193376
       64     0.00000075     0.81060891     0.18939034
       65     0.00000069     0.81402424     0.18597507
       66     0.00000083     0.81822635     0.18177283
       67     0.00000073     0.82309078     0.17690849
       68     0.00000049     0.82845976     0.17153975
       69     0.00000047     0.83415063     0.16584890
       70     0.00000070     0.83996134     0.16003796
       71     0.00000092     0.84566799     0.15433109
       72     0.00000096     0.85101484     0.14898420
       73     0.00000117     0.85570311     0.14429572
       74     0.00000193     0.85938347     0.14061460
       75     0.00000280     0.86165744     0.13833976
       76     0.00000321     0.86209983     0.13789696
       77     0.00000372     0.86031143     0.13968485
       78     0.00000499     0.85600434     0.14399067
       79     0.00000610     0.84911452     0.15087938
       80     0.00000617     0.83991798     0.16007584
       81     0.00000616     0.82912669     0.17086715
       82     0.00000674     0.81792310     0.18207016
       83     0.00000671     0.80788622     0.19210707
       84     0.00000546     0.80078815     0.19920640
       85     0.00000417     0.79825534     0.20174049
       86     0.00000349     0.80134954     0.19864697
       87     0.00000284     0.81015696     0.18984021
       88     0.00000211     0.82350206     0.17649584
       89     0.00000182     0.83893926     0.16105892
       90     0.00000236     0.85311357     0.14688407
       91     0.00000392     0.86250970     0.13748639
       92     0.00000591     0.86444515     0.13554894
       93     0.00000712     0.85805285     0.14194003
       94     0.00000756     0.84489617     0.15509627
       95     0.00000805     0.82885506     0.17113688
       96     0.00000789     0.81513728     0.18485483
       97     0.00000614     0.80855635     0.19143751
       98     0.00000388     0.81161441     0.18838171
       99     0.00000261     0.82317656     0.17682083
      100     0.00000280     0.83849730     0.16149989
      101     0.00000457     0.85092376     0.14907167
      102     0.00000710     0.85481831     0.14517459
      103     0.00000899     0.84846001     0.15153100
      104     0.00001004     0.83531965     0.16467031
      105     0.00001026     0.82264808     0.17734167
      106     0.00000886     0.81763380     0.18235734
      107     0.00000660     0.82305932     0.17693407
      108     0.00000583     0.83519703     0.16479714
      109     0.00000785     0.84582315     0.15416900
      110     0.00001242     0.84765774     0.15232984
      111     0.00001735     0.83975606     0.16022659
      112     0.00001902     0.82859341     0.17138758
      113     0.00001674     0.82325140     0.17673186
      114     0.00001427     0.82790712     0.17207861
      115     0.00001591     0.83796117     0.16202292
      116     0.00002328     0.84393988     0.15603684
      117     0.00003322     0.84041497     0.15955181
      118     0.00003914     0.83151943     0.16844143
      119     0.00003887     0.82682853     0.17313260
      120     0.00003860     0.83107401     0.16888739
