#     Density Matrix: population Re; see the manual for detail orders
        0     0.00000000     0.00000000     1.00000000
        1     0.00000001     0.00000453     0.99999547
        2     0.00000002     0.00004708     0.99995289
        3     0.00000006     0.00014639     0.99985355
        4     0.00000011     0.00028930     0.99971059
        5     0.00000018     0.00045654     0.99954328
        6     0.00000026     0.00070707     0.99929267
        7     0.00000034     0.00134625     0.99865342
        8     0.00000042     0.00334259     0.99665699
        9     0.00000047     0.00987088     0.99012865
       10     0.00000055     0.03385015     0.96614930
       11     0.00000049     0.13801262     0.86198689
       12     0.00000032     0.45171794     0.54828175
       13     0.00000030     0.59105816     0.40894154
       14     0.00000100     0.37925409     0.62074491
       15     0.00000075     0.28531056     0.71468869
       16     0.00000006     0.24989567     0.75010427
       17     0.00000095     0.22728936     0.77270970
       18     0.00000023     0.21561210     0.78438767
       19     0.00000031     0.21225783     0.78774186
       20     0.00000068     0.21478435     0.78521498
       21     0.00000001     0.22118520     0.77881479
       22     0.00000057     0.22995847     0.77004096
       23     0.00000043     0.24008658     0.75991298
       24     0.00000004     0.25096751     0.74903245
       25     0.00000067     0.26231670     0.73768263
       26     0.00000027     0.27409288     0.72590685
       27     0.00000013     0.28640107     0.71359880
       28     0.00000074     0.29943809     0.70056117
       29     0.00000023     0.31347000     0.68652977
       30     0.00000015     0.32877683     0.67122302
       31     0.00000076     0.34568364     0.65431560
       32     0.00000027     0.36446341     0.63553632
       33     0.00000010     0.38537625     0.61462365
       34     0.00000071     0.40855553     0.59144375
       35     0.00000038     0.43377746     0.56622215
       36     0.00000002     0.46042990     0.53957008
       37     0.00000057     0.48339875     0.51660069
       38     0.00000052     0.50181858     0.49818090
       39     0.00000002     0.51452401     0.48547598
       40     0.00000035     0.52016044     0.47983921
       41     0.00000063     0.51758957     0.48240980
       42     0.00000013     0.50696866     0.49303121
       43     0.00000015     0.49347622     0.50652364
       44     0.00000066     0.51392118     0.48607816
       45     0.00000022     0.68536253     0.31463725
       46     0.00000008     0.70635831     0.29364161
       47     0.00000063     0.68501637     0.31498300
       48     0.00000050     0.67833549     0.32166400
       49     0.00000001     0.67680935     0.32319063
       50     0.00000033     0.67850384     0.32149583
       51     0.00000071     0.68496592     0.31503336
       52     0.00000026     0.69623436     0.30376538
       53     0.00000004     0.71040271     0.28959725
       54     0.00000062     0.72617422     0.27382517
       55     0.00000065     0.74258369     0.25741565
       56     0.00000006     0.75903533     0.24096461
       57     0.00000027     0.77525144     0.22474829
       58     0.00000085     0.79117054     0.20882860
       59     0.00000043     0.80683090     0.19316867
       60     0.00000002     0.82227102     0.17772896
       61     0.00000068     0.83746652     0.16253280
       62     0.00000092     0.85230755     0.14769153
       63     0.00000017     0.86661211     0.13338772
       64     0.00000026     0.88016436     0.11983538
       65     0.00000110     0.89276122     0.10723768
       66     0.00000079     0.90424731     0.09575190
       67     0.00000006     0.91453057     0.08546936
       68     0.00000067     0.92358421     0.07641512
       69     0.00000133     0.93144106     0.06855761
       70     0.00000061     0.93818125     0.06181814
       71     0.00000010     0.94391799     0.05608191
       72     0.00000093     0.94878931     0.05120977
       73     0.00000136     0.95295314     0.04704550
       74     0.00000054     0.95657732     0.04342214
       75     0.00000012     0.95982581     0.04017407
       76     0.00000094     0.96284887     0.03715019
       77     0.00000149     0.96577252     0.03422599
       78     0.00000079     0.96868145     0.03131775
       79     0.00000020     0.97160386     0.02839594
       80     0.00000110     0.97450862     0.02549028
       81     0.00000229     0.97731026     0.02268745
       82     0.00000180     0.97987430     0.02012390
       83     0.00000080     0.98202991     0.01796929
       84     0.00000196     0.98359938     0.01639865
       85     0.00000405     0.98443927     0.01555668
       86     0.00000365     0.98448292     0.01551343
       87     0.00000204     0.98378636     0.01621160
       88     0.00000321     0.98256754     0.01742925
       89     0.00000575     0.98120344     0.01879082
       90     0.00000525     0.98015190     0.01984285
       91     0.00000290     0.97982142     0.02017567
       92     0.00000320     0.98045499     0.01954181
       93     0.00000549     0.98208639     0.01790812
       94     0.00000562     0.98456487     0.01542951
       95     0.00000338     0.98761156     0.01238506
       96     0.00000000     1.00000000     0.00000000
       97     0.00000785     0.99969914     0.00029300
       98     0.00001907     0.99886207     0.00111886
       99     0.00001527     0.99769996     0.00228476
      100     0.00000268     0.99652429     0.00347303
      101     0.00000217     0.99567894     0.00431889
      102     0.00001492     0.99545793     0.00452715
      103     0.00002152     0.99599183     0.00398665
      104     0.00001255     0.99714548     0.00284198
      105     0.00000127     0.99851366     0.00148507
      106     0.00000446     0.99956103     0.00043451
      107     0.00001964     0.99985614     0.00012423
      108     0.00002691     0.99928199     0.00069110
      109     0.00001605     0.99812151     0.00186243
      110     0.00000266     0.99696445     0.00303289
      111     0.00000634     0.99644288     0.00355078
      112     0.00002357     0.99688396     0.00309247
      113     0.00003422     0.99806374     0.00190204
      114     0.00002664     0.99926600     0.00070735
      115     0.00001026     0.99970378     0.00028596
      116     0.00000661     0.99908207     0.00091132
      117     0.00002462     0.99788284     0.00209254
      118     0.00004792     0.99706410     0.00288798
      119     0.00005422     0.99730788     0.00263789
      120     0.00004008     0.99840450     0.00155542
