#     Density Matrix: population Re; see the manual for detail orders
        0     0.00000000     0.00000000     1.00000000
        1     0.00000001     0.00000063     0.99999937
        2     0.00000001     0.00000460     0.99999539
        3     0.00000000     0.00000760     0.99999240
        4     0.00000007     0.00000672     0.99999320
        5     0.00000008     0.00001187     0.99998805
        6     0.00000030     0.00004358     0.99995612
        7     0.00000037     0.00013659     0.99986303
        8     0.00000068     0.00038863     0.99961069
        9     0.00000072     0.00106295     0.99893633
       10     0.00000096     0.00280353     0.99719551
       11     0.00000089     0.00733787     0.99266125
       12     0.00000105     0.02012120     0.97987775
       13     0.00000078     0.06028027     0.93971895
       14     0.00000079     0.18333678     0.81666244
       15     0.00000089     0.46448713     0.53551198
       16     0.00000033     0.54705968     0.45293999
       17     0.00000176     0.43071962     0.56927862
       18     0.00000148     0.33866744     0.66133108
       19     0.00000026     0.29552965     0.70447009
       20     0.00000017     0.27763612     0.72236371
       21     0.00000048     0.26418944     0.73581008
       22     0.00000009     0.25525398     0.74474594
       23     0.00000030     0.25052940     0.74947030
       24     0.00000037     0.24954700     0.75045263
       25     0.00000002     0.25179911     0.74820087
       26     0.00000039     0.25685899     0.74314061
       27     0.00000026     0.26432958     0.73567016
       28     0.00000006     0.27401107     0.72598887
       29     0.00000047     0.28582687     0.71417266
       30     0.00000021     0.29988985     0.70010994
       31     0.00000008     0.31658387     0.68341605
       32     0.00000046     0.33636278     0.66363676
       33     0.00000020     0.35989856     0.64010124
       34     0.00000006     0.38799881     0.61200113
       35     0.00000043     0.42116323     0.57883633
       36     0.00000024     0.45909836     0.54090139
       37     0.00000002     0.49993321     0.50006677
       38     0.00000028     0.53947273     0.46052699
       39     0.00000023     0.56805628     0.43194348
       40     0.00000000     0.57977095     0.42022905
       41     0.00000018     0.57291866     0.42708116
       42     0.00000024     0.54693418     0.45306558
       43     0.00000002     0.50311198     0.49688800
       44     0.00000013     0.44561506     0.55438481
       45     0.00000027     0.38138942     0.61861030
       46     0.00000005     0.31803843     0.68196152
       47     0.00000010     0.26098742     0.73901249
       48     0.00000031     0.21218021     0.78781948
       49     0.00000012     0.17023375     0.82976613
       50     0.00000004     0.12917430     0.87082566
       51     0.00000025     0.06097681     0.93902294
       52     0.00000032     0.22502677     0.77497290
       53     0.00000011     0.61568051     0.38431938
       54     0.00000048     0.65309662     0.34690289
       55     0.00000074     0.65724631     0.34275295
       56     0.00000026     0.65386576     0.34613398
       57     0.00000017     0.64880502     0.35119481
       58     0.00000075     0.64539121     0.35460804
       59     0.00000069     0.64623726     0.35376205
       60     0.00000006     0.65300175     0.34699819
       61     0.00000053     0.66678322     0.33321625
       62     0.00000123     0.68816588     0.31183290
       63     0.00000040     0.71896163     0.28103797
       64     0.00000020     0.75327976     0.24672004
       65     0.00000172     0.78805291     0.21194537
       66     0.00000152     0.82080689     0.17919159
       67     0.00000017     0.85006307     0.14993676
       68     0.00000167     0.87522251     0.12477582
       69     0.00000325     0.89627389     0.10372286
       70     0.00000145     0.91346808     0.08653047
       71     0.00000094     0.92710449     0.07289457
       72     0.00000387     0.93745158     0.06254455
       73     0.00000411     0.94469750     0.05529839
       74     0.00000139     0.94902549     0.05097311
       75     0.00000254     0.95074667     0.04925079
       76     0.00000559     0.95038691     0.04960750
       77     0.00000388     0.94879116     0.05120495
       78     0.00000143     0.94706955     0.05292902
       79     0.00000373     0.94622252     0.05377375
       80     0.00000543     0.94702958     0.05296499
       81     0.00000272     0.94988200     0.05011528
       82     0.00000117     0.95466908     0.04532975
       83     0.00000348     0.96091541     0.03908111
       84     0.00000421     0.96804776     0.03194803
       85     0.00000177     0.97548938     0.02450885
       86     0.00000089     0.98268202     0.01731708
       87     0.00000292     0.98910987     0.01088722
       88     0.00000000     1.00000000     0.00000000
       89     0.00000415     0.99797453     0.00202132
       90     0.00000817     0.99264862     0.00734320
       91     0.00000368     0.98598002     0.01401630
       92     0.00000004     0.98048907     0.01951089
       93     0.00000450     0.97837286     0.02162264
       94     0.00000739     0.98055048     0.01944213
       95     0.00000333     0.98609907     0.01389760
       96     0.00000000     1.00000000     0.00000000
       97     0.00000303     0.99892369     0.00107328
       98     0.00000642     0.99647505     0.00351853
       99     0.00000358     0.99424075     0.00575567
      100     0.00000005     0.99360606     0.00639389
      101     0.00000249     0.99492377     0.00507374
      102     0.00000629     0.99728802     0.00270569
      103     0.00000460     0.99912392     0.00087148
      104     0.00000042     0.99928861     0.00071097
      105     0.00000180     0.99791775     0.00208046
      106     0.00000652     0.99631550     0.00367798
      107     0.00000605     0.99587390     0.00412006
      108     0.00000142     0.99688029     0.00311828
      109     0.00000103     0.99830425     0.00169472
      110     0.00000656     0.99881424     0.00117921
      111     0.00000950     0.99807749     0.00191301
      112     0.00000492     0.99703332     0.00296175
      113     0.00000122     0.99683027     0.00316850
      114     0.00000577     0.99757764     0.00241659
      115     0.00001295     0.99831835     0.00166870
      116     0.00001259     0.99822824     0.00175917
      117     0.00000587     0.99757252     0.00242161
      118     0.00000516     0.99725174     0.00274310
      119     0.00001457     0.99759851     0.00238692
      120     0.00002372     0.99804142     0.00193487
