#     Density Matrix: population Re; see the manual for detail orders
        0     0.00000000     0.00000000     1.00000000
        1     0.00000001     0.00000010     0.99999989
        2     0.00000001     0.00000076     0.99999924
        3     0.00000000     0.00000168     0.99999832
        4     0.00000001     0.00000269     0.99999729
        5     0.00000003     0.00000417     0.99999580
        6     0.00000005     0.00000799     0.99999196
        7     0.00000007     0.00001795     0.99998197
        8     0.00000010     0.00004036     0.99995954
        9     0.00000013     0.00008876     0.99991112
       10     0.00000015     0.00020440     0.99979544
       11     0.00000018     0.00054671     0.99945311
       12     0.00000020     0.00196485     0.99803496
       13     0.00000021     0.01355457     0.98644522
       14     0.00000009     0.56906898     0.43093092
       15     0.00000007     0.61428637     0.38571356
       16     0.00000047     0.19931450     0.80068503
       17     0.00000020     0.15933596     0.84066384
       18     0.00000018     0.13862626     0.86137356
       19     0.00000026     0.12479674     0.87520300
       20     0.00000017     0.11396198     0.88603785
       21     0.00000023     0.10470818     0.89529160
       22     0.00000022     0.09649176     0.90350802
       23     0.00000022     0.08911329     0.91088649
       24     0.00000024     0.08253312     0.91746664
       25     0.00000023     0.07675516     0.92324460
       26     0.00000024     0.07180402     0.92819574
       27     0.00000024     0.06770699     0.93229277
       28     0.00000023     0.06450179     0.93549798
       29     0.00000022     0.06220879     0.93779099
       30     0.00000022     0.06085781     0.93914198
       31     0.00000020     0.06049542     0.93950438
       32     0.00000019     0.06118754     0.93881227
       33     0.00000018     0.06304748     0.93695234
       34     0.00000016     0.06628129     0.93371855
       35     0.00000015     0.07122289     0.92877696
       36     0.00000014     0.07848451     0.92151535
       37     0.00000013     0.08918954     0.91081033
       38     0.00000011     0.10556865     0.89443124
       39     0.00000010     0.13261745     0.86738245
       40     0.00000010     0.18311776     0.81688214
       41     0.00000009     0.29390800     0.70609192
       42     0.00000008     0.53480593     0.46519399
       43     0.00000007     0.82278890     0.17721103
       44     0.00000006     0.96180219     0.03819774
       45     0.00000007     0.98918450     0.01081543
       46     0.00000007     0.98798809     0.01201184
       47     0.00000006     0.98291928     0.01708067
       48     0.00000006     0.97823737     0.02176257
       49     0.00000007     0.97448734     0.02551259
       50     0.00000006     0.97158072     0.02841922
       51     0.00000006     0.96935383     0.03064612
       52     0.00000006     0.96766877     0.03233116
       53     0.00000007     0.96642218     0.03357775
       54     0.00000007     0.96553708     0.03446285
       55     0.00000007     0.96495427     0.03504566
       56     0.00000009     0.96462301     0.03537691
       57     0.00000010     0.96450350     0.03549640
       58     0.00000011     0.96455797     0.03544192
       59     0.00000012     0.96475196     0.03524792
       60     0.00000015     0.96505405     0.03494580
       61     0.00000018     0.96543596     0.03456386
       62     0.00000021     0.96587284     0.03412695
       63     0.00000024     0.96634386     0.03365590
       64     0.00000028     0.96683254     0.03316717
       65     0.00000034     0.96732591     0.03267376
       66     0.00000039     0.96781715     0.03218246
       67     0.00000044     0.96830145     0.03169810
       68     0.00000051     0.96877814     0.03122135
       69     0.00000058     0.96924804     0.03075137
       70     0.00000065     0.96971638     0.03028297
       71     0.00000072     0.97018526     0.02981402
       72     0.00000079     0.97066111     0.02933810
       73     0.00000086     0.97114842     0.02885072
       74     0.00000093     0.97165201     0.02834706
       75     0.00000099     0.97218003     0.02781899
       76     0.00000104     0.97274051     0.02725845
       77     0.00000110     0.97334672     0.02665218
       78     0.00000116     0.97401333     0.02598551
       79     0.00000121     0.97476164     0.02523716
       80     0.00000126     0.97561239     0.02438635
       81     0.00000132     0.97658376     0.02341492
       82     0.00000141     0.97769191     0.02230669
       83     0.00000151     0.97893892     0.02105957
       84     0.00000165     0.98030812     0.01969023
       85     0.00000182     0.98176241     0.01823577
       86     0.00000205     0.98323958     0.01675838
       87     0.00000233     0.98465657     0.01534111
       88     0.00000266     0.98591444     0.01408290
       89     0.00000304     0.98691448     0.01308247
       90     0.00000347     0.98757186     0.01242467
       91     0.00000393     0.98783495     0.01216112
       92     0.00000439     0.98769894     0.01229667
       93     0.00000483     0.98721945     0.01277573
       94     0.00000522     0.98651253     0.01348225
       95     0.00000553     0.98574502     0.01424945
       96     0.00000575     0.98511314     0.01488111
       97     0.00000586     0.98481649     0.01517765
       98     0.00000589     0.98501998     0.01497414
       99     0.00000585     0.98581593     0.01417822
      100     0.00000579     0.98720101     0.01279320
      101     0.00000576     0.98906312     0.01093112
      102     0.00000582     0.99119135     0.00880283
      103     0.00000600     0.99330777     0.00668623
      104     0.00000632     0.99512263     0.00487105
      105     0.00000678     0.99639573     0.00359749
      106     0.00000731     0.99699545     0.00299724
      107     0.00000786     0.99693544     0.00305670
      108     0.00000835     0.99637953     0.00361212
      109     0.00000870     0.99560477     0.00438653
      110     0.00000890     0.99493296     0.00505814
      111     0.00000896     0.99464318     0.00534787
      112     0.00000893     0.99489210     0.00509897
      113     0.00000893     0.99566789     0.00432318
      114     0.00000907     0.99679261     0.00319832
      115     0.00000943     0.99797910     0.00201147
      116     0.00001003     0.99892608     0.00106389
      117     0.00001084     0.99942130     0.00056786
      118     0.00001174     0.99941562     0.00057263
      119     0.00001263     0.99903790     0.00094947
      120     0.00001340     0.99854150     0.00144509
