#     Density Matrix: population Re; see the manual for detail orders
        0     0.00000000     0.00000000     1.00000000
        1     0.00000000     0.00000060     0.99999940
        2     0.00000001     0.00000389     0.99999611
        3     0.00000001     0.00000580     0.99999419
        4     0.00000004     0.00000422     0.99999575
        5     0.00000004     0.00000127     0.99999869
        6     0.00000008     0.00000100     0.99999893
        7     0.00000010     0.00000567     0.99999424
        8     0.00000013     0.00001437     0.99998550
        9     0.00000016     0.00002628     0.99997356
       10     0.00000020     0.00004638     0.99995342
       11     0.00000024     0.00009161     0.99990816
       12     0.00000027     0.00020385     0.99979588
       13     0.00000031     0.00049722     0.99950248
       14     0.00000033     0.00135141     0.99864826
       15     0.00000035     0.00439470     0.99560495
       16     0.00000035     0.01987494     0.98012471
       17     0.00000032     0.15102217     0.84897752
       18     0.00000008     0.82843804     0.17156187
       19     0.00000019     0.50629045     0.49370936
       20     0.00000096     0.22326871     0.77673033
       21     0.00000020     0.14659641     0.85340339
       22     0.00000045     0.10809279     0.89190676
       23     0.00000045     0.08777242     0.91222713
       24     0.00000033     0.07636856     0.92363111
       25     0.00000044     0.06933834     0.93066123
       26     0.00000039     0.06439700     0.93560261
       27     0.00000033     0.06035564     0.93964403
       28     0.00000037     0.05657970     0.94341993
       29     0.00000036     0.05269042     0.94730921
       30     0.00000035     0.04837627     0.95162338
       31     0.00000037     0.04330497     0.95669466
       32     0.00000037     0.03705665     0.96294299
       33     0.00000036     0.02905700     0.97094264
       34     0.00000037     0.01862163     0.98137800
       35     0.00000036     0.00605268     0.99394696
       36     0.00000035     0.00295686     0.99704279
       37     0.00000032     0.09824787     0.90175181
       38     0.00000031     0.39207633     0.60792336
       39     0.00000034     0.64640424     0.35359542
       40     0.00000037     0.76133709     0.23866254
       41     0.00000044     0.81874033     0.18125923
       42     0.00000039     0.84863475     0.15136486
       43     0.00000032     0.86583197     0.13416770
       44     0.00000035     0.87655407     0.12344558
       45     0.00000036     0.88368093     0.11631871
       46     0.00000032     0.88869138     0.11130830
       47     0.00000031     0.89241158     0.10758811
       48     0.00000033     0.89531404     0.10468563
       49     0.00000032     0.89769984     0.10229984
       50     0.00000029     0.89975434     0.10024536
       51     0.00000030     0.90158973     0.09840998
       52     0.00000031     0.90327792     0.09672177
       53     0.00000030     0.90486449     0.09513521
       54     0.00000028     0.90637110     0.09362862
       55     0.00000029     0.90780706     0.09219265
       56     0.00000030     0.90917189     0.09082781
       57     0.00000029     0.91047057     0.08952913
       58     0.00000029     0.91170685     0.08829287
       59     0.00000030     0.91288994     0.08710976
       60     0.00000030     0.91403347     0.08596622
       61     0.00000030     0.91516615     0.08483355
       62     0.00000030     0.91631741     0.08368229
       63     0.00000031     0.91752488     0.08247481
       64     0.00000033     0.91882995     0.08116972
       65     0.00000034     0.92026359     0.07973607
       66     0.00000035     0.92184415     0.07815550
       67     0.00000038     0.92358423     0.07641539
       68     0.00000042     0.92546433     0.07453525
       69     0.00000047     0.92744518     0.07255435
       70     0.00000052     0.92945970     0.07053978
       71     0.00000059     0.93142268     0.06857672
       72     0.00000069     0.93322889     0.06677042
       73     0.00000079     0.93477246     0.06522676
       74     0.00000089     0.93596233     0.06403677
       75     0.00000101     0.93672887     0.06327013
       76     0.00000114     0.93704041     0.06295845
       77     0.00000127     0.93691528     0.06308345
       78     0.00000139     0.93641594     0.06358266
       79     0.00000151     0.93565047     0.06434803
       80     0.00000161     0.93475737     0.06524102
       81     0.00000171     0.93389378     0.06610451
       82     0.00000178     0.93321773     0.06678049
       83     0.00000182     0.93286741     0.06713077
       84     0.00000184     0.93294768     0.06705049
       85     0.00000184     0.93352846     0.06646969
       86     0.00000182     0.93463858     0.06535960
       87     0.00000178     0.93626637     0.06373185
       88     0.00000173     0.93837007     0.06162819
       89     0.00000169     0.94088110     0.05911721
       90     0.00000167     0.94371750     0.05628083
       91     0.00000167     0.94677827     0.05322006
       92     0.00000173     0.94995843     0.05003983
       93     0.00000186     0.95314144     0.04685670
       94     0.00000208     0.95620346     0.04379447
       95     0.00000239     0.95900994     0.04098767
       96     0.00000280     0.96143072     0.03856649
       97     0.00000328     0.96334535     0.03665137
       98     0.00000382     0.96466812     0.03532806
       99     0.00000438     0.96536857     0.03462705
      100     0.00000489     0.96549490     0.03450021
      101     0.00000532     0.96518556     0.03480912
      102     0.00000559     0.96467175     0.03532266
      103     0.00000567     0.96426588     0.03572846
      104     0.00000554     0.96431435     0.03568011
      105     0.00000524     0.96514293     0.03485183
      106     0.00000482     0.96698208     0.03301310
      107     0.00000438     0.96989656     0.03009906
      108     0.00000403     0.97373670     0.02625927
      109     0.00000386     0.97813009     0.02186606
      110     0.00000395     0.98253462     0.01746142
      111     0.00000433     0.98634333     0.01365234
      112     0.00000495     0.98903367     0.01096138
      113     0.00000570     0.99031126     0.00968304
      114     0.00000644     0.99021658     0.00977698
      115     0.00000700     0.98914266     0.01085034
      116     0.00000728     0.98774271     0.01225002
      117     0.00000724     0.98674899     0.01324377
      118     0.00000694     0.98674634     0.01324672
      119     0.00000654     0.98798319     0.01201027
      120     0.00000622     0.99028017     0.00971361
