#     Density Matrix: population Re; see the manual for detail orders
        0     0.00000000     0.00000000     1.00000000
        1     0.00000002     0.00000012     0.99999986
        2     0.00000003     0.00000066     0.99999931
        3     0.00000011     0.00000077     0.99999912
        4     0.00000013     0.00000358     0.99999628
        5     0.00000027     0.00001710     0.99998263
        6     0.00000029     0.00004830     0.99995141
        7     0.00000047     0.00010422     0.99989531
        8     0.00000047     0.00021565     0.99978388
        9     0.00000063     0.00051318     0.99948619
       10     0.00000062     0.00150716     0.99849222
       11     0.00000069     0.00558343     0.99441588
       12     0.00000069     0.03049398     0.96950534
       13     0.00000049     0.32596087     0.67403864
       14     0.00000010     0.77009260     0.22990731
       15     0.00000168     0.35009044     0.64990788
       16     0.00000275     0.25937941     0.74061784
       17     0.00000017     0.22997151     0.77002831
       18     0.00000212     0.21994477     0.78005312
       19     0.00000120     0.21772967     0.78226913
       20     0.00000021     0.21828054     0.78171925
       21     0.00000175     0.21899168     0.78100658
       22     0.00000061     0.21852788     0.78147151
       23     0.00000021     0.21633898     0.78366081
       24     0.00000120     0.21238685     0.78761196
       25     0.00000041     0.20694113     0.79305846
       26     0.00000022     0.20040562     0.79959417
       27     0.00000082     0.19318249     0.80681669
       28     0.00000038     0.18559301     0.81440662
       29     0.00000028     0.17785935     0.82214037
       30     0.00000055     0.17013506     0.82986439
       31     0.00000035     0.16256972     0.83742992
       32     0.00000040     0.15539145     0.84460814
       33     0.00000043     0.14899103     0.85100853
       34     0.00000031     0.14399813     0.85600157
       35     0.00000046     0.14133811     0.85866143
       36     0.00000037     0.14226086     0.85773877
       37     0.00000033     0.14831016     0.85168951
       38     0.00000052     0.16119630     0.83880318
       39     0.00000028     0.18249283     0.81750689
       40     0.00000044     0.21307990     0.78691966
       41     0.00000057     0.25222151     0.74777792
       42     0.00000015     0.29619895     0.70380089
       43     0.00000067     0.33660797     0.66339136
       44     0.00000064     0.35898808     0.64101128
       45     0.00000008     0.34403785     0.65596207
       46     0.00000103     0.27596790     0.72403107
       47     0.00000052     0.16189376     0.83810572
       48     0.00000025     0.04880526     0.95119449
       49     0.00000142     0.00049944     0.99949914
       50     0.00000021     0.03715124     0.96284854
       51     0.00000067     0.11765447     0.88234485
       52     0.00000098     0.18603161     0.81396741
       53     0.00000005     0.21244132     0.78755864
       54     0.00000125     0.19786066     0.80213809
       55     0.00000024     0.16097408     0.83902568
       56     0.00000070     0.12393915     0.87606014
       57     0.00000091     0.10235851     0.89764058
       58     0.00000008     0.10072156     0.89927836
       59     0.00000113     0.11323902     0.88675984
       60     0.00000005     0.12889591     0.87110404
       61     0.00000087     0.13804749     0.86195164
       62     0.00000037     0.13718522     0.86281441
       63     0.00000046     0.12958450     0.87041504
       64     0.00000071     0.12187532     0.87812397
       65     0.00000014     0.11910006     0.88089980
       66     0.00000082     0.12169057     0.87830862
       67     0.00000005     0.12623384     0.87376611
       68     0.00000077     0.12883763     0.87116160
       69     0.00000006     0.12822375     0.87177619
       70     0.00000071     0.12604707     0.87395221
       71     0.00000018     0.12460627     0.87539355
       72     0.00000045     0.12463118     0.87536838
       73     0.00000026     0.12518225     0.87481750
       74     0.00000042     0.12533207     0.87466751
       75     0.00000024     0.12537639     0.87462336
       76     0.00000034     0.12610624     0.87389341
       77     0.00000044     0.12719741     0.87280215
       78     0.00000019     0.12714127     0.87285854
       79     0.00000029     0.12517510     0.87482461
       80     0.00000041     0.12290870     0.87709088
       81     0.00000030     0.12313283     0.87686687
       82     0.00000017     0.12651586     0.87348396
       83     0.00000047     0.12996509     0.87003444
       84     0.00000039     0.12944101     0.87055861
       85     0.00000011     0.12458372     0.87541617
       86     0.00000045     0.11997950     0.88002005
       87     0.00000050     0.12085695     0.87914254
       88     0.00000015     0.12726418     0.87273568
       89     0.00000024     0.13319261     0.86680715
       90     0.00000068     0.13229963     0.86769969
       91     0.00000033     0.12463613     0.87536355
       92     0.00000008     0.11723589     0.88276403
       93     0.00000058     0.11752320     0.88247622
       94     0.00000070     0.12590439     0.87409490
       95     0.00000007     0.13496990     0.86503003
       96     0.00000033     0.13632725     0.86367242
       97     0.00000067     0.12843967     0.87155967
       98     0.00000050     0.11811212     0.88188738
       99     0.00000004     0.11429856     0.88570139
      100     0.00000054     0.12018775     0.87981171
      101     0.00000119     0.13066250     0.86933631
      102     0.00000019     0.13702250     0.86297731
      103     0.00000019     0.13442975     0.86557006
      104     0.00000035     0.12554678     0.87445287
      105     0.00000075     0.11772898     0.88227027
      106     0.00000066     0.11673842     0.88326092
      107     0.00000006     0.12245785     0.87754210
      108     0.00000124     0.12974851     0.87025026
      109     0.00000085     0.13308218     0.86691697
      110     0.00000008     0.13076702     0.86923290
      111     0.00000024     0.12555204     0.87444771
      112     0.00000015     0.12173250     0.87826735
      113     0.00000138     0.12162073     0.87837788
      114     0.00000095     0.12425764     0.87574140
      115     0.00000008     0.12694887     0.87305105
      116     0.00000095     0.12781389     0.87218516
      117     0.00000045     0.12702277     0.87297678
      118     0.00000046     0.12596219     0.87403735
      119     0.00000057     0.12555939     0.87444004
      120     0.00000007     0.12555195     0.87444798
