#     Density Matrix: population Re; see the manual for detail orders
        0     0.00000000     0.00000000     1.00000000
        1     0.00000001     0.00000136     0.99999863
        2     0.00000002     0.00001235     0.99998763
        3     0.00000007     0.00003023     0.99996970
        4     0.00000009     0.00004195     0.99995795
        5     0.00000020     0.00004222     0.99995758
        6     0.00000026     0.00004954     0.99995020
        7     0.00000041     0.00010134     0.99989825
        8     0.00000050     0.00023526     0.99976425
        9     0.00000067     0.00048677     0.99951257
       10     0.00000074     0.00093779     0.99906146
       11     0.00000088     0.00187654     0.99812258
       12     0.00000089     0.00428963     0.99570948
       13     0.00000098     0.01173218     0.98826684
       14     0.00000086     0.03910158     0.96089756
       15     0.00000082     0.15299251     0.84700667
       16     0.00000081     0.52742675     0.47257244
       17     0.00000007     0.64353522     0.35646471
       18     0.00000159     0.50294111     0.49705730
       19     0.00000098     0.41245221     0.58754681
       20     0.00000055     0.36409061     0.63590884
       21     0.00000160     0.33979844     0.66019996
       22     0.00000038     0.32894230     0.67105732
       23     0.00000055     0.32515826     0.67484119
       24     0.00000110     0.32452411     0.67547478
       25     0.00000014     0.32461404     0.67538582
       26     0.00000040     0.32396232     0.67603728
       27     0.00000075     0.32173656     0.67826269
       28     0.00000007     0.31753441     0.68246552
       29     0.00000025     0.31125389     0.68874586
       30     0.00000050     0.30301093     0.69698857
       31     0.00000007     0.29309672     0.70690322
       32     0.00000019     0.28197458     0.71802522
       33     0.00000036     0.27030059     0.72969905
       34     0.00000007     0.25896121     0.74103872
       35     0.00000019     0.24912594     0.75087387
       36     0.00000032     0.24228519     0.75771449
       37     0.00000008     0.24026069     0.75973923
       38     0.00000016     0.24515314     0.75484670
       39     0.00000029     0.25915935     0.74084036
       40     0.00000013     0.28419971     0.71580016
       41     0.00000012     0.32129922     0.67870066
       42     0.00000018     0.36964494     0.63035488
       43     0.00000021     0.42534422     0.57465556
       44     0.00000018     0.48015099     0.51984883
       45     0.00000007     0.52084618     0.47915375
       46     0.00000030     0.53064221     0.46935748
       47     0.00000026     0.49444778     0.50555195
       48     0.00000003     0.40844838     0.59155159
       49     0.00000050     0.28945393     0.71054557
       50     0.00000030     0.17412611     0.82587359
       51     0.00000007     0.10232091     0.89767902
       52     0.00000074     0.09460871     0.90539055
       53     0.00000024     0.14225630     0.85774346
       54     0.00000021     0.21576313     0.78423666
       55     0.00000069     0.28198721     0.71801209
       56     0.00000002     0.31825203     0.68174795
       57     0.00000055     0.31845739     0.68154206
       58     0.00000043     0.29159003     0.70840954
       59     0.00000011     0.25519463     0.74480525
       60     0.00000080     0.22685502     0.77314419
       61     0.00000008     0.21694901     0.78305092
       62     0.00000045     0.22534802     0.77465153
       63     0.00000036     0.24319650     0.75680313
       64     0.00000012     0.25868725     0.74131263
       65     0.00000058     0.26373548     0.73626394
       66     0.00000000     0.25788675     0.74211325
       67     0.00000062     0.24732983     0.75266955
       68     0.00000021     0.23991083     0.76008895
       69     0.00000019     0.23968766     0.76031215
       70     0.00000027     0.24485195     0.75514778
       71     0.00000015     0.25022160     0.74977825
       72     0.00000037     0.25188351     0.74811611
       73     0.00000002     0.24994798     0.75005200
       74     0.00000058     0.24733386     0.75266556
       75     0.00000020     0.24632386     0.75367594
       76     0.00000009     0.24661940     0.75338051
       77     0.00000013     0.24667655     0.75332332
       78     0.00000044     0.24626311     0.75373645
       79     0.00000029     0.24681495     0.75318476
       80     0.00000008     0.24904478     0.75095513
       81     0.00000062     0.25103198     0.74896740
       82     0.00000030     0.24987155     0.75012814
       83     0.00000005     0.24553225     0.75446770
       84     0.00000014     0.24209544     0.75790442
       85     0.00000092     0.24388876     0.75611032
       86     0.00000052     0.25019841     0.74980107
       87     0.00000007     0.25489884     0.74510108
       88     0.00000052     0.25249148     0.74750800
       89     0.00000060     0.24448967     0.75550973
       90     0.00000047     0.23875338     0.76124615
       91     0.00000019     0.24162378     0.75837603
       92     0.00000138     0.25091064     0.74908797
       93     0.00000114     0.25752827     0.74247058
       94     0.00000008     0.25459434     0.74540558
       95     0.00000003     0.24465492     0.75534504
       96     0.00000078     0.23736225     0.76263697
       97     0.00000204     0.23986687     0.76013110
       98     0.00000099     0.24971353     0.75028548
       99     0.00000065     0.25739239     0.74260696
      100     0.00000103     0.25574901     0.74424996
      101     0.00000069     0.24674675     0.75325256
      102     0.00000101     0.23911785     0.76088114
      103     0.00000068     0.23972067     0.76027865
      104     0.00000194     0.24729422     0.75270384
      105     0.00000272     0.25433261     0.74566467
      106     0.00000081     0.25459149     0.74540770
      107     0.00000006     0.24866919     0.75133075
      108     0.00000014     0.24265709     0.75734277
      109     0.00000181     0.24189907     0.75809912
      110     0.00000370     0.24623207     0.75376423
      111     0.00000196     0.25093792     0.74906012
      112     0.00000035     0.25175481     0.74824484
      113     0.00000023     0.24870613     0.75129365
      114     0.00000081     0.24532916     0.75467004
      115     0.00000311     0.24474271     0.75525417
      116     0.00000321     0.24681688     0.75317991
      117     0.00000134     0.24898201     0.75101665
      118     0.00000094     0.24922248     0.75077659
      119     0.00000069     0.24788074     0.75211857
      120     0.00000193     0.24670850     0.75328957
