#     Density Matrix: population Re; see the manual for detail orders
        0     0.00000000     0.00000000     1.00000000
        1     0.00000001     0.00000638     0.99999361
        2     0.00000003     0.00005530     0.99994467
        3     0.00000008     0.00013471     0.99986521
        4     0.00000013     0.00020099     0.99979888
        5     0.00000020     0.00021760     0.99978220
        6     0.00000027     0.00020276     0.99979697
        7     0.00000035     0.00027468     0.99972498
        8     0.00000044     0.00070405     0.99929551
        9     0.00000048     0.00207507     0.99792445
       10     0.00000058     0.00602696     0.99397246
       11     0.00000054     0.01927300     0.98072645
       12     0.00000063     0.08161139     0.91838798
       13     0.00000111     0.59763024     0.40236865
       14     0.00000018     0.65537208     0.34462774
       15     0.00000384     0.42742447     0.57257169
       16     0.00000082     0.34731802     0.65268116
       17     0.00000133     0.31614513     0.68385354
       18     0.00000282     0.30490040     0.69509678
       19     0.00000010     0.30206570     0.69793419
       20     0.00000155     0.30201038     0.69798808
       21     0.00000176     0.30192613     0.69807211
       22     0.00000025     0.30045094     0.69954881
       23     0.00000112     0.29708732     0.70291156
       24     0.00000121     0.29181649     0.70818230
       25     0.00000061     0.28501544     0.71498395
       26     0.00000083     0.27717350     0.72282567
       27     0.00000078     0.26865465     0.73134456
       28     0.00000079     0.25975300     0.74024621
       29     0.00000064     0.25091853     0.74908082
       30     0.00000043     0.24273754     0.75726203
       31     0.00000064     0.23610912     0.76389024
       32     0.00000074     0.23228683     0.76771243
       33     0.00000043     0.23288298     0.76711660
       34     0.00000066     0.23978587     0.76021348
       35     0.00000031     0.25486338     0.74513631
       36     0.00000020     0.27952122     0.72047858
       37     0.00000020     0.31380469     0.68619511
       38     0.00000021     0.35526632     0.64473347
       39     0.00000038     0.39781755     0.60218208
       40     0.00000023     0.43055285     0.56944692
       41     0.00000008     0.43802685     0.56197307
       42     0.00000065     0.40367049     0.59632885
       43     0.00000046     0.31891906     0.68108047
       44     0.00000007     0.19777153     0.80222839
       45     0.00000092     0.08638914     0.91360994
       46     0.00000039     0.04562100     0.95437861
       47     0.00000026     0.10340670     0.89659304
       48     0.00000082     0.22405398     0.77594521
       49     0.00000008     0.33652451     0.66347541
       50     0.00000084     0.38848614     0.61151302
       51     0.00000044     0.37205962     0.62793994
       52     0.00000032     0.31424275     0.68575693
       53     0.00000119     0.25308170     0.74691711
       54     0.00000002     0.21750338     0.78249660
       55     0.00000083     0.21666639     0.78333279
       56     0.00000025     0.24014885     0.75985089
       57     0.00000044     0.26786272     0.73213684
       58     0.00000054     0.28259381     0.71740566
       59     0.00000030     0.27890096     0.72109874
       60     0.00000111     0.26398770     0.73601119
       61     0.00000007     0.25062950     0.74937043
       62     0.00000150     0.24752884     0.75246966
       63     0.00000008     0.25424652     0.74575340
       64     0.00000093     0.26282397     0.73717510
       65     0.00000013     0.26612247     0.73387740
       66     0.00000114     0.26347043     0.73652843
       67     0.00000030     0.25915550     0.74084421
       68     0.00000065     0.25733326     0.74266609
       69     0.00000041     0.25843972     0.74155987
       70     0.00000060     0.26031185     0.73968755
       71     0.00000015     0.26087825     0.73912161
       72     0.00000080     0.26111524     0.73888396
       73     0.00000056     0.26251353     0.73748591
       74     0.00000015     0.26331483     0.73668502
       75     0.00000052     0.26131196     0.73868751
       76     0.00000066     0.25799141     0.74200792
       77     0.00000010     0.25731913     0.74268077
       78     0.00000071     0.26139787     0.73860142
       79     0.00000111     0.26647383     0.73352506
       80     0.00000010     0.26607787     0.73392203
       81     0.00000045     0.25960305     0.74039650
       82     0.00000131     0.25399442     0.74600426
       83     0.00000041     0.25666338     0.74333621
       84     0.00000024     0.26586182     0.73413794
       85     0.00000146     0.27139347     0.72860508
       86     0.00000067     0.26544691     0.73455242
       87     0.00000001     0.25348468     0.74651530
       88     0.00000122     0.24901691     0.75098187
       89     0.00000184     0.25801732     0.74198083
       90     0.00000020     0.27128477     0.72871503
       91     0.00000098     0.27416927     0.72582975
       92     0.00000184     0.26333557     0.73666259
       93     0.00000079     0.25017541     0.74982379
       94     0.00000032     0.24860463     0.75139505
       95     0.00000247     0.26060462     0.73939291
       96     0.00000196     0.27362912     0.72636892
       97     0.00000016     0.27481554     0.72518430
       98     0.00000071     0.26350036     0.73649894
       99     0.00000196     0.25127191     0.74872613
      100     0.00000214     0.24978956     0.75020831
      101     0.00000085     0.25989990     0.74009925
      102     0.00000283     0.27105658     0.72894059
      103     0.00000227     0.27315931     0.72683842
      104     0.00000038     0.26547017     0.73452945
      105     0.00000009     0.25639611     0.74360379
      106     0.00000189     0.25386285     0.74613526
      107     0.00000503     0.25908685     0.74090812
      108     0.00000249     0.26586682     0.73413069
      109     0.00000083     0.26821324     0.73178593
      110     0.00000106     0.26501186     0.73498708
      111     0.00000151     0.26011473     0.73988376
      112     0.00000340     0.25826230     0.74173430
      113     0.00000224     0.25974487     0.74025289
      114     0.00000377     0.26194970     0.73804653
      115     0.00000425     0.26277836     0.73721740
      116     0.00000095     0.26227343     0.73772563
      117     0.00000077     0.26161632     0.73838291
      118     0.00000114     0.26145377     0.73854509
      119     0.00000551     0.26127793     0.73871656
      120     0.00000753     0.26065692     0.73933556
