#     Density Matrix: population Re; see the manual for detail orders
        0     0.00000000     0.00000000     1.00000000
        1     0.00000001     0.00000147     0.99999852
        2     0.00000001     0.00000786     0.99999214
        3     0.00000000     0.00000939     0.99999061
        4     0.00000004     0.00001183     0.99998813
        5     0.00000004     0.00002557     0.99997439
        6     0.00000016     0.00004410     0.99995574
        7     0.00000017     0.00004990     0.99994993
        8     0.00000038     0.00004691     0.99995271
        9     0.00000041     0.00008441     0.99991518
       10     0.00000069     0.00024972     0.99974959
       11     0.00000070     0.00065601     0.99934329
       12     0.00000098     0.00150548     0.99849354
       13     0.00000083     0.00340974     0.99658944
       14     0.00000101     0.00875396     0.99124503
       15     0.00000111     0.02867515     0.97132374
       16     0.00000129     0.12579747     0.87420125
       17     0.00000062     0.46407202     0.53592736
       18     0.00000032     0.62832427     0.37167542
       19     0.00000086     0.41266198     0.58733716
       20     0.00000099     0.31406875     0.68593026
       21     0.00000004     0.27383690     0.72616306
       22     0.00000120     0.24724477     0.75275403
       23     0.00000058     0.23193684     0.76806258
       24     0.00000028     0.22516517     0.77483454
       25     0.00000129     0.22447875     0.77551996
       26     0.00000025     0.22791484     0.77208491
       27     0.00000065     0.23401270     0.76598665
       28     0.00000155     0.24171867     0.75827978
       29     0.00000013     0.25025444     0.74974543
       30     0.00000076     0.25893775     0.74106149
       31     0.00000142     0.26713356     0.73286501
       32     0.00000013     0.27396518     0.72603469
       33     0.00000058     0.27808412     0.72191530
       34     0.00000129     0.27716882     0.72282989
       35     0.00000023     0.26712662     0.73287315
       36     0.00000040     0.23957249     0.76042711
       37     0.00000152     0.17767865     0.82231983
       38     0.00000063     0.06481917     0.93518020
       39     0.00000000     0.00000000     1.00000000
       40     0.00000095     0.11248914     0.88750990
       41     0.00000149     0.26525448     0.73474403
       42     0.00000025     0.36524166     0.63475808
       43     0.00000034     0.44665036     0.55334930
       44     0.00000132     0.53791211     0.46208657
       45     0.00000066     0.66812442     0.33187492
       46     0.00000002     0.85038784     0.14961213
       47     0.00000067     0.98438173     0.01561759
       48     0.00000095     0.97816729     0.02183177
       49     0.00000021     0.93455971     0.06544009
       50     0.00000014     0.90532489     0.09467498
       51     0.00000057     0.88362788     0.11637155
       52     0.00000040     0.86590004     0.13409956
       53     0.00000008     0.84951900     0.15048092
       54     0.00000032     0.83261503     0.16738465
       55     0.00000044     0.81402041     0.18597915
       56     0.00000019     0.79322561     0.20677420
       57     0.00000020     0.77002248     0.22997732
       58     0.00000037     0.74445833     0.25554130
       59     0.00000026     0.71681096     0.28318878
       60     0.00000020     0.68719908     0.31280072
       61     0.00000036     0.65597359     0.34402605
       62     0.00000029     0.62353623     0.37646348
       63     0.00000020     0.59043334     0.40956646
       64     0.00000041     0.55742717     0.44257242
       65     0.00000038     0.52508998     0.47490964
       66     0.00000013     0.49414091     0.50585896
       67     0.00000036     0.46509648     0.53490316
       68     0.00000058     0.43858574     0.56141368
       69     0.00000020     0.41501681     0.58498298
       70     0.00000019     0.39460627     0.60539355
       71     0.00000069     0.37775672     0.62224259
       72     0.00000046     0.36452805     0.63547149
       73     0.00000005     0.35513326     0.64486670
       74     0.00000053     0.34971209     0.65028738
       75     0.00000076     0.34778650     0.65221274
       76     0.00000017     0.34890718     0.65109265
       77     0.00000018     0.35180056     0.64819926
       78     0.00000079     0.35506614     0.64493307
       79     0.00000053     0.35709081     0.64290867
       80     0.00000003     0.35678457     0.64321540
       81     0.00000048     0.35348189     0.64651763
       82     0.00000078     0.34732976     0.65266947
       83     0.00000022     0.33865894     0.66134084
       84     0.00000013     0.32812802     0.67187186
       85     0.00000068     0.31641042     0.68358890
       86     0.00000055     0.30411059     0.69588886
       87     0.00000007     0.29165471     0.70834523
       88     0.00000033     0.27929561     0.72070407
       89     0.00000062     0.26715783     0.73284155
       90     0.00000025     0.25528153     0.74471822
       91     0.00000010     0.24366602     0.75633388
       92     0.00000046     0.23224416     0.76775538
       93     0.00000045     0.22096130     0.77903825
       94     0.00000013     0.20979271     0.79020716
       95     0.00000025     0.19871841     0.80128134
       96     0.00000048     0.18780905     0.81219047
       97     0.00000028     0.17709752     0.82290220
       98     0.00000014     0.16668832     0.83331154
       99     0.00000037     0.15666451     0.84333512
      100     0.00000042     0.14710513     0.85289445
      101     0.00000019     0.13811320     0.86188661
      102     0.00000020     0.12973166     0.87026814
      103     0.00000040     0.12198602     0.87801358
      104     0.00000033     0.11490940     0.88509027
      105     0.00000016     0.10855120     0.89144865
      106     0.00000025     0.10295658     0.89704317
      107     0.00000037     0.09820998     0.90178965
      108     0.00000025     0.09449103     0.90550871
      109     0.00000016     0.09215027     0.90784957
      110     0.00000026     0.09193793     0.90806182
      111     0.00000030     0.09533340     0.90466630
      112     0.00000022     0.10538994     0.89460984
      113     0.00000019     0.12835925     0.87164057
      114     0.00000023     0.17597661     0.82402316
      115     0.00000024     0.26490466     0.73509511
      116     0.00000027     0.40126019     0.59873954
      117     0.00000029     0.55985824     0.44014147
      118     0.00000017     0.68518614     0.31481369
      119     0.00000005     0.76143577     0.23856418
      120     0.00000019     0.77486071     0.22513910
