#     Density Matrix: population Re; see the manual for detail orders
        0     0.00000000     0.00000000     1.00000000
        1     0.00000000     0.00000189     0.99999811
        2     0.00000000     0.00001068     0.99998931
        3     0.00000000     0.00001319     0.99998681
        4     0.00000000     0.00001044     0.99998956
        5     0.00000000     0.00001105     0.99998895
        6     0.00000009     0.00001342     0.99998649
        7     0.00000013     0.00001132     0.99998855
        8     0.00000020     0.00001364     0.99998615
        9     0.00000020     0.00004849     0.99995131
       10     0.00000024     0.00013529     0.99986447
       11     0.00000024     0.00030034     0.99969941
       12     0.00000026     0.00065369     0.99934605
       13     0.00000027     0.00162964     0.99837010
       14     0.00000028     0.00509225     0.99490747
       15     0.00000028     0.02194693     0.97805278
       16     0.00000016     0.58089157     0.41910828
       17     0.00000006     0.54293661     0.45706333
       18     0.00000042     0.08874795     0.91125162
       19     0.00000024     0.03061781     0.96938195
       20     0.00000026     0.01244448     0.98755526
       21     0.00000034     0.00530324     0.99469642
       22     0.00000029     0.00222992     0.99776980
       23     0.00000036     0.00089932     0.99910032
       24     0.00000034     0.00036054     0.99963912
       25     0.00000031     0.00017897     0.99982072
       26     0.00000033     0.00014632     0.99985334
       27     0.00000032     0.00016279     0.99983689
       28     0.00000032     0.00018330     0.99981639
       29     0.00000033     0.00019136     0.99980831
       30     0.00000032     0.00018659     0.99981309
       31     0.00000031     0.00017960     0.99982009
       32     0.00000032     0.00019305     0.99980663
       33     0.00000031     0.00027071     0.99972898
       34     0.00000034     0.00050353     0.99949613
       35     0.00000034     0.00110512     0.99889455
       36     0.00000032     0.00266627     0.99733342
       37     0.00000033     0.00727720     0.99272247
       38     0.00000033     0.02631150     0.97368816
       39     0.00000031     0.17881802     0.82118168
       40     0.00000029     0.64429393     0.35570578
       41     0.00000036     0.92125286     0.07874678
       42     0.00000037     0.96826767     0.03173197
       43     0.00000028     0.98064437     0.01935535
       44     0.00000028     0.98547474     0.01452499
       45     0.00000031     0.98774639     0.01225330
       46     0.00000025     0.98889660     0.01110315
       47     0.00000019     0.98946986     0.01052995
       48     0.00000022     0.98971313     0.01028665
       49     0.00000023     0.98975518     0.01024459
       50     0.00000019     0.98967544     0.01032438
       51     0.00000015     0.98953022     0.01046963
       52     0.00000016     0.98935579     0.01064405
       53     0.00000016     0.98918014     0.01081971
       54     0.00000013     0.98902900     0.01097088
       55     0.00000011     0.98892012     0.01107978
       56     0.00000011     0.98886489     0.01113500
       57     0.00000011     0.98887011     0.01112978
       58     0.00000009     0.98893800     0.01106192
       59     0.00000008     0.98906617     0.01093375
       60     0.00000009     0.98924701     0.01075290
       61     0.00000008     0.98946735     0.01053256
       62     0.00000007     0.98971035     0.01028957
       63     0.00000007     0.98995627     0.01004366
       64     0.00000008     0.99018524     0.00981468
       65     0.00000008     0.99037862     0.00962130
       66     0.00000008     0.99052019     0.00947973
       67     0.00000009     0.99060567     0.00939424
       68     0.00000012     0.99063686     0.00936302
       69     0.00000014     0.99061892     0.00938095
       70     0.00000015     0.99057660     0.00942325
       71     0.00000020     0.99053532     0.00946449
       72     0.00000026     0.99052009     0.00947965
       73     0.00000032     0.99055686     0.00944281
       74     0.00000037     0.99066636     0.00933327
       75     0.00000047     0.99085475     0.00914477
       76     0.00000061     0.99111284     0.00888655
       77     0.00000071     0.99141879     0.00858050
       78     0.00000079     0.99173855     0.00826065
       79     0.00000093     0.99203274     0.00796633
       80     0.00000108     0.99227151     0.00772741
       81     0.00000115     0.99243254     0.00756630
       82     0.00000122     0.99250592     0.00749286
       83     0.00000134     0.99251107     0.00748759
       84     0.00000147     0.99248920     0.00750933
       85     0.00000153     0.99251662     0.00748185
       86     0.00000152     0.99267546     0.00732301
       87     0.00000159     0.99303849     0.00695992
       88     0.00000166     0.99365374     0.00634460
       89     0.00000173     0.99452833     0.00546994
       90     0.00000182     0.99561496     0.00438322
       91     0.00000197     0.99680880     0.00318923
       92     0.00000219     0.99795921     0.00203861
       93     0.00000244     0.99889512     0.00110244
       94     0.00000274     0.99945984     0.00053742
       95     0.00000308     0.99955082     0.00044610
       96     0.00000345     0.99915265     0.00084390
       97     0.00000382     0.99835450     0.00164168
       98     0.00000415     0.99733574     0.00266011
       99     0.00000444     0.99634834     0.00364722
      100     0.00000468     0.99564919     0.00434614
      101     0.00000487     0.99542012     0.00457501
      102     0.00000503     0.99573482     0.00426015
      103     0.00000520     0.99652449     0.00347031
      104     0.00000543     0.99759397     0.00240060
      105     0.00000576     0.99867502     0.00131922
      106     0.00000620     0.99951137     0.00048244
      107     0.00000672     0.99993748     0.00005580
      108     0.00000728     0.99992846     0.00006426
      109     0.00000785     0.99960140     0.00039075
      110     0.00000840     0.99916839     0.00082321
      111     0.00000890     0.99884540     0.00114570
      112     0.00000940     0.99877189     0.00121871
      113     0.00000992     0.99896574     0.00102434
      114     0.00001053     0.99932035     0.00066912
      115     0.00001131     0.99966993     0.00031876
      116     0.00001228     0.99987340     0.00011432
      117     0.00001342     0.99988182     0.00010475
      118     0.00001475     0.99975118     0.00023407
      119     0.00001632     0.99959901     0.00038467
      120     0.00001800     0.99953537     0.00044663
