#     Density Matrix: population Re; see the manual for detail orders
        0     0.00000000     0.00000000     1.00000000
        1     0.00000000     0.00000349     0.99999650
        2     0.00000000     0.00002566     0.99997434
        3     0.00000000     0.00004457     0.99995543
        4     0.00000002     0.00003784     0.99996214
        5     0.00000004     0.00001538     0.99998458
        6     0.00000010     0.00000257     0.99999733
        7     0.00000015     0.00001262     0.99998723
        8     0.00000020     0.00004208     0.99995772
        9     0.00000024     0.00008119     0.99991857
       10     0.00000028     0.00013560     0.99986413
       11     0.00000031     0.00025376     0.99974593
       12     0.00000033     0.00058464     0.99941502
       13     0.00000036     0.00161567     0.99838397
       14     0.00000038     0.00543425     0.99456537
       15     0.00000022     0.51684966     0.48315012
       16     0.00000012     0.83982950     0.16017038
       17     0.00000042     0.14668920     0.85331038
       18     0.00000116     0.00648222     0.99351663
       19     0.00000005     0.01176982     0.98823012
       20     0.00000056     0.01614733     0.98385211
       21     0.00000031     0.01746624     0.98253345
       22     0.00000027     0.01672663     0.98327311
       23     0.00000040     0.01498511     0.98501449
       24     0.00000028     0.01295481     0.98704490
       25     0.00000032     0.01104137     0.98895832
       26     0.00000026     0.00944500     0.99055474
       27     0.00000031     0.00824513     0.99175457
       28     0.00000019     0.00745679     0.99254301
       29     0.00000022     0.00706986     0.99292992
       30     0.00000026     0.00707538     0.99292437
       31     0.00000020     0.00748601     0.99251379
       32     0.00000021     0.00836237     0.99163742
       33     0.00000025     0.00984676     0.99015299
       34     0.00000026     0.01225390     0.98774584
       35     0.00000023     0.01626700     0.98373278
       36     0.00000020     0.02347938     0.97652042
       37     0.00000018     0.03826425     0.96173557
       38     0.00000019     0.07559612     0.92440370
       39     0.00000021     0.19978431     0.80021548
       40     0.00000025     0.52081005     0.47918970
       41     0.00000023     0.82317269     0.17682709
       42     0.00000015     0.92703708     0.07296277
       43     0.00000017     0.95685152     0.04314831
       44     0.00000023     0.96829532     0.03170446
       45     0.00000021     0.97370360     0.02629619
       46     0.00000016     0.97658929     0.02341055
       47     0.00000017     0.97823666     0.02176317
       48     0.00000021     0.97921057     0.02078922
       49     0.00000017     0.97979532     0.02020451
       50     0.00000015     0.98015350     0.01984634
       51     0.00000017     0.98038604     0.01961380
       52     0.00000017     0.98056206     0.01943777
       53     0.00000015     0.98073233     0.01926752
       54     0.00000016     0.98093307     0.01906676
       55     0.00000016     0.98119053     0.01880931
       56     0.00000013     0.98152210     0.01847777
       57     0.00000014     0.98193694     0.01806292
       58     0.00000017     0.98243628     0.01756355
       59     0.00000015     0.98301264     0.01698720
       60     0.00000014     0.98365147     0.01634839
       61     0.00000016     0.98433309     0.01566675
       62     0.00000017     0.98503550     0.01496432
       63     0.00000016     0.98573354     0.01426631
       64     0.00000015     0.98640166     0.01359819
       65     0.00000016     0.98701684     0.01298301
       66     0.00000017     0.98756103     0.01243880
       67     0.00000019     0.98802302     0.01197679
       68     0.00000020     0.98839976     0.01160004
       69     0.00000021     0.98869575     0.01130404
       70     0.00000024     0.98892425     0.01107551
       71     0.00000028     0.98910634     0.01089338
       72     0.00000033     0.98926631     0.01073336
       73     0.00000033     0.98943036     0.01056930
       74     0.00000035     0.98962224     0.01037741
       75     0.00000043     0.98985992     0.01013965
       76     0.00000051     0.99015290     0.00984659
       77     0.00000055     0.99050055     0.00949890
       78     0.00000063     0.99089160     0.00910777
       79     0.00000071     0.99130687     0.00869242
       80     0.00000074     0.99172371     0.00827555
       81     0.00000081     0.99211742     0.00788177
       82     0.00000094     0.99246362     0.00753544
       83     0.00000103     0.99275187     0.00724711
       84     0.00000105     0.99298585     0.00701309
       85     0.00000110     0.99317838     0.00682052
       86     0.00000119     0.99335444     0.00664438
       87     0.00000123     0.99354520     0.00645356
       88     0.00000127     0.99378165     0.00621708
       89     0.00000138     0.99408904     0.00590958
       90     0.00000156     0.99448004     0.00551840
       91     0.00000164     0.99494780     0.00505056
       92     0.00000167     0.99546605     0.00453228
       93     0.00000180     0.99599085     0.00400735
       94     0.00000207     0.99646678     0.00353115
       95     0.00000236     0.99683696     0.00316068
       96     0.00000246     0.99705060     0.00294694
       97     0.00000251     0.99707673     0.00292076
       98     0.00000272     0.99691140     0.00308588
       99     0.00000311     0.99658159     0.00341530
      100     0.00000349     0.99614188     0.00385463
      101     0.00000362     0.99566838     0.00432801
      102     0.00000367     0.99524624     0.00475010
      103     0.00000378     0.99495601     0.00504020
      104     0.00000412     0.99485998     0.00513589
      105     0.00000445     0.99498992     0.00500563
      106     0.00000451     0.99534254     0.00465294
      107     0.00000431     0.99587921     0.00411647
      108     0.00000425     0.99653301     0.00346274
      109     0.00000457     0.99722130     0.00277413
      110     0.00000520     0.99786085     0.00213394
      111     0.00000568     0.99838221     0.00161211
      112     0.00000577     0.99873927     0.00125496
      113     0.00000570     0.99891409     0.00108022
      114     0.00000577     0.99891762     0.00107661
      115     0.00000598     0.99878592     0.00120810
      116     0.00000627     0.99857286     0.00142087
      117     0.00000646     0.99834144     0.00165211
      118     0.00000642     0.99815532     0.00183826
      119     0.00000622     0.99806932     0.00192446
      120     0.00000602     0.99812091     0.00187308
