#     Density Matrix: population Re; see the manual for detail orders
        0     0.00000000     0.00000000     1.00000000
        1     0.00000008     0.00000040     0.99999952
        2     0.00000010     0.00000156     0.99999834
        3     0.00000030     0.00000207     0.99999763
        4     0.00000028     0.00001236     0.99998736
        5     0.00000061     0.00004671     0.99995267
        6     0.00000052     0.00011158     0.99988789
        7     0.00000091     0.00021575     0.99978335
        8     0.00000075     0.00042610     0.99957315
        9     0.00000107     0.00105087     0.99894807
       10     0.00000092     0.00348096     0.99651812
       11     0.00000100     0.01663168     0.98336733
       12     0.00000095     0.16550170     0.83449735
       13     0.00000102     0.14328318     0.85671579
       14     0.00000485     0.44905114     0.55094401
       15     0.00000076     0.32907490     0.67092434
       16     0.00000224     0.30126626     0.69873150
       17     0.00000248     0.28863112     0.71136639
       18     0.00000059     0.28519633     0.71480308
       19     0.00000327     0.28700040     0.71299633
       20     0.00000136     0.29140014     0.70859850
       21     0.00000110     0.29673930     0.70325960
       22     0.00000261     0.30195094     0.69804645
       23     0.00000073     0.30644890     0.69355038
       24     0.00000129     0.31008835     0.68991036
       25     0.00000202     0.31285473     0.68714324
       26     0.00000042     0.31480769     0.68519190
       27     0.00000106     0.31605872     0.68394022
       28     0.00000163     0.31677345     0.68322492
       29     0.00000027     0.31711170     0.68288804
       30     0.00000095     0.31720771     0.68279134
       31     0.00000169     0.31718809     0.68281022
       32     0.00000035     0.31716891     0.68283074
       33     0.00000076     0.31727403     0.68272520
       34     0.00000177     0.31767011     0.68232812
       35     0.00000061     0.31863946     0.68135993
       36     0.00000040     0.32081544     0.67918416
       37     0.00000163     0.32621996     0.67377842
       38     0.00000103     0.34957969     0.65041928
       39     0.00000043     0.64771226     0.35228732
       40     0.00000215     0.80177503     0.19822283
       41     0.00000235     0.80089908     0.19909857
       42     0.00000076     0.80052828     0.19947096
       43     0.00000125     0.80048163     0.19951713
       44     0.00000244     0.80054233     0.19945523
       45     0.00000146     0.80063422     0.19936432
       46     0.00000072     0.80072330     0.19927598
       47     0.00000181     0.80079763     0.19920055
       48     0.00000206     0.80085753     0.19914041
       49     0.00000100     0.80090856     0.19909044
       50     0.00000105     0.80095729     0.19904165
       51     0.00000197     0.80100928     0.19898874
       52     0.00000150     0.80103910     0.19895939
       53     0.00000053     0.80109092     0.19890855
       54     0.00000138     0.80122095     0.19877767
       55     0.00000208     0.80140177     0.19859614
       56     0.00000104     0.80163258     0.19836638
       57     0.00000062     0.80191713     0.19808225
       58     0.00000173     0.80225586     0.19774242
       59     0.00000183     0.80263465     0.19736352
       60     0.00000074     0.80304165     0.19695761
       61     0.00000092     0.80346590     0.19653318
       62     0.00000191     0.80388079     0.19611729
       63     0.00000146     0.80426406     0.19573447
       64     0.00000062     0.80459251     0.19540687
       65     0.00000123     0.80483558     0.19516319
       66     0.00000177     0.80497268     0.19502555
       67     0.00000109     0.80499456     0.19500434
       68     0.00000081     0.80489868     0.19510051
       69     0.00000139     0.80474786     0.19525075
       70     0.00000134     0.80451370     0.19548496
       71     0.00000087     0.80413086     0.19586827
       72     0.00000090     0.80374326     0.19625584
       73     0.00000120     0.80339014     0.19660866
       74     0.00000129     0.80308670     0.19691201
       75     0.00000120     0.80286789     0.19713091
       76     0.00000091     0.80273649     0.19726260
       77     0.00000079     0.80269649     0.19730272
       78     0.00000146     0.80275819     0.19724035
       79     0.00000183     0.80288532     0.19711284
       80     0.00000081     0.80301424     0.19698495
       81     0.00000044     0.80308139     0.19691816
       82     0.00000212     0.80302152     0.19697636
       83     0.00000266     0.80277275     0.19722459
       84     0.00000067     0.80228340     0.19771593
       85     0.00000049     0.80152159     0.19847792
       86     0.00000314     0.80048753     0.19950933
       87     0.00000320     0.79922168     0.20077512
       88     0.00000043     0.79780262     0.20219695
       89     0.00000089     0.79634758     0.20365153
       90     0.00000375     0.79501346     0.20498279
       91     0.00000284     0.79398891     0.20600825
       92     0.00000017     0.79347698     0.20652284
       93     0.00000131     0.79369248     0.20630620
       94     0.00000382     0.79481868     0.20517750
       95     0.00000271     0.79673523     0.20326205
       96     0.00000102     0.79951702     0.20048196
       97     0.00000091     0.80296409     0.19703500
       98     0.00000082     0.80671919     0.19327999
       99     0.00000267     0.81026768     0.18972964
      100     0.00000547     0.81299130     0.18700322
      101     0.00000320     0.81424423     0.18575257
      102     0.00000048     0.81348366     0.18651585
      103     0.00000699     0.81043686     0.18955615
      104     0.00001397     0.80525804     0.19472799
      105     0.00000863     0.79823568     0.20175569
      106     0.00000223     0.79046495     0.20953282
      107     0.00000758     0.78418421     0.21580821
      108     0.00001277     0.78088453     0.21910270
      109     0.00000746     0.78145987     0.21853268
      110     0.00000110     0.78621815     0.21378075
      111     0.00000010     0.79417097     0.20582893
      112     0.00000116     0.80355437     0.19644447
      113     0.00000571     0.81177812     0.18821616
      114     0.00001278     0.81632138     0.18366584
      115     0.00001241     0.81555816     0.18442942
      116     0.00000630     0.80948337     0.19051033
      117     0.00001102     0.80016370     0.19982528
      118     0.00002261     0.79084707     0.20913032
      119     0.00002071     0.78494211     0.21503719
      120     0.00000822     0.78477357     0.21521821
