#     Density Matrix: population Re; see the manual for detail orders
        0     0.00000000     0.00000000     1.00000000
        1     0.00000001     0.00000362     0.99999637
        2     0.00000001     0.00001923     0.99998076
        3     0.00000000     0.00002333     0.99997667
        4     0.00000002     0.00002934     0.99997064
        5     0.00000002     0.00006464     0.99993535
        6     0.00000007     0.00012519     0.99987474
        7     0.00000005     0.00016974     0.99983020
        8     0.00000015     0.00017166     0.99982819
        9     0.00000013     0.00019244     0.99980743
       10     0.00000028     0.00041901     0.99958071
       11     0.00000026     0.00114808     0.99885166
       12     0.00000041     0.00278476     0.99721483
       13     0.00000042     0.00602360     0.99397598
       14     0.00000049     0.01253589     0.98746362
       15     0.00000058     0.02681136     0.97318806
       16     0.00000050     0.05979860     0.94020090
       17     0.00000067     0.12921828     0.87078105
       18     0.00000040     0.23259437     0.76740523
       19     0.00000052     0.31036797     0.68963151
       20     0.00000035     0.31288722     0.68711242
       21     0.00000055     0.26349643     0.73650302
       22     0.00000063     0.20206207     0.79793730
       23     0.00000063     0.14872120     0.85127818
       24     0.00000094     0.10896457     0.89103450
       25     0.00000080     0.08209864     0.91790056
       26     0.00000087     0.06548278     0.93451635
       27     0.00000104     0.05623911     0.94375985
       28     0.00000079     0.05187399     0.94812522
       29     0.00000084     0.05044894     0.94955022
       30     0.00000091     0.05056299     0.94943609
       31     0.00000068     0.05126674     0.94873258
       32     0.00000072     0.05196199     0.94803728
       33     0.00000083     0.05230685     0.94769232
       34     0.00000064     0.05213318     0.94786617
       35     0.00000065     0.05138124     0.94861810
       36     0.00000083     0.05004709     0.94995208
       37     0.00000073     0.04813733     0.95186194
       38     0.00000066     0.04562252     0.95437682
       39     0.00000088     0.04236508     0.95763405
       40     0.00000093     0.03795006     0.96204900
       41     0.00000080     0.03108927     0.96890993
       42     0.00000092     0.01618603     0.98381305
       43     0.00000091     0.14140086     0.85859823
       44     0.00000063     0.65841847     0.34158090
       45     0.00000140     0.76766655     0.23233205
       46     0.00000185     0.78471657     0.21528158
       47     0.00000117     0.79053188     0.20946695
       48     0.00000108     0.79224567     0.20775326
       49     0.00000207     0.79171167     0.20828626
       50     0.00000228     0.78965973     0.21033799
       51     0.00000144     0.78647497     0.21352359
       52     0.00000151     0.78242361     0.21757488
       53     0.00000257     0.77773901     0.22225842
       54     0.00000261     0.77265747     0.22733992
       55     0.00000166     0.76743082     0.23256751
       56     0.00000173     0.76233446     0.23766381
       57     0.00000273     0.75766830     0.24232897
       58     0.00000271     0.75375396     0.24624334
       59     0.00000167     0.75092231     0.24907603
       60     0.00000150     0.74949382     0.25050467
       61     0.00000228     0.74976548     0.25023224
       62     0.00000230     0.75199134     0.24800635
       63     0.00000133     0.75635443     0.24364424
       64     0.00000082     0.76293518     0.23706400
       65     0.00000120     0.77168695     0.22831185
       66     0.00000148     0.78240529     0.21759323
       67     0.00000114     0.79470299     0.20529587
       68     0.00000065     0.80798693     0.19201242
       69     0.00000068     0.82144532     0.17855401
       70     0.00000158     0.83406666     0.16593177
       71     0.00000281     0.84468810     0.15530908
       72     0.00000326     0.85208138     0.14791535
       73     0.00000315     0.85510871     0.14488814
       74     0.00000433     0.85292131     0.14707436
       75     0.00000696     0.84520346     0.15478959
       76     0.00000832     0.83241035     0.16758133
       77     0.00000734     0.81592885     0.18406381
       78     0.00000660     0.79808384     0.20190956
       79     0.00000753     0.78191240     0.21808006
       80     0.00000770     0.77065313     0.22933916
       81     0.00000551     0.76700138     0.23299311
       82     0.00000293     0.77225768     0.22773939
       83     0.00000184     0.78565627     0.21434189
       84     0.00000199     0.80415785     0.19584016
       85     0.00000299     0.82293832     0.17705870
       86     0.00000431     0.83662013     0.16337557
       87     0.00000485     0.84098888     0.15900627
       88     0.00000521     0.83464863     0.16534616
       89     0.00000678     0.81991660     0.18007663
       90     0.00000798     0.80235750     0.19763452
       91     0.00000636     0.78886593     0.21112771
       92     0.00000333     0.78486603     0.21513065
       93     0.00000157     0.79176510     0.20823333
       94     0.00000130     0.80598917     0.19400953
       95     0.00000226     0.82040369     0.17959405
       96     0.00000412     0.82776822     0.17222767
       97     0.00000496     0.82462262     0.17537242
       98     0.00000434     0.81339633     0.18659933
       99     0.00000408     0.80118844     0.19880749
      100     0.00000394     0.79554139     0.20445467
      101     0.00000286     0.79959809     0.20039905
      102     0.00000209     0.80991824     0.19007967
      103     0.00000234     0.81881460     0.18118305
      104     0.00000315     0.81993524     0.18006160
      105     0.00000487     0.81310075     0.18689438
      106     0.00000613     0.80443121     0.19556265
      107     0.00000500     0.80125470     0.19874030
      108     0.00000317     0.80581142     0.19418541
      109     0.00000286     0.81332515     0.18667199
      110     0.00000436     0.81655819     0.18343745
      111     0.00000739     0.81282604     0.18716658
      112     0.00000941     0.80655031     0.19344027
      113     0.00000837     0.80446748     0.19552415
      114     0.00000674     0.80834775     0.19164551
      115     0.00000737     0.81326393     0.18672870
      116     0.00001061     0.81353484     0.18645455
      117     0.00001501     0.80942076     0.19056423
      118     0.00001731     0.80641204     0.19357065
      119     0.00001745     0.80804307     0.19193948
      120     0.00001952     0.81158351     0.18839697
