#     Density Matrix: population Re; see the manual for detail orders
        0     0.00000000     0.00000000     1.00000000
        1     0.00000000     0.00000030     0.99999970
        2     0.00000001     0.00000301     0.99999699
        3     0.00000001     0.00000748     0.99999251
        4     0.00000004     0.00000932     0.99999064
        5     0.00000006     0.00000702     0.99999292
        6     0.00000010     0.00000365     0.99999624
        7     0.00000014     0.00000163     0.99999824
        8     0.00000019     0.00000070     0.99999911
        9     0.00000023     0.00000120     0.99999857
       10     0.00000027     0.00000683     0.99999290
       11     0.00000031     0.00002673     0.99997296
       12     0.00000035     0.00008429     0.99991536
       13     0.00000037     0.00025512     0.99974451
       14     0.00000039     0.00084860     0.99915101
       15     0.00000040     0.00367781     0.99632179
       16     0.00000040     0.03161340     0.96838620
       17     0.00000020     0.51898506     0.48101475
       18     0.00000027     0.61946188     0.38053785
       19     0.00000050     0.24337069     0.75662881
       20     0.00000035     0.17855655     0.82144310
       21     0.00000033     0.14710678     0.85289290
       22     0.00000042     0.12887382     0.87112575
       23     0.00000040     0.11667200     0.88332760
       24     0.00000039     0.10755518     0.89244443
       25     0.00000040     0.10022667     0.89977293
       26     0.00000042     0.09405938     0.90594020
       27     0.00000039     0.08873082     0.91126878
       28     0.00000032     0.08403807     0.91596161
       29     0.00000044     0.07988022     0.92011933
       30     0.00000039     0.07619844     0.92380116
       31     0.00000034     0.07298795     0.92701171
       32     0.00000039     0.07029728     0.92970233
       33     0.00000038     0.06830516     0.93169447
       34     0.00000036     0.06749176     0.93250787
       35     0.00000042     0.06941848     0.93058109
       36     0.00000039     0.08092649     0.91907313
       37     0.00000033     0.14437647     0.85562320
       38     0.00000029     0.42295877     0.57704094
       39     0.00000036     0.75475280     0.24524684
       40     0.00000046     0.86684218     0.13315736
       41     0.00000038     0.89769483     0.10230480
       42     0.00000033     0.91093730     0.08906237
       43     0.00000041     0.91807730     0.08192229
       44     0.00000042     0.92259772     0.07740186
       45     0.00000035     0.92577385     0.07422580
       46     0.00000037     0.92818334     0.07181629
       47     0.00000042     0.93013010     0.06986948
       48     0.00000039     0.93179100     0.06820861
       49     0.00000036     0.93328111     0.06671853
       50     0.00000039     0.93467699     0.06532263
       51     0.00000041     0.93602880     0.06397079
       52     0.00000038     0.93736368     0.06263595
       53     0.00000036     0.93869660     0.06130305
       54     0.00000041     0.93999226     0.06000733
       55     0.00000051     0.94127711     0.05872238
       56     0.00000048     0.94255719     0.05744233
       57     0.00000038     0.94375948     0.05624014
       58     0.00000034     0.94487216     0.05512750
       59     0.00000052     0.94591461     0.05408487
       60     0.00000059     0.94686131     0.05313810
       61     0.00000043     0.94769998     0.05229958
       62     0.00000038     0.94843814     0.05156149
       63     0.00000051     0.94909058     0.05090890
       64     0.00000058     0.94968288     0.05031654
       65     0.00000048     0.95024201     0.04975751
       66     0.00000043     0.95079764     0.04920193
       67     0.00000053     0.95137618     0.04862329
       68     0.00000064     0.95200175     0.04799761
       69     0.00000060     0.95268769     0.04731171
       70     0.00000054     0.95343999     0.04655947
       71     0.00000062     0.95425167     0.04574771
       72     0.00000075     0.95510931     0.04488994
       73     0.00000078     0.95599081     0.04400842
       74     0.00000073     0.95686946     0.04312982
       75     0.00000071     0.95771432     0.04228497
       76     0.00000065     0.95850236     0.04149699
       77     0.00000066     0.95923350     0.04076583
       78     0.00000081     0.95988374     0.04011545
       79     0.00000093     0.96045473     0.03954434
       80     0.00000092     0.96095693     0.03904215
       81     0.00000088     0.96141471     0.03858441
       82     0.00000097     0.96185735     0.03814168
       83     0.00000111     0.96232088     0.03767801
       84     0.00000116     0.96284285     0.03715599
       85     0.00000112     0.96345783     0.03654105
       86     0.00000114     0.96418837     0.03581049
       87     0.00000131     0.96507191     0.03492677
       88     0.00000131     0.96609967     0.03389901
       89     0.00000116     0.96724264     0.03275620
       90     0.00000110     0.96849279     0.03150611
       91     0.00000124     0.96985415     0.03014461
       92     0.00000150     0.97123832     0.02876019
       93     0.00000159     0.97254621     0.02745220
       94     0.00000150     0.97378510     0.02621341
       95     0.00000141     0.97488753     0.02511106
       96     0.00000161     0.97577271     0.02422568
       97     0.00000199     0.97643212     0.02356589
       98     0.00000224     0.97685191     0.02314585
       99     0.00000221     0.97706001     0.02293777
      100     0.00000210     0.97709506     0.02290284
      101     0.00000210     0.97703100     0.02296690
      102     0.00000224     0.97696340     0.02303436
      103     0.00000235     0.97699096     0.02300669
      104     0.00000221     0.97723241     0.02276538
      105     0.00000190     0.97774427     0.02225384
      106     0.00000158     0.97858198     0.02141644
      107     0.00000138     0.97976431     0.02023431
      108     0.00000141     0.98122151     0.01877708
      109     0.00000150     0.98284948     0.01714902
      110     0.00000152     0.98452873     0.01546975
      111     0.00000144     0.98610028     0.01389828
      112     0.00000137     0.98742130     0.01257733
      113     0.00000132     0.98834268     0.01165600
      114     0.00000140     0.98878649     0.01121212
      115     0.00000170     0.98875321     0.01124510
      116     0.00000222     0.98833137     0.01166641
      117     0.00000259     0.98769543     0.01230198
      118     0.00000250     0.98703769     0.01295980
      119     0.00000213     0.98658368     0.01341419
      120     0.00000184     0.98653327     0.01346489
