#     Density Matrix: population Re; see the manual for detail orders
        0     0.00000000     0.00000000     1.00000000
        1     0.00000004     0.00000001     0.99999994
        2     0.00000006     0.00000055     0.99999940
        3     0.00000012     0.00000446     0.99999541
        4     0.00000013     0.00001615     0.99998372
        5     0.00000020     0.00003882     0.99996098
        6     0.00000022     0.00007851     0.99992128
        7     0.00000026     0.00015777     0.99984197
        8     0.00000028     0.00034423     0.99965548
        9     0.00000031     0.00083880     0.99916089
       10     0.00000034     0.00234349     0.99765617
       11     0.00000036     0.00802666     0.99197298
       12     0.00000020     0.51292237     0.48707743
       13     0.00000018     0.55265468     0.44734514
       14     0.00000032     0.16378298     0.83621670
       15     0.00000032     0.07256418     0.92743550
       16     0.00000034     0.04721275     0.95278691
       17     0.00000038     0.03261540     0.96738423
       18     0.00000036     0.02245114     0.97754850
       19     0.00000038     0.01538659     0.98461303
       20     0.00000038     0.01064910     0.98935053
       21     0.00000039     0.00760666     0.99239294
       22     0.00000040     0.00575432     0.99424528
       23     0.00000035     0.00470961     0.99529004
       24     0.00000032     0.00420269     0.99579699
       25     0.00000033     0.00405661     0.99594306
       26     0.00000032     0.00417477     0.99582491
       27     0.00000031     0.00453662     0.99546308
       28     0.00000031     0.00521851     0.99478118
       29     0.00000030     0.00646985     0.99352985
       30     0.00000029     0.00893153     0.99106817
       31     0.00000030     0.01431067     0.98568904
       32     0.00000029     0.02776138     0.97223833
       33     0.00000029     0.06757203     0.93242768
       34     0.00000029     0.19665611     0.80334360
       35     0.00000029     0.47280277     0.52719694
       36     0.00000027     0.73325229     0.26674745
       37     0.00000029     0.86144814     0.13855157
       38     0.00000038     0.91766568     0.08233394
       39     0.00000034     0.94223025     0.05776941
       40     0.00000028     0.95409932     0.04590040
       41     0.00000033     0.96038952     0.03961015
       42     0.00000036     0.96396566     0.03603399
       43     0.00000030     0.96611179     0.03388791
       44     0.00000030     0.96745980     0.03253990
       45     0.00000034     0.96835004     0.03164962
       46     0.00000033     0.96897178     0.03102790
       47     0.00000029     0.96943396     0.03056575
       48     0.00000031     0.96980389     0.03019580
       49     0.00000032     0.97011853     0.02988115
       50     0.00000030     0.97039859     0.02960111
       51     0.00000028     0.97065143     0.02934829
       52     0.00000029     0.97088017     0.02911954
       53     0.00000030     0.97108373     0.02891597
       54     0.00000028     0.97126152     0.02873820
       55     0.00000027     0.97141399     0.02858574
       56     0.00000028     0.97154466     0.02845506
       57     0.00000029     0.97166468     0.02833504
       58     0.00000028     0.97178997     0.02820975
       59     0.00000029     0.97193935     0.02806036
       60     0.00000032     0.97213864     0.02786104
       61     0.00000036     0.97240958     0.02759007
       62     0.00000039     0.97276727     0.02723234
       63     0.00000044     0.97321921     0.02678035
       64     0.00000052     0.97375468     0.02624481
       65     0.00000061     0.97434724     0.02565215
       66     0.00000071     0.97495290     0.02504639
       67     0.00000083     0.97551307     0.02448610
       68     0.00000097     0.97596339     0.02403564
       69     0.00000113     0.97624398     0.02375489
       70     0.00000128     0.97631570     0.02368302
       71     0.00000142     0.97616755     0.02383103
       72     0.00000157     0.97582741     0.02417102
       73     0.00000170     0.97536610     0.02463220
       74     0.00000180     0.97489218     0.02510602
       75     0.00000187     0.97453928     0.02545886
       76     0.00000192     0.97445122     0.02554687
       77     0.00000195     0.97475664     0.02524141
       78     0.00000196     0.97555049     0.02444754
       79     0.00000196     0.97687648     0.02312155
       80     0.00000198     0.97871505     0.02128297
       81     0.00000203     0.98097897     0.01901900
       82     0.00000212     0.98351987     0.01647800
       83     0.00000227     0.98614434     0.01385338
       84     0.00000250     0.98863239     0.01136511
       85     0.00000280     0.99076474     0.00923246
       86     0.00000318     0.99235257     0.00764426
       87     0.00000361     0.99326496     0.00673143
       88     0.00000408     0.99345625     0.00653967
       89     0.00000455     0.99298052     0.00701493
       90     0.00000499     0.99199338     0.00800163
       91     0.00000537     0.99073953     0.00925510
       92     0.00000565     0.98951874     0.01047561
       93     0.00000583     0.98863683     0.01135733
       94     0.00000591     0.98834800     0.01164609
       95     0.00000592     0.98880275     0.01119133
       96     0.00000591     0.99000517     0.00998892
       97     0.00000596     0.99180192     0.00819213
       98     0.00000611     0.99390438     0.00608951
       99     0.00000641     0.99594843     0.00404516
      100     0.00000687     0.99757762     0.00241551
      101     0.00000747     0.99853288     0.00145965
      102     0.00000815     0.99872339     0.00126846
      103     0.00000881     0.99825817     0.00173303
      104     0.00000935     0.99742081     0.00256984
      105     0.00000972     0.99658907     0.00340122
      106     0.00000992     0.99611826     0.00387182
      107     0.00001002     0.99622387     0.00376612
      108     0.00001015     0.99690536     0.00308449
      109     0.00001043     0.99794589     0.00204368
      110     0.00001095     0.99899531     0.00099375
      111     0.00001171     0.99971292     0.00027537
      112     0.00001266     0.99991053     0.00007680
      113     0.00001370     0.99963133     0.00035498
      114     0.00001471     0.99912194     0.00086335
      115     0.00001566     0.99870586     0.00127848
      116     0.00001660     0.99861945     0.00136394
      117     0.00001767     0.99889770     0.00108463
      118     0.00001905     0.99937307     0.00060789
      119     0.00002084     0.99978851     0.00019065
      120     0.00002307     0.99995536     0.00002157
