#     Density Matrix: population Re; see the manual for detail orders
        0     0.00000000     0.00000000     1.00000000
        1     0.00000001     0.00001651     0.99998348
        2     0.00000004     0.00015695     0.99984301
        3     0.00000008     0.00043869     0.99956122
        4     0.00000014     0.00078234     0.99921752
        5     0.00000022     0.00108928     0.99891050
        6     0.00000031     0.00140790     0.99859178
        7     0.00000039     0.00221994     0.99777967
        8     0.00000050     0.00502976     0.99496973
        9     0.00000052     0.01408034     0.98591914
       10     0.00000063     0.04236250     0.95763687
       11     0.00000052     0.12892441     0.87107508
       12     0.00000046     0.32133164     0.67866790
       13     0.00000074     0.50330236     0.49669690
       14     0.00000074     0.44226228     0.55773698
       15     0.00000135     0.34250223     0.65749642
       16     0.00000135     0.27877358     0.72122507
       17     0.00000063     0.24201093     0.75798844
       18     0.00000117     0.22255937     0.77743946
       19     0.00000064     0.21356025     0.78643911
       20     0.00000038     0.21034041     0.78965921
       21     0.00000049     0.20979186     0.79020764
       22     0.00000014     0.20971046     0.79028940
       23     0.00000007     0.20872214     0.79127779
       24     0.00000017     0.20600682     0.79399300
       25     0.00000002     0.20125034     0.79874964
       26     0.00000002     0.19451679     0.80548319
       27     0.00000003     0.18626168     0.81373828
       28     0.00000002     0.17728021     0.82271976
       29     0.00000003     0.16853736     0.83146261
       30     0.00000000     0.16156050     0.83843950
       31     0.00000005     0.15823634     0.84176361
       32     0.00000005     0.16056046     0.83943949
       33     0.00000001     0.17050802     0.82949197
       34     0.00000015     0.18957251     0.81042734
       35     0.00000007     0.21810150     0.78189842
       36     0.00000003     0.25436739     0.74563258
       37     0.00000023     0.29364608     0.70635369
       38     0.00000008     0.32740448     0.67259544
       39     0.00000008     0.34333737     0.65666255
       40     0.00000043     0.32757348     0.67242609
       41     0.00000016     0.27063319     0.72936665
       42     0.00000010     0.17774095     0.82225895
       43     0.00000062     0.07821023     0.92178915
       44     0.00000019     0.01977687     0.98022294
       45     0.00000009     0.03794916     0.96205075
       46     0.00000028     0.12295609     0.87704363
       47     0.00000002     0.22436121     0.77563878
       48     0.00000029     0.29056125     0.70943845
       49     0.00000022     0.29974169     0.70025809
       50     0.00000010     0.26273254     0.73726736
       51     0.00000046     0.20786574     0.79213380
       52     0.00000010     0.16345738     0.83654252
       53     0.00000034     0.14572375     0.85427592
       54     0.00000023     0.15481910     0.84518067
       55     0.00000016     0.17825433     0.82174552
       56     0.00000030     0.19942327     0.80057643
       57     0.00000009     0.20683641     0.79316350
       58     0.00000031     0.19942102     0.80057867
       59     0.00000012     0.18533161     0.81466827
       60     0.00000026     0.17535915     0.82464059
       61     0.00000027     0.17536302     0.82463671
       62     0.00000017     0.18300849     0.81699134
       63     0.00000036     0.19077460     0.80922504
       64     0.00000008     0.19254838     0.80745154
       65     0.00000033     0.18829635     0.81170333
       66     0.00000006     0.18304862     0.81695132
       67     0.00000026     0.18154134     0.81845840
       68     0.00000008     0.18398102     0.81601890
       69     0.00000014     0.18684210     0.81315775
       70     0.00000009     0.18746633     0.81253358
       71     0.00000010     0.18607000     0.81392991
       72     0.00000013     0.18485124     0.81514863
       73     0.00000003     0.18474537     0.81525460
       74     0.00000009     0.18481902     0.81518089
       75     0.00000002     0.18448185     0.81551812
       76     0.00000013     0.18473489     0.81526498
       77     0.00000001     0.18627668     0.81372332
       78     0.00000012     0.18750532     0.81249456
       79     0.00000002     0.18617232     0.81382765
       80     0.00000005     0.18301730     0.81698265
       81     0.00000000     0.18189834     0.81810166
       82     0.00000016     0.18505986     0.81493999
       83     0.00000009     0.18938776     0.81061215
       84     0.00000000     0.18939623     0.81060377
       85     0.00000006     0.18414858     0.81585136
       86     0.00000019     0.17937727     0.82062254
       87     0.00000017     0.18117208     0.81882775
       88     0.00000001     0.18823388     0.81176611
       89     0.00000023     0.19270783     0.80729194
       90     0.00000016     0.18901849     0.81098135
       91     0.00000009     0.18069334     0.81930657
       92     0.00000000     0.17684398     0.82315602
       93     0.00000026     0.18204899     0.81795075
       94     0.00000032     0.19108610     0.80891358
       95     0.00000002     0.19442341     0.80557657
       96     0.00000003     0.18849374     0.81150623
       97     0.00000006     0.17936120     0.82063873
       98     0.00000034     0.17624495     0.82375471
       99     0.00000024     0.18206527     0.81793449
      100     0.00000011     0.19083169     0.80916820
      101     0.00000027     0.19403687     0.80596286
      102     0.00000007     0.18900701     0.81099293
      103     0.00000014     0.18103390     0.81896596
      104     0.00000005     0.17764766     0.82235229
      105     0.00000029     0.18141697     0.81858274
      106     0.00000058     0.18816521     0.81183422
      107     0.00000012     0.19154917     0.80845071
      108     0.00000003     0.18904947     0.81095050
      109     0.00000002     0.18370527     0.81629471
      110     0.00000015     0.18060087     0.81939898
      111     0.00000051     0.18203533     0.81796416
      112     0.00000020     0.18595917     0.81404063
      113     0.00000005     0.18849171     0.81150824
      114     0.00000016     0.18775534     0.81224450
      115     0.00000008     0.18514222     0.81485770
      116     0.00000025     0.18335802     0.81664173
      117     0.00000018     0.18372025     0.81627957
      118     0.00000004     0.18529699     0.81470298
      119     0.00000023     0.18634292     0.81365686
      120     0.00000019     0.18614410     0.81385571
