#     Density Matrix: population Re; see the manual for detail orders
        0     0.00000000     0.00000000     1.00000000
        1     0.00000000     0.00001301     0.99998699
        2     0.00000001     0.00008745     0.99991254
        3     0.00000002     0.00014603     0.99985395
        4     0.00000004     0.00014141     0.99985854
        5     0.00000007     0.00008966     0.99991027
        6     0.00000009     0.00003451     0.99996539
        7     0.00000012     0.00000539     0.99999449
        8     0.00000015     0.00000240     0.99999745
        9     0.00000017     0.00000854     0.99999129
       10     0.00000019     0.00000959     0.99999023
       11     0.00000020     0.00000779     0.99999201
       12     0.00000021     0.00004936     0.99995043
       13     0.00000022     0.00084142     0.99915836
       14     0.00000023     0.00317558     0.99682419
       15     0.00000022     0.01021177     0.98978801
       16     0.00000023     0.00359667     0.99640310
       17     0.00000025     0.00308928     0.99691047
       18     0.00000025     0.00283271     0.99716704
       19     0.00000021     0.00262384     0.99737595
       20     0.00000015     0.00246022     0.99753964
       21     0.00000021     0.00234032     0.99765947
       22     0.00000028     0.00224689     0.99775283
       23     0.00000036     0.00216310     0.99783655
       24     0.00000032     0.00207317     0.99792651
       25     0.00000030     0.00196477     0.99803493
       26     0.00000025     0.00183165     0.99816809
       27     0.00000030     0.00167538     0.99832432
       28     0.00000032     0.00150666     0.99849302
       29     0.00000034     0.00134658     0.99865308
       30     0.00000040     0.00123033     0.99876927
       31     0.00000030     0.00121634     0.99878336
       32     0.00000034     0.00140485     0.99859481
       33     0.00000040     0.00197816     0.99802144
       34     0.00000036     0.00329549     0.99670415
       35     0.00000037     0.00613625     0.99386338
       36     0.00000045     0.01239150     0.98760805
       37     0.00000050     0.02739150     0.97260800
       38     0.00000044     0.06888468     0.93111488
       39     0.00000043     0.19568091     0.80431865
       40     0.00000045     0.47101540     0.52898415
       41     0.00000048     0.74288833     0.25711118
       42     0.00000057     0.87261674     0.12738270
       43     0.00000053     0.92054581     0.07945366
       44     0.00000044     0.94080469     0.05919487
       45     0.00000049     0.95083541     0.04916411
       46     0.00000055     0.95639288     0.04360657
       47     0.00000052     0.95973275     0.04026673
       48     0.00000046     0.96187469     0.03812484
       49     0.00000049     0.96333550     0.03666401
       50     0.00000050     0.96440233     0.03559717
       51     0.00000043     0.96524284     0.03475673
       52     0.00000043     0.96595765     0.03404192
       53     0.00000051     0.96660550     0.03339399
       54     0.00000050     0.96721976     0.03277974
       55     0.00000042     0.96781407     0.03218551
       56     0.00000049     0.96838764     0.03161187
       57     0.00000059     0.96893452     0.03106489
       58     0.00000057     0.96944539     0.03055404
       59     0.00000053     0.96991257     0.03008690
       60     0.00000059     0.97033090     0.02966851
       61     0.00000065     0.97070228     0.02929708
       62     0.00000071     0.97103550     0.02896379
       63     0.00000073     0.97134582     0.02865345
       64     0.00000070     0.97165667     0.02834263
       65     0.00000074     0.97199633     0.02800293
       66     0.00000084     0.97239250     0.02760666
       67     0.00000088     0.97287013     0.02712898
       68     0.00000088     0.97344921     0.02654991
       69     0.00000095     0.97413893     0.02586012
       70     0.00000103     0.97493918     0.02505979
       71     0.00000101     0.97583912     0.02415987
       72     0.00000107     0.97681546     0.02318348
       73     0.00000117     0.97783527     0.02216356
       74     0.00000119     0.97886249     0.02113632
       75     0.00000121     0.97986246     0.02013633
       76     0.00000137     0.98079723     0.01920140
       77     0.00000154     0.98163164     0.01836682
       78     0.00000158     0.98234401     0.01765442
       79     0.00000152     0.98292044     0.01707803
       80     0.00000165     0.98336101     0.01663734
       81     0.00000190     0.98367647     0.01632163
       82     0.00000202     0.98389061     0.01610737
       83     0.00000196     0.98403811     0.01595992
       84     0.00000193     0.98416088     0.01583719
       85     0.00000205     0.98430314     0.01569482
       86     0.00000216     0.98451161     0.01548622
       87     0.00000211     0.98482724     0.01517065
       88     0.00000203     0.98528182     0.01471616
       89     0.00000203     0.98589218     0.01410579
       90     0.00000207     0.98665748     0.01334045
       91     0.00000206     0.98755540     0.01244254
       92     0.00000199     0.98854300     0.01145501
       93     0.00000190     0.98955619     0.01044191
       94     0.00000199     0.99051864     0.00947937
       95     0.00000222     0.99135078     0.00864701
       96     0.00000236     0.99198076     0.00801687
       97     0.00000229     0.99235635     0.00764136
       98     0.00000220     0.99245846     0.00753934
       99     0.00000231     0.99230986     0.00768783
      100     0.00000256     0.99197864     0.00801880
      101     0.00000268     0.99157106     0.00842626
      102     0.00000252     0.99121577     0.00878170
      103     0.00000224     0.99104088     0.00895689
      104     0.00000203     0.99114859     0.00884938
      105     0.00000196     0.99159038     0.00840766
      106     0.00000191     0.99235186     0.00764623
      107     0.00000181     0.99335080     0.00664739
      108     0.00000168     0.99445074     0.00554758
      109     0.00000160     0.99548959     0.00450881
      110     0.00000165     0.99631336     0.00368500
      111     0.00000181     0.99681065     0.00318754
      112     0.00000201     0.99693868     0.00305931
      113     0.00000215     0.99673479     0.00326307
      114     0.00000218     0.99630975     0.00368807
      115     0.00000215     0.99582331     0.00417454
      116     0.00000211     0.99544727     0.00455062
      117     0.00000209     0.99532557     0.00467234
      118     0.00000206     0.99553750     0.00446044
      119     0.00000201     0.99607629     0.00392170
      120     0.00000197     0.99684718     0.00315084
