#     Density Matrix: population Re; see the manual for detail orders
        0     0.00000000     0.00000000     1.00000000
        1     0.00000001     0.00001760     0.99998239
        2     0.00000003     0.00013458     0.99986539
        3     0.00000007     0.00027952     0.99972041
        4     0.00000011     0.00037200     0.99962789
        5     0.00000015     0.00043138     0.99956846
        6     0.00000019     0.00065041     0.99934939
        7     0.00000023     0.00155316     0.99844661
        8     0.00000026     0.00476449     0.99523525
        9     0.00000028     0.01745597     0.98254375
       10     0.00000028     0.08299197     0.91700775
       11     0.00000012     0.70999018     0.29000970
       12     0.00000002     0.80108823     0.19891176
       13     0.00000036     0.59672081     0.40327883
       14     0.00000036     0.61400414     0.38599550
       15     0.00000024     0.66904378     0.33095598
       16     0.00000026     0.72118691     0.27881283
       17     0.00000023     0.76280652     0.23719325
       18     0.00000009     0.79370323     0.20629668
       19     0.00000009     0.81535016     0.18464975
       20     0.00000005     0.82955252     0.17044743
       21     0.00000001     0.83809907     0.16190092
       22     0.00000000     0.84256665     0.15743335
       23     0.00000000     0.84434804     0.15565195
       24     0.00000002     0.84475798     0.15524200
       25     0.00000003     0.84485459     0.15514538
       26     0.00000003     0.84559070     0.15440927
       27     0.00000005     0.84776290     0.15223705
       28     0.00000006     0.85205102     0.14794892
       29     0.00000005     0.85899992     0.14100003
       30     0.00000005     0.86887875     0.13112120
       31     0.00000005     0.88177777     0.11822217
       32     0.00000004     0.89753940     0.10246056
       33     0.00000003     0.91538471     0.08461526
       34     0.00000004     0.93391325     0.06608671
       35     0.00000004     0.95104287     0.04895709
       36     0.00000003     0.96402230     0.03597767
       37     0.00000004     0.96962901     0.03037095
       38     0.00000006     0.96479010     0.03520984
       39     0.00000005     0.94763833     0.05236162
       40     0.00000005     0.91892352     0.08107643
       41     0.00000007     0.88342868     0.11657126
       42     0.00000007     0.85064246     0.14935747
       43     0.00000007     0.83305420     0.16694573
       44     0.00000006     0.84110535     0.15889459
       45     0.00000005     0.87583849     0.12416146
       46     0.00000003     0.92465334     0.07534663
       47     0.00000001     0.96721283     0.03278716
       48     0.00000001     0.98917626     0.01082373
       49     0.00000001     0.99062657     0.00937342
       50     0.00000001     0.98204537     0.01795461
       51     0.00000002     0.97465103     0.02534896
       52     0.00000001     0.97412313     0.02587685
       53     0.00000001     0.98002929     0.01997070
       54     0.00000001     0.98855407     0.01144592
       55     0.00000000     0.99572103     0.00427897
       56     0.00000000     0.99943116     0.00056883
       57     0.00000000     0.99985597     0.00014403
       58     0.00000000     0.99858869     0.00141130
       59     0.00000001     0.99739445     0.00260554
       60     0.00000000     0.99725745     0.00274254
       61     0.00000000     0.99809602     0.00190397
       62     0.00000001     0.99917725     0.00082274
       63     0.00000001     0.99981481     0.00018518
       64     0.00000002     0.99982538     0.00017461
       65     0.00000002     0.99952651     0.00047348
       66     0.00000003     0.99933883     0.00066115
       67     0.00000004     0.99942811     0.00057185
       68     0.00000005     0.99965832     0.00034163
       69     0.00000006     0.99981813     0.00018182
       70     0.00000008     0.99983675     0.00016317
       71     0.00000010     0.99980074     0.00019915
       72     0.00000012     0.99979601     0.00020388
       73     0.00000015     0.99980918     0.00019066
       74     0.00000020     0.99979890     0.00020090
       75     0.00000023     0.99979013     0.00020964
       76     0.00000027     0.99983450     0.00016522
       77     0.00000034     0.99991816     0.00008150
       78     0.00000040     0.99994165     0.00005796
       79     0.00000046     0.99985216     0.00014739
       80     0.00000054     0.99974744     0.00025202
       81     0.00000063     0.99976852     0.00023085
       82     0.00000071     0.99990774     0.00009154
       83     0.00000081     0.99999850     0.00000069
       84     0.00000092     0.99992046     0.00007861
       85     0.00000103     0.99976100     0.00023797
       86     0.00000114     0.99970783     0.00029103
       87     0.00000127     0.99981550     0.00018323
       88     0.00000139     0.99994603     0.00005258
       89     0.00000150     0.99994323     0.00005527
       90     0.00000163     0.99981634     0.00018203
       91     0.00000176     0.99971191     0.00028632
       92     0.00000191     0.99973026     0.00026783
       93     0.00000212     0.99982606     0.00017182
       94     0.00000223     0.99988770     0.00011007
       95     0.00000226     0.99986095     0.00013679
       96     0.00000236     0.99979094     0.00020670
       97     0.00000248     0.99975761     0.00023991
       98     0.00000252     0.99979403     0.00020345
       99     0.00000246     0.99986428     0.00013326
      100     0.00000264     0.99990465     0.00009271
      101     0.00000276     0.99989960     0.00009763
      102     0.00000258     0.99988097     0.00011645
      103     0.00000265     0.99987937     0.00011798
      104     0.00000289     0.99990462     0.00009249
      105     0.00000291     0.99993951     0.00005759
      106     0.00000276     0.99996226     0.00003498
      107     0.00000268     0.99996744     0.00002988
      108     0.00000264     0.99996617     0.00003119
      109     0.00000273     0.99996912     0.00002815
      110     0.00000295     0.99997727     0.00001978
      111     0.00000293     0.99998685     0.00001022
      112     0.00000288     0.99999256     0.00000456
      113     0.00000279     0.99999396     0.00000325
      114     0.00000289     0.99999402     0.00000309
      115     0.00000320     0.99999467     0.00000213
      116     0.00000355     0.99999553     0.00000091
      117     0.00000351     0.99999621     0.00000028
      118     0.00000336     0.99999644     0.00000020
      119     0.00000355     0.99999625     0.00000020
      120     0.00000408     0.99999573     0.00000020
