#     Density Matrix: population Re; see the manual for detail orders
        0     0.00000000     0.00000000     1.00000000
        1     0.00000001     0.00000572     0.99999428
        2     0.00000002     0.00006157     0.99993841
        3     0.00000005     0.00020070     0.99979924
        4     0.00000009     0.00041818     0.99958173
        5     0.00000013     0.00068790     0.99931197
        6     0.00000019     0.00103973     0.99896008
        7     0.00000023     0.00172801     0.99827175
        8     0.00000032     0.00362506     0.99637462
        9     0.00000034     0.00945703     0.99054263
       10     0.00000044     0.02877361     0.97122595
       11     0.00000143     0.24683368     0.75316489
       12     0.00000092     0.72520283     0.27479624
       13     0.00000117     0.59358708     0.40641175
       14     0.00000138     0.44849875     0.55149986
       15     0.00000049     0.39131017     0.60868934
       16     0.00000200     0.35442870     0.64556929
       17     0.00000060     0.33683608     0.66316332
       18     0.00000114     0.33537746     0.66462140
       19     0.00000172     0.34681405     0.65318423
       20     0.00000039     0.36872206     0.63127755
       21     0.00000156     0.39968827     0.60031017
       22     0.00000120     0.43944097     0.56055783
       23     0.00000056     0.48845672     0.51154271
       24     0.00000162     0.54752268     0.45247570
       25     0.00000089     0.61669786     0.38330125
       26     0.00000076     0.69385237     0.30614687
       27     0.00000146     0.77294675     0.22705179
       28     0.00000084     0.84510930     0.15488987
       29     0.00000087     0.90251782     0.09748131
       30     0.00000130     0.94249797     0.05750073
       31     0.00000096     0.96740792     0.03259113
       32     0.00000091     0.98178365     0.01821545
       33     0.00000111     0.98970176     0.01029713
       34     0.00000106     0.99391201     0.00608693
       35     0.00000095     0.99397280     0.00602625
       36     0.00000097     0.99425467     0.00574436
       37     0.00000112     0.99476634     0.00523255
       38     0.00000110     0.99542936     0.00456954
       39     0.00000101     0.99606355     0.00393544
       40     0.00000107     0.99640393     0.00359500
       41     0.00000112     0.99620088     0.00379800
       42     0.00000105     0.99531042     0.00468853
       43     0.00000105     0.99386813     0.00613082
       44     0.00000107     0.99229736     0.00770157
       45     0.00000103     0.99094497     0.00905400
       46     0.00000108     0.98993091     0.01006802
       47     0.00000112     0.98924305     0.01075583
       48     0.00000102     0.98885713     0.01114185
       49     0.00000100     0.98876457     0.01123443
       50     0.00000113     0.98895608     0.01104279
       51     0.00000112     0.98944741     0.01055148
       52     0.00000000     1.00000000     0.00000000
       53     0.00000001     0.99996843     0.00003156
       54     0.00000002     0.99982828     0.00017170
       55     0.00000001     0.99946082     0.00053917
       56     0.00000000     0.99867289     0.00132711
       57     0.00000002     0.99712481     0.00287517
       58     0.00000003     0.99415480     0.00584518
       59     0.00000001     0.98855297     0.01144702
       60     0.00000001     0.97748793     0.02251206
       61     0.00000004     0.95316306     0.04683691
       62     0.00000004     0.88914056     0.11085940
       63     0.00000008     0.70113639     0.29886353
       64     0.00000039     0.42005280     0.57994681
       65     0.00000080     0.45124648     0.54875272
       66     0.00000041     0.65002533     0.34997426
       67     0.00000000     0.78723927     0.21276073
       68     0.00000023     0.85981225     0.14018752
       69     0.00000009     0.89071488     0.10928503
       70     0.00000009     0.89806945     0.10193046
       71     0.00000027     0.89575972     0.10424002
       72     0.00000002     0.89369818     0.10630180
       73     0.00000021     0.89701099     0.10298880
       74     0.00000019     0.90610833     0.09389148
       75     0.00000003     0.91834830     0.08165167
       76     0.00000023     0.93037849     0.06962128
       77     0.00000006     0.93990587     0.06009407
       78     0.00000017     0.94638281     0.05361702
       79     0.00000017     0.95068780     0.04931203
       80     0.00000006     0.95421345     0.04578649
       81     0.00000024     0.95791744     0.04208233
       82     0.00000010     0.96189842     0.03810148
       83     0.00000014     0.96568598     0.03431388
       84     0.00000009     0.96881858     0.03118133
       85     0.00000018     0.97122812     0.02877170
       86     0.00000017     0.97318349     0.02681634
       87     0.00000005     0.97495717     0.02504278
       88     0.00000020     0.97656376     0.02343604
       89     0.00000018     0.97792670     0.02207312
       90     0.00000011     0.97902995     0.02096994
       91     0.00000006     0.98007457     0.01992537
       92     0.00000029     0.98128702     0.01871269
       93     0.00000019     0.98253304     0.01746677
       94     0.00000003     0.98341092     0.01658905
       95     0.00000019     0.98370293     0.01629688
       96     0.00000030     0.98373111     0.01626859
       97     0.00000009     0.98413062     0.01586929
       98     0.00000007     0.98520583     0.01479410
       99     0.00000036     0.98650018     0.01349946
      100     0.00000023     0.98717035     0.01282943
      101     0.00000001     0.98684986     0.01315013
      102     0.00000022     0.98615086     0.01384892
      103     0.00000040     0.98614753     0.01385207
      104     0.00000011     0.98732485     0.01267503
      105     0.00000005     0.98901786     0.01098208
      106     0.00000039     0.98994678     0.01005283
      107     0.00000033     0.98940744     0.01059223
      108     0.00000002     0.98802280     0.01197718
      109     0.00000015     0.98727750     0.01272235
      110     0.00000046     0.98818453     0.01181500
      111     0.00000000     1.00000000     0.00000000
      112     0.00000025     0.99988998     0.00010977
      113     0.00000045     0.99962960     0.00036995
      114     0.00000018     0.99940588     0.00059394
      115     0.00000001     0.99938654     0.00061345
      116     0.00000029     0.99958601     0.00041370
      117     0.00000042     0.99985248     0.00014710
      118     0.00000013     0.99997742     0.00002245
      119     0.00000002     0.99984803     0.00015195
      120     0.00000029     0.99953208     0.00046763
