#     Density Matrix: population Re; see the manual for detail orders
        0     0.00000000     0.00000000     1.00000000
        1     0.00000001     0.00000258     0.99999741
        2     0.00000001     0.00002486     0.99997514
        3     0.00000001     0.00006756     0.99993244
        4     0.00000003     0.00010983     0.99989014
        5     0.00000005     0.00012882     0.99987114
        6     0.00000008     0.00013061     0.99986930
        7     0.00000011     0.00016653     0.99983336
        8     0.00000015     0.00032088     0.99967898
        9     0.00000018     0.00069872     0.99930110
       10     0.00000021     0.00148489     0.99851490
       11     0.00000024     0.00321545     0.99678432
       12     0.00000026     0.00776831     0.99223143
       13     0.00000028     0.02258886     0.97741086
       14     0.00000014     0.51937954     0.48062032
       15     0.00000007     0.81940949     0.18059044
       16     0.00000062     0.30943174     0.69056764
       17     0.00000104     0.07684515     0.92315381
       18     0.00000007     0.03104170     0.96895823
       19     0.00000062     0.01631906     0.98368032
       20     0.00000034     0.01477893     0.98522073
       21     0.00000025     0.01800233     0.98199742
       22     0.00000043     0.02209895     0.97790061
       23     0.00000025     0.02541827     0.97458148
       24     0.00000031     0.02742802     0.97257167
       25     0.00000034     0.02815366     0.97184600
       26     0.00000030     0.02787321     0.97212650
       27     0.00000037     0.02694801     0.97305162
       28     0.00000037     0.02573507     0.97426456
       29     0.00000036     0.02455551     0.97544413
       30     0.00000039     0.02368559     0.97631402
       31     0.00000040     0.02337628     0.97662332
       32     0.00000039     0.02387898     0.97612062
       33     0.00000038     0.02549119     0.97450842
       34     0.00000035     0.02859678     0.97140287
       35     0.00000044     0.03379015     0.96620941
       36     0.00000043     0.04204869     0.95795088
       37     0.00000034     0.05499853     0.94500113
       38     0.00000034     0.07555551     0.92444415
       39     0.00000047     0.10910836     0.89089117
       40     0.00000041     0.16544085     0.83455874
       41     0.00000033     0.26016710     0.73983257
       42     0.00000039     0.40739147     0.59260814
       43     0.00000040     0.59402613     0.40597347
       44     0.00000031     0.77442259     0.22557710
       45     0.00000034     0.91396721     0.08603245
       46     0.00000048     0.98580226     0.01419725
       47     0.00000045     0.99922395     0.00077560
       48     0.00000033     0.99163162     0.00836805
       49     0.00000036     0.98157961     0.01842004
       50     0.00000045     0.97364659     0.02635296
       51     0.00000044     0.96828395     0.03171561
       52     0.00000038     0.96507544     0.03492418
       53     0.00000046     0.96354105     0.03645849
       54     0.00000053     0.96327951     0.03671996
       55     0.00000052     0.96397090     0.03602858
       56     0.00000052     0.96535798     0.03464150
       57     0.00000062     0.96723289     0.03276649
       58     0.00000074     0.96941365     0.03058561
       59     0.00000077     0.97172646     0.02827278
       60     0.00000084     0.97401093     0.02598823
       61     0.00000100     0.97610502     0.02389398
       62     0.00000117     0.97785299     0.02214584
       63     0.00000131     0.97910196     0.02089673
       64     0.00000152     0.97970629     0.02029220
       65     0.00000176     0.97954024     0.02045800
       66     0.00000202     0.97851094     0.02148704
       67     0.00000231     0.97658008     0.02341761
       68     0.00000259     0.97378014     0.02621727
       69     0.00000289     0.97023604     0.02976108
       70     0.00000313     0.96618675     0.03381012
       71     0.00000335     0.96198637     0.03801027
       72     0.00000357     0.95810004     0.04189640
       73     0.00000365     0.95505542     0.04494093
       74     0.00000359     0.95340484     0.04659157
       75     0.00000352     0.95363532     0.04636115
       76     0.00000343     0.95604628     0.04395030
       77     0.00000327     0.96067105     0.03932569
       78     0.00000311     0.96719104     0.03280585
       79     0.00000304     0.97491692     0.02508004
       80     0.00000306     0.98286934     0.01712760
       81     0.00000319     0.98994074     0.01005608
       82     0.00000343     0.99513670     0.00485988
       83     0.00000374     0.99782012     0.00217614
       84     0.00000406     0.99790726     0.00208869
       85     0.00000431     0.99592359     0.00407210
       86     0.00000446     0.99288323     0.00711231
       87     0.00000449     0.99000947     0.00998605
       88     0.00000440     0.98837240     0.01162321
       89     0.00000423     0.98856095     0.01143482
       90     0.00000406     0.99050500     0.00949093
       91     0.00000397     0.99353354     0.00646249
       92     0.00000399     0.99665267     0.00334334
       93     0.00000413     0.99894444     0.00105143
       94     0.00000435     0.99992054     0.00007510
       95     0.00000460     0.99967662     0.00031877
       96     0.00000490     0.99878038     0.00121471
       97     0.00000533     0.99795299     0.00204169
       98     0.00000547     0.99770552     0.00228900
       99     0.00000520     0.99812790     0.00186690
      100     0.00000512     0.99892115     0.00107373
      101     0.00000552     0.99963540     0.00035907
      102     0.00000617     0.99996073     0.00003309
      103     0.00000680     0.99988480     0.00010841
      104     0.00000733     0.99963639     0.00035628
      105     0.00000766     0.99948226     0.00051007
      106     0.00000826     0.99953947     0.00045226
      107     0.00000914     0.99973302     0.00025784
      108     0.00001014     0.99990279     0.00008707
      109     0.00001118     0.99995010     0.00003872
      110     0.00001234     0.99990008     0.00008758
      111     0.00001377     0.99984654     0.00013969
      112     0.00001559     0.99985237     0.00013204
      113     0.00001784     0.99990348     0.00007868
      114     0.00002050     0.99994579     0.00003371
      115     0.00002359     0.99994963     0.00002678
      116     0.00002746     0.99993106     0.00004147
      117     0.00003255     0.99992116     0.00004629
      118     0.00003899     0.99992815     0.00003285
      119     0.00004695     0.99993626     0.00001678
      120     0.00005676     0.99993133     0.00001191
