#     Density Matrix: population Re; see the manual for detail orders
        0     0.00000000     0.00000000     1.00000000
        1     0.00000000     0.00000572     0.99999428
        2     0.00000001     0.00005136     0.99994864
        3     0.00000001     0.00012737     0.99987262
        4     0.00000004     0.00018574     0.99981422
        5     0.00000005     0.00018676     0.99981318
        6     0.00000011     0.00014708     0.99985281
        7     0.00000014     0.00016000     0.99983986
        8     0.00000022     0.00037974     0.99962004
        9     0.00000028     0.00099640     0.99900333
       10     0.00000034     0.00227310     0.99772656
       11     0.00000044     0.00481198     0.99518759
       12     0.00000043     0.01052615     0.98947342
       13     0.00000056     0.02598975     0.97400969
       14     0.00000043     0.07323392     0.92676566
       15     0.00000046     0.20248069     0.79751885
       16     0.00000019     0.39505302     0.60494679
       17     0.00000075     0.47436631     0.52563295
       18     0.00000108     0.40222380     0.59777511
       19     0.00000112     0.32481370     0.67518518
       20     0.00000168     0.27251963     0.72747869
       21     0.00000097     0.24060512     0.75939391
       22     0.00000100     0.22295434     0.77704466
       23     0.00000113     0.21472720     0.78527167
       24     0.00000048     0.21224617     0.78775334
       25     0.00000055     0.21275085     0.78724860
       26     0.00000061     0.21421705     0.78578234
       27     0.00000019     0.21520332     0.78479649
       28     0.00000026     0.21470692     0.78529282
       29     0.00000033     0.21203012     0.78796955
       30     0.00000006     0.20668625     0.79331369
       31     0.00000011     0.19836551     0.80163438
       32     0.00000018     0.18695424     0.81304558
       33     0.00000002     0.17260541     0.82739457
       34     0.00000006     0.15585152     0.84414841
       35     0.00000011     0.13774232     0.86225757
       36     0.00000001     0.11999024     0.88000975
       37     0.00000006     0.10507836     0.89492159
       38     0.00000010     0.09628809     0.90371182
       39     0.00000001     0.09754792     0.90245208
       40     0.00000004     0.11297751     0.88702245
       41     0.00000009     0.14597458     0.85402533
       42     0.00000003     0.19771206     0.80228791
       43     0.00000001     0.26516408     0.73483592
       44     0.00000006     0.33920361     0.66079633
       45     0.00000008     0.40416921     0.59583070
       46     0.00000002     0.44081410     0.55918588
       47     0.00000004     0.43350740     0.56649257
       48     0.00000019     0.37922420     0.62077560
       49     0.00000012     0.29206229     0.70793759
       50     0.00000006     0.19869621     0.80130374
       51     0.00000026     0.12669495     0.87330480
       52     0.00000013     0.09315083     0.90684904
       53     0.00000006     0.09964403     0.90035591
       54     0.00000022     0.13437140     0.86562838
       55     0.00000005     0.17869922     0.82130073
       56     0.00000016     0.21469094     0.78530890
       57     0.00000024     0.23105064     0.76894912
       58     0.00000007     0.22591757     0.77408236
       59     0.00000035     0.20601943     0.79398022
       60     0.00000020     0.18276953     0.81723027
       61     0.00000017     0.16692134     0.83307849
       62     0.00000033     0.16398674     0.83601293
       63     0.00000006     0.17241887     0.82758107
       64     0.00000027     0.18532779     0.81467194
       65     0.00000013     0.19476553     0.80523435
       66     0.00000019     0.19619459     0.80380523
       67     0.00000031     0.19057941     0.80942028
       68     0.00000009     0.18295424     0.81704567
       69     0.00000032     0.17858461     0.82141507
       70     0.00000006     0.17946569     0.82053425
       71     0.00000012     0.18357530     0.81642459
       72     0.00000006     0.18714251     0.81285743
       73     0.00000016     0.18783829     0.81216156
       74     0.00000028     0.18620751     0.81379222
       75     0.00000007     0.18440750     0.81559243
       76     0.00000021     0.18383307     0.81616672
       77     0.00000003     0.18408260     0.81591737
       78     0.00000005     0.18408923     0.81591072
       79     0.00000001     0.18380665     0.81619334
       80     0.00000026     0.18427380     0.81572594
       81     0.00000025     0.18591626     0.81408349
       82     0.00000004     0.18731326     0.81268670
       83     0.00000011     0.18641203     0.81358786
       84     0.00000015     0.18320883     0.81679102
       85     0.00000015     0.18063483     0.81936502
       86     0.00000009     0.18188767     0.81811224
       87     0.00000036     0.18661341     0.81338623
       88     0.00000033     0.19038911     0.80961056
       89     0.00000006     0.18889292     0.81110702
       90     0.00000006     0.18279235     0.81720758
       91     0.00000031     0.17785278     0.82214691
       92     0.00000053     0.17941270     0.82058677
       93     0.00000030     0.18662089     0.81337881
       94     0.00000037     0.19269208     0.80730754
       95     0.00000038     0.19144136     0.80855826
       96     0.00000019     0.18364940     0.81635041
       97     0.00000021     0.17662991     0.82336989
       98     0.00000047     0.17718287     0.82281666
       99     0.00000116     0.18490668     0.81509216
      100     0.00000088     0.19254489     0.80745423
      101     0.00000019     0.19298906     0.80701076
      102     0.00000004     0.18602390     0.81397606
      103     0.00000028     0.17830703     0.82169270
      104     0.00000124     0.17685679     0.82314197
      105     0.00000139     0.18254144     0.81745717
      106     0.00000104     0.18970068     0.81029828
      107     0.00000088     0.19183346     0.80816566
      108     0.00000020     0.18759243     0.81240737
      109     0.00000038     0.18148670     0.81851293
      110     0.00000101     0.17914098     0.82085801
      111     0.00000152     0.18205731     0.81794117
      112     0.00000222     0.18680381     0.81319397
      113     0.00000141     0.18886050     0.81113809
      114     0.00000017     0.18692311     0.81307672
      115     0.00000020     0.18355037     0.81644942
      116     0.00000092     0.18207670     0.81792238
      117     0.00000245     0.18334310     0.81665445
      118     0.00000303     0.18545622     0.81454075
      119     0.00000145     0.18625315     0.81374540
      120     0.00000022     0.18546063     0.81453915
