#     Density Matrix: population Re; see the manual for detail orders
        0     0.00000000     0.00000000     1.00000000
        1     0.00000000     0.00000001     0.99999999
        2     0.00000001     0.00000028     0.99999972
        3     0.00000000     0.00000533     0.99999467
        4     0.00000004     0.00002022     0.99997974
        5     0.00000004     0.00003936     0.99996061
        6     0.00000013     0.00005086     0.99994901
        7     0.00000013     0.00005286     0.99994701
        8     0.00000031     0.00006361     0.99993609
        9     0.00000031     0.00011595     0.99988375
       10     0.00000056     0.00024552     0.99975392
       11     0.00000054     0.00049413     0.99950532
       12     0.00000084     0.00095825     0.99904091
       13     0.00000078     0.00194904     0.99805018
       14     0.00000104     0.00451961     0.99547935
       15     0.00000094     0.01256382     0.98743524
       16     0.00000106     0.04304250     0.95695644
       17     0.00000091     0.17246307     0.82753602
       18     0.00000119     0.56772904     0.43226977
       19     0.00000003     0.63757717     0.36242280
       20     0.00000252     0.49759559     0.50240189
       21     0.00000158     0.41442982     0.58556859
       22     0.00000086     0.36908936     0.63090978
       23     0.00000368     0.34492626     0.65507006
       24     0.00000116     0.33291774     0.66708109
       25     0.00000061     0.32769375     0.67230564
       26     0.00000222     0.32611745     0.67388033
       27     0.00000065     0.32610770     0.67389165
       28     0.00000023     0.32632415     0.67367562
       29     0.00000125     0.32605835     0.67394040
       30     0.00000047     0.32494795     0.67505159
       31     0.00000010     0.32285339     0.67714651
       32     0.00000075     0.31964821     0.68035104
       33     0.00000042     0.31527869     0.68472090
       34     0.00000013     0.30966465     0.69033522
       35     0.00000047     0.30230552     0.69769401
       36     0.00000035     0.29328256     0.70671709
       37     0.00000021     0.28290049     0.71709931
       38     0.00000037     0.27112618     0.72887346
       39     0.00000030     0.25861611     0.74138359
       40     0.00000029     0.24662084     0.75337887
       41     0.00000032     0.23718592     0.76281376
       42     0.00000025     0.23332649     0.76667326
       43     0.00000037     0.23913925     0.76086038
       44     0.00000032     0.25970918     0.74029050
       45     0.00000020     0.30055309     0.69944672
       46     0.00000045     0.36609772     0.63390183
       47     0.00000032     0.45631458     0.54368510
       48     0.00000019     0.56068609     0.43931372
       49     0.00000051     0.65078415     0.34921534
       50     0.00000020     0.68038454     0.31961526
       51     0.00000033     0.61024028     0.38975938
       52     0.00000075     0.45230612     0.54769312
       53     0.00000007     0.27614408     0.72385586
       54     0.00000057     0.15331245     0.84668698
       55     0.00000094     0.10982186     0.89017720
       56     0.00000002     0.13000383     0.86999616
       57     0.00000075     0.18179864     0.81820061
       58     0.00000060     0.23520232     0.76479708
       59     0.00000010     0.27058926     0.72941064
       60     0.00000101     0.28085618     0.71914281
       61     0.00000016     0.26982387     0.73017596
       62     0.00000056     0.24813719     0.75186224
       63     0.00000083     0.22787554     0.77212363
       64     0.00000003     0.21752548     0.78247449
       65     0.00000097     0.21910455     0.78089448
       66     0.00000018     0.22849126     0.77150856
       67     0.00000055     0.23861479     0.76138466
       68     0.00000061     0.24371434     0.75628505
       69     0.00000014     0.24227243     0.75772743
       70     0.00000088     0.23703002     0.76296910
       71     0.00000004     0.23235905     0.76764092
       72     0.00000072     0.23102345     0.76897583
       73     0.00000024     0.23268303     0.76731672
       74     0.00000043     0.23500561     0.76499397
       75     0.00000039     0.23609362     0.76390599
       76     0.00000027     0.23593616     0.76406358
       77     0.00000072     0.23571055     0.76428873
       78     0.00000006     0.23598223     0.76401771
       79     0.00000052     0.23595585     0.76404362
       80     0.00000024     0.23468599     0.76531377
       81     0.00000044     0.23274259     0.76725696
       82     0.00000010     0.23227799     0.76772191
       83     0.00000056     0.23459570     0.76540374
       84     0.00000054     0.23830094     0.76169852
       85     0.00000009     0.23967913     0.76032078
       86     0.00000033     0.23654828     0.76345139
       87     0.00000051     0.23102614     0.76897334
       88     0.00000037     0.22834786     0.77165177
       89     0.00000006     0.23193553     0.76806441
       90     0.00000066     0.23939858     0.76060076
       91     0.00000057     0.24395989     0.75603954
       92     0.00000007     0.24062344     0.75937649
       93     0.00000028     0.23142348     0.76857624
       94     0.00000078     0.22433841     0.77566081
       95     0.00000048     0.22629360     0.77370592
       96     0.00000002     0.23652405     0.76347593
       97     0.00000071     0.24663254     0.75336675
       98     0.00000081     0.24771095     0.75228824
       99     0.00000020     0.23819937     0.76180043
      100     0.00000008     0.22554911     0.77445081
      101     0.00000073     0.22009025     0.77990902
      102     0.00000115     0.22646298     0.77353587
      103     0.00000012     0.23976832     0.76023156
      104     0.00000046     0.24965021     0.75034932
      105     0.00000093     0.24867735     0.75132172
      106     0.00000048     0.23796066     0.76203886
      107     0.00000031     0.22584528     0.77415441
      108     0.00000005     0.22114033     0.77885962
      109     0.00000142     0.22657677     0.77342181
      110     0.00000148     0.23735216     0.76264635
      111     0.00000004     0.24540572     0.75459424
      112     0.00000058     0.24555794     0.75444148
      113     0.00000050     0.23883209     0.76116741
      114     0.00000067     0.23085283     0.76914650
      115     0.00000088     0.22719663     0.77280248
      116     0.00000007     0.22945893     0.77054100
      117     0.00000144     0.23481957     0.76517899
      118     0.00000166     0.23895482     0.76104352
      119     0.00000013     0.23941861     0.76058125
      120     0.00000034     0.23699416     0.76300551
