#     Density Matrix: population Re; see the manual for detail orders
        0     0.00000000     0.00000000     1.00000000
        1     0.00000006     0.00000018     0.99999975
        2     0.00000010     0.00000035     0.99999956
        3     0.00000014     0.00000268     0.99999718
        4     0.00000022     0.00002689     0.99997289
        5     0.00000023     0.00011402     0.99988575
        6     0.00000040     0.00034190     0.99965770
        7     0.00000030     0.00092983     0.99906987
        8     0.00000058     0.00288843     0.99711100
        9     0.00000034     0.01457305     0.98542661
       10     0.00000063     0.28159892     0.71840045
       11     0.00000027     0.23570999     0.76428974
       12     0.00000296     0.37116119     0.62883585
       13     0.00000070     0.32618725     0.67381206
       14     0.00000220     0.29996268     0.70003512
       15     0.00000205     0.28553484     0.71446311
       16     0.00000071     0.27879799     0.72120130
       17     0.00000305     0.27703230     0.72296465
       18     0.00000083     0.27834591     0.72165326
       19     0.00000173     0.28140180     0.71859646
       20     0.00000282     0.28526155     0.71473563
       21     0.00000041     0.28939146     0.71060813
       22     0.00000262     0.29329446     0.70670292
       23     0.00000271     0.29656278     0.70343451
       24     0.00000046     0.29922594     0.70077360
       25     0.00000279     0.30131396     0.69868325
       26     0.00000252     0.30282771     0.69716977
       27     0.00000050     0.30382019     0.69617931
       28     0.00000256     0.30432743     0.69567001
       29     0.00000237     0.30453821     0.69545942
       30     0.00000048     0.30454179     0.69545773
       31     0.00000216     0.30435506     0.69564277
       32     0.00000290     0.30397961     0.69601749
       33     0.00000054     0.30335963     0.69663984
       34     0.00000099     0.30244518     0.69755382
       35     0.00000197     0.30076354     0.69923450
       36     0.00000060     0.29577988     0.70421953
       37     0.00000000     0.22598038     0.77401962
       38     0.00000047     0.46373696     0.53626257
       39     0.00000051     0.56266247     0.43733702
       40     0.00000005     0.57178115     0.42821880
       41     0.00000011     0.57799292     0.42200697
       42     0.00000034     0.58423171     0.41576795
       43     0.00000018     0.59231330     0.40768652
       44     0.00000000     0.60515023     0.39484977
       45     0.00000008     0.63073451     0.36926540
       46     0.00000013     0.70101232     0.29898755
       47     0.00000015     0.62683647     0.37316338
       48     0.00000011     0.50210151     0.49789838
       49     0.00000039     0.46735272     0.53264689
       50     0.00000032     0.44807348     0.55192620
       51     0.00000010     0.43368318     0.56631672
       52     0.00000014     0.42135541     0.57864446
       53     0.00000027     0.40980702     0.59019270
       54     0.00000018     0.39842150     0.60157831
       55     0.00000013     0.38710562     0.61289425
       56     0.00000022     0.37554234     0.62445744
       57     0.00000017     0.36362626     0.63637357
       58     0.00000010     0.35179183     0.64820807
       59     0.00000011     0.34020530     0.65979459
       60     0.00000010     0.32904443     0.67095547
       61     0.00000003     0.31860223     0.68139774
       62     0.00000014     0.30906268     0.69093718
       63     0.00000016     0.30095393     0.69904591
       64     0.00000005     0.29480273     0.70519722
       65     0.00000011     0.29103654     0.70896335
       66     0.00000037     0.28987725     0.71012237
       67     0.00000023     0.29189708     0.70810269
       68     0.00000001     0.29781235     0.70218764
       69     0.00000029     0.30810616     0.69189355
       70     0.00000042     0.32361688     0.67638270
       71     0.00000007     0.34478622     0.65521370
       72     0.00000013     0.37168482     0.62831505
       73     0.00000056     0.40501441     0.59498503
       74     0.00000039     0.44396468     0.55603493
       75     0.00000001     0.48542864     0.51457135
       76     0.00000035     0.52664947     0.47335018
       77     0.00000065     0.56531541     0.43468394
       78     0.00000020     0.59889706     0.40110274
       79     0.00000006     0.62626328     0.37373666
       80     0.00000052     0.64690872     0.35309076
       81     0.00000046     0.66088111     0.33911844
       82     0.00000003     0.66919041     0.33080956
       83     0.00000017     0.67302017     0.32697966
       84     0.00000044     0.67352690     0.32647266
       85     0.00000019     0.67180991     0.32818990
       86     0.00000002     0.66872817     0.33127181
       87     0.00000028     0.66504392     0.33495580
       88     0.00000029     0.66142029     0.33857942
       89     0.00000004     0.65836717     0.34163278
       90     0.00000014     0.65626805     0.34373181
       91     0.00000035     0.65545781     0.34454184
       92     0.00000018     0.65616093     0.34383889
       93     0.00000003     0.65848846     0.34151151
       94     0.00000028     0.66246328     0.33753645
       95     0.00000039     0.66797933     0.33202028
       96     0.00000008     0.67647267     0.32352725
       97     0.00000009     0.68787374     0.31212617
       98     0.00000041     0.69993578     0.30006381
       99     0.00000030     0.71217558     0.28782412
      100     0.00000002     0.72449110     0.27550888
      101     0.00000014     0.73716388     0.26283598
      102     0.00000028     0.75061630     0.24938343
      103     0.00000015     0.76525491     0.23474494
      104     0.00000002     0.78234631     0.21765368
      105     0.00000007     0.80322386     0.19677607
      106     0.00000007     0.82923932     0.17076060
      107     0.00000006     0.86166128     0.13833866
      108     0.00000006     0.90008063     0.09991931
      109     0.00000003     0.94055405     0.05944592
      110     0.00000011     0.96885969     0.03114020
      111     0.00000019     0.94652297     0.05347684
      112     0.00000003     0.80400424     0.19599574
      113     0.00000035     0.51799777     0.48200188
      114     0.00000137     0.23764615     0.76235248
      115     0.00000105     0.11909580     0.88090315
      116     0.00000024     0.13684961     0.86315015
      117     0.00000068     0.20764632     0.79235299
      118     0.00000091     0.28236839     0.71763070
      119     0.00000026     0.34110042     0.65889932
      120     0.00000046     0.37771309     0.62228645
