#     Density Matrix: population Re; see the manual for detail orders
        0     0.00000000     0.00000000     1.00000000
        1     0.00000000     0.00000013     0.99999987
        2     0.00000001     0.00000285     0.99999714
        3     0.00000001     0.00001525     0.99998474
        4     0.00000004     0.00003934     0.99996063
        5     0.00000004     0.00006590     0.99993406
        6     0.00000011     0.00008453     0.99991536
        7     0.00000010     0.00010139     0.99989851
        8     0.00000022     0.00014793     0.99985185
        9     0.00000021     0.00027624     0.99972355
       10     0.00000036     0.00055711     0.99944253
       11     0.00000033     0.00111594     0.99888373
       12     0.00000047     0.00228463     0.99771490
       13     0.00000044     0.00512622     0.99487334
       14     0.00000049     0.01346107     0.98653844
       15     0.00000047     0.04305128     0.95694825
       16     0.00000034     0.15942430     0.84057536
       17     0.00000053     0.53318912     0.46681034
       18     0.00000005     0.61810628     0.38189367
       19     0.00000125     0.46882222     0.53117652
       20     0.00000048     0.37297682     0.62702270
       21     0.00000034     0.31415555     0.68584411
       22     0.00000085     0.27449795     0.72550120
       23     0.00000007     0.24420242     0.75579751
       24     0.00000033     0.21773237     0.78226729
       25     0.00000049     0.19222074     0.80777877
       26     0.00000003     0.16657591     0.83342406
       27     0.00000025     0.14093493     0.85906482
       28     0.00000029     0.11615912     0.88384059
       29     0.00000007     0.09317880     0.90682113
       30     0.00000020     0.07274436     0.92725544
       31     0.00000022     0.05537292     0.94462687
       32     0.00000011     0.04122181     0.95877808
       33     0.00000018     0.03009852     0.96990130
       34     0.00000018     0.02195184     0.97804798
       35     0.00000016     0.01682573     0.98317411
       36     0.00000020     0.01479614     0.98520367
       37     0.00000021     0.01646966     0.98353012
       38     0.00000027     0.02327096     0.97672877
       39     0.00000021     0.03851300     0.96148679
       40     0.00000016     0.07243377     0.92756608
       41     0.00000026     0.13452831     0.86547143
       42     0.00000020     0.22949623     0.77050358
       43     0.00000015     0.34556972     0.65443013
       44     0.00000036     0.44997650     0.55002314
       45     0.00000021     0.50916193     0.49083786
       46     0.00000013     0.51297477     0.48702510
       47     0.00000035     0.48451070     0.51548896
       48     0.00000011     0.47238127     0.52761862
       49     0.00000018     0.52472995     0.47526987
       50     0.00000043     0.64406805     0.35593152
       51     0.00000013     0.77569000     0.22430988
       52     0.00000015     0.87634959     0.12365026
       53     0.00000040     0.94012048     0.05987912
       54     0.00000019     0.97398523     0.02601458
       55     0.00000020     0.98505059     0.01494921
       56     0.00000029     0.98072395     0.01927576
       57     0.00000027     0.97047823     0.02952150
       58     0.00000031     0.96324998     0.03674971
       59     0.00000016     0.96309611     0.03690373
       60     0.00000034     0.96874399     0.03125567
       61     0.00000036     0.97648989     0.02350975
       62     0.00000014     0.98284114     0.01715872
       63     0.00000031     0.98586880     0.01413089
       64     0.00000031     0.98571201     0.01428768
       65     0.00000027     0.98420122     0.01579852
       66     0.00000020     0.98347733     0.01652248
       67     0.00000030     0.98450529     0.01549441
       68     0.00000044     0.98675383     0.01324573
       69     0.00000021     0.98893322     0.01106658
       70     0.00000000     1.00000000     0.00000000
       71     0.00000001     0.99997985     0.00002014
       72     0.00000002     0.99994881     0.00005117
       73     0.00000001     0.99994001     0.00005998
       74     0.00000000     0.99995571     0.00004428
       75     0.00000000     0.99997515     0.00002484
       76     0.00000001     0.99998201     0.00001799
       77     0.00000002     0.99997965     0.00002033
       78     0.00000002     0.99997911     0.00002087
       79     0.00000000     0.99998003     0.00001997
       80     0.00000003     0.99997226     0.00002771
       81     0.00000005     0.99995600     0.00004394
       82     0.00000003     0.99994925     0.00005072
       83     0.00000002     0.99996700     0.00003298
       84     0.00000007     0.99999271     0.00000722
       85     0.00000009     0.99999357     0.00000635
       86     0.00000004     0.99995864     0.00004131
       87     0.00000007     0.99991754     0.00008239
       88     0.00000015     0.99991519     0.00008466
       89     0.00000015     0.99995774     0.00004211
       90     0.00000008     0.99999666     0.00000326
       91     0.00000012     0.99997854     0.00002134
       92     0.00000022     0.99990919     0.00009059
       93     0.00000020     0.99985497     0.00014483
       94     0.00000012     0.99987249     0.00012738
       95     0.00000018     0.99994270     0.00005713
       96     0.00000029     0.99998555     0.00001416
       97     0.00000026     0.99994392     0.00005582
       98     0.00000017     0.99984797     0.00015186
       99     0.00000022     0.99978857     0.00021121
      100     0.00000037     0.99982289     0.00017674
      101     0.00000038     0.99991462     0.00008500
      102     0.00000026     0.99996774     0.00003200
      103     0.00000025     0.99992305     0.00007670
      104     0.00000041     0.99981869     0.00018090
      105     0.00000049     0.99975289     0.00024663
      106     0.00000038     0.99978744     0.00021218
      107     0.00000029     0.99988853     0.00011118
      108     0.00000037     0.99996112     0.00003851
      109     0.00000045     0.99994029     0.00005926
      110     0.00000047     0.99985149     0.00014804
      111     0.00000044     0.99978362     0.00021594
      112     0.00000043     0.99980182     0.00019776
      113     0.00000048     0.99988978     0.00010974
      114     0.00000053     0.99997018     0.00002929
      115     0.00000052     0.99997744     0.00002203
      116     0.00000049     0.99991935     0.00008016
      117     0.00000050     0.99986251     0.00013699
      118     0.00000056     0.99986380     0.00013564
      119     0.00000060     0.99992118     0.00007821
      120     0.00000059     0.99998216     0.00001725
