#     Density Matrix: population Re; see the manual for detail orders
        0     0.00000000     0.00000000     1.00000000
        1     0.00000006     0.00000220     0.99999774
        2     0.00000008     0.00002147     0.99997845
        3     0.00000022     0.00005994     0.99993984
        4     0.00000021     0.00010240     0.99989739
        5     0.00000046     0.00013838     0.99986116
        6     0.00000039     0.00020171     0.99979790
        7     0.00000068     0.00041733     0.99958199
        8     0.00000056     0.00108329     0.99891615
        9     0.00000080     0.00296839     0.99703080
       10     0.00000070     0.00868702     0.99131228
       11     0.00000076     0.03043497     0.96956427
       12     0.00000158     0.31575150     0.68424692
       13     0.00000028     0.76493138     0.23506834
       14     0.00000202     0.47087987     0.52911811
       15     0.00000143     0.31067707     0.68932150
       16     0.00000043     0.23985013     0.76014944
       17     0.00000246     0.20191922     0.79807831
       18     0.00000049     0.17729309     0.82270642
       19     0.00000070     0.15746902     0.84253028
       20     0.00000159     0.13866123     0.86133717
       21     0.00000004     0.11964384     0.88035611
       22     0.00000127     0.10062166     0.89937707
       23     0.00000127     0.08236983     0.91762890
       24     0.00000014     0.06587765     0.93412221
       25     0.00000100     0.05180759     0.94819141
       26     0.00000087     0.04039523     0.95960390
       27     0.00000031     0.03150312     0.96849657
       28     0.00000131     0.02474402     0.97525467
       29     0.00000098     0.01965681     0.98034221
       30     0.00000038     0.01586529     0.98413433
       31     0.00000118     0.01313146     0.98686737
       32     0.00000112     0.01136934     0.98862953
       33     0.00000117     0.01059898     0.98939985
       34     0.00000105     0.01088219     0.98911676
       35     0.00000111     0.01235064     0.98764825
       36     0.00000129     0.01516643     0.98483228
       37     0.00000078     0.01961432     0.98038489
       38     0.00000120     0.02637703     0.97362176
       39     0.00000158     0.03693582     0.96306260
       40     0.00000046     0.05497920     0.94502034
       41     0.00000160     0.08750713     0.91249127
       42     0.00000150     0.14037189     0.85962662
       43     0.00000038     0.21087159     0.78912803
       44     0.00000216     0.27372768     0.72627016
       45     0.00000080     0.29397951     0.70601969
       46     0.00000103     0.27575144     0.72424753
       47     0.00000235     0.30123759     0.69876006
       48     0.00000033     0.48643400     0.51356567
       49     0.00000104     0.73034618     0.26965279
       50     0.00000124     0.88373131     0.11626745
       51     0.00000061     0.95768948     0.04230990
       52     0.00000096     0.98363161     0.01636743
       53     0.00000074     0.98126112     0.01873814
       54     0.00000103     0.96805291     0.03194605
       55     0.00000073     0.95894364     0.04105563
       56     0.00000085     0.95969519     0.04030396
       57     0.00000107     0.96742704     0.03257189
       58     0.00000084     0.97654082     0.02345834
       59     0.00000103     0.98284369     0.01715528
       60     0.00000081     0.98494785     0.01505134
       61     0.00000114     0.98415796     0.01584090
       62     0.00000079     0.98308897     0.01691024
       63     0.00000090     0.98353895     0.01646015
       64     0.00000115     0.98540926     0.01458959
       65     0.00000100     0.98746357     0.01253543
       66     0.00000072     0.98874508     0.01125420
       67     0.00000117     0.98925457     0.01074427
       68     0.00000112     0.98957432     0.01042456
       69     0.00000000     1.00000000     0.00000000
       70     0.00000017     0.99999978     0.00000006
       71     0.00000022     0.99999840     0.00000137
       72     0.00000002     0.99999392     0.00000607
       73     0.00000018     0.99998685     0.00001297
       74     0.00000035     0.99998247     0.00001718
       75     0.00000008     0.99998337     0.00001655
       76     0.00000022     0.99998351     0.00001627
       77     0.00000054     0.99997530     0.00002416
       78     0.00000021     0.99995929     0.00004049
       79     0.00000026     0.99994392     0.00005582
       80     0.00000076     0.99993783     0.00006141
       81     0.00000045     0.99993913     0.00006042
       82     0.00000030     0.99993304     0.00006667
       83     0.00000094     0.99990981     0.00008925
       84     0.00000079     0.99987868     0.00012053
       85     0.00000038     0.99985663     0.00014298
       86     0.00000106     0.99985009     0.00014885
       87     0.00000127     0.99984861     0.00015012
       88     0.00000069     0.99983325     0.00016606
       89     0.00000108     0.99979565     0.00020327
       90     0.00000167     0.99975288     0.00024545
       91     0.00000103     0.99972991     0.00026906
       92     0.00000094     0.99972861     0.00027045
       93     0.00000176     0.99972694     0.00027130
       94     0.00000158     0.99970861     0.00028981
       95     0.00000096     0.99967535     0.00032369
       96     0.00000161     0.99964632     0.00035207
       97     0.00000219     0.99964255     0.00035526
       98     0.00000134     0.99966323     0.00033544
       99     0.00000113     0.99969024     0.00030863
      100     0.00000219     0.99970725     0.00029057
      101     0.00000214     0.99970904     0.00028882
      102     0.00000123     0.99971042     0.00028835
      103     0.00000148     0.99972680     0.00027173
      104     0.00000231     0.99976226     0.00023543
      105     0.00000189     0.99980498     0.00019313
      106     0.00000113     0.99984081     0.00015805
      107     0.00000167     0.99986298     0.00013536
      108     0.00000241     0.99987733     0.00012026
      109     0.00000176     0.99989426     0.00010399
      110     0.00000104     0.99991769     0.00008128
      111     0.00000186     0.99994186     0.00005629
      112     0.00000264     0.99996255     0.00003482
      113     0.00000182     0.99997767     0.00002051
      114     0.00000080     0.99998520     0.00001400
      115     0.00000150     0.99998768     0.00001082
      116     0.00000288     0.99998985     0.00000727
      117     0.00000238     0.99999392     0.00000370
      118     0.00000093     0.99999720     0.00000187
      119     0.00000116     0.99999680     0.00000204
      120     0.00000241     0.99999482     0.00000277
