#     Density Matrix: population Re; see the manual for detail orders
        0     0.00000000     0.00000000     1.00000000
        1     0.00000000     0.00000004     0.99999996
        2     0.00000001     0.00000040     0.99999959
        3     0.00000004     0.00000125     0.99999870
        4     0.00000010     0.00000277     0.99999713
        5     0.00000022     0.00000587     0.99999391
        6     0.00000037     0.00001324     0.99998639
        7     0.00000057     0.00002946     0.99996997
        8     0.00000076     0.00006144     0.99993780
        9     0.00000096     0.00012370     0.99987534
       10     0.00000112     0.00025663     0.99974225
       11     0.00000125     0.00058216     0.99941659
       12     0.00000131     0.00150624     0.99849244
       13     0.00000136     0.00469531     0.99530334
       14     0.00000130     0.02017260     0.97982610
       15     0.00000115     0.16163739     0.83836146
       16     0.00000105     0.15561221     0.84438674
       17     0.00000560     0.50656142     0.49343298
       18     0.00000104     0.35148565     0.64851331
       19     0.00000209     0.31573794     0.68425997
       20     0.00000358     0.30221151     0.69778491
       21     0.00000038     0.30245923     0.69754039
       22     0.00000315     0.31126291     0.68873394
       23     0.00000222     0.32539034     0.67460743
       24     0.00000079     0.34287327     0.65712594
       25     0.00000326     0.36259643     0.63740030
       26     0.00000147     0.38399842     0.61600012
       27     0.00000141     0.40692404     0.59307455
       28     0.00000346     0.43143612     0.56856043
       29     0.00000140     0.45775329     0.54224531
       30     0.00000162     0.48609407     0.51390431
       31     0.00000332     0.51663187     0.48336481
       32     0.00000154     0.54891740     0.45108106
       33     0.00000136     0.58190284     0.41809580
       34     0.00000306     0.61363678     0.38636016
       35     0.00000200     0.63802192     0.36197608
       36     0.00000113     0.65302844     0.34697043
       37     0.00000256     0.65769583     0.34230161
       38     0.00000260     0.64760688     0.35239052
       39     0.00000120     0.60500991     0.39498889
       40     0.00000187     0.51576703     0.48423110
       41     0.00000327     0.42994821     0.57004852
       42     0.00000217     0.37928572     0.62071211
       43     0.00000099     0.34454699     0.65545202
       44     0.00000257     0.31305376     0.68694367
       45     0.00000310     0.28274397     0.71725293
       46     0.00000136     0.26768099     0.73231765
       47     0.00000159     0.38103313     0.61896529
       48     0.00000253     0.53143663     0.46856083
       49     0.00000200     0.48659529     0.51340271
       50     0.00000185     0.38022166     0.61977649
       51     0.00000219     0.28817974     0.71181807
       52     0.00000181     0.22081659     0.77918160
       53     0.00000192     0.17339491     0.82660317
       54     0.00000232     0.13968584     0.86031184
       55     0.00000186     0.11520099     0.88479715
       56     0.00000176     0.09707809     0.90292015
       57     0.00000247     0.08330504     0.91669249
       58     0.00000212     0.07255153     0.92744635
       59     0.00000157     0.06399255     0.93600588
       60     0.00000227     0.05706544     0.94293229
       61     0.00000239     0.05140984     0.94858777
       62     0.00000156     0.04674266     0.95325578
       63     0.00000195     0.04287456     0.95712349
       64     0.00000261     0.03970085     0.96029654
       65     0.00000178     0.03713470     0.96286352
       66     0.00000156     0.03511646     0.96488199
       67     0.00000252     0.03363482     0.96636267
       68     0.00000217     0.03270755     0.96729028
       69     0.00000137     0.03236129     0.96763735
       70     0.00000222     0.03266591     0.96733187
       71     0.00000259     0.03373151     0.96626590
       72     0.00000147     0.03571079     0.96428774
       73     0.00000173     0.03878680     0.96121146
       74     0.00000280     0.04312461     0.95687259
       75     0.00000191     0.04876257     0.95123552
       76     0.00000129     0.05543789     0.94456081
       77     0.00000260     0.06243491     0.93756249
       78     0.00000254     0.06829547     0.93170199
       79     0.00000123     0.07185434     0.92814443
       80     0.00000205     0.07260790     0.92739005
       81     0.00000297     0.07033346     0.92966357
       82     0.00000160     0.06552770     0.93447070
       83     0.00000137     0.05889300     0.94110563
       84     0.00000297     0.05121029     0.94878674
       85     0.00000240     0.04336361     0.95663399
       86     0.00000101     0.03597172     0.96402727
       87     0.00000234     0.02933206     0.97066560
       88     0.00000319     0.02370230     0.97629451
       89     0.00000139     0.01931402     0.98068459
       90     0.00000135     0.01616691     0.98383174
       91     0.00000331     0.01429641     0.98570028
       92     0.00000255     0.01375725     0.98624020
       93     0.00000084     0.01453014     0.98546902
       94     0.00000223     0.01648820     0.98350957
       95     0.00000330     0.01948031     0.98051639
       96     0.00000156     0.02328540     0.97671304
       97     0.00000107     0.02746783     0.97253110
       98     0.00000308     0.03150950     0.96848742
       99     0.00000311     0.03518462     0.96481228
      100     0.00000101     0.03837554     0.96162344
      101     0.00000152     0.04086293     0.95913555
      102     0.00000339     0.04265783     0.95733878
      103     0.00000247     0.04383763     0.95615990
      104     0.00000088     0.04450248     0.95549664
      105     0.00000200     0.04474526     0.95525274
      106     0.00000322     0.04463243     0.95536435
      107     0.00000214     0.04403371     0.95596415
      108     0.00000131     0.04300606     0.95699263
      109     0.00000240     0.04164469     0.95835291
      110     0.00000289     0.03992046     0.96007665
      111     0.00000194     0.03746186     0.96253620
      112     0.00000158     0.03359529     0.96640313
      113     0.00000264     0.02730064     0.97269672
      114     0.00000299     0.01645769     0.98353932
      115     0.00000000     0.00000000     1.00000000
      116     0.00000004     0.14086756     0.85913240
      117     0.00000007     0.53755406     0.46244587
      118     0.00000004     0.70435737     0.29564259
      119     0.00000000     0.72592448     0.27407552
      120     0.00000002     0.71343924     0.28656074
