#     Density Matrix: population Re; see the manual for detail orders
        0     0.00000000     0.00000000     1.00000000
        1     0.00000002     0.00000022     0.99999976
        2     0.00000002     0.00000161     0.99999837
        3     0.00000006     0.00000280     0.99999714
        4     0.00000007     0.00000245     0.99999748
        5     0.00000012     0.00000122     0.99999866
        6     0.00000014     0.00000069     0.99999917
        7     0.00000018     0.00000171     0.99999811
        8     0.00000021     0.00000434     0.99999545
        9     0.00000025     0.00000896     0.99999079
       10     0.00000028     0.00001853     0.99998118
       11     0.00000032     0.00004513     0.99995455
       12     0.00000035     0.00014456     0.99985509
       13     0.00000039     0.00074176     0.99925785
       14     0.00000041     0.01983288     0.98016671
       15     0.00000042     0.01145391     0.98854567
       16     0.00000042     0.05747337     0.94252621
       17     0.00000042     0.02580602     0.97419356
       18     0.00000049     0.01771436     0.98228515
       19     0.00000050     0.01424421     0.98575529
       20     0.00000055     0.01238534     0.98761412
       21     0.00000057     0.01123712     0.98876231
       22     0.00000057     0.01046186     0.98953757
       23     0.00000057     0.00991569     0.99008375
       24     0.00000056     0.00953208     0.99046736
       25     0.00000058     0.00928004     0.99071938
       26     0.00000060     0.00914260     0.99085681
       27     0.00000059     0.00911133     0.99088808
       28     0.00000059     0.00919009     0.99080932
       29     0.00000059     0.00939096     0.99060845
       30     0.00000058     0.00975625     0.99024317
       31     0.00000057     0.01038565     0.98961378
       32     0.00000056     0.01155645     0.98844299
       33     0.00000054     0.01422781     0.98577164
       34     0.00000053     0.02391400     0.97608548
       35     0.00000047     0.16943087     0.83056866
       36     0.00000036     0.69773172     0.30226792
       37     0.00000044     0.94539523     0.05460433
       38     0.00000055     0.96498584     0.03501361
       39     0.00000042     0.97049397     0.02950561
       40     0.00000034     0.97299106     0.02700860
       41     0.00000043     0.97441925     0.02558033
       42     0.00000043     0.97537187     0.02462771
       43     0.00000033     0.97607849     0.02392118
       44     0.00000033     0.97664150     0.02335818
       45     0.00000038     0.97710813     0.02289149
       46     0.00000036     0.97749980     0.02249984
       47     0.00000031     0.97782198     0.02217772
       48     0.00000033     0.97807577     0.02192390
       49     0.00000036     0.97825946     0.02174018
       50     0.00000035     0.97837323     0.02162642
       51     0.00000032     0.97841944     0.02158024
       52     0.00000035     0.97840368     0.02159597
       53     0.00000038     0.97834114     0.02165847
       54     0.00000038     0.97824826     0.02175137
       55     0.00000037     0.97814828     0.02185135
       56     0.00000039     0.97806659     0.02193301
       57     0.00000043     0.97802934     0.02197023
       58     0.00000043     0.97806001     0.02193956
       59     0.00000043     0.97817958     0.02181999
       60     0.00000046     0.97839919     0.02160036
       61     0.00000049     0.97872362     0.02127588
       62     0.00000051     0.97914773     0.02085176
       63     0.00000052     0.97965813     0.02034134
       64     0.00000055     0.98023263     0.01976681
       65     0.00000060     0.98084478     0.01915462
       66     0.00000064     0.98146632     0.01853303
       67     0.00000067     0.98207119     0.01792814
       68     0.00000071     0.98263737     0.01736192
       69     0.00000076     0.98315058     0.01684866
       70     0.00000082     0.98360464     0.01639455
       71     0.00000086     0.98400267     0.01599647
       72     0.00000089     0.98435540     0.01564371
       73     0.00000094     0.98467895     0.01532011
       74     0.00000100     0.98499127     0.01500772
       75     0.00000105     0.98531003     0.01468891
       76     0.00000109     0.98564769     0.01435121
       77     0.00000114     0.98601089     0.01398797
       78     0.00000120     0.98639786     0.01360095
       79     0.00000126     0.98680055     0.01319819
       80     0.00000131     0.98720511     0.01279357
       81     0.00000136     0.98759669     0.01240195
       82     0.00000141     0.98796066     0.01203793
       83     0.00000147     0.98828755     0.01171098
       84     0.00000153     0.98857406     0.01142441
       85     0.00000158     0.98882410     0.01117432
       86     0.00000163     0.98904814     0.01095023
       87     0.00000167     0.98925996     0.01073837
       88     0.00000172     0.98947447     0.01052381
       89     0.00000178     0.98970355     0.01029468
       90     0.00000183     0.98995276     0.01004541
       91     0.00000187     0.99021987     0.00977826
       92     0.00000192     0.99049480     0.00950328
       93     0.00000197     0.99076156     0.00923647
       94     0.00000202     0.99100197     0.00899600
       95     0.00000208     0.99119931     0.00879862
       96     0.00000211     0.99134370     0.00865418
       97     0.00000214     0.99143389     0.00856397
       98     0.00000217     0.99147911     0.00851872
       99     0.00000218     0.99149823     0.00849959
      100     0.00000219     0.99151667     0.00848114
      101     0.00000218     0.99156113     0.00843669
      102     0.00000215     0.99165440     0.00834345
      103     0.00000211     0.99181087     0.00818701
      104     0.00000207     0.99203424     0.00796369
      105     0.00000203     0.99231681     0.00768116
      106     0.00000197     0.99264062     0.00735741
      107     0.00000191     0.99298146     0.00701664
      108     0.00000184     0.99331298     0.00668518
      109     0.00000176     0.99361246     0.00638577
      110     0.00000169     0.99386324     0.00613507
      111     0.00000162     0.99405797     0.00594041
      112     0.00000155     0.99419809     0.00580036
      113     0.00000147     0.99429272     0.00570581
      114     0.00000138     0.99435580     0.00564282
      115     0.00000128     0.99440283     0.00559590
      116     0.00000116     0.99444911     0.00554972
      117     0.00000104     0.99450728     0.00549168
      118     0.00000091     0.99458700     0.00541209
      119     0.00000077     0.99469551     0.00530372
      120     0.00000064     0.99483725     0.00516210
