#     Density Matrix: population Re; see the manual for detail orders
        0     0.00000000     0.00000000     1.00000000
        1     0.00000002     0.00000010     0.99999988
        2     0.00000003     0.00000111     0.99999886
        3     0.00000006     0.00000309     0.99999685
        4     0.00000008     0.00000456     0.99999536
        5     0.00000013     0.00000449     0.99999538
        6     0.00000016     0.00000350     0.99999634
        7     0.00000021     0.00000255     0.99999725
        8     0.00000024     0.00000181     0.99999794
        9     0.00000028     0.00000109     0.99999863
       10     0.00000031     0.00000119     0.99999850
       11     0.00000034     0.00000873     0.99999092
       12     0.00000037     0.00008095     0.99991868
       13     0.00000039     0.00234288     0.99765673
       14     0.00000040     0.00180035     0.99819925
       15     0.00000042     0.01056226     0.98943732
       16     0.00000042     0.00443241     0.99556718
       17     0.00000044     0.00321142     0.99678815
       18     0.00000045     0.00267723     0.99732231
       19     0.00000047     0.00233151     0.99766802
       20     0.00000049     0.00205718     0.99794233
       21     0.00000049     0.00182019     0.99817931
       22     0.00000048     0.00160922     0.99839030
       23     0.00000047     0.00142013     0.99857941
       24     0.00000045     0.00124953     0.99875002
       25     0.00000044     0.00109511     0.99890445
       26     0.00000042     0.00095502     0.99904456
       27     0.00000041     0.00082896     0.99917063
       28     0.00000040     0.00072288     0.99927673
       29     0.00000039     0.00066308     0.99933653
       30     0.00000038     0.00076005     0.99923957
       31     0.00000037     0.00163306     0.99836657
       32     0.00000036     0.01242845     0.98757119
       33     0.00000023     0.35010068     0.64989909
       34     0.00000025     0.84087825     0.15912150
       35     0.00000052     0.89509795     0.10490153
       36     0.00000039     0.90664581     0.09335380
       37     0.00000024     0.91152199     0.08847777
       38     0.00000039     0.91412244     0.08587717
       39     0.00000044     0.91569164     0.08430792
       40     0.00000030     0.91672631     0.08327339
       41     0.00000030     0.91747764     0.08252205
       42     0.00000041     0.91808710     0.08191250
       43     0.00000037     0.91865609     0.08134354
       44     0.00000029     0.91925826     0.08074146
       45     0.00000033     0.91994089     0.08005878
       46     0.00000037     0.92074612     0.07925351
       47     0.00000031     0.92169694     0.07830274
       48     0.00000028     0.92279392     0.07720580
       49     0.00000031     0.92403668     0.07596301
       50     0.00000032     0.92539811     0.07460157
       51     0.00000028     0.92685047     0.07314925
       52     0.00000026     0.92834910     0.07165064
       53     0.00000028     0.92985606     0.07014366
       54     0.00000029     0.93133467     0.06866505
       55     0.00000026     0.93274581     0.06725393
       56     0.00000025     0.93406609     0.06593366
       57     0.00000027     0.93528484     0.06471488
       58     0.00000029     0.93640566     0.06359405
       59     0.00000028     0.93744201     0.06255771
       60     0.00000029     0.93842638     0.06157334
       61     0.00000032     0.93939547     0.06060421
       62     0.00000036     0.94038991     0.05960973
       63     0.00000038     0.94144813     0.05855149
       64     0.00000041     0.94260224     0.05739735
       65     0.00000047     0.94386935     0.05613018
       66     0.00000054     0.94524979     0.05474966
       67     0.00000060     0.94672853     0.05327086
       68     0.00000065     0.94827242     0.05172692
       69     0.00000074     0.94983859     0.05016068
       70     0.00000084     0.95138259     0.04861658
       71     0.00000091     0.95285705     0.04714204
       72     0.00000094     0.95422350     0.04577556
       73     0.00000099     0.95545664     0.04454237
       74     0.00000105     0.95656333     0.04343562
       75     0.00000109     0.95757161     0.04242730
       76     0.00000110     0.95852488     0.04147402
       77     0.00000109     0.95947626     0.04052265
       78     0.00000110     0.96048109     0.03951781
       79     0.00000114     0.96158790     0.03841097
       80     0.00000117     0.96282550     0.03717333
       81     0.00000120     0.96419483     0.03580397
       82     0.00000126     0.96566636     0.03433239
       83     0.00000136     0.96718166     0.03281697
       84     0.00000152     0.96865563     0.03134285
       85     0.00000169     0.96999656     0.03000176
       86     0.00000186     0.97112028     0.02887786
       87     0.00000207     0.97196466     0.02803328
       88     0.00000230     0.97250050     0.02749720
       89     0.00000255     0.97274473     0.02725272
       90     0.00000276     0.97275509     0.02724215
       91     0.00000290     0.97262980     0.02736730
       92     0.00000300     0.97249628     0.02750071
       93     0.00000308     0.97249172     0.02750520
       94     0.00000311     0.97274741     0.02724949
       95     0.00000309     0.97336368     0.02663324
       96     0.00000301     0.97440009     0.02559690
       97     0.00000294     0.97585606     0.02414101
       98     0.00000290     0.97766771     0.02232939
       99     0.00000293     0.97971669     0.02028038
      100     0.00000305     0.98183722     0.01815973
      101     0.00000326     0.98384106     0.01615569
      102     0.00000357     0.98554702     0.01444941
      103     0.00000399     0.98681098     0.01318503
      104     0.00000445     0.98755282     0.01244273
      105     0.00000488     0.98777987     0.01221525
      106     0.00000524     0.98759069     0.01240407
      107     0.00000550     0.98716484     0.01282966
      108     0.00000560     0.98673580     0.01325860
      109     0.00000552     0.98654335     0.01345112
      110     0.00000526     0.98678763     0.01320711
      111     0.00000488     0.98757399     0.01242113
      112     0.00000450     0.98888377     0.01111173
      113     0.00000426     0.99056763     0.00942811
      114     0.00000424     0.99237282     0.00762295
      115     0.00000445     0.99399534     0.00600021
      116     0.00000480     0.99516122     0.00483398
      117     0.00000516     0.99570811     0.00428672
      118     0.00000543     0.99563671     0.00435786
      119     0.00000557     0.99511908     0.00487535
      120     0.00000559     0.99445331     0.00554110
