#     Density Matrix: population Re; see the manual for detail orders
        0     0.00000000     0.00000000     1.00000000
        1     0.00000002     0.00000790     0.99999208
        2     0.00000003     0.00004808     0.99995189
        3     0.00000006     0.00006517     0.99993477
        4     0.00000008     0.00004517     0.99995476
        5     0.00000011     0.00001955     0.99998033
        6     0.00000013     0.00000924     0.99999062
        7     0.00000016     0.00000800     0.99999183
        8     0.00000019     0.00000811     0.99999170
        9     0.00000021     0.00001892     0.99998087
       10     0.00000023     0.00006501     0.99993475
       11     0.00000025     0.00019196     0.99980779
       12     0.00000027     0.00052878     0.99947094
       13     0.00000029     0.00160762     0.99839209
       14     0.00000031     0.00673376     0.99326593
       15     0.00000032     0.06348461     0.93651507
       16     0.00000025     0.07530665     0.92469310
       17     0.00000029     0.29183505     0.70816467
       18     0.00000029     0.08722285     0.91277687
       19     0.00000044     0.05541061     0.94458895
       20     0.00000037     0.04842822     0.95157141
       21     0.00000041     0.04699461     0.95300498
       22     0.00000044     0.04686652     0.95313304
       23     0.00000046     0.04699520     0.95300435
       24     0.00000050     0.04712640     0.95287310
       25     0.00000051     0.04722846     0.95277104
       26     0.00000050     0.04733309     0.95266641
       27     0.00000050     0.04745862     0.95254089
       28     0.00000049     0.04761025     0.95238926
       29     0.00000049     0.04778283     0.95221669
       30     0.00000048     0.04792166     0.95207786
       31     0.00000046     0.04786071     0.95213883
       32     0.00000044     0.04686367     0.95313589
       33     0.00000033     0.05410934     0.94589033
       34     0.00000015     0.52983816     0.47016169
       35     0.00000037     0.87289989     0.12709974
       36     0.00000067     0.87632191     0.12367741
       37     0.00000037     0.87709445     0.12290518
       38     0.00000021     0.87740877     0.12259102
       39     0.00000044     0.87770368     0.12229588
       40     0.00000048     0.87813053     0.12186899
       41     0.00000029     0.87873358     0.12126613
       42     0.00000027     0.87955512     0.12044460
       43     0.00000042     0.88060552     0.11939406
       44     0.00000040     0.88189340     0.11810620
       45     0.00000028     0.88342169     0.11657802
       46     0.00000030     0.88518396     0.11481573
       47     0.00000041     0.88714805     0.11285154
       48     0.00000040     0.88927468     0.11072492
       49     0.00000033     0.89150449     0.10849518
       50     0.00000035     0.89376728     0.10623237
       51     0.00000045     0.89599286     0.10400670
       52     0.00000047     0.89810947     0.10189007
       53     0.00000043     0.90006341     0.09993616
       54     0.00000046     0.90180435     0.09819519
       55     0.00000055     0.90331861     0.09668083
       56     0.00000061     0.90459849     0.09540090
       57     0.00000061     0.90566586     0.09433353
       58     0.00000064     0.90656412     0.09343524
       59     0.00000074     0.90734616     0.09265310
       60     0.00000083     0.90807236     0.09192681
       61     0.00000086     0.90880087     0.09119827
       62     0.00000088     0.90958720     0.09041193
       63     0.00000095     0.91048089     0.08951816
       64     0.00000104     0.91150240     0.08849656
       65     0.00000108     0.91266832     0.08733060
       66     0.00000107     0.91397258     0.08602635
       67     0.00000108     0.91538913     0.08460979
       68     0.00000113     0.91689117     0.08310771
       69     0.00000115     0.91843682     0.08156202
       70     0.00000113     0.91999173     0.08000714
       71     0.00000110     0.92152428     0.07847463
       72     0.00000110     0.92300942     0.07698947
       73     0.00000114     0.92443717     0.07556169
       74     0.00000119     0.92580084     0.07419797
       75     0.00000122     0.92710379     0.07289499
       76     0.00000127     0.92835872     0.07164001
       77     0.00000138     0.92956975     0.07042887
       78     0.00000153     0.93074177     0.06925670
       79     0.00000169     0.93186716     0.06813115
       80     0.00000183     0.93293472     0.06706345
       81     0.00000197     0.93392342     0.06607461
       82     0.00000213     0.93480976     0.06518811
       83     0.00000229     0.93557621     0.06442150
       84     0.00000242     0.93621416     0.06378342
       85     0.00000248     0.93673075     0.06326677
       86     0.00000249     0.93715616     0.06284135
       87     0.00000248     0.93754401     0.06245350
       88     0.00000246     0.93797025     0.06202729
       89     0.00000239     0.93852252     0.06147510
       90     0.00000226     0.93929493     0.06070280
       91     0.00000211     0.94037115     0.05962675
       92     0.00000196     0.94181491     0.05818313
       93     0.00000184     0.94365044     0.05634772
       94     0.00000174     0.94585943     0.05413883
       95     0.00000168     0.94837193     0.05162639
       96     0.00000167     0.95107156     0.04892677
       97     0.00000174     0.95379907     0.04619919
       98     0.00000191     0.95636706     0.04363103
       99     0.00000219     0.95858534     0.04141247
      100     0.00000256     0.96028362     0.03971382
      101     0.00000299     0.96134257     0.03865444
      102     0.00000343     0.96172393     0.03827264
      103     0.00000387     0.96148944     0.03850669
      104     0.00000425     0.96081720     0.03917855
      105     0.00000451     0.95998973     0.04000576
      106     0.00000458     0.95936733     0.04062809
      107     0.00000445     0.95933454     0.04066101
      108     0.00000413     0.96022574     0.03977013
      109     0.00000369     0.96225445     0.03774186
      110     0.00000322     0.96544308     0.03455370
      111     0.00000284     0.96958374     0.03041342
      112     0.00000267     0.97425038     0.02574695
      113     0.00000279     0.97886824     0.02112897
      114     0.00000323     0.98282930     0.01716747
      115     0.00000393     0.98564789     0.01434818
      116     0.00000475     0.98709613     0.01289911
      117     0.00000550     0.98728966     0.01270484
      118     0.00000599     0.98668139     0.01331262
      119     0.00000608     0.98593833     0.01405558
      120     0.00000579     0.98574043     0.01425378
