#     Density Matrix: population Re; see the manual for detail orders
        0     0.00000000     0.00000000     1.00000000
        1     0.00000003     0.00006514     0.99993483
        2     0.00000005     0.00059862     0.99940133
        3     0.00000010     0.00160754     0.99839237
        4     0.00000013     0.00277771     0.99722215
        5     0.00000021     0.00384212     0.99615767
        6     0.00000027     0.00530630     0.99469343
        7     0.00000032     0.00995509     0.99004460
        8     0.00000041     0.02683572     0.97316387
        9     0.00000035     0.08210257     0.91789708
       10     0.00000040     0.22374317     0.77625643
       11     0.00000018     0.40773815     0.59226167
       12     0.00000085     0.43343218     0.56656697
       13     0.00000095     0.32267229     0.67732675
       14     0.00000115     0.23484620     0.76515265
       15     0.00000191     0.17744491     0.82255318
       16     0.00000053     0.14029274     0.85970673
       17     0.00000105     0.11592961     0.88406934
       18     0.00000105     0.09914353     0.90085541
       19     0.00000022     0.08625475     0.91374503
       20     0.00000084     0.07502708     0.92497208
       21     0.00000051     0.06434800     0.93565150
       22     0.00000006     0.05389678     0.94610317
       23     0.00000056     0.04380919     0.95619025
       24     0.00000027     0.03442277     0.96557696
       25     0.00000005     0.02597482     0.97402514
       26     0.00000049     0.01875717     0.98124234
       27     0.00000019     0.01292277     0.98707705
       28     0.00000000     1.00000000     0.00000000
       29     0.00000025     0.99969855     0.00030120
       30     0.00000036     0.99866824     0.00133140
       31     0.00000007     0.99673344     0.00326649
       32     0.00000007     0.99376781     0.00623212
       33     0.00000032     0.98974194     0.01025774
       34     0.00000020     0.98476656     0.01523323
       35     0.00000001     0.97914407     0.02085592
       36     0.00000020     0.97340418     0.02659562
       37     0.00000028     0.96829074     0.03170898
       38     0.00000006     0.96464999     0.03534996
       39     0.00000008     0.96316776     0.03683215
       40     0.00000026     0.96393951     0.03606023
       41     0.00000013     0.96597794     0.03402193
       42     0.00000004     0.96704991     0.03295006
       43     0.00000021     0.96443343     0.03556636
       44     0.00000021     0.95680442     0.04319536
       45     0.00000003     0.94638051     0.05361946
       46     0.00000016     0.93877794     0.06122190
       47     0.00000032     0.93926969     0.06072999
       48     0.00000013     0.94873322     0.05126665
       49     0.00000009     0.96364466     0.03635524
       50     0.00000022     0.97906047     0.02093930
       51     0.00000000     1.00000000     0.00000000
       52     0.00000003     0.99515857     0.00484140
       53     0.00000004     0.98565834     0.01434161
       54     0.00000001     0.97861566     0.02138433
       55     0.00000003     0.97793178     0.02206819
       56     0.00000002     0.98294727     0.01705270
       57     0.00000001     0.98971725     0.01028274
       58     0.00000000     1.00000000     0.00000000
       59     0.00000004     0.99945451     0.00054545
       60     0.00000007     0.99847198     0.00152795
       61     0.00000001     0.99796978     0.00203021
       62     0.00000004     0.99828453     0.00171543
       63     0.00000011     0.99903820     0.00096169
       64     0.00000006     0.99957545     0.00042449
       65     0.00000004     0.99955501     0.00044495
       66     0.00000018     0.99917821     0.00082161
       67     0.00000016     0.99889256     0.00110727
       68     0.00000006     0.99892980     0.00107014
       69     0.00000023     0.99914868     0.00085109
       70     0.00000031     0.99928757     0.00071211
       71     0.00000016     0.99927081     0.00072903
       72     0.00000030     0.99921784     0.00078186
       73     0.00000052     0.99921107     0.00078841
       74     0.00000034     0.99918481     0.00081485
       75     0.00000038     0.99908573     0.00091388
       76     0.00000077     0.99903092     0.00096831
       77     0.00000070     0.99916499     0.00083431
       78     0.00000057     0.99938515     0.00061428
       79     0.00000102     0.99938725     0.00061173
       80     0.00000119     0.99907301     0.00092580
       81     0.00000094     0.99877714     0.00122193
       82     0.00000130     0.99890367     0.00109503
       83     0.00000181     0.99936524     0.00063295
       84     0.00000159     0.99959581     0.00040260
       85     0.00000158     0.99923871     0.00075971
       86     0.00000231     0.99865660     0.00134110
       87     0.00000250     0.99855185     0.00144565
       88     0.00000215     0.99909044     0.00090741
       89     0.00000259     0.99964780     0.00034961
       90     0.00000332     0.99953483     0.00046186
       91     0.00000312     0.99883852     0.00115836
       92     0.00000290     0.99834645     0.00165064
       93     0.00000374     0.99862770     0.00136857
       94     0.00000432     0.99936324     0.00063244
       95     0.00000372     0.99972431     0.00027197
       96     0.00000354     0.99932020     0.00067626
       97     0.00000430     0.99862402     0.00137168
       98     0.00000476     0.99840393     0.00159131
       99     0.00000436     0.99886442     0.00113122
      100     0.00000425     0.99947849     0.00051726
      101     0.00000468     0.99961051     0.00038481
      102     0.00000484     0.99918555     0.00080961
      103     0.00000461     0.99871331     0.00128208
      104     0.00000457     0.99868143     0.00131400
      105     0.00000499     0.99906174     0.00093328
      106     0.00000534     0.99942224     0.00057242
      107     0.00000526     0.99942253     0.00057221
      108     0.00000483     0.99913677     0.00085840
      109     0.00000480     0.99890613     0.00108907
      110     0.00000545     0.99894736     0.00104719
      111     0.00000604     0.99915270     0.00084126
      112     0.00000591     0.99928348     0.00071061
      113     0.00000554     0.99924066     0.00075380
      114     0.00000583     0.99912631     0.00086786
      115     0.00000667     0.99907787     0.00091547
      116     0.00000736     0.99910815     0.00088449
      117     0.00000749     0.99914366     0.00084885
      118     0.00000747     0.99914913     0.00084340
      119     0.00000799     0.99915541     0.00083659
      120     0.00000927     0.99917792     0.00081281
