#     Density Matrix: population Re; see the manual for detail orders
        0     0.00000000     0.00000000     1.00000000
        1     0.00000001     0.00000638     0.99999361
        2     0.00000003     0.00005530     0.99994467
        3     0.00000008     0.00013471     0.99986521
        4     0.00000013     0.00020099     0.99979888
        5     0.00000020     0.00021760     0.99978220
        6     0.00000027     0.00020276     0.99979697
        7     0.00000035     0.00027468     0.99972498
        8     0.00000044     0.00070405     0.99929551
        9     0.00000048     0.00207507     0.99792445
       10     0.00000058     0.00602696     0.99397246
       11     0.00000054     0.01927300     0.98072645
       12     0.00000063     0.08161139     0.91838798
       13     0.00000038     0.38992551     0.61007411
       14     0.00000026     0.66812095     0.33187878
       15     0.00000031     0.41244717     0.58755252
       16     0.00000051     0.32158861     0.67841088
       17     0.00000037     0.26746891     0.73253072
       18     0.00000046     0.23822742     0.76177212
       19     0.00000059     0.22478022     0.77521919
       20     0.00000051     0.22090288     0.77909661
       21     0.00000034     0.22246913     0.77753053
       22     0.00000002     0.22686724     0.77313274
       23     0.00000041     0.23246449     0.76753509
       24     0.00000022     0.23839267     0.76160711
       25     0.00000019     0.24431546     0.75568434
       26     0.00000107     0.24988927     0.75010966
       27     0.00000037     0.25507253     0.74492710
       28     0.00000033     0.25991805     0.74008163
       29     0.00000173     0.26371380     0.73628446
       30     0.00000085     0.26633047     0.73366869
       31     0.00000047     0.26726601     0.73273352
       32     0.00000213     0.26507926     0.73491861
       33     0.00000134     0.25703724     0.74296143
       34     0.00000047     0.24126053     0.75873901
       35     0.00000206     0.21896870     0.78102924
       36     0.00000186     0.19226070     0.80773743
       37     0.00000016     0.16352540     0.83647444
       38     0.00000100     0.13887903     0.86111997
       39     0.00000209     0.14564358     0.85435433
       40     0.00000059     0.22410645     0.77589296
       41     0.00000038     0.33012575     0.66987387
       42     0.00000239     0.38121454     0.61878307
       43     0.00000181     0.38673231     0.61326587
       44     0.00000007     0.39020215     0.60979778
       45     0.00000095     0.41384798     0.58615108
       46     0.00000155     0.43237293     0.56762552
       47     0.00000073     0.40180610     0.59819317
       48     0.00000054     0.33830633     0.66169313
       49     0.00000077     0.27669285     0.72330639
       50     0.00000074     0.22664731     0.77335195
       51     0.00000081     0.18950592     0.81049328
       52     0.00000076     0.16239485     0.83760439
       53     0.00000064     0.14243428     0.85756508
       54     0.00000090     0.12717057     0.87282852
       55     0.00000107     0.11530867     0.88469026
       56     0.00000084     0.10637029     0.89362887
       57     0.00000085     0.09948987     0.90050928
       58     0.00000118     0.09379986     0.90619896
       59     0.00000107     0.08908157     0.91091735
       60     0.00000086     0.08527624     0.91472290
       61     0.00000109     0.08240340     0.91759551
       62     0.00000125     0.08048536     0.91951338
       63     0.00000094     0.07953889     0.92046016
       64     0.00000093     0.07992407     0.92007501
       65     0.00000128     0.08232931     0.91766941
       66     0.00000118     0.08760252     0.91239630
       67     0.00000093     0.09895488     0.90104419
       68     0.00000113     0.12239844     0.87760043
       69     0.00000126     0.16503563     0.83496311
       70     0.00000102     0.23559203     0.76440694
       71     0.00000095     0.29511852     0.70488053
       72     0.00000100     0.28654962     0.71344938
       73     0.00000103     0.21066012     0.78933885
       74     0.00000103     0.10525334     0.89474563
       75     0.00000120     0.02327945     0.97671935
       76     0.00000000     0.00000000     1.00000000
       77     0.00000004     0.01860198     0.98139798
       78     0.00000008     0.04840151     0.95159841
       79     0.00000003     0.07277925     0.92722072
       80     0.00000004     0.09010841     0.90989155
       81     0.00000014     0.10175416     0.89824569
       82     0.00000014     0.10946372     0.89053614
       83     0.00000005     0.11450989     0.88549005
       84     0.00000012     0.11752095     0.88247893
       85     0.00000021     0.11907031     0.88092948
       86     0.00000010     0.11944010     0.88055980
       87     0.00000009     0.11884449     0.88115542
       88     0.00000021     0.11745099     0.88254880
       89     0.00000016     0.11535332     0.88464652
       90     0.00000006     0.11265703     0.88734291
       91     0.00000016     0.10947544     0.89052440
       92     0.00000019     0.10594263     0.89405718
       93     0.00000007     0.10216978     0.89783016
       94     0.00000012     0.09827604     0.90172384
       95     0.00000023     0.09433666     0.90566310
       96     0.00000009     0.09042680     0.90957311
       97     0.00000007     0.08662427     0.91337566
       98     0.00000019     0.08297221     0.91702760
       99     0.00000019     0.07952644     0.92047337
      100     0.00000009     0.07630739     0.92369251
      101     0.00000013     0.07333636     0.92666351
      102     0.00000014     0.07060762     0.92939225
      103     0.00000010     0.06813507     0.93186482
      104     0.00000017     0.06590413     0.93409570
      105     0.00000010     0.06384667     0.93615323
      106     0.00000009     0.06194830     0.93805162
      107     0.00000022     0.06021071     0.93978908
      108     0.00000025     0.05856817     0.94143159
      109     0.00000007     0.05692123     0.94307870
      110     0.00000009     0.05526237     0.94473753
      111     0.00000035     0.05365755     0.94634210
      112     0.00000032     0.05214355     0.94785613
      113     0.00000009     0.05088285     0.94911707
      114     0.00000021     0.05036213     0.94963767
      115     0.00000041     0.05151216     0.94848743
      116     0.00000022     0.05629688     0.94370290
      117     0.00000008     0.06925096     0.93074896
      118     0.00000030     0.10166202     0.89833768
      119     0.00000037     0.17910294     0.82089670
      120     0.00000012     0.32847602     0.67152385
