#     Density Matrix: population Re; see the manual for detail orders
        0     0.00000000     0.00000000     1.00000000
        1     0.00000006     0.00000001     0.99999993
        2     0.00000007     0.00000063     0.99999930
        3     0.00000022     0.00000563     0.99999415
        4     0.00000020     0.00002247     0.99997733
        5     0.00000048     0.00005863     0.99994089
        6     0.00000040     0.00012318     0.99987642
        7     0.00000076     0.00024558     0.99975365
        8     0.00000063     0.00052779     0.99947158
        9     0.00000098     0.00129329     0.99870573
       10     0.00000082     0.00365708     0.99634210
       11     0.00000101     0.01246122     0.98753778
       12     0.00000088     0.05786497     0.94213415
       13     0.00000060     0.34308644     0.65691296
       14     0.00000023     0.70920822     0.29079155
       15     0.00000109     0.42534340     0.57465551
       16     0.00000173     0.31244375     0.68755452
       17     0.00000006     0.27456858     0.72543136
       18     0.00000192     0.25114157     0.74885650
       19     0.00000083     0.23839438     0.76160479
       20     0.00000048     0.23287830     0.76712122
       21     0.00000192     0.23177896     0.76821912
       22     0.00000028     0.23296492     0.76703480
       23     0.00000093     0.23492737     0.76507170
       24     0.00000157     0.23666505     0.76333338
       25     0.00000012     0.23756522     0.76243466
       26     0.00000117     0.23727496     0.76272386
       27     0.00000146     0.23559421     0.76440433
       28     0.00000010     0.23238760     0.76761230
       29     0.00000118     0.22750900     0.77248982
       30     0.00000155     0.22073139     0.77926706
       31     0.00000014     0.21166422     0.78833565
       32     0.00000098     0.19963224     0.80036678
       33     0.00000177     0.18347040     0.81652783
       34     0.00000033     0.16117458     0.83882509
       35     0.00000059     0.12951769     0.87048172
       36     0.00000195     0.08628121     0.91371684
       37     0.00000083     0.05824544     0.94175373
       38     0.00000017     0.15683800     0.84316183
       39     0.00000181     0.36258258     0.63741561
       40     0.00000164     0.52144089     0.47855747
       41     0.00000005     0.62069998     0.37929997
       42     0.00000107     0.67861572     0.32138321
       43     0.00000214     0.71399980     0.28599806
       44     0.00000060     0.73720601     0.26279339
       45     0.00000027     0.75342378     0.24657596
       46     0.00000204     0.76535534     0.23464262
       47     0.00000167     0.77449616     0.22550217
       48     0.00000004     0.78171669     0.21828327
       49     0.00000113     0.78754875     0.21245012
       50     0.00000249     0.79233583     0.20766168
       51     0.00000093     0.79630347     0.20369560
       52     0.00000013     0.79959881     0.20040106
       53     0.00000213     0.80232307     0.19767481
       54     0.00000244     0.80454931     0.19544825
       55     0.00000035     0.80632665     0.19367300
       56     0.00000074     0.80768748     0.19231178
       57     0.00000296     0.80866243     0.19133461
       58     0.00000209     0.80928674     0.19071117
       59     0.00000009     0.80960113     0.19039878
       60     0.00000153     0.80966081     0.19033766
       61     0.00000333     0.80954927     0.19044740
       62     0.00000158     0.80938239     0.19061603
       63     0.00000008     0.80930364     0.19069628
       64     0.00000189     0.80948464     0.19051347
       65     0.00000298     0.81012447     0.18987255
       66     0.00000114     0.81143143     0.18856743
       67     0.00000002     0.81359141     0.18640857
       68     0.00000126     0.81673973     0.18325901
       69     0.00000225     0.82093224     0.17906551
       70     0.00000151     0.82610526     0.17389323
       71     0.00000021     0.83203211     0.16796767
       72     0.00000040     0.83830487     0.16169473
       73     0.00000276     0.84434438     0.15565285
       74     0.00000421     0.84942704     0.15056875
       75     0.00000216     0.85273995     0.14725789
       76     0.00000126     0.85348447     0.14651426
       77     0.00000582     0.85102526     0.14896893
       78     0.00000934     0.84504433     0.15494633
       79     0.00000597     0.83567677     0.16431726
       80     0.00000333     0.82361852     0.17637815
       81     0.00000798     0.81016403     0.18982799
       82     0.00001158     0.79712463     0.20286379
       83     0.00000720     0.78659293     0.21339987
       84     0.00000246     0.78057320     0.21942434
       85     0.00000384     0.78054452     0.21945163
       86     0.00000619     0.78702511     0.21296870
       87     0.00000495     0.79923542     0.20075963
       88     0.00000227     0.81500727     0.18499046
       89     0.00000076     0.83105994     0.16893930
       90     0.00000262     0.84365918     0.15633820
       91     0.00000833     0.84956691     0.15042476
       92     0.00001160     0.84704841     0.15293998
       93     0.00000807     0.83663677     0.16335516
       94     0.00000540     0.82131917     0.17867543
       95     0.00000959     0.80590599     0.19408442
       96     0.00001282     0.79559549     0.20439169
       97     0.00000881     0.79408685     0.20590434
       98     0.00000323     0.80193612     0.19806065
       99     0.00000139     0.81595426     0.18404434
      100     0.00000366     0.83016233     0.16983401
      101     0.00000998     0.83822684     0.16176318
      102     0.00001510     0.83647363     0.16351127
      103     0.00001253     0.82601402     0.17397345
      104     0.00000764     0.81260154     0.18739081
      105     0.00000847     0.80379918     0.19619235
      106     0.00001135     0.80464578     0.19534287
      107     0.00001192     0.81431904     0.18566904
      108     0.00001190     0.82622829     0.17375981
      109     0.00001105     0.83218376     0.16780519
      110     0.00001095     0.82820217     0.17178689
      111     0.00001623     0.81773319     0.18225058
      112     0.00002243     0.80933738     0.19064019
      113     0.00002202     0.80981434     0.19016364
      114     0.00001863     0.81826201     0.18171936
      115     0.00001760     0.82663268     0.17334972
      116     0.00002029     0.82711579     0.17286392
      117     0.00002924     0.81980114     0.18016962
      118     0.00004013     0.81268285     0.18727702
      119     0.00004554     0.81323821     0.18671625
      120     0.00004952     0.82020801     0.17974247
