#     Density Matrix: population Re; see the manual for detail orders
        0     0.00000000     0.00000000     1.00000000
        1     0.00000000     0.00000229     0.99999771
        2     0.00000001     0.00001489     0.99998510
        3     0.00000004     0.00002359     0.99997637
        4     0.00000006     0.00002114     0.99997880
        5     0.00000010     0.00001126     0.99998864
        6     0.00000013     0.00000221     0.99999766
        7     0.00000016     0.00000161     0.99999822
        8     0.00000019     0.00001528     0.99998453
        9     0.00000022     0.00005110     0.99994868
       10     0.00000024     0.00013853     0.99986123
       11     0.00000027     0.00044424     0.99955549
       12     0.00000028     0.00260522     0.99739450
       13     0.00000012     0.58291153     0.41708836
       14     0.00000003     0.45404103     0.54595894
       15     0.00000104     0.21095933     0.78903962
       16     0.00000024     0.17184176     0.82815801
       17     0.00000027     0.14146099     0.85853873
       18     0.00000041     0.11841244     0.88158716
       19     0.00000015     0.10086110     0.89913875
       20     0.00000027     0.08733425     0.91266548
       21     0.00000020     0.07678644     0.92321336
       22     0.00000019     0.06848545     0.93151437
       23     0.00000022     0.06189274     0.93810703
       24     0.00000019     0.05662094     0.94337887
       25     0.00000020     0.05236340     0.94763640
       26     0.00000021     0.04889007     0.95110972
       27     0.00000020     0.04600619     0.95399361
       28     0.00000020     0.04355775     0.95644205
       29     0.00000021     0.04144037     0.95855943
       30     0.00000020     0.03955842     0.96044138
       31     0.00000021     0.03784521     0.96215459
       32     0.00000021     0.03626613     0.96373366
       33     0.00000020     0.03478870     0.96521110
       34     0.00000020     0.03340363     0.96659617
       35     0.00000020     0.03212309     0.96787672
       36     0.00000019     0.03097545     0.96902436
       37     0.00000019     0.03002547     0.96997434
       38     0.00000018     0.02940708     0.97059273
       39     0.00000017     0.02942173     0.97057809
       40     0.00000017     0.03086484     0.96913499
       41     0.00000016     0.03635857     0.96364127
       42     0.00000015     0.05805964     0.94194021
       43     0.00000013     0.18198863     0.81801124
       44     0.00000012     0.56180396     0.43819592
       45     0.00000014     0.85589198     0.14410788
       46     0.00000014     0.92907532     0.07092453
       47     0.00000010     0.94970002     0.05029988
       48     0.00000008     0.95843510     0.04156482
       49     0.00000009     0.96315419     0.03684571
       50     0.00000008     0.96612129     0.03387863
       51     0.00000005     0.96818764     0.03181231
       52     0.00000004     0.96973909     0.03026087
       53     0.00000005     0.97097470     0.02902526
       54     0.00000003     0.97200600     0.02799397
       55     0.00000002     0.97290131     0.02709867
       56     0.00000002     0.97370241     0.02629757
       57     0.00000002     0.97443463     0.02556536
       58     0.00000001     0.97511136     0.02488863
       59     0.00000001     0.97573949     0.02426050
       60     0.00000001     0.97631830     0.02368169
       61     0.00000001     0.97684486     0.02315513
       62     0.00000001     0.97731482     0.02268518
       63     0.00000001     0.97772076     0.02227924
       64     0.00000001     0.97805718     0.02194281
       65     0.00000001     0.97831864     0.02168135
       66     0.00000001     0.97850145     0.02149854
       67     0.00000001     0.97860509     0.02139490
       68     0.00000002     0.97863124     0.02136875
       69     0.00000002     0.97858562     0.02141437
       70     0.00000001     0.97847734     0.02152264
       71     0.00000002     0.97831913     0.02168085
       72     0.00000003     0.97812799     0.02187199
       73     0.00000003     0.97792322     0.02207675
       74     0.00000003     0.97772583     0.02227414
       75     0.00000004     0.97755763     0.02244233
       76     0.00000006     0.97743246     0.02256748
       77     0.00000007     0.97737141     0.02262852
       78     0.00000009     0.97739311     0.02260680
       79     0.00000013     0.97749836     0.02250150
       80     0.00000015     0.97768230     0.02231754
       81     0.00000016     0.97793336     0.02206648
       82     0.00000017     0.97823963     0.02176020
       83     0.00000024     0.97857631     0.02142345
       84     0.00000028     0.97891501     0.02108471
       85     0.00000027     0.97922821     0.02077151
       86     0.00000029     0.97948868     0.02051103
       87     0.00000037     0.97968374     0.02031588
       88     0.00000040     0.97980872     0.02019088
       89     0.00000036     0.97987416     0.02012547
       90     0.00000036     0.97991438     0.02008527
       91     0.00000040     0.97996827     0.02003133
       92     0.00000041     0.98009491     0.01990468
       93     0.00000035     0.98036236     0.01963729
       94     0.00000032     0.98084272     0.01915697
       95     0.00000032     0.98159432     0.01840536
       96     0.00000031     0.98264763     0.01735206
       97     0.00000027     0.98400103     0.01599870
       98     0.00000025     0.98560520     0.01439455
       99     0.00000028     0.98735726     0.01264247
      100     0.00000036     0.98912218     0.01087746
      101     0.00000048     0.99073613     0.00926339
      102     0.00000064     0.99204793     0.00795143
      103     0.00000086     0.99294261     0.00705653
      104     0.00000119     0.99335349     0.00664532
      105     0.00000158     0.99329300     0.00670542
      106     0.00000193     0.99287116     0.00712692
      107     0.00000222     0.99227994     0.00771784
      108     0.00000250     0.99176593     0.00823157
      109     0.00000273     0.99157269     0.00842458
      110     0.00000285     0.99188404     0.00811311
      111     0.00000290     0.99276526     0.00723184
      112     0.00000298     0.99413462     0.00586240
      113     0.00000317     0.99577260     0.00422424
      114     0.00000350     0.99737691     0.00261959
      115     0.00000397     0.99864818     0.00134785
      116     0.00000456     0.99937910     0.00061634
      117     0.00000522     0.99951830     0.00047649
      118     0.00000586     0.99918324     0.00081090
      119     0.00000644     0.99861755     0.00137602
      120     0.00000680     0.99810566     0.00188754
