#     Density Matrix: population Re; see the manual for detail orders
        0     0.00000000     0.00000000     1.00000000
        1     0.00000001     0.00000435     0.99999564
        2     0.00000000     0.00002629     0.99997371
        3     0.00000000     0.00003571     0.99996429
        4     0.00000001     0.00002930     0.99997069
        5     0.00000001     0.00002870     0.99997129
        6     0.00000013     0.00003696     0.99996291
        7     0.00000023     0.00003281     0.99996696
        8     0.00000050     0.00001294     0.99998657
        9     0.00000058     0.00001694     0.99998248
       10     0.00000084     0.00010679     0.99989237
       11     0.00000086     0.00034761     0.99965153
       12     0.00000109     0.00086317     0.99913575
       13     0.00000099     0.00221015     0.99778886
       14     0.00000151     0.00820052     0.99179797
       15     0.00000112     0.07741450     0.92258438
       16     0.00000101     0.12906353     0.87093546
       17     0.00000244     0.42024760     0.57974996
       18     0.00000003     0.18416767     0.81583230
       19     0.00000220     0.16172724     0.83827056
       20     0.00000122     0.15844361     0.84155517
       21     0.00000040     0.16226034     0.83773926
       22     0.00000290     0.16852759     0.83146951
       23     0.00000074     0.17516494     0.82483431
       24     0.00000089     0.18126868     0.81873042
       25     0.00000285     0.18651023     0.81348691
       26     0.00000038     0.19075444     0.80924517
       27     0.00000126     0.19400810     0.80599064
       28     0.00000248     0.19641861     0.80357892
       29     0.00000029     0.19814324     0.80185647
       30     0.00000142     0.19931519     0.80068339
       31     0.00000251     0.20006610     0.79993139
       32     0.00000051     0.20049528     0.79950421
       33     0.00000099     0.20067956     0.79931946
       34     0.00000230     0.20066832     0.79932938
       35     0.00000079     0.20048156     0.79951765
       36     0.00000060     0.20009241     0.79990699
       37     0.00000225     0.19937578     0.80062197
       38     0.00000136     0.19788556     0.80211308
       39     0.00000027     0.19287227     0.80712747
       40     0.00000120     0.28868091     0.71131789
       41     0.00000143     0.59257964     0.40741893
       42     0.00000026     0.61312773     0.38687201
       43     0.00000064     0.61801925     0.38198011
       44     0.00000132     0.62020539     0.37979329
       45     0.00000066     0.62136893     0.37863041
       46     0.00000031     0.62194719     0.37805249
       47     0.00000090     0.62135413     0.37864497
       48     0.00000074     0.36350018     0.63649908
       49     0.00000037     0.23383640     0.76616323
       50     0.00000082     0.23383470     0.76616447
       51     0.00000098     0.23382182     0.76617721
       52     0.00000051     0.23378218     0.76621731
       53     0.00000060     0.23370388     0.76629552
       54     0.00000101     0.23357447     0.76642452
       55     0.00000074     0.23338126     0.76661800
       56     0.00000050     0.23311192     0.76688757
       57     0.00000083     0.23275456     0.76724461
       58     0.00000086     0.23229913     0.76770001
       59     0.00000057     0.23173863     0.76826080
       60     0.00000071     0.23107195     0.76892733
       61     0.00000093     0.23029098     0.76970810
       62     0.00000071     0.22940716     0.77059213
       63     0.00000065     0.22846167     0.77153767
       64     0.00000087     0.22748933     0.77250980
       65     0.00000075     0.22654260     0.77345665
       66     0.00000054     0.22570644     0.77429302
       67     0.00000072     0.22510493     0.77489435
       68     0.00000080     0.22491731     0.77508189
       69     0.00000050     0.22538054     0.77461896
       70     0.00000057     0.22680045     0.77319898
       71     0.00000085     0.22953859     0.77046056
       72     0.00000060     0.23395010     0.76604930
       73     0.00000041     0.24025207     0.75974752
       74     0.00000083     0.24836039     0.75163878
       75     0.00000082     0.25771539     0.74228379
       76     0.00000034     0.26723743     0.73276224
       77     0.00000062     0.27562987     0.72436951
       78     0.00000102     0.28183007     0.71816891
       79     0.00000050     0.28532327     0.71467624
       80     0.00000036     0.28620104     0.71379859
       81     0.00000099     0.28489911     0.71509990
       82     0.00000077     0.28207127     0.71792796
       83     0.00000024     0.27831943     0.72168033
       84     0.00000079     0.27395995     0.72603926
       85     0.00000104     0.26931570     0.73068326
       86     0.00000031     0.26463837     0.73536131
       87     0.00000048     0.26002791     0.73997161
       88     0.00000115     0.25554770     0.74445115
       89     0.00000058     0.25124413     0.74875528
       90     0.00000024     0.24718758     0.75281218
       91     0.00000102     0.24339119     0.75660779
       92     0.00000092     0.23986727     0.76013181
       93     0.00000021     0.23665389     0.76334590
       94     0.00000071     0.23375268     0.76624660
       95     0.00000116     0.23117264     0.76882619
       96     0.00000040     0.22892145     0.77107815
       97     0.00000037     0.22700403     0.77299560
       98     0.00000117     0.22543854     0.77456029
       99     0.00000082     0.22421935     0.77577983
      100     0.00000020     0.22333186     0.77666794
      101     0.00000081     0.22277370     0.77722549
      102     0.00000112     0.22254520     0.77745367
      103     0.00000038     0.22265861     0.77734101
      104     0.00000038     0.22316193     0.77683769
      105     0.00000108     0.22415928     0.77583963
      106     0.00000081     0.22586067     0.77413853
      107     0.00000021     0.22875831     0.77124149
      108     0.00000066     0.23428606     0.76571328
      109     0.00000113     0.24862214     0.75137673
      110     0.00000050     0.36438570     0.63561381
      111     0.00000031     0.71090780     0.28909188
      112     0.00000116     0.81153523     0.18846360
      113     0.00000128     0.80887068     0.19112804
      114     0.00000047     0.80710311     0.19289642
      115     0.00000056     0.80610208     0.19389736
      116     0.00000138     0.80550331     0.19449531
      117     0.00000114     0.80516266     0.19483620
      118     0.00000042     0.80504470     0.19495488
      119     0.00000086     0.80518396     0.19481518
      120     0.00000153     0.80566475     0.19433371
