#     Density Matrix: population Re; see the manual for detail orders
        0     0.00000000     0.00000000     1.00000000
        1     0.00000021     0.00000450     0.99999529
        2     0.00000021     0.00003039     0.99996940
        3     0.00000040     0.00005109     0.99994851
        4     0.00000035     0.00005060     0.99994904
        5     0.00000059     0.00003598     0.99996343
        6     0.00000055     0.00002258     0.99997688
        7     0.00000068     0.00001801     0.99998131
        8     0.00000079     0.00001754     0.99998167
        9     0.00000063     0.00001114     0.99998823
       10     0.00000106     0.00000204     0.99999690
       11     0.00000050     0.00012482     0.99987468
       12     0.00000119     0.01746513     0.98253368
       13     0.00000048     0.01410796     0.98589157
       14     0.00000098     0.03148476     0.96851426
       15     0.00000075     0.02539101     0.97460825
       16     0.00000053     0.02363484     0.97636463
       17     0.00000110     0.02301623     0.97698266
       18     0.00000043     0.02284956     0.97715000
       19     0.00000079     0.02289084     0.97710837
       20     0.00000085     0.02304322     0.97695593
       21     0.00000034     0.02327328     0.97672638
       22     0.00000094     0.02357580     0.97642327
       23     0.00000069     0.02395653     0.97604277
       24     0.00000030     0.02442974     0.97556996
       25     0.00000086     0.02501781     0.97498133
       26     0.00000060     0.02575771     0.97424169
       27     0.00000023     0.02671473     0.97328504
       28     0.00000069     0.02801398     0.97198533
       29     0.00000055     0.02992456     0.97007489
       30     0.00000014     0.03313558     0.96686428
       31     0.00000047     0.04004796     0.95995157
       32     0.00000052     0.06782221     0.93217727
       33     0.00000011     0.43590453     0.56409536
       34     0.00000016     0.89664351     0.10335632
       35     0.00000060     0.95755142     0.04244799
       36     0.00000030     0.96542739     0.03457232
       37     0.00000001     0.96803551     0.03196448
       38     0.00000038     0.96915939     0.03084023
       39     0.00000043     0.96968807     0.03031150
       40     0.00000005     0.96993543     0.03006451
       41     0.00000011     0.97004000     0.02995988
       42     0.00000040     0.97007398     0.02992561
       43     0.00000023     0.97007938     0.02992039
       44     0.00000000     0.97008094     0.02991905
       45     0.00000020     0.97009378     0.02990602
       46     0.00000034     0.97012737     0.02987229
       47     0.00000011     0.97018593     0.02981395
       48     0.00000003     0.97026860     0.02973137
       49     0.00000025     0.97037132     0.02962843
       50     0.00000029     0.97048770     0.02951201
       51     0.00000006     0.97060875     0.02939119
       52     0.00000006     0.97072380     0.02927614
       53     0.00000030     0.97082274     0.02917696
       54     0.00000027     0.97089734     0.02910239
       55     0.00000003     0.97094160     0.02905836
       56     0.00000010     0.97095305     0.02904685
       57     0.00000035     0.97093451     0.02906513
       58     0.00000027     0.97089407     0.02910566
       59     0.00000002     0.97084360     0.02915638
       60     0.00000013     0.97079797     0.02920190
       61     0.00000040     0.97077425     0.02922535
       62     0.00000029     0.97078911     0.02921060
       63     0.00000002     0.97085536     0.02914462
       64     0.00000012     0.97098003     0.02901984
       65     0.00000042     0.97116380     0.02883579
       66     0.00000034     0.97139995     0.02859971
       67     0.00000004     0.97167365     0.02832631
       68     0.00000009     0.97196353     0.02803638
       69     0.00000044     0.97224533     0.02775423
       70     0.00000048     0.97249506     0.02750446
       71     0.00000013     0.97269118     0.02730868
       72     0.00000006     0.97281758     0.02718237
       73     0.00000050     0.97286722     0.02713228
       74     0.00000073     0.97284356     0.02715570
       75     0.00000034     0.97275859     0.02724107
       76     0.00000008     0.97263011     0.02736981
       77     0.00000057     0.97247988     0.02751955
       78     0.00000104     0.97233072     0.02766825
       79     0.00000066     0.97220145     0.02779789
       80     0.00000017     0.97210283     0.02789700
       81     0.00000054     0.97203741     0.02796205
       82     0.00000123     0.97200184     0.02799694
       83     0.00000108     0.97198875     0.02801017
       84     0.00000039     0.97198865     0.02801096
       85     0.00000040     0.97199386     0.02800575
       86     0.00000117     0.97199281     0.02800601
       87     0.00000154     0.97199695     0.02800151
       88     0.00000099     0.97203027     0.02796874
       89     0.00000047     0.97209041     0.02790912
       90     0.00000101     0.97217919     0.02781980
       91     0.00000208     0.97228634     0.02771157
       92     0.00000230     0.97238529     0.02761240
       93     0.00000152     0.97243280     0.02756568
       94     0.00000127     0.97237017     0.02762856
       95     0.00000254     0.97214466     0.02785280
       96     0.00000394     0.97172922     0.02826684
       97     0.00000369     0.97112989     0.02886642
       98     0.00000249     0.97039742     0.02960009
       99     0.00000253     0.96963546     0.03036201
      100     0.00000405     0.96896552     0.03103043
      101     0.00000502     0.96854123     0.03145375
      102     0.00000412     0.96849437     0.03150151
      103     0.00000267     0.96889817     0.03109916
      104     0.00000256     0.96974654     0.03025090
      105     0.00000388     0.97094693     0.02904919
      106     0.00000514     0.97232138     0.02767348
      107     0.00000506     0.97363640     0.02635854
      108     0.00000402     0.97464560     0.02535037
      109     0.00000375     0.97514277     0.02485347
      110     0.00000541     0.97501287     0.02498173
      111     0.00000784     0.97426212     0.02573004
      112     0.00000864     0.97302307     0.02696829
      113     0.00000724     0.97152877     0.02846398
      114     0.00000570     0.97006665     0.02992765
      115     0.00000597     0.96892716     0.03106687
      116     0.00000746     0.96833794     0.03165460
      117     0.00000811     0.96842057     0.03157132
      118     0.00000702     0.96915850     0.03083448
      119     0.00000517     0.97039713     0.02959770
      120     0.00000417     0.97187192     0.02812391
