#     Density Matrix: population Re; see the manual for detail orders
        0     0.00000000     0.00000000     1.00000000
        1     0.00000002     0.00000003     0.99999995
        2     0.00000001     0.00000052     0.99999947
        3     0.00000001     0.00000270     0.99999730
        4     0.00000003     0.00000708     0.99999289
        5     0.00000001     0.00001289     0.99998710
        6     0.00000012     0.00002090     0.99997898
        7     0.00000010     0.00003830     0.99996159
        8     0.00000031     0.00008195     0.99991774
        9     0.00000033     0.00017931     0.99982036
       10     0.00000055     0.00037668     0.99962277
       11     0.00000059     0.00077693     0.99922248
       12     0.00000079     0.00165660     0.99834261
       13     0.00000075     0.00381124     0.99618802
       14     0.00000095     0.00970056     0.99029849
       15     0.00000073     0.02779236     0.97220691
       16     0.00000094     0.08881941     0.91117966
       17     0.00000048     0.26416103     0.73583849
       18     0.00000039     0.47844563     0.52155398
       19     0.00000018     0.47794995     0.52204986
       20     0.00000059     0.35917328     0.64082613
       21     0.00000043     0.25667671     0.74332286
       22     0.00000062     0.18939934     0.81060004
       23     0.00000057     0.14979431     0.85020512
       24     0.00000019     0.12915649     0.87084332
       25     0.00000057     0.12081600     0.87918343
       26     0.00000036     0.12005474     0.87994490
       27     0.00000023     0.12367849     0.87632128
       28     0.00000072     0.12958778     0.87041150
       29     0.00000026     0.13639882     0.86360092
       30     0.00000016     0.14318450     0.85681534
       31     0.00000069     0.14923440     0.85076490
       32     0.00000022     0.15387010     0.84612968
       33     0.00000017     0.15633988     0.84365994
       34     0.00000072     0.15566060     0.84433867
       35     0.00000034     0.15036257     0.84963709
       36     0.00000006     0.13973803     0.86026190
       37     0.00000057     0.12391901     0.87608043
       38     0.00000055     0.10266633     0.89733312
       39     0.00000012     0.07423803     0.92576186
       40     0.00000043     0.03481075     0.96518882
       41     0.00000069     0.03229209     0.96770722
       42     0.00000029     0.27609752     0.72390219
       43     0.00000035     0.44411367     0.55588599
       44     0.00000088     0.57349324     0.42650588
       45     0.00000087     0.63830852     0.36169061
       46     0.00000043     0.67192134     0.32807823
       47     0.00000068     0.69162329     0.30837603
       48     0.00000115     0.70496804     0.29503081
       49     0.00000083     0.71620469     0.28379448
       50     0.00000053     0.72939282     0.27060666
       51     0.00000102     0.74561158     0.25438740
       52     0.00000128     0.76375070     0.23624802
       53     0.00000078     0.78336740     0.21663182
       54     0.00000066     0.80384240     0.19615694
       55     0.00000122     0.82447636     0.17552242
       56     0.00000127     0.84458709     0.15541165
       57     0.00000072     0.86359411     0.13640517
       58     0.00000072     0.88107640     0.11892288
       59     0.00000125     0.89679220     0.10320654
       60     0.00000123     0.91066546     0.08933331
       61     0.00000070     0.92274643     0.07725287
       62     0.00000071     0.93316849     0.06683080
       63     0.00000123     0.94211297     0.05788580
       64     0.00000128     0.94978117     0.05021755
       65     0.00000084     0.95637027     0.04362889
       66     0.00000078     0.96206518     0.03793404
       67     0.00000130     0.96703339     0.03296531
       68     0.00000160     0.97141932     0.02857908
       69     0.00000133     0.97532936     0.02466931
       70     0.00000113     0.97883093     0.02116794
       71     0.00000169     0.98195857     0.01803975
       72     0.00000250     0.98470000     0.01529751
       73     0.00000263     0.98699349     0.01300388
       74     0.00000234     0.98873487     0.01126279
       75     0.00000280     0.98979473     0.01020247
       76     0.00000000     1.00000000     0.00000000
       77     0.00000630     0.99985772     0.00013599
       78     0.00001530     0.99939638     0.00058832
       79     0.00001234     0.99859031     0.00139735
       80     0.00000221     0.99744728     0.00255051
       81     0.00000183     0.99603014     0.00396804
       82     0.00001261     0.99448801     0.00549938
       83     0.00001783     0.99304863     0.00693355
       84     0.00000945     0.99196398     0.00802657
       85     0.00000054     0.99145038     0.00854908
       86     0.00000446     0.99165052     0.00834502
       87     0.00001505     0.99260190     0.00738305
       88     0.00001686     0.99419337     0.00578978
       89     0.00000752     0.99613969     0.00385279
       90     0.00000024     0.99802688     0.00197287
       91     0.00000527     0.99941736     0.00057737
       92     0.00001612     0.99997528     0.00000860
       93     0.00001779     0.99957472     0.00040749
       94     0.00000780     0.99835012     0.00164208
       95     0.00000029     0.99668416     0.00331554
       96     0.00000588     0.99513113     0.00486300
       97     0.00001659     0.99424991     0.00573350
       98     0.00001784     0.99439334     0.00558883
       99     0.00000831     0.99553768     0.00445401
      100     0.00000046     0.99725332     0.00274622
      101     0.00000389     0.99885947     0.00113665
      102     0.00001467     0.99971100     0.00027433
      103     0.00001976     0.99949245     0.00048779
      104     0.00001253     0.99838533     0.00160214
      105     0.00000220     0.99700999     0.00298781
      106     0.00000223     0.99613293     0.00386484
      107     0.00001276     0.99625519     0.00373206
      108     0.00002149     0.99729911     0.00267940
      109     0.00001883     0.99861408     0.00136709
      110     0.00000779     0.99936084     0.00063138
      111     0.00000128     0.99907725     0.00092148
      112     0.00000827     0.99803466     0.00195707
      113     0.00002233     0.99707213     0.00290554
      114     0.00002870     0.99695982     0.00301149
      115     0.00002121     0.99776270     0.00221609
      116     0.00000825     0.99876096     0.00123079
      117     0.00000400     0.99907201     0.00092399
      118     0.00001523     0.99846767     0.00151711
      119     0.00003311     0.99760405     0.00236285
      120     0.00004153     0.99737094     0.00258753
