#     Density Matrix: population Re; see the manual for detail orders
        0     0.00000000     0.00000000     1.00000000
        1     0.00000001     0.00000003     0.99999996
        2     0.00000002     0.00000011     0.99999987
        3     0.00000009     0.00000029     0.99999962
        4     0.00000013     0.00000492     0.99999495
        5     0.00000030     0.00002911     0.99997058
        6     0.00000038     0.00009690     0.99990273
        7     0.00000060     0.00023413     0.99976527
        8     0.00000063     0.00048686     0.99951251
        9     0.00000085     0.00100299     0.99899616
       10     0.00000082     0.00226067     0.99773852
       11     0.00000097     0.00581651     0.99418252
       12     0.00000087     0.01742031     0.98257882
       13     0.00000088     0.06271540     0.93728372
       14     0.00000064     0.24639849     0.75360088
       15     0.00000023     0.55613858     0.44386119
       16     0.00000028     0.53070553     0.46929420
       17     0.00000077     0.35615934     0.64383988
       18     0.00000066     0.24254728     0.75745206
       19     0.00000083     0.18079418     0.81920499
       20     0.00000082     0.15001983     0.84997934
       21     0.00000089     0.13705654     0.86294256
       22     0.00000190     0.13392419     0.86607391
       23     0.00000080     0.13560962     0.86438958
       24     0.00000076     0.13892302     0.86107622
       25     0.00000107     0.14193018     0.85806876
       26     0.00000005     0.14316643     0.85683352
       27     0.00000082     0.14137548     0.85862370
       28     0.00000133     0.13594407     0.86405461
       29     0.00000012     0.12529115     0.87470873
       30     0.00000057     0.10756013     0.89243930
       31     0.00000119     0.08220149     0.91779733
       32     0.00000022     0.04986221     0.95013757
       33     0.00000030     0.01705106     0.98294864
       34     0.00000000     0.00000000     1.00000000
       35     0.00000087     0.03673104     0.96326809
       36     0.00000121     0.13529319     0.86470561
       37     0.00000014     0.24299036     0.75700951
       38     0.00000055     0.33846457     0.66153488
       39     0.00000173     0.42190852     0.57808975
       40     0.00000073     0.48577067     0.51422860
       41     0.00000006     0.53260749     0.46739245
       42     0.00000125     0.56675784     0.43324091
       43     0.00000129     0.59215845     0.40784026
       44     0.00000010     0.61206546     0.38793444
       45     0.00000057     0.62889092     0.37110851
       46     0.00000156     0.64506609     0.35493235
       47     0.00000070     0.66290449     0.33709481
       48     0.00000003     0.68743628     0.31256369
       49     0.00000108     0.71221019     0.28778872
       50     0.00000148     0.73686698     0.26313154
       51     0.00000032     0.76062341     0.23937626
       52     0.00000024     0.78309281     0.21690694
       53     0.00000124     0.80418879     0.19580997
       54     0.00000099     0.82376785     0.17623116
       55     0.00000010     0.84183346     0.15816644
       56     0.00000051     0.85840827     0.14159122
       57     0.00000117     0.87352801     0.12647083
       58     0.00000062     0.88723351     0.11276587
       59     0.00000011     0.89956121     0.10043868
       60     0.00000062     0.91055814     0.08944124
       61     0.00000099     0.92029936     0.07969965
       62     0.00000053     0.92885926     0.07114020
       63     0.00000016     0.93633688     0.06366296
       64     0.00000049     0.94282484     0.05717466
       65     0.00000120     0.94857664     0.05142215
       66     0.00000110     0.95355451     0.04644438
       67     0.00000019     0.95773613     0.04226369
       68     0.00000022     0.96136162     0.03863815
       69     0.00000129     0.96461254     0.03538616
       70     0.00000137     0.96743317     0.03256546
       71     0.00000024     0.96983296     0.03016680
       72     0.00000042     0.97192464     0.02807494
       73     0.00000221     0.97373251     0.02626528
       74     0.00000236     0.97527641     0.02472123
       75     0.00000061     0.97647478     0.02352461
       76     0.00000069     0.97732626     0.02267304
       77     0.00000313     0.97811545     0.02188142
       78     0.00000356     0.97890538     0.02109106
       79     0.00000125     0.97962717     0.02037158
       80     0.00000084     0.98035768     0.01964148
       81     0.00000339     0.98118211     0.01881450
       82     0.00000433     0.98218404     0.01781163
       83     0.00000202     0.98342352     0.01657446
       84     0.00000072     0.98492404     0.01507524
       85     0.00000284     0.98666888     0.01332828
       86     0.00000499     0.98860500     0.01139001
       87     0.00000000     1.00000000     0.00000000
       88     0.00000518     0.99991372     0.00008110
       89     0.00001214     0.99964805     0.00033981
       90     0.00000943     0.99921293     0.00077764
       91     0.00000155     0.99863590     0.00136255
       92     0.00000208     0.99799130     0.00200662
       93     0.00001105     0.99735891     0.00263004
       94     0.00001459     0.99686168     0.00312373
       95     0.00000732     0.99660747     0.00338521
       96     0.00000064     0.99665915     0.00334021
       97     0.00000484     0.99702493     0.00297022
       98     0.00001422     0.99765212     0.00233366
       99     0.00001555     0.99843421     0.00155024
      100     0.00000712     0.99920779     0.00078509
      101     0.00000095     0.99978053     0.00021852
      102     0.00000632     0.99999330     0.00000038
      103     0.00001685     0.99978783     0.00019531
      104     0.00001875     0.99922692     0.00075433
      105     0.00000960     0.99848409     0.00150631
      106     0.00000197     0.99779838     0.00219965
      107     0.00000635     0.99741207     0.00258158
      108     0.00001758     0.99748918     0.00249324
      109     0.00002229     0.99803158     0.00194613
      110     0.00001542     0.99884830     0.00113628
      111     0.00000539     0.99960171     0.00039290
      112     0.00000463     0.99995440     0.00004097
      113     0.00001614     0.99973855     0.00024531
      114     0.00002891     0.99906851     0.00090258
      115     0.00002959     0.99830666     0.00166375
      116     0.00001833     0.99787660     0.00210506
      117     0.00000861     0.99803493     0.00195647
      118     0.00001231     0.99869890     0.00128880
      119     0.00002887     0.99946558     0.00050555
      120     0.00004649     0.99984596     0.00010756
