#     Density Matrix: population Re; see the manual for detail orders
        0     0.00000000     0.00000000     1.00000000
        1     0.00000002     0.00002130     0.99997868
        2     0.00000002     0.00018821     0.99981178
        3     0.00000001     0.00047677     0.99952322
        4     0.00000003     0.00075824     0.99924172
        5     0.00000006     0.00089734     0.99910260
        6     0.00000010     0.00088825     0.99911165
        7     0.00000018     0.00099804     0.99900178
        8     0.00000018     0.00190213     0.99809769
        9     0.00000035     0.00493181     0.99506784
       10     0.00000025     0.01294523     0.98705452
       11     0.00000050     0.03363112     0.96636838
       12     0.00000029     0.09082198     0.90917773
       13     0.00000048     0.23745604     0.76254348
       14     0.00000063     0.48937786     0.51062151
       15     0.00000039     0.49366113     0.50633848
       16     0.00000130     0.37738282     0.62261587
       17     0.00000117     0.29444404     0.70555479
       18     0.00000020     0.26160648     0.73839332
       19     0.00000007     0.25100105     0.74899888
       20     0.00000040     0.24343300     0.75656660
       21     0.00000005     0.24051955     0.75948039
       22     0.00000022     0.24316637     0.75683341
       23     0.00000034     0.25159296     0.74840670
       24     0.00000000     0.26548303     0.73451697
       25     0.00000035     0.28444722     0.71555242
       26     0.00000021     0.30840079     0.69159900
       27     0.00000005     0.33781659     0.66218336
       28     0.00000044     0.37433881     0.62566075
       29     0.00000012     0.42108797     0.57891190
       30     0.00000012     0.48262384     0.51737604
       31     0.00000041     0.56476777     0.43523182
       32     0.00000008     0.67046273     0.32953720
       33     0.00000010     0.78916666     0.21083324
       34     0.00000022     0.89215788     0.10784190
       35     0.00000012     0.95552433     0.04447554
       36     0.00000010     0.98419286     0.01580705
       37     0.00000008     0.99478782     0.00521210
       38     0.00000023     0.99430400     0.00569578
       39     0.00000028     0.99412576     0.00587396
       40     0.00000007     0.99445929     0.00554064
       41     0.00000012     0.99501262     0.00498726
       42     0.00000031     0.99553097     0.00446872
       43     0.00000017     0.99586955     0.00413029
       44     0.00000005     0.99600593     0.00399401
       45     0.00000022     0.99599436     0.00400542
       46     0.00000024     0.99590107     0.00409869
       47     0.00000009     0.99576954     0.00423037
       48     0.00000012     0.99562591     0.00437397
       49     0.00000022     0.99549593     0.00450385
       50     0.00000016     0.99540749     0.00459236
       51     0.00000010     0.99537946     0.00462044
       52     0.00000016     0.99540576     0.00459408
       53     0.00000018     0.99544087     0.00455895
       54     0.00000013     0.99538885     0.00461103
       55     0.00000013     0.99509627     0.00490360
       56     0.00000016     0.99434864     0.00565120
       57     0.00000015     0.99287111     0.00712874
       58     0.00000014     0.99033895     0.00966091
       59     0.00000013     0.98640313     0.01359674
       60     0.00000015     0.98073820     0.01926166
       61     0.00000018     0.97311260     0.02688722
       62     0.00000013     0.96345433     0.03654554
       63     0.00000009     0.95178243     0.04821748
       64     0.00000022     0.93751931     0.06248047
       65     0.00000028     0.91675770     0.08324202
       66     0.00000009     0.87524979     0.12475012
       67     0.00000005     0.79078322     0.20921674
       68     0.00000056     0.69638361     0.30361583
       69     0.00000082     0.68850785     0.31149133
       70     0.00000016     0.76620948     0.23379036
       71     0.00000014     0.85846798     0.14153188
       72     0.00000044     0.92561400     0.07438556
       73     0.00000011     0.96010447     0.03989542
       74     0.00000025     0.96803888     0.03196087
       75     0.00000017     0.96067872     0.03932111
       76     0.00000016     0.95013721     0.04986263
       77     0.00000040     0.94507116     0.05492844
       78     0.00000007     0.94785517     0.05214477
       79     0.00000027     0.95551227     0.04448746
       80     0.00000016     0.96328612     0.03671372
       81     0.00000024     0.96796041     0.03203935
       82     0.00000026     0.96927417     0.03072557
       83     0.00000008     0.96924180     0.03075812
       84     0.00000040     0.97010457     0.02989503
       85     0.00000016     0.97257125     0.02742858
       86     0.00000016     0.97572430     0.02427555
       87     0.00000012     0.97826208     0.02173780
       88     0.00000043     0.97969390     0.02030567
       89     0.00000017     0.98051262     0.01948722
       90     0.00000012     0.98143867     0.01856121
       91     0.00000038     0.98267367     0.01732595
       92     0.00000029     0.98391860     0.01608112
       93     0.00000003     0.98491599     0.01508397
       94     0.00000034     0.98574201     0.01425764
       95     0.00000056     0.98655193     0.01344752
       96     0.00000006     0.98726381     0.01273613
       97     0.00000019     0.98770786     0.01229195
       98     0.00000064     0.98801352     0.01198583
       99     0.00000031     0.98856103     0.01143866
      100     0.00000005     0.98943715     0.01056280
      101     0.00000000     1.00000000     0.00000000
      102     0.00000060     0.99999147     0.00000793
      103     0.00000089     0.99997415     0.00002496
      104     0.00000012     0.99996782     0.00003206
      105     0.00000032     0.99997967     0.00002000
      106     0.00000110     0.99999402     0.00000489
      107     0.00000051     0.99998873     0.00001076
      108     0.00000006     0.99996184     0.00003810
      109     0.00000095     0.99993963     0.00005942
      110     0.00000101     0.99994743     0.00005155
      111     0.00000010     0.99997380     0.00002610
      112     0.00000047     0.99998110     0.00001843
      113     0.00000124     0.99995265     0.00004610
      114     0.00000058     0.99991333     0.00008609
      115     0.00000005     0.99990055     0.00009940
      116     0.00000087     0.99992394     0.00007519
      117     0.00000111     0.99995461     0.00004428
      118     0.00000023     0.99995343     0.00004634
      119     0.00000020     0.99991271     0.00008709
      120     0.00000101     0.99986753     0.00013146
