#     Density Matrix: population Re; see the manual for detail orders
        0     0.00000000     0.00000000     1.00000000
        1     0.00000000     0.00000009     0.99999991
        2     0.00000000     0.00000068     0.99999932
        3     0.00000000     0.00000132     0.99999868
        4     0.00000001     0.00000131     0.99999868
        5     0.00000001     0.00000074     0.99999924
        6     0.00000004     0.00000070     0.99999926
        7     0.00000006     0.00000270     0.99999725
        8     0.00000009     0.00000796     0.99999195
        9     0.00000012     0.00001790     0.99998198
       10     0.00000016     0.00003705     0.99996279
       11     0.00000018     0.00007971     0.99992010
       12     0.00000021     0.00018791     0.99981188
       13     0.00000024     0.00050083     0.99949893
       14     0.00000027     0.00160631     0.99839342
       15     0.00000030     0.00720893     0.99279078
       16     0.00000019     0.52161975     0.47838006
       17     0.00000021     0.26919177     0.73080802
       18     0.00000091     0.21647444     0.78352465
       19     0.00000011     0.11468680     0.88531309
       20     0.00000042     0.06827642     0.93172315
       21     0.00000039     0.04436006     0.95563955
       22     0.00000029     0.03159774     0.96840197
       23     0.00000041     0.02479385     0.97520574
       24     0.00000032     0.02128424     0.97871543
       25     0.00000032     0.01962850     0.98037118
       26     0.00000039     0.01903687     0.98096274
       27     0.00000031     0.01907163     0.98092807
       28     0.00000031     0.01948434     0.98051535
       29     0.00000031     0.02014494     0.97985475
       30     0.00000034     0.02096863     0.97903104
       31     0.00000038     0.02192597     0.97807365
       32     0.00000023     0.02301846     0.97698131
       33     0.00000031     0.02425892     0.97574078
       34     0.00000020     0.02572353     0.97427626
       35     0.00000014     0.02748879     0.97251107
       36     0.00000021     0.02962116     0.97037863
       37     0.00000019     0.03249100     0.96750881
       38     0.00000010     0.03686028     0.96313961
       39     0.00000007     0.04587949     0.95412044
       40     0.00000010     0.09114360     0.90885630
       41     0.00000007     0.54631419     0.45368574
       42     0.00000003     0.94016529     0.05983468
       43     0.00000011     0.96426453     0.03573536
       44     0.00000015     0.96979003     0.03020983
       45     0.00000007     0.97233913     0.02766081
       46     0.00000006     0.97385952     0.02614042
       47     0.00000012     0.97488980     0.02511008
       48     0.00000011     0.97563928     0.02436061
       49     0.00000006     0.97620784     0.02379210
       50     0.00000007     0.97663920     0.02336073
       51     0.00000015     0.97697933     0.02302052
       52     0.00000014     0.97727417     0.02272569
       53     0.00000009     0.97753713     0.02246278
       54     0.00000012     0.97778383     0.02221605
       55     0.00000018     0.97803738     0.02196244
       56     0.00000015     0.97831437     0.02168548
       57     0.00000012     0.97860806     0.02139182
       58     0.00000017     0.97892201     0.02107781
       59     0.00000021     0.97928429     0.02071549
       60     0.00000014     0.97968422     0.02031563
       61     0.00000014     0.98010608     0.01989379
       62     0.00000032     0.98054228     0.01945741
       63     0.00000037     0.98098786     0.01901177
       64     0.00000019     0.98142924     0.01857058
       65     0.00000016     0.98185742     0.01814241
       66     0.00000047     0.98227624     0.01772329
       67     0.00000049     0.98265142     0.01734809
       68     0.00000023     0.98298293     0.01701684
       69     0.00000026     0.98330097     0.01669877
       70     0.00000081     0.98359657     0.01640263
       71     0.00000104     0.98387385     0.01612511
       72     0.00000065     0.98415713     0.01584221
       73     0.00000044     0.98445866     0.01554089
       74     0.00000090     0.98478848     0.01521061
       75     0.00000135     0.98515459     0.01484406
       76     0.00000119     0.98555826     0.01444054
       77     0.00000088     0.98599455     0.01400457
       78     0.00000109     0.98644969     0.01354922
       79     0.00000160     0.98690818     0.01309022
       80     0.00000168     0.98735345     0.01264487
       81     0.00000138     0.98776844     0.01223018
       82     0.00000136     0.98813954     0.01185910
       83     0.00000160     0.98842971     0.01156869
       84     0.00000136     0.98869138     0.01130726
       85     0.00000109     0.98895873     0.01104018
       86     0.00000136     0.98922932     0.01076932
       87     0.00000225     0.98955533     0.01044242
       88     0.00000326     0.98995733     0.01003941
       89     0.00000322     0.99042349     0.00957329
       90     0.00000231     0.99103252     0.00896517
       91     0.00000162     0.99177665     0.00822173
       92     0.00000249     0.99257176     0.00742575
       93     0.00000352     0.99336083     0.00663564
       94     0.00000399     0.99407298     0.00592303
       95     0.00000332     0.99463215     0.00536453
       96     0.00000324     0.99496535     0.00503140
       97     0.00000434     0.99504211     0.00495355
       98     0.00000515     0.99483744     0.00515741
       99     0.00000461     0.99435547     0.00563992
      100     0.00000435     0.99369332     0.00630233
      101     0.00000514     0.99295859     0.00703627
      102     0.00000606     0.99225483     0.00773911
      103     0.00000609     0.99171918     0.00827473
      104     0.00000523     0.99146640     0.00852837
      105     0.00000425     0.99159813     0.00839763
      106     0.00000417     0.99215080     0.00784504
      107     0.00000489     0.99308485     0.00691027
      108     0.00000560     0.99430876     0.00568565
      109     0.00000584     0.99565469     0.00433947
      110     0.00000554     0.99692321     0.00307125
      111     0.00000516     0.99794743     0.00204741
      112     0.00000518     0.99857290     0.00142192
      113     0.00000588     0.99873069     0.00126343
      114     0.00000698     0.99844723     0.00154579
      115     0.00000764     0.99784964     0.00214273
      116     0.00000749     0.99712190     0.00287061
      117     0.00000696     0.99648190     0.00351114
      118     0.00000678     0.99613878     0.00385443
      119     0.00000707     0.99621301     0.00377992
      120     0.00000740     0.99670746     0.00328514
