#     Density Matrix: population Re; see the manual for detail orders
        0     0.00000000     0.00000000     1.00000000
        1     0.00000003     0.00000063     0.99999934
        2     0.00000001     0.00000324     0.99999675
        3     0.00000001     0.00000380     0.99999619
        4     0.00000002     0.00000470     0.99999528
        5     0.00000000     0.00000933     0.99999067
        6     0.00000008     0.00001462     0.99998530
        7     0.00000004     0.00001437     0.99998559
        8     0.00000021     0.00001159     0.99998820
        9     0.00000019     0.00002817     0.99997164
       10     0.00000045     0.00010378     0.99989577
       11     0.00000044     0.00029315     0.99970642
       12     0.00000076     0.00070115     0.99929809
       13     0.00000065     0.00166329     0.99833606
       14     0.00000103     0.00449947     0.99549951
       15     0.00000073     0.01533787     0.98466140
       16     0.00000109     0.07148148     0.92851743
       17     0.00000055     0.36526946     0.63472999
       18     0.00000044     0.69079439     0.30920517
       19     0.00000065     0.46720491     0.53279445
       20     0.00000202     0.35530132     0.64469666
       21     0.00000001     0.31331880     0.68668119
       22     0.00000164     0.28585961     0.71413875
       23     0.00000092     0.26961339     0.73038568
       24     0.00000029     0.26135368     0.73864603
       25     0.00000190     0.25830662     0.74169148
       26     0.00000039     0.25835538     0.74164422
       27     0.00000070     0.25994906     0.74005025
       28     0.00000186     0.26202973     0.73796841
       29     0.00000021     0.26391695     0.73608283
       30     0.00000079     0.26499152     0.73500769
       31     0.00000159     0.26490803     0.73509038
       32     0.00000019     0.26351897     0.73648085
       33     0.00000082     0.26066356     0.73933561
       34     0.00000182     0.25616001     0.74383817
       35     0.00000039     0.25000169     0.74999792
       36     0.00000064     0.24134153     0.75865783
       37     0.00000201     0.22929169     0.77070631
       38     0.00000081     0.21205046     0.78794874
       39     0.00000031     0.18279101     0.81720868
       40     0.00000196     0.12351152     0.87648653
       41     0.00000146     0.01363756     0.98636098
       42     0.00000023     0.22946363     0.77053614
       43     0.00000184     0.55191754     0.44808062
       44     0.00000283     0.65216100     0.34783617
       45     0.00000067     0.69140296     0.30859637
       46     0.00000073     0.71168992     0.28830935
       47     0.00000308     0.72375609     0.27624083
       48     0.00000209     0.73137010     0.26862781
       49     0.00000009     0.73616050     0.26383941
       50     0.00000212     0.73893794     0.26105994
       51     0.00000379     0.74016418     0.25983203
       52     0.00000117     0.74015152     0.25984731
       53     0.00000041     0.73911662     0.26088297
       54     0.00000369     0.73724662     0.26274968
       55     0.00000366     0.73474287     0.26525347
       56     0.00000038     0.73165540     0.26834422
       57     0.00000137     0.72818915     0.27180948
       58     0.00000459     0.72472750     0.27526791
       59     0.00000276     0.72149861     0.27849863
       60     0.00000003     0.71869542     0.28130455
       61     0.00000226     0.71660040     0.28339734
       62     0.00000436     0.71537146     0.28462418
       63     0.00000178     0.71509123     0.28490698
       64     0.00000011     0.71586535     0.28413455
       65     0.00000265     0.71783668     0.28216067
       66     0.00000391     0.72106873     0.27892736
       67     0.00000149     0.72529747     0.27470104
       68     0.00000040     0.73033413     0.26966547
       69     0.00000207     0.73646744     0.26353049
       70     0.00000364     0.74325024     0.25674613
       71     0.00000293     0.75009354     0.24990353
       72     0.00000085     0.75694349     0.24305567
       73     0.00000049     0.76365395     0.23634555
       74     0.00000354     0.76946177     0.23053469
       75     0.00000574     0.77384056     0.22615371
       76     0.00000254     0.77622956     0.22376791
       77     0.00000058     0.77600784     0.22399158
       78     0.00000641     0.77284224     0.22715135
       79     0.00001132     0.76652559     0.23346309
       80     0.00000641     0.75723488     0.24275871
       81     0.00000183     0.74564093     0.25435724
       82     0.00000771     0.73274558     0.26724672
       83     0.00001317     0.72029177     0.27969506
       84     0.00000785     0.71066268     0.28932946
       85     0.00000125     0.70588539     0.29411336
       86     0.00000297     0.70737944     0.29261759
       87     0.00000618     0.71552334     0.28447048
       88     0.00000514     0.72948399     0.27051087
       89     0.00000278     0.74664015     0.25335707
       90     0.00000068     0.76329973     0.23669959
       91     0.00000115     0.77558477     0.22441408
       92     0.00000751     0.78014744     0.21984505
       93     0.00001334     0.77538195     0.22460471
       94     0.00000964     0.76232864     0.23766172
       95     0.00000388     0.74461744     0.25537868
       96     0.00000714     0.72770920     0.27228366
       97     0.00001204     0.71721653     0.28277143
       98     0.00000861     0.71684785     0.28314354
       99     0.00000258     0.72675260     0.27324482
      100     0.00000029     0.74305869     0.25694101
      101     0.00000088     0.75907968     0.24091944
      102     0.00000663     0.76800811     0.23198526
      103     0.00001469     0.76602175     0.23396356
      104     0.00001374     0.75446617     0.24552009
      105     0.00000578     0.73934364     0.26065058
      106     0.00000484     0.72856792     0.27142724
      107     0.00000909     0.72801743     0.27197348
      108     0.00001001     0.73763139     0.26235861
      109     0.00001007     0.75121428     0.24877565
      110     0.00000924     0.76001890     0.23997186
      111     0.00000625     0.75848153     0.24151222
      112     0.00000932     0.74839297     0.25159771
      113     0.00001854     0.73738504     0.26259642
      114     0.00002131     0.73394586     0.26603283
      115     0.00001624     0.74046986     0.25951390
      116     0.00001206     0.75096715     0.24902079
      117     0.00001035     0.75609435     0.24389530
      118     0.00001578     0.75163655     0.24834767
      119     0.00003011     0.74237430     0.25759560
      120     0.00003976     0.73771335     0.26224689
