#     Density Matrix: population Re; see the manual for detail orders
        0     0.00000000     0.00000000     1.00000000
        1     0.00000002     0.00000436     0.99999562
        2     0.00000002     0.00003954     0.99996045
        3     0.00000001     0.00010267     0.99989732
        4     0.00000004     0.00016475     0.99983521
        5     0.00000006     0.00019292     0.99980703
        6     0.00000012     0.00018619     0.99981368
        7     0.00000017     0.00020428     0.99979555
        8     0.00000025     0.00037092     0.99962883
        9     0.00000034     0.00086413     0.99913552
       10     0.00000039     0.00195036     0.99804925
       11     0.00000057     0.00420865     0.99579078
       12     0.00000049     0.00945198     0.99054753
       13     0.00000077     0.02465304     0.97534619
       14     0.00000050     0.08026581     0.91973370
       15     0.00000065     0.27598811     0.72401123
       16     0.00000013     0.53838005     0.46161982
       17     0.00000043     0.50044077     0.49955881
       18     0.00000054     0.34524800     0.65475146
       19     0.00000075     0.23629093     0.76370832
       20     0.00000087     0.17355695     0.82644218
       21     0.00000064     0.14092259     0.85907677
       22     0.00000082     0.12653967     0.87345951
       23     0.00000063     0.12258184     0.87741753
       24     0.00000050     0.12398438     0.87601511
       25     0.00000067     0.12752969     0.87246965
       26     0.00000047     0.13122537     0.86877416
       27     0.00000058     0.13397459     0.86602483
       28     0.00000083     0.13501405     0.86498511
       29     0.00000040     0.13413326     0.86586634
       30     0.00000035     0.13112942     0.86887023
       31     0.00000071     0.12575692     0.87424238
       32     0.00000041     0.11821135     0.88178824
       33     0.00000031     0.10853431     0.89146539
       34     0.00000064     0.09687881     0.90312054
       35     0.00000040     0.08380201     0.91619759
       36     0.00000023     0.07132408     0.92867569
       37     0.00000063     0.06612360     0.93387577
       38     0.00000066     0.08702531     0.91297403
       39     0.00000027     0.16691860     0.83308113
       40     0.00000048     0.31072845     0.68927107
       41     0.00000080     0.46374868     0.53625052
       42     0.00000045     0.58315304     0.41684651
       43     0.00000021     0.67096564     0.32903415
       44     0.00000062     0.74196140     0.25803799
       45     0.00000062     0.80833069     0.19166869
       46     0.00000019     0.88185800     0.11814181
       47     0.00000056     0.94518589     0.05481355
       48     0.00000096     0.97591183     0.02408722
       49     0.00000053     0.97827859     0.02172088
       50     0.00000030     0.96563256     0.03436714
       51     0.00000086     0.95032068     0.04967846
       52     0.00000094     0.93767430     0.06232477
       53     0.00000043     0.92780561     0.07219396
       54     0.00000055     0.92075547     0.07924399
       55     0.00000113     0.91671409     0.08328478
       56     0.00000099     0.91519704     0.08480196
       57     0.00000053     0.91560466     0.08439481
       58     0.00000093     0.91722058     0.08277849
       59     0.00000157     0.91918138     0.08081705
       60     0.00000125     0.92044170     0.07955705
       61     0.00000083     0.91975895     0.08024022
       62     0.00000161     0.91572770     0.08427069
       63     0.00000225     0.90686705     0.09313070
       64     0.00000167     0.89179849     0.10819984
       65     0.00000148     0.86951713     0.13048139
       66     0.00000241     0.83979279     0.16020480
       67     0.00000270     0.80365646     0.19634084
       68     0.00000181     0.76378172     0.23621647
       69     0.00000168     0.72467626     0.27532206
       70     0.00000205     0.69258218     0.30741578
       71     0.00000134     0.67407461     0.32592405
       72     0.00000069     0.67471094     0.32528838
       73     0.00000068     0.69708158     0.30291774
       74     0.00000055     0.73876080     0.26123865
       75     0.00000034     0.79169462     0.20830504
       76     0.00000032     0.84347920     0.15652048
       77     0.00000056     0.88070546     0.11929398
       78     0.00000102     0.89347958     0.10651940
       79     0.00000125     0.87947719     0.12052156
       80     0.00000120     0.84558588     0.15441292
       81     0.00000121     0.80591308     0.19408571
       82     0.00000105     0.77641588     0.22358307
       83     0.00000055     0.76815440     0.23184505
       84     0.00000018     0.78228499     0.21771483
       85     0.00000007     0.80950100     0.19049893
       86     0.00000019     0.83480811     0.16519170
       87     0.00000044     0.84553050     0.15446907
       88     0.00000054     0.83822469     0.16177477
       89     0.00000068     0.81993169     0.18006764
       90     0.00000071     0.80392414     0.19607514
       91     0.00000027     0.80036437     0.19963536
       92     0.00000005     0.80919646     0.19080349
       93     0.00000010     0.82181419     0.17818571
       94     0.00000043     0.82813648     0.17186309
       95     0.00000065     0.82463608     0.17536327
       96     0.00000054     0.81631331     0.18368615
       97     0.00000059     0.81120780     0.18879161
       98     0.00000045     0.81287965     0.18711990
       99     0.00000035     0.81837229     0.18162736
      100     0.00000057     0.82165281     0.17834662
      101     0.00000108     0.82050706     0.17949186
      102     0.00000151     0.81783130     0.18216719
      103     0.00000125     0.81674859     0.18325016
      104     0.00000087     0.81738072     0.18261841
      105     0.00000116     0.81796991     0.18202893
      106     0.00000226     0.81802176     0.18197598
      107     0.00000315     0.81853296     0.18146389
      108     0.00000295     0.81944667     0.18055038
      109     0.00000249     0.81908529     0.18091222
      110     0.00000294     0.81704348     0.18295358
      111     0.00000461     0.81586646     0.18412893
      112     0.00000613     0.81775153     0.18224234
      113     0.00000628     0.82063513     0.17935859
      114     0.00000580     0.82038245     0.17961175
      115     0.00000643     0.81679043     0.18320314
      116     0.00000906     0.81471412     0.18527682
      117     0.00001167     0.81732501     0.18266332
      118     0.00001214     0.82117035     0.17881751
      119     0.00001143     0.82076094     0.17922763
      120     0.00001278     0.81654058     0.18344663
