#     Density Matrix: population Re; see the manual for detail orders
        0     0.00000000     0.00000000     1.00000000
        1     0.00000002     0.00000119     0.99999879
        2     0.00000001     0.00001348     0.99998650
        3     0.00000001     0.00004424     0.99995575
        4     0.00000005     0.00008678     0.99991318
        5     0.00000007     0.00012851     0.99987141
        6     0.00000013     0.00017399     0.99982588
        7     0.00000017     0.00026149     0.99973833
        8     0.00000023     0.00046713     0.99953264
        9     0.00000028     0.00092243     0.99907729
       10     0.00000033     0.00190482     0.99809486
       11     0.00000036     0.00413695     0.99586268
       12     0.00000039     0.00974603     0.99025358
       13     0.00000041     0.02549994     0.97449965
       14     0.00000041     0.07233049     0.92766911
       15     0.00000036     0.18680616     0.81319348
       16     0.00000012     0.65362493     0.34637495
       17     0.00000011     0.76523190     0.23476799
       18     0.00000034     0.68583171     0.31416795
       19     0.00000050     0.67481006     0.32518944
       20     0.00000048     0.70102755     0.29897197
       21     0.00000039     0.73738938     0.26261022
       22     0.00000031     0.77257797     0.22742173
       23     0.00000022     0.80227537     0.19772441
       24     0.00000015     0.82531038     0.17468947
       25     0.00000009     0.84188368     0.15811623
       26     0.00000005     0.85286575     0.14713420
       27     0.00000003     0.85930236     0.14069762
       28     0.00000002     0.86228203     0.13771795
       29     0.00000003     0.86284916     0.13715081
       30     0.00000005     0.86197595     0.13802401
       31     0.00000007     0.86061630     0.13938363
       32     0.00000008     0.85970238     0.14029754
       33     0.00000010     0.86019297     0.13980693
       34     0.00000011     0.86301398     0.13698591
       35     0.00000012     0.86898700     0.13101288
       36     0.00000012     0.87871005     0.12128983
       37     0.00000011     0.89236136     0.10763853
       38     0.00000010     0.90950772     0.09049218
       39     0.00000010     0.92891492     0.07108498
       40     0.00000009     0.94846693     0.05153298
       41     0.00000009     0.96524768     0.03475223
       42     0.00000009     0.97591555     0.02408436
       43     0.00000009     0.97735799     0.02264192
       44     0.00000010     0.96765412     0.03234577
       45     0.00000011     0.94713206     0.05286783
       46     0.00000011     0.91921339     0.08078649
       47     0.00000011     0.89049143     0.10950846
       48     0.00000010     0.86960112     0.13039878
       49     0.00000009     0.86454348     0.13545643
       50     0.00000007     0.87908481     0.12091511
       51     0.00000005     0.90990191     0.09009804
       52     0.00000004     0.94701401     0.05298595
       53     0.00000003     0.97830704     0.02169293
       54     0.00000003     0.99558838     0.00441158
       55     0.00000004     0.99804281     0.00195715
       56     0.00000005     0.99116851     0.00883143
       57     0.00000006     0.98270663     0.01729331
       58     0.00000005     0.97850886     0.02149109
       59     0.00000004     0.98042831     0.01957165
       60     0.00000003     0.98664668     0.01335329
       61     0.00000002     0.99364133     0.00635865
       62     0.00000003     0.99843155     0.00156843
       63     0.00000003     0.99995013     0.00004984
       64     0.00000004     0.99906320     0.00093675
       65     0.00000005     0.99756007     0.00243988
       66     0.00000005     0.99689843     0.00310152
       67     0.00000006     0.99746144     0.00253850
       68     0.00000006     0.99865383     0.00134610
       69     0.00000008     0.99959716     0.00040276
       70     0.00000011     0.99983670     0.00016319
       71     0.00000014     0.99955866     0.00044120
       72     0.00000018     0.99926127     0.00073855
       73     0.00000021     0.99926262     0.00073717
       74     0.00000026     0.99949669     0.00050305
       75     0.00000033     0.99970975     0.00028992
       76     0.00000042     0.99977013     0.00022945
       77     0.00000052     0.99974943     0.00025005
       78     0.00000063     0.99975210     0.00024727
       79     0.00000075     0.99976752     0.00023174
       80     0.00000089     0.99973611     0.00026300
       81     0.00000105     0.99969281     0.00030614
       82     0.00000123     0.99974086     0.00025791
       83     0.00000143     0.99987831     0.00012026
       84     0.00000163     0.99995216     0.00004621
       85     0.00000185     0.99985169     0.00014647
       86     0.00000208     0.99968500     0.00031291
       87     0.00000234     0.99966507     0.00033259
       88     0.00000261     0.99983157     0.00016582
       89     0.00000287     0.99998589     0.00001123
       90     0.00000315     0.99993967     0.00005718
       91     0.00000343     0.99975131     0.00024526
       92     0.00000373     0.99964505     0.00035121
       93     0.00000404     0.99973205     0.00026391
       94     0.00000435     0.99989246     0.00010320
       95     0.00000465     0.99994133     0.00005403
       96     0.00000495     0.99984471     0.00015035
       97     0.00000525     0.99973112     0.00026362
       98     0.00000557     0.99972391     0.00027053
       99     0.00000588     0.99981413     0.00018000
      100     0.00000618     0.99990000     0.00009383
      101     0.00000647     0.99991098     0.00008255
      102     0.00000676     0.99986843     0.00012481
      103     0.00000706     0.99983954     0.00015341
      104     0.00000737     0.99986004     0.00013260
      105     0.00000768     0.99990947     0.00008285
      106     0.00000799     0.99994691     0.00004511
      107     0.00000831     0.99995464     0.00003705
      108     0.00000866     0.99994647     0.00004487
      109     0.00000904     0.99994441     0.00004656
      110     0.00000945     0.99995581     0.00003474
      111     0.00000991     0.99997193     0.00001816
      112     0.00001042     0.99998184     0.00000774
      113     0.00001099     0.99998335     0.00000565
      114     0.00001165     0.99998166     0.00000670
      115     0.00001241     0.99998159     0.00000599
      116     0.00001331     0.99998339     0.00000330
      117     0.00001434     0.99998474     0.00000092
      118     0.00001554     0.99998440     0.00000005
      119     0.00001696     0.99998303     0.00000002
      120     0.00001863     0.99998135     0.00000001
