#     Density Matrix: population Re; see the manual for detail orders
        0     0.00000000     0.00000000     1.00000000
        1     0.00000000     0.00000006     0.99999994
        2     0.00000001     0.00000057     0.99999942
        3     0.00000002     0.00000145     0.99999853
        4     0.00000003     0.00000205     0.99999792
        5     0.00000006     0.00000220     0.99999774
        6     0.00000009     0.00000243     0.99999748
        7     0.00000014     0.00000319     0.99999667
        8     0.00000018     0.00000474     0.99999508
        9     0.00000023     0.00000786     0.99999192
       10     0.00000025     0.00001531     0.99998444
       11     0.00000030     0.00003682     0.99996289
       12     0.00000037     0.00011108     0.99988855
       13     0.00000032     0.00046205     0.99953762
       14     0.00000030     0.00383749     0.99616221
       15     0.00000025     0.53662819     0.46337156
       16     0.00000013     0.51863172     0.48136815
       17     0.00000049     0.21145723     0.78854228
       18     0.00000033     0.16897275     0.83102692
       19     0.00000050     0.14224300     0.85775650
       20     0.00000037     0.12275297     0.87724665
       21     0.00000020     0.10757903     0.89242077
       22     0.00000026     0.09551307     0.90448667
       23     0.00000018     0.08583073     0.91416909
       24     0.00000037     0.07801847     0.92198116
       25     0.00000028     0.07181570     0.92818402
       26     0.00000024     0.06699780     0.93300196
       27     0.00000033     0.06332327     0.93667640
       28     0.00000029     0.06062788     0.93937182
       29     0.00000021     0.05880048     0.94119931
       30     0.00000025     0.05778673     0.94221301
       31     0.00000024     0.05756464     0.94243512
       32     0.00000019     0.05814072     0.94185908
       33     0.00000021     0.05977930     0.94022049
       34     0.00000022     0.06308834     0.93691143
       35     0.00000022     0.06934994     0.93064984
       36     0.00000019     0.08285324     0.91714657
       37     0.00000017     0.12638741     0.87361242
       38     0.00000015     0.43628300     0.56371685
       39     0.00000014     0.88210335     0.11789651
       40     0.00000011     0.97104938     0.02895052
       41     0.00000007     0.97571729     0.02428263
       42     0.00000009     0.97632077     0.02367914
       43     0.00000010     0.97646098     0.02353893
       44     0.00000008     0.97658097     0.02341895
       45     0.00000010     0.97673395     0.02326595
       46     0.00000009     0.97691235     0.02308756
       47     0.00000007     0.97710219     0.02289774
       48     0.00000008     0.97728977     0.02271015
       49     0.00000010     0.97746699     0.02253290
       50     0.00000008     0.97763084     0.02236908
       51     0.00000007     0.97778230     0.02221764
       52     0.00000009     0.97792583     0.02207409
       53     0.00000010     0.97806577     0.02193413
       54     0.00000008     0.97821227     0.02178765
       55     0.00000007     0.97835358     0.02164635
       56     0.00000008     0.97849381     0.02150611
       57     0.00000010     0.97868999     0.02130991
       58     0.00000011     0.97894656     0.02105333
       59     0.00000013     0.97924414     0.02075573
       60     0.00000013     0.97959193     0.02040793
       61     0.00000014     0.97997219     0.02002767
       62     0.00000018     0.98033906     0.01966076
       63     0.00000006     0.98073901     0.01926094
       64     0.00000002     0.98118714     0.01881284
       65     0.00000015     0.98161983     0.01838002
       66     0.00000020     0.98201853     0.01798126
       67     0.00000008     0.98236406     0.01763586
       68     0.00000004     0.98264137     0.01735859
       69     0.00000016     0.98283940     0.01716043
       70     0.00000023     0.98295384     0.01704593
       71     0.00000013     0.98299012     0.01700975
       72     0.00000014     0.98301850     0.01698136
       73     0.00000041     0.98308265     0.01691694
       74     0.00000031     0.98306984     0.01692985
       75     0.00000007     0.98298993     0.01700999
       76     0.00000012     0.98294419     0.01705569
       77     0.00000038     0.98295989     0.01703972
       78     0.00000047     0.98306472     0.01693481
       79     0.00000029     0.98326777     0.01673194
       80     0.00000026     0.98356286     0.01643688
       81     0.00000063     0.98392908     0.01607029
       82     0.00000095     0.98433366     0.01566539
       83     0.00000094     0.98472863     0.01527043
       84     0.00000142     0.98505148     0.01494710
       85     0.00000191     0.98524677     0.01475132
       86     0.00000140     0.98528655     0.01471205
       87     0.00000096     0.98520781     0.01479122
       88     0.00000159     0.98497083     0.01502758
       89     0.00000265     0.98454222     0.01545513
       90     0.00000339     0.98405297     0.01594364
       91     0.00000287     0.98362153     0.01637560
       92     0.00000192     0.98330419     0.01669389
       93     0.00000252     0.98327464     0.01672284
       94     0.00000291     0.98365689     0.01634020
       95     0.00000261     0.98449960     0.01549778
       96     0.00000226     0.98580564     0.01419210
       97     0.00000238     0.98753389     0.01246373
       98     0.00000279     0.98957290     0.01042432
       99     0.00000313     0.99174729     0.00824958
      100     0.00000331     0.99384455     0.00615214
      101     0.00000346     0.99563845     0.00435809
      102     0.00000389     0.99692929     0.00306682
      103     0.00000469     0.99759071     0.00240459
      104     0.00000552     0.99759915     0.00239534
      105     0.00000605     0.99704570     0.00294825
      106     0.00000639     0.99612889     0.00386472
      107     0.00000679     0.99512142     0.00487179
      108     0.00000731     0.99431355     0.00567914
      109     0.00000769     0.99394620     0.00604610
      110     0.00000782     0.99415664     0.00583553
      111     0.00000787     0.99493475     0.00505738
      112     0.00000802     0.99612252     0.00386945
      113     0.00000836     0.99745677     0.00253487
      114     0.00000886     0.99863972     0.00135141
      115     0.00000946     0.99942575     0.00056479
      116     0.00001007     0.99969450     0.00029543
      117     0.00001066     0.99948706     0.00050228
      118     0.00001119     0.99898884     0.00099997
      119     0.00001162     0.99846248     0.00152590
      120     0.00001191     0.99815166     0.00183644
