#     Density Matrix: population Re; see the manual for detail orders
        0     0.00000000     0.00000000     1.00000000
        1     0.00000004     0.00000133     0.99999863
        2     0.00000005     0.00001292     0.99998703
        3     0.00000009     0.00003654     0.99996337
        4     0.00000010     0.00006683     0.99993307
        5     0.00000013     0.00010683     0.99989303
        6     0.00000015     0.00019287     0.99980699
        7     0.00000017     0.00043972     0.99956011
        8     0.00000019     0.00120699     0.99879282
        9     0.00000021     0.00396649     0.99603330
       10     0.00000023     0.01769040     0.98230937
       11     0.00000012     0.55463103     0.44536885
       12     0.00000006     0.56876560     0.43123433
       13     0.00000039     0.09912996     0.90086965
       14     0.00000023     0.03881824     0.96118152
       15     0.00000025     0.01669497     0.98330478
       16     0.00000032     0.00717519     0.99282449
       17     0.00000026     0.00302265     0.99697710
       18     0.00000031     0.00139286     0.99860683
       19     0.00000030     0.00096745     0.99903225
       20     0.00000030     0.00108852     0.99891118
       21     0.00000032     0.00142179     0.99857789
       22     0.00000031     0.00177822     0.99822147
       23     0.00000031     0.00209632     0.99790337
       24     0.00000030     0.00238420     0.99761550
       25     0.00000030     0.00260910     0.99739060
       26     0.00000029     0.00276534     0.99723436
       27     0.00000028     0.00286784     0.99713187
       28     0.00000028     0.00292548     0.99707423
       29     0.00000027     0.00294563     0.99705410
       30     0.00000024     0.00293321     0.99706654
       31     0.00000021     0.00289106     0.99710874
       32     0.00000032     0.00282489     0.99717480
       33     0.00000034     0.00274101     0.99725866
       34     0.00000017     0.00266771     0.99733212
       35     0.00000017     0.00282260     0.99717723
       36     0.00000021     0.00512387     0.99487592
       37     0.00000017     0.12915549     0.87084434
       38     0.00000019     0.69746410     0.30253571
       39     0.00000026     0.95412739     0.04587236
       40     0.00000019     0.96985287     0.03014694
       41     0.00000013     0.97429828     0.02570159
       42     0.00000018     0.97616495     0.02383487
       43     0.00000019     0.97709737     0.02290245
       44     0.00000013     0.97762964     0.02237023
       45     0.00000012     0.97798863     0.02201124
       46     0.00000016     0.97828855     0.02171129
       47     0.00000015     0.97859069     0.02140916
       48     0.00000012     0.97889066     0.02110922
       49     0.00000014     0.97920766     0.02079220
       50     0.00000015     0.97957393     0.02042592
       51     0.00000011     0.98001163     0.01998826
       52     0.00000010     0.98050517     0.01949473
       53     0.00000016     0.98098293     0.01901691
       54     0.00000024     0.98145131     0.01854845
       55     0.00000018     0.98188979     0.01811002
       56     0.00000013     0.98224673     0.01775314
       57     0.00000022     0.98250101     0.01749878
       58     0.00000030     0.98264295     0.01735675
       59     0.00000026     0.98267309     0.01732665
       60     0.00000019     0.98264343     0.01735637
       61     0.00000021     0.98260292     0.01739687
       62     0.00000040     0.98248988     0.01750973
       63     0.00000048     0.98232926     0.01767026
       64     0.00000039     0.98221992     0.01777969
       65     0.00000032     0.98226260     0.01773708
       66     0.00000039     0.98248083     0.01751878
       67     0.00000064     0.98280408     0.01719528
       68     0.00000065     0.98316190     0.01683745
       69     0.00000050     0.98354815     0.01645134
       70     0.00000059     0.98397311     0.01602630
       71     0.00000089     0.98438277     0.01561634
       72     0.00000111     0.98471860     0.01528029
       73     0.00000113     0.98492650     0.01507237
       74     0.00000128     0.98492825     0.01507047
       75     0.00000206     0.98472371     0.01527423
       76     0.00000245     0.98432044     0.01567711
       77     0.00000171     0.98375655     0.01624174
       78     0.00000120     0.98314436     0.01685443
       79     0.00000185     0.98251181     0.01748634
       80     0.00000269     0.98196244     0.01803487
       81     0.00000257     0.98160530     0.01839213
       82     0.00000190     0.98154346     0.01845463
       83     0.00000179     0.98186034     0.01813787
       84     0.00000238     0.98260885     0.01738877
       85     0.00000312     0.98381568     0.01618120
       86     0.00000339     0.98545333     0.01454328
       87     0.00000282     0.98740913     0.01258806
       88     0.00000270     0.98953030     0.01046700
       89     0.00000288     0.99159055     0.00840656
       90     0.00000329     0.99341674     0.00657997
       91     0.00000376     0.99487765     0.00511859
       92     0.00000421     0.99583837     0.00415742
       93     0.00000468     0.99623038     0.00376494
       94     0.00000528     0.99606677     0.00392795
       95     0.00000603     0.99544887     0.00454510
       96     0.00000670     0.99456227     0.00543103
       97     0.00000707     0.99364244     0.00635049
       98     0.00000719     0.99293844     0.00705437
       99     0.00000734     0.99265972     0.00733294
      100     0.00000764     0.99293220     0.00706015
      101     0.00000786     0.99376454     0.00622759
      102     0.00000797     0.99503248     0.00495955
      103     0.00000810     0.99650170     0.00349020
      104     0.00000845     0.99787907     0.00211249
      105     0.00000908     0.99888392     0.00110700
      106     0.00000983     0.99933089     0.00065928
      107     0.00001050     0.99919122     0.00079828
      108     0.00001100     0.99860910     0.00137989
      109     0.00001132     0.99786374     0.00212495
      110     0.00001149     0.99728172     0.00270679
      111     0.00001157     0.99712078     0.00286765
      112     0.00001163     0.99746894     0.00251943
      113     0.00001171     0.99820970     0.00177858
      114     0.00001193     0.99906762     0.00092045
      115     0.00001240     0.99972860     0.00025900
      116     0.00001304     0.99997991     0.00000704
      117     0.00001383     0.99980461     0.00018156
      118     0.00001472     0.99938149     0.00060379
      119     0.00001550     0.99898534     0.00099916
      120     0.00001637     0.99883966     0.00114397
