#     Density Matrix: population Re; see the manual for detail orders
        0     0.00000000     0.00000000     1.00000000
        1     0.00000000     0.00000013     0.99999987
        2     0.00000000     0.00000172     0.99999828
        3     0.00000000     0.00000598     0.99999402
        4     0.00000000     0.00001097     0.99998903
        5     0.00000042     0.00001271     0.99998687
        6     0.00000032     0.00002902     0.99997066
        7     0.00000085     0.00005626     0.99994290
        8     0.00000048     0.00007437     0.99992516
        9     0.00000120     0.00006805     0.99993075
       10     0.00000069     0.00006045     0.99993885
       11     0.00000130     0.00021333     0.99978537
       12     0.00000094     0.00144261     0.99855645
       13     0.00000104     0.01614176     0.98385720
       14     0.00000110     0.08017279     0.91982611
       15     0.00000130     0.21664704     0.78335167
       16     0.00000246     0.08849561     0.91150193
       17     0.00000000     0.08753808     0.91246191
       18     0.00000225     0.09080540     0.90919235
       19     0.00000090     0.09435993     0.90563917
       20     0.00000073     0.09722405     0.90277522
       21     0.00000251     0.09926831     0.90072918
       22     0.00000014     0.10065488     0.89934498
       23     0.00000155     0.10160810     0.89839035
       24     0.00000196     0.10234850     0.89764954
       25     0.00000000     0.10308155     0.89691844
       26     0.00000173     0.10397166     0.89602661
       27     0.00000157     0.10515919     0.89483924
       28     0.00000002     0.10676902     0.89323096
       29     0.00000155     0.10893626     0.89106218
       30     0.00000148     0.11183017     0.88816835
       31     0.00000005     0.11571084     0.88428910
       32     0.00000119     0.12102503     0.87897378
       33     0.00000154     0.12859303     0.87140544
       34     0.00000019     0.14054469     0.85945512
       35     0.00000073     0.16531269     0.83468658
       36     0.00000156     0.25839762     0.74160081
       37     0.00000050     0.56497104     0.43502846
       38     0.00000040     0.87097722     0.12902237
       39     0.00000151     0.94775576     0.05224273
       40     0.00000100     0.95856196     0.04143704
       41     0.00000018     0.96082021     0.03917961
       42     0.00000107     0.96152641     0.03847253
       43     0.00000140     0.96191270     0.03808590
       44     0.00000038     0.96227629     0.03772333
       45     0.00000049     0.96276469     0.03723482
       46     0.00000143     0.96334839     0.03665018
       47     0.00000095     0.96402521     0.03597384
       48     0.00000021     0.96478552     0.03521427
       49     0.00000091     0.96561794     0.03438116
       50     0.00000138     0.96651444     0.03348418
       51     0.00000057     0.96746699     0.03253244
       52     0.00000032     0.96846372     0.03153596
       53     0.00000115     0.96949278     0.03050607
       54     0.00000120     0.97054362     0.02945518
       55     0.00000038     0.97160255     0.02839707
       56     0.00000046     0.97265225     0.02734728
       57     0.00000125     0.97367726     0.02632150
       58     0.00000109     0.97466505     0.02533386
       59     0.00000031     0.97560304     0.02439666
       60     0.00000054     0.97648103     0.02351843
       61     0.00000139     0.97729707     0.02270154
       62     0.00000111     0.97805668     0.02194221
       63     0.00000021     0.97876868     0.02123111
       64     0.00000063     0.97944633     0.02055304
       65     0.00000172     0.98010965     0.01988863
       66     0.00000123     0.98078052     0.01921826
       67     0.00000009     0.98147533     0.01852458
       68     0.00000086     0.98220454     0.01779461
       69     0.00000224     0.98297426     0.01702350
       70     0.00000139     0.98378164     0.01621697
       71     0.00000001     0.98460997     0.01539002
       72     0.00000121     0.98543334     0.01456545
       73     0.00000284     0.98622504     0.01377212
       74     0.00000162     0.98695920     0.01303917
       75     0.00000002     0.98761133     0.01238865
       76     0.00000147     0.98816770     0.01183083
       77     0.00000335     0.98863661     0.01136003
       78     0.00000205     0.98904707     0.01095088
       79     0.00000010     0.98943987     0.01056003
       80     0.00000134     0.98986443     0.01013424
       81     0.00000000     1.00000000     0.00000000
       82     0.00000278     0.99999206     0.00000516
       83     0.00000634     0.99996556     0.00002810
       84     0.00000428     0.99991362     0.00008210
       85     0.00000032     0.99981817     0.00018151
       86     0.00000212     0.99965900     0.00033888
       87     0.00000726     0.99943108     0.00056166
       88     0.00000699     0.99914456     0.00084845
       89     0.00000180     0.99881272     0.00118549
       90     0.00000108     0.99845381     0.00154511
       91     0.00000680     0.99810518     0.00188802
       92     0.00000979     0.99782345     0.00216676
       93     0.00000521     0.99766246     0.00233232
       94     0.00000081     0.99765397     0.00234521
       95     0.00000423     0.99780812     0.00218765
       96     0.00001063     0.99811742     0.00187195
       97     0.00001037     0.99854619     0.00144344
       98     0.00000405     0.99901771     0.00097824
       99     0.00000167     0.99942751     0.00057082
      100     0.00000764     0.99968040     0.00031195
      101     0.00001404     0.99972234     0.00026362
      102     0.00001197     0.99955140     0.00043662
      103     0.00000473     0.99921619     0.00077909
      104     0.00000328     0.99881384     0.00118288
      105     0.00001056     0.99847830     0.00151114
      106     0.00001733     0.99834162     0.00164106
      107     0.00001503     0.99847597     0.00150899
      108     0.00000717     0.99885040     0.00114244
      109     0.00000442     0.99933341     0.00066217
      110     0.00001132     0.99974451     0.00024417
      111     0.00002078     0.99992880     0.00005043
      112     0.00002239     0.99982248     0.00015512
      113     0.00001494     0.99948592     0.00049914
      114     0.00000817     0.99908890     0.00090293
      115     0.00001134     0.99884229     0.00114638
      116     0.00002257     0.99889339     0.00108404
      117     0.00003141     0.99923242     0.00073617
      118     0.00003017     0.99967471     0.00029512
      119     0.00002149     0.99995416     0.00002435
      120     0.00001593     0.99989100     0.00009308
