#     Density Matrix: population Re; see the manual for detail orders
        0     0.00000000     0.00000000     1.00000000
        1     0.00000000     0.00000240     0.99999760
        2     0.00000000     0.00001406     0.99998593
        3     0.00000002     0.00001936     0.99998062
        4     0.00000004     0.00001745     0.99998252
        5     0.00000006     0.00001734     0.99998260
        6     0.00000009     0.00002433     0.99997558
        7     0.00000012     0.00003360     0.99996628
        8     0.00000015     0.00003727     0.99996258
        9     0.00000018     0.00004329     0.99995654
       10     0.00000020     0.00009819     0.99990162
       11     0.00000021     0.00032410     0.99967569
       12     0.00000022     0.00107191     0.99892787
       13     0.00000023     0.00379808     0.99620169
       14     0.00000024     0.01826499     0.98173477
       15     0.00000011     0.55682026     0.44317962
       16     0.00000007     0.57993298     0.42006694
       17     0.00000038     0.09020492     0.90979470
       18     0.00000025     0.03843486     0.96156489
       19     0.00000021     0.01792450     0.98207529
       20     0.00000031     0.00883730     0.99116239
       21     0.00000024     0.00487729     0.99512246
       22     0.00000031     0.00340001     0.99659968
       23     0.00000024     0.00313278     0.99686697
       24     0.00000022     0.00341750     0.99658228
       25     0.00000022     0.00391338     0.99608640
       26     0.00000019     0.00444955     0.99555026
       27     0.00000018     0.00494892     0.99505090
       28     0.00000018     0.00538749     0.99461233
       29     0.00000021     0.00575821     0.99424158
       30     0.00000024     0.00609036     0.99390939
       31     0.00000017     0.00642768     0.99357215
       32     0.00000021     0.00679491     0.99320489
       33     0.00000025     0.00722808     0.99277167
       34     0.00000022     0.00778031     0.99221946
       35     0.00000024     0.00853959     0.99146018
       36     0.00000028     0.00967053     0.99032920
       37     0.00000028     0.01152350     0.98847622
       38     0.00000023     0.01495080     0.98504897
       39     0.00000025     0.02255160     0.97744815
       40     0.00000028     0.04543222     0.95456750
       41     0.00000021     0.16492874     0.83507104
       42     0.00000015     0.57584894     0.42415091
       43     0.00000021     0.89489876     0.10510103
       44     0.00000029     0.95818276     0.04181695
       45     0.00000023     0.97288330     0.02711648
       46     0.00000017     0.97835428     0.02164555
       47     0.00000023     0.98096522     0.01903455
       48     0.00000025     0.98237628     0.01762347
       49     0.00000020     0.98316606     0.01683375
       50     0.00000018     0.98357609     0.01642373
       51     0.00000023     0.98372555     0.01627423
       52     0.00000023     0.98368255     0.01631722
       53     0.00000020     0.98349548     0.01650432
       54     0.00000018     0.98320791     0.01679190
       55     0.00000022     0.98286173     0.01713805
       56     0.00000024     0.98250184     0.01749791
       57     0.00000023     0.98217494     0.01782482
       58     0.00000025     0.98193602     0.01806373
       59     0.00000031     0.98183549     0.01816421
       60     0.00000033     0.98189419     0.01810548
       61     0.00000033     0.98211845     0.01788121
       62     0.00000036     0.98250746     0.01749219
       63     0.00000043     0.98304232     0.01695724
       64     0.00000048     0.98367980     0.01631972
       65     0.00000052     0.98435397     0.01564551
       66     0.00000056     0.98499029     0.01500915
       67     0.00000061     0.98551000     0.01448940
       68     0.00000068     0.98584630     0.01415302
       69     0.00000075     0.98595533     0.01404392
       70     0.00000081     0.98582560     0.01417358
       71     0.00000088     0.98548281     0.01451631
       72     0.00000097     0.98498596     0.01501307
       73     0.00000107     0.98442069     0.01557824
       74     0.00000117     0.98388228     0.01611655
       75     0.00000127     0.98345913     0.01653961
       76     0.00000139     0.98321913     0.01677948
       77     0.00000154     0.98319359     0.01680487
       78     0.00000172     0.98337237     0.01662591
       79     0.00000189     0.98370396     0.01629415
       80     0.00000206     0.98410491     0.01589303
       81     0.00000225     0.98448153     0.01551623
       82     0.00000243     0.98474863     0.01524894
       83     0.00000260     0.98484803     0.01514937
       84     0.00000275     0.98476633     0.01523092
       85     0.00000289     0.98453653     0.01546058
       86     0.00000303     0.98423217     0.01576480
       87     0.00000314     0.98395724     0.01603962
       88     0.00000323     0.98382710     0.01616967
       89     0.00000329     0.98394545     0.01605126
       90     0.00000335     0.98438354     0.01561311
       91     0.00000342     0.98516660     0.01482997
       92     0.00000350     0.98626616     0.01373034
       93     0.00000359     0.98760382     0.01239259
       94     0.00000371     0.98906249     0.01093379
       95     0.00000388     0.99050459     0.00949153
       96     0.00000411     0.99179590     0.00820000
       97     0.00000439     0.99282659     0.00716901
       98     0.00000474     0.99353073     0.00646454
       99     0.00000512     0.99389641     0.00609847
      100     0.00000553     0.99396466     0.00602982
      101     0.00000592     0.99382106     0.00617302
      102     0.00000626     0.99357260     0.00642114
      103     0.00000652     0.99333078     0.00666269
      104     0.00000667     0.99318644     0.00680689
      105     0.00000671     0.99319775     0.00679554
      106     0.00000666     0.99339048     0.00660287
      107     0.00000651     0.99375664     0.00623685
      108     0.00000632     0.99426633     0.00572735
      109     0.00000615     0.99487440     0.00511945
      110     0.00000602     0.99552456     0.00446941
      111     0.00000606     0.99615234     0.00384160
      112     0.00000637     0.99668059     0.00331305
      113     0.00000681     0.99703065     0.00296254
      114     0.00000712     0.99714411     0.00284877
      115     0.00000707     0.99701056     0.00298238
      116     0.00000679     0.99668951     0.00330370
      117     0.00000653     0.99631730     0.00367617
      118     0.00000633     0.99607886     0.00391481
      119     0.00000606     0.99614870     0.00384524
      120     0.00000566     0.99661540     0.00337894
