#     Density Matrix: population Re; see the manual for detail orders
        0     0.00000000     0.00000000     1.00000000
        1     0.00000005     0.00000007     0.99999987
        2     0.00000006     0.00000086     0.99999909
        3     0.00000012     0.00000269     0.99999719
        4     0.00000011     0.00000460     0.99999528
        5     0.00000018     0.00000585     0.99999397
        6     0.00000019     0.00000738     0.99999243
        7     0.00000023     0.00001139     0.99998838
        8     0.00000025     0.00002084     0.99997891
        9     0.00000029     0.00004169     0.99995803
       10     0.00000031     0.00009145     0.99990824
       11     0.00000034     0.00023174     0.99976792
       12     0.00000037     0.00073517     0.99926446
       13     0.00000038     0.00345594     0.99654368
       14     0.00000039     0.04528716     0.95471245
       15     0.00000020     0.45058708     0.54941273
       16     0.00000021     0.81718011     0.18281968
       17     0.00000012     0.74291684     0.25708303
       18     0.00000020     0.77593830     0.22406150
       19     0.00000011     0.80760866     0.19239124
       20     0.00000010     0.83164586     0.16835405
       21     0.00000011     0.84918122     0.15081867
       22     0.00000011     0.86190627     0.13809362
       23     0.00000010     0.87116056     0.12883934
       24     0.00000008     0.87791245     0.12208747
       25     0.00000008     0.88287234     0.11712759
       26     0.00000006     0.88656367     0.11343627
       27     0.00000005     0.88940187     0.11059808
       28     0.00000003     0.89172669     0.10827327
       29     0.00000002     0.89381787     0.10618211
       30     0.00000001     0.89589021     0.10410978
       31     0.00000001     0.89807701     0.10192298
       32     0.00000000     0.90044403     0.09955597
       33     0.00000000     0.90300279     0.09699720
       34     0.00000000     0.90571166     0.09428834
       35     0.00000000     0.90850593     0.09149407
       36     0.00000000     0.91131272     0.08868728
       37     0.00000000     0.91408148     0.08591852
       38     0.00000000     0.91677626     0.08322373
       39     0.00000000     0.91941335     0.08058665
       40     0.00000000     0.92203990     0.07796010
       41     0.00000000     0.92475226     0.07524774
       42     0.00000000     0.92768833     0.07231167
       43     0.00000000     0.93099329     0.06900671
       44     0.00000000     0.93480241     0.06519759
       45     0.00000000     0.93921992     0.06078008
       46     0.00000000     0.94425489     0.05574510
       47     0.00000001     0.94985163     0.05014836
       48     0.00000001     0.95586428     0.04413571
       49     0.00000001     0.96216526     0.03783473
       50     0.00000001     0.96922462     0.03077537
       51     0.00000001     0.96750949     0.03249050
       52     0.00000001     0.96950028     0.03049971
       53     0.00000001     0.97768807     0.02231192
       54     0.00000000     0.98137245     0.01862754
       55     0.00000000     0.98417987     0.01582012
       56     0.00000000     0.98649813     0.01350187
       57     0.00000000     0.98851334     0.01148665
       58     0.00000000     0.99031240     0.00968760
       59     0.00000001     0.99191269     0.00808731
       60     0.00000001     0.99329239     0.00670760
       61     0.00000001     0.99443078     0.00556921
       62     0.00000000     0.99533849     0.00466151
       63     0.00000000     0.99605629     0.00394371
       64     0.00000000     0.99663697     0.00336303
       65     0.00000000     0.99711986     0.00288014
       66     0.00000000     0.99751959     0.00248040
       67     0.00000000     0.99783778     0.00216221
       68     0.00000000     0.99808171     0.00191828
       69     0.00000000     0.99827367     0.00172633
       70     0.00000000     0.99844097     0.00155903
       71     0.00000000     0.99859735     0.00140265
       72     0.00000000     0.99873563     0.00126437
       73     0.00000000     0.99883969     0.00116031
       74     0.00000000     0.99890482     0.00109518
       75     0.00000000     0.99894515     0.00105485
       76     0.00000000     0.99898127     0.00101873
       77     0.00000000     0.99902246     0.00097754
       78     0.00000000     0.99906327     0.00093673
       79     0.00000000     0.99909654     0.00090346
       80     0.00000000     0.99912512     0.00087488
       81     0.00000000     0.99915737     0.00084263
       82     0.00000000     0.99919403     0.00080597
       83     0.00000000     0.99922584     0.00077415
       84     0.00000000     0.99924703     0.00075296
       85     0.00000000     0.99926729     0.00073271
       86     0.00000000     0.99930456     0.00069544
       87     0.00000000     0.99936483     0.00063517
       88     0.00000000     0.99943248     0.00056752
       89     0.00000000     0.99948361     0.00051639
       90     0.00000000     0.99950906     0.00049094
       91     0.00000000     0.99952313     0.00047687
       92     0.00000000     0.99954982     0.00045018
       93     0.00000000     0.99960066     0.00039934
       94     0.00000000     0.99966477     0.00033523
       95     0.00000000     0.99971861     0.00028139
       96     0.00000000     0.99974527     0.00025473
       97     0.00000000     0.99974715     0.00025284
       98     0.00000000     0.99974320     0.00025680
       99     0.00000001     0.99975446     0.00024553
      100     0.00000001     0.99978912     0.00021087
      101     0.00000001     0.99983724     0.00016276
      102     0.00000001     0.99987793     0.00012206
      103     0.00000001     0.99989350     0.00010649
      104     0.00000001     0.99988122     0.00011877
      105     0.00000001     0.99985533     0.00014466
      106     0.00000001     0.99983827     0.00016172
      107     0.00000001     0.99984682     0.00015317
      108     0.00000001     0.99988168     0.00011831
      109     0.00000001     0.99992696     0.00007303
      110     0.00000001     0.99995980     0.00004019
      111     0.00000001     0.99996392     0.00003608
      112     0.00000001     0.99993942     0.00006058
      113     0.00000001     0.99990253     0.00009746
      114     0.00000001     0.99987576     0.00012423
      115     0.00000000     0.99987473     0.00012527
      116     0.00000000     0.99989979     0.00010020
      117     0.00000000     0.99993707     0.00006292
      118     0.00000000     0.99996780     0.00003219
      119     0.00000000     0.99997960     0.00002039
      120     0.00000000     0.99997250     0.00002749
