#     Density Matrix: population Re; see the manual for detail orders
        0     0.00000000     0.00000000     1.00000000
        1     0.00000000     0.00000200     0.99999799
        2     0.00000002     0.00001221     0.99998778
        3     0.00000005     0.00001762     0.99998233
        4     0.00000010     0.00001750     0.99998240
        5     0.00000016     0.00002355     0.99997629
        6     0.00000024     0.00004456     0.99995520
        7     0.00000033     0.00007671     0.99992297
        8     0.00000042     0.00011287     0.99988671
        9     0.00000051     0.00018543     0.99981405
       10     0.00000059     0.00056243     0.99943698
       11     0.00000066     0.00385423     0.99614511
       12     0.00000061     0.30982668     0.69017271
       13     0.00000023     0.30169919     0.69830058
       14     0.00000337     0.28262567     0.71737095
       15     0.00000081     0.26288082     0.73711837
       16     0.00000203     0.24956738     0.75043059
       17     0.00000272     0.24075658     0.75924070
       18     0.00000032     0.23524206     0.76475762
       19     0.00000317     0.23220744     0.76778939
       20     0.00000118     0.23105824     0.76894058
       21     0.00000112     0.23133193     0.76866695
       22     0.00000335     0.23263319     0.76736346
       23     0.00000055     0.23462418     0.76537527
       24     0.00000164     0.23710082     0.76289753
       25     0.00000308     0.23987035     0.76012657
       26     0.00000039     0.24272765     0.75727196
       27     0.00000183     0.24547460     0.75452358
       28     0.00000309     0.24803149     0.75196542
       29     0.00000048     0.25043572     0.74956380
       30     0.00000159     0.25278285     0.74721555
       31     0.00000309     0.25512341     0.74487349
       32     0.00000077     0.25746071     0.74253852
       33     0.00000109     0.25995793     0.74004098
       34     0.00000299     0.26292832     0.73706870
       35     0.00000132     0.26707572     0.73292296
       36     0.00000059     0.27449905     0.72550036
       37     0.00000261     0.29692002     0.70307737
       38     0.00000245     0.68783855     0.31215899
       39     0.00000043     0.90748135     0.09251822
       40     0.00000173     0.89578831     0.10420996
       41     0.00000302     0.89264703     0.10734994
       42     0.00000112     0.89149595     0.10850293
       43     0.00000068     0.89113047     0.10886886
       44     0.00000275     0.89120270     0.10879455
       45     0.00000242     0.89158363     0.10841395
       46     0.00000050     0.89221033     0.10778918
       47     0.00000140     0.89304231     0.10695629
       48     0.00000300     0.89405508     0.10594193
       49     0.00000171     0.89522715     0.10477114
       50     0.00000044     0.89652672     0.10347283
       51     0.00000188     0.89791604     0.10208207
       52     0.00000286     0.89935747     0.10063967
       53     0.00000134     0.90080646     0.09919220
       54     0.00000053     0.90220815     0.09779132
       55     0.00000204     0.90350806     0.09648990
       56     0.00000279     0.90465950     0.09533771
       57     0.00000127     0.90561995     0.09437878
       58     0.00000054     0.90634915     0.09365031
       59     0.00000261     0.90683228     0.09316511
       60     0.00000365     0.90707365     0.09292271
       61     0.00000151     0.90708862     0.09290986
       62     0.00000038     0.90690901     0.09309061
       63     0.00000278     0.90658324     0.09341398
       64     0.00000423     0.90617404     0.09382172
       65     0.00000180     0.90574253     0.09425567
       66     0.00000021     0.90533673     0.09466306
       67     0.00000247     0.90492234     0.09507519
       68     0.00000382     0.90459646     0.09539972
       69     0.00000173     0.90443338     0.09556490
       70     0.00000018     0.90434851     0.09565130
       71     0.00000211     0.90431508     0.09568281
       72     0.00000391     0.90430776     0.09568832
       73     0.00000240     0.90430689     0.09569071
       74     0.00000031     0.90429872     0.09570097
       75     0.00000129     0.90440606     0.09559265
       76     0.00000401     0.90469181     0.09530418
       77     0.00000402     0.90487939     0.09511659
       78     0.00000136     0.90516377     0.09483487
       79     0.00000023     0.90553223     0.09446754
       80     0.00000318     0.90577814     0.09421868
       81     0.00000625     0.90600542     0.09398834
       82     0.00000462     0.90612743     0.09386795
       83     0.00000061     0.90603454     0.09396485
       84     0.00000112     0.90562312     0.09437577
       85     0.00000632     0.90483286     0.09516082
       86     0.00000830     0.90367106     0.09632064
       87     0.00000385     0.90221964     0.09777652
       88     0.00000011     0.90063567     0.09936422
       89     0.00000302     0.89914414     0.10085285
       90     0.00000779     0.89801096     0.10198124
       91     0.00000717     0.89748949     0.10250334
       92     0.00000244     0.89775739     0.10224017
       93     0.00000001     0.89887128     0.10112872
       94     0.00000235     0.90073945     0.09925819
       95     0.00000611     0.90312115     0.09687274
       96     0.00000723     0.90566619     0.09432657
       97     0.00000456     0.90795502     0.09204041
       98     0.00000078     0.90955840     0.09044082
       99     0.00000078     0.91019046     0.08980876
      100     0.00000651     0.90973190     0.09026159
      101     0.00001199     0.90823423     0.09175378
      102     0.00001002     0.90597642     0.09401356
      103     0.00000312     0.90338549     0.09661138
      104     0.00000077     0.90096316     0.09903607
      105     0.00000569     0.89919761     0.10079670
      106     0.00001061     0.89845978     0.10152960
      107     0.00000960     0.89892153     0.10106888
      108     0.00000473     0.90050654     0.09948873
      109     0.00000088     0.90288612     0.09711300
      110     0.00000018     0.90553503     0.09446479
      111     0.00000326     0.90783500     0.09216174
      112     0.00000940     0.90920865     0.09078195
      113     0.00001391     0.90925323     0.09073286
      114     0.00001145     0.90781188     0.09217668
      115     0.00000447     0.90514855     0.09484697
      116     0.00000170     0.90190410     0.09809420
      117     0.00000651     0.89894541     0.10104808
      118     0.00001211     0.89716662     0.10282127
      119     0.00001186     0.89714099     0.10284714
      120     0.00000722     0.89896579     0.10102699
