#     Density Matrix: population Re; see the manual for detail orders
        0     0.00000000     0.00000000     1.00000000
        1     0.00000003     0.00000056     0.99999941
        2     0.00000002     0.00000572     0.99999426
        3     0.00000001     0.00001682     0.99998318
        4     0.00000004     0.00002990     0.99997006
        5     0.00000002     0.00003976     0.99996023
        6     0.00000013     0.00004961     0.99995026
        7     0.00000007     0.00008017     0.99991976
        8     0.00000027     0.00016964     0.99983009
        9     0.00000016     0.00036573     0.99963411
       10     0.00000044     0.00072821     0.99927135
       11     0.00000028     0.00137522     0.99862450
       12     0.00000058     0.00263195     0.99736746
       13     0.00000042     0.00542312     0.99457646
       14     0.00000064     0.01240155     0.98759781
       15     0.00000053     0.03144707     0.96855239
       16     0.00000053     0.08530800     0.91469147
       17     0.00000049     0.21509120     0.78490832
       18     0.00000061     0.42547290     0.57452648
       19     0.00000046     0.47852644     0.52147310
       20     0.00000068     0.38729901     0.61270032
       21     0.00000118     0.29787629     0.70212253
       22     0.00000024     0.23036906     0.76963070
       23     0.00000092     0.18107331     0.81892577
       24     0.00000069     0.14431007     0.85568924
       25     0.00000012     0.11544181     0.88455807
       26     0.00000068     0.09125134     0.90874798
       27     0.00000032     0.07017535     0.92982434
       28     0.00000006     0.05176295     0.94823699
       29     0.00000044     0.03622824     0.96377132
       30     0.00000014     0.02381992     0.97617994
       31     0.00000006     0.01452259     0.98547735
       32     0.00000000     1.00000000     0.00000000
       33     0.00000019     0.99983391     0.00016590
       34     0.00000030     0.99925816     0.00074153
       35     0.00000006     0.99816832     0.00183162
       36     0.00000006     0.99648406     0.00351589
       37     0.00000031     0.99416528     0.00583441
       38     0.00000022     0.99123043     0.00876935
       39     0.00000000     0.98777592     0.01222408
       40     0.00000018     0.98399450     0.01600532
       41     0.00000032     0.98018448     0.01981520
       42     0.00000008     0.97673470     0.02326522
       43     0.00000003     0.97407063     0.02592933
       44     0.00000025     0.97253984     0.02745992
       45     0.00000019     0.97223684     0.02776297
       46     0.00000001     0.97278678     0.02721321
       47     0.00000012     0.97318915     0.02681073
       48     0.00000022     0.97186740     0.02813238
       49     0.00000006     0.96724179     0.03275815
       50     0.00000004     0.95885977     0.04114019
       51     0.00000021     0.94861307     0.05138672
       52     0.00000013     0.94078947     0.05921040
       53     0.00000001     0.93995614     0.06004385
       54     0.00000016     0.94782156     0.05217828
       55     0.00000015     0.96197590     0.03802395
       56     0.00000003     0.97761773     0.02238224
       57     0.00000000     1.00000000     0.00000000
       58     0.00000001     0.99470493     0.00529506
       59     0.00000002     0.98406169     0.01593829
       60     0.00000001     0.97581417     0.02418583
       61     0.00000001     0.97453565     0.02546433
       62     0.00000001     0.97987174     0.02012825
       63     0.00000000     0.98762757     0.01237243
       64     0.00000000     1.00000000     0.00000000
       65     0.00000000     0.99935327     0.00064673
       66     0.00000001     0.99817902     0.00182097
       67     0.00000000     0.99756580     0.00243420
       68     0.00000000     0.99793158     0.00206842
       69     0.00000001     0.99883834     0.00116165
       70     0.00000002     0.99949600     0.00050398
       71     0.00000002     0.99947825     0.00052173
       72     0.00000003     0.99901621     0.00098375
       73     0.00000005     0.99865874     0.00134120
       74     0.00000005     0.99870244     0.00129751
       75     0.00000006     0.99898079     0.00101916
       76     0.00000010     0.99916188     0.00083802
       77     0.00000013     0.99913906     0.00086081
       78     0.00000013     0.99905899     0.00094089
       79     0.00000017     0.99903988     0.00095995
       80     0.00000023     0.99901828     0.00098149
       81     0.00000024     0.99892350     0.00107627
       82     0.00000028     0.99886748     0.00113225
       83     0.00000039     0.99900420     0.00099542
       84     0.00000044     0.99923489     0.00076467
       85     0.00000045     0.99924536     0.00075419
       86     0.00000055     0.99892757     0.00107187
       87     0.00000070     0.99861869     0.00138061
       88     0.00000076     0.99873401     0.00126523
       89     0.00000082     0.99919634     0.00080284
       90     0.00000099     0.99944641     0.00055260
       91     0.00000114     0.99912008     0.00087878
       92     0.00000120     0.99855626     0.00144254
       93     0.00000132     0.99843248     0.00156620
       94     0.00000157     0.99892827     0.00107016
       95     0.00000173     0.99946715     0.00053112
       96     0.00000175     0.99939608     0.00060217
       97     0.00000185     0.99878099     0.00121716
       98     0.00000212     0.99833691     0.00166097
       99     0.00000234     0.99857708     0.00142059
      100     0.00000236     0.99921452     0.00078312
      101     0.00000239     0.99951835     0.00047926
      102     0.00000257     0.99916832     0.00082912
      103     0.00000275     0.99859437     0.00140288
      104     0.00000281     0.99844597     0.00155122
      105     0.00000283     0.99885548     0.00114169
      106     0.00000294     0.99933722     0.00065984
      107     0.00000307     0.99937592     0.00062101
      108     0.00000311     0.99898740     0.00100949
      109     0.00000309     0.99864125     0.00135567
      110     0.00000315     0.99870254     0.00129432
      111     0.00000332     0.99905512     0.00094156
      112     0.00000345     0.99929052     0.00070604
      113     0.00000344     0.99918468     0.00081188
      114     0.00000340     0.99890933     0.00108727
      115     0.00000350     0.99878737     0.00120913
      116     0.00000376     0.99892310     0.00107315
      117     0.00000401     0.99912655     0.00086945
      118     0.00000412     0.99916917     0.00082671
      119     0.00000417     0.99903918     0.00095665
      120     0.00000437     0.99891478     0.00108085
