#     Density Matrix: population Re; see the manual for detail orders
        0     0.00000000     0.00000000     1.00000000
        1     0.00000004     0.00000119     0.99999878
        2     0.00000003     0.00001698     0.99998299
        3     0.00000000     0.00007078     0.99992922
        4     0.00000001     0.00017292     0.99982707
        5     0.00000003     0.00032092     0.99967905
        6     0.00000006     0.00053907     0.99946087
        7     0.00000010     0.00095134     0.99904856
        8     0.00000014     0.00190689     0.99809297
        9     0.00000019     0.00430987     0.99568995
       10     0.00000022     0.01075464     0.98924514
       11     0.00000025     0.02977192     0.97022783
       12     0.00000025     0.08963091     0.91036884
       13     0.00000009     0.59846872     0.40153119
       14     0.00000024     0.54475552     0.45524425
       15     0.00000062     0.23681280     0.76318658
       16     0.00000019     0.11859211     0.88140770
       17     0.00000056     0.05705650     0.94294294
       18     0.00000021     0.02866533     0.97133445
       19     0.00000031     0.01777549     0.98222420
       20     0.00000029     0.01547149     0.98452822
       21     0.00000022     0.01692487     0.98307492
       22     0.00000023     0.01965484     0.98034493
       23     0.00000023     0.02239972     0.97760005
       24     0.00000025     0.02457776     0.97542200
       25     0.00000023     0.02604640     0.97395337
       26     0.00000022     0.02680195     0.97319783
       27     0.00000021     0.02692197     0.97307782
       28     0.00000019     0.02651291     0.97348689
       29     0.00000015     0.02569789     0.97430197
       30     0.00000009     0.02458985     0.97541006
       31     0.00000017     0.02329921     0.97670062
       32     0.00000021     0.02192093     0.97807886
       33     0.00000003     0.02055265     0.97944732
       34     0.00000022     0.01927060     0.98072919
       35     0.00000036     0.01813477     0.98186487
       36     0.00000005     0.01724322     0.98275674
       37     0.00000022     0.01664918     0.98335059
       38     0.00000080     0.01648451     0.98351470
       39     0.00000035     0.01698716     0.98301249
       40     0.00000012     0.01851750     0.98148238
       41     0.00000031     0.02181275     0.97818694
       42     0.00000007     0.02910437     0.97089556
       43     0.00000056     0.05092950     0.94906995
       44     0.00000064     0.15276175     0.84723761
       45     0.00000000     0.53170771     0.46829228
       46     0.00000103     0.87575220     0.12424677
       47     0.00000166     0.95414587     0.04585247
       48     0.00000043     0.97176624     0.02823333
       49     0.00000017     0.97843137     0.02156846
       50     0.00000105     0.98172517     0.01827377
       51     0.00000088     0.98364970     0.01634942
       52     0.00000010     0.98492277     0.01507713
       53     0.00000013     0.98578777     0.01421210
       54     0.00000018     0.98646675     0.01353308
       55     0.00000007     0.98708728     0.01291265
       56     0.00000004     0.98761602     0.01238394
       57     0.00000013     0.98806008     0.01193979
       58     0.00000011     0.98841685     0.01158304
       59     0.00000002     0.98868930     0.01131068
       60     0.00000003     0.98886207     0.01113791
       61     0.00000008     0.98893201     0.01106791
       62     0.00000006     0.98889925     0.01110069
       63     0.00000002     0.98877125     0.01122873
       64     0.00000003     0.98856772     0.01143224
       65     0.00000008     0.98830788     0.01169204
       66     0.00000007     0.98809912     0.01190081
       67     0.00000001     0.98797937     0.01202063
       68     0.00000008     0.98778791     0.01221201
       69     0.00000025     0.98754039     0.01245936
       70     0.00000025     0.98744601     0.01255374
       71     0.00000013     0.98741784     0.01258203
       72     0.00000005     0.98738345     0.01261651
       73     0.00000023     0.98743649     0.01256328
       74     0.00000035     0.98757573     0.01242392
       75     0.00000008     0.98779826     0.01220166
       76     0.00000031     0.98804257     0.01195712
       77     0.00000060     0.98830510     0.01169431
       78     0.00000048     0.98858497     0.01141455
       79     0.00000047     0.98882308     0.01117645
       80     0.00000096     0.98899189     0.01100715
       81     0.00000132     0.98906669     0.01093199
       82     0.00000113     0.98904058     0.01095830
       83     0.00000100     0.98891926     0.01107974
       84     0.00000141     0.98874470     0.01125389
       85     0.00000171     0.98859788     0.01140042
       86     0.00000145     0.98856000     0.01143855
       87     0.00000126     0.98872368     0.01127506
       88     0.00000145     0.98917792     0.01082063
       89     0.00000161     0.98997940     0.01001899
       90     0.00000148     0.99113641     0.00886211
       91     0.00000131     0.99259152     0.00740717
       92     0.00000138     0.99422598     0.00577264
       93     0.00000168     0.99588990     0.00410842
       94     0.00000195     0.99737757     0.00262048
       95     0.00000189     0.99844362     0.00155449
       96     0.00000216     0.99892135     0.00107649
       97     0.00000272     0.99878627     0.00121101
       98     0.00000303     0.99816414     0.00183283
       99     0.00000296     0.99724179     0.00275524
      100     0.00000322     0.99628522     0.00371156
      101     0.00000361     0.99558333     0.00441306
      102     0.00000358     0.99536494     0.00463148
      103     0.00000337     0.99572721     0.00426942
      104     0.00000339     0.99659839     0.00339822
      105     0.00000357     0.99775228     0.00224415
      106     0.00000381     0.99887694     0.00111925
      107     0.00000408     0.99968007     0.00031585
      108     0.00000447     0.99999226     0.00000328
      109     0.00000500     0.99982885     0.00016615
      110     0.00000541     0.99937717     0.00061742
      111     0.00000603     0.99890172     0.00109225
      112     0.00000687     0.99864465     0.00134848
      113     0.00000685     0.99872610     0.00126705
      114     0.00000717     0.99907551     0.00091732
      115     0.00000867     0.99949927     0.00049206
      116     0.00001022     0.99980035     0.00018944
      117     0.00001078     0.99988035     0.00010886
      118     0.00001035     0.99978038     0.00020927
      119     0.00001057     0.99962831     0.00036112
      120     0.00001205     0.99954844     0.00043951
