#     Density Matrix: population Re; see the manual for detail orders
        0     0.00000000     0.00000000     1.00000000
        1     0.00000016     0.00002824     0.99997160
        2     0.00000019     0.00028129     0.99971852
        3     0.00000036     0.00084610     0.99915354
        4     0.00000036     0.00168349     0.99831614
        5     0.00000056     0.00284862     0.99715082
        6     0.00000059     0.00517665     0.99482276
        7     0.00000065     0.01235234     0.98764701
        8     0.00000079     0.03863634     0.96136287
        9     0.00000049     0.13583566     0.86416385
       10     0.00000055     0.37583836     0.62416109
       11     0.00000015     0.53264480     0.46735504
       12     0.00000061     0.43450678     0.56549261
       13     0.00000042     0.30115379     0.69884579
       14     0.00000100     0.21212274     0.78787625
       15     0.00000053     0.16183456     0.83816491
       16     0.00000066     0.13813961     0.86185973
       17     0.00000076     0.13178616     0.86821307
       18     0.00000029     0.13637513     0.86362458
       19     0.00000064     0.14765372     0.85234564
       20     0.00000042     0.16290266     0.83709692
       21     0.00000023     0.18044470     0.81955507
       22     0.00000056     0.19927887     0.80072057
       23     0.00000027     0.21880961     0.78119013
       24     0.00000024     0.23862345     0.76137631
       25     0.00000052     0.25829413     0.74170535
       26     0.00000023     0.27718274     0.72281704
       27     0.00000022     0.29424531     0.70575448
       28     0.00000048     0.30761087     0.69238866
       29     0.00000024     0.31333109     0.68666868
       30     0.00000015     0.30776905     0.69223080
       31     0.00000044     0.29891820     0.70108136
       32     0.00000030     0.28862428     0.71137542
       33     0.00000011     0.27871402     0.72128587
       34     0.00000036     0.27158140     0.72841824
       35     0.00000041     0.27205046     0.72794913
       36     0.00000014     0.29162064     0.70837922
       37     0.00000025     0.34803426     0.65196549
       38     0.00000050     0.43408685     0.56591265
       39     0.00000031     0.50222778     0.49777192
       40     0.00000016     0.52470161     0.47529823
       41     0.00000049     0.58760922     0.41239030
       42     0.00000064     0.64164766     0.35835170
       43     0.00000026     0.68226934     0.31773040
       44     0.00000029     0.71143508     0.28856463
       45     0.00000067     0.73249092     0.26750841
       46     0.00000051     0.74830872     0.25169077
       47     0.00000022     0.76095709     0.23904269
       48     0.00000057     0.77193068     0.22806875
       49     0.00000081     0.78242781     0.21757138
       50     0.00000042     0.79372797     0.20627161
       51     0.00000042     0.80866303     0.19133655
       52     0.00000094     0.82444315     0.17555591
       53     0.00000086     0.84001052     0.15998862
       54     0.00000046     0.85500229     0.14499725
       55     0.00000085     0.86920569     0.13079345
       56     0.00000131     0.88250745     0.11749124
       57     0.00000090     0.89484586     0.10515324
       58     0.00000075     0.90617985     0.09381940
       59     0.00000146     0.91647895     0.08351959
       60     0.00000161     0.92572582     0.07427256
       61     0.00000103     0.93392446     0.06607451
       62     0.00000124     0.94110999     0.05888877
       63     0.00000201     0.94735744     0.05264056
       64     0.00000178     0.95278387     0.04721435
       65     0.00000119     0.95754043     0.04245838
       66     0.00000166     0.96180150     0.03819685
       67     0.00000230     0.96575065     0.03424705
       68     0.00000186     0.96955929     0.03043885
       69     0.00000134     0.97336113     0.02663752
       70     0.00000193     0.97723486     0.02276321
       71     0.00000262     0.98119283     0.01880455
       72     0.00000224     0.98516904     0.01482872
       73     0.00000179     0.98901027     0.01098794
       74     0.00000000     1.00000000     0.00000000
       75     0.00000640     0.99968307     0.00031053
       76     0.00001326     0.99865749     0.00132925
       77     0.00000693     0.99688937     0.00310371
       78     0.00000006     0.99446970     0.00553024
       79     0.00000681     0.99166589     0.00832730
       80     0.00001421     0.98893682     0.01104897
       81     0.00000795     0.98684264     0.01314941
       82     0.00000017     0.98590200     0.01409784
       83     0.00000515     0.98645724     0.01353761
       84     0.00001312     0.98854262     0.01144426
       85     0.00000000     1.00000000     0.00000000
       86     0.00000742     0.99915898     0.00083360
       87     0.00001652     0.99689236     0.00309112
       88     0.00001082     0.99394675     0.00604243
       89     0.00000069     0.99136008     0.00863924
       90     0.00000404     0.99012428     0.00987168
       91     0.00001449     0.99079577     0.00918974
       92     0.00001442     0.99318286     0.00680271
       93     0.00000428     0.99630794     0.00368778
       94     0.00000042     0.99877931     0.00122027
       95     0.00000998     0.99947374     0.00051628
       96     0.00001869     0.99817233     0.00180898
       97     0.00001237     0.99575248     0.00423515
       98     0.00000133     0.99374558     0.00625309
       99     0.00000353     0.99343347     0.00656300
      100     0.00001587     0.99499339     0.00499074
      101     0.00002093     0.99730323     0.00267584
      102     0.00001167     0.99868674     0.00130160
      103     0.00000137     0.99818462     0.00181401
      104     0.00000683     0.99637574     0.00361743
      105     0.00002263     0.99493998     0.00503739
      106     0.00002819     0.99517577     0.00479604
      107     0.00001726     0.99676400     0.00321874
      108     0.00000470     0.99806142     0.00193388
      109     0.00000913     0.99778994     0.00220093
      110     0.00003008     0.99640977     0.00356015
      111     0.00004573     0.99558699     0.00436728
      112     0.00004049     0.99623647     0.00372304
      113     0.00002318     0.99743784     0.00253898
      114     0.00001695     0.99764886     0.00233419
      115     0.00003725     0.99672357     0.00323918
      116     0.00007389     0.99603168     0.00389443
      117     0.00010119     0.99647800     0.00342080
      118     0.00010432     0.99726100     0.00263468
      119     0.00009071     0.99719477     0.00271452
      120     0.00008683     0.99651769     0.00339548
