#     Density Matrix: population Re; see the manual for detail orders
        0     0.00000000     0.00000000     1.00000000
        1     0.00000001     0.00000416     0.99999583
        2     0.00000001     0.00003674     0.99996325
        3     0.00000000     0.00009135     0.99990864
        4     0.00000002     0.00013858     0.99986140
        5     0.00000004     0.00015418     0.99984578
        6     0.00000007     0.00015039     0.99984954
        7     0.00000010     0.00018362     0.99981627
        8     0.00000014     0.00033483     0.99966503
        9     0.00000018     0.00069782     0.99930200
       10     0.00000022     0.00143010     0.99856968
       11     0.00000026     0.00296266     0.99703708
       12     0.00000030     0.00672970     0.99327000
       13     0.00000033     0.01815915     0.98184052
       14     0.00000034     0.06072597     0.93927369
       15     0.00000030     0.21243948     0.78756023
       16     0.00000008     0.72336496     0.27663496
       17     0.00000011     0.76685700     0.23314290
       18     0.00000052     0.65926717     0.34073231
       19     0.00000062     0.66342066     0.33657872
       20     0.00000052     0.69712168     0.30287780
       21     0.00000043     0.73411230     0.26588727
       22     0.00000032     0.76704152     0.23295816
       23     0.00000022     0.79415277     0.20584702
       24     0.00000014     0.81539072     0.18460914
       25     0.00000008     0.83133899     0.16866092
       26     0.00000004     0.84277286     0.15722710
       27     0.00000002     0.85050320     0.14949678
       28     0.00000001     0.85533407     0.14466592
       29     0.00000001     0.85797431     0.14202567
       30     0.00000002     0.85908262     0.14091736
       31     0.00000004     0.85928675     0.14071322
       32     0.00000005     0.85919340     0.14080655
       33     0.00000006     0.85942227     0.14057767
       34     0.00000007     0.86065383     0.13934611
       35     0.00000007     0.86363164     0.13636829
       36     0.00000007     0.86911408     0.13088585
       37     0.00000006     0.87778543     0.12221451
       38     0.00000005     0.89011388     0.10988607
       39     0.00000004     0.90610365     0.09389631
       40     0.00000003     0.92504689     0.07495308
       41     0.00000002     0.94524549     0.05475448
       42     0.00000002     0.96385411     0.03614587
       43     0.00000002     0.97693551     0.02306447
       44     0.00000003     0.97987745     0.02012252
       45     0.00000004     0.96835045     0.03164951
       46     0.00000005     0.93998480     0.06001515
       47     0.00000006     0.89664802     0.10335192
       48     0.00000008     0.84675216     0.15324777
       49     0.00000009     0.80559272     0.19440719
       50     0.00000009     0.79087038     0.20912953
       51     0.00000008     0.81243183     0.18756809
       52     0.00000005     0.86328461     0.13671534
       53     0.00000003     0.92246300     0.07753698
       54     0.00000001     0.96912348     0.03087651
       55     0.00000001     0.99386868     0.00613131
       56     0.00000001     0.99938892     0.00061107
       57     0.00000002     0.99445552     0.00554446
       58     0.00000002     0.98777891     0.01222106
       59     0.00000002     0.98461309     0.01538689
       60     0.00000002     0.98613945     0.01386054
       61     0.00000001     0.99065834     0.00934166
       62     0.00000001     0.99549549     0.00450450
       63     0.00000001     0.99864740     0.00135260
       64     0.00000001     0.99956251     0.00043748
       65     0.00000002     0.99896013     0.00103985
       66     0.00000002     0.99804947     0.00195051
       67     0.00000002     0.99771579     0.00228419
       68     0.00000002     0.99812493     0.00187505
       69     0.00000002     0.99886887     0.00113111
       70     0.00000003     0.99943021     0.00056975
       71     0.00000005     0.99958257     0.00041738
       72     0.00000006     0.99946293     0.00053700
       73     0.00000008     0.99934257     0.00065735
       74     0.00000010     0.99935805     0.00064184
       75     0.00000013     0.99944857     0.00055130
       76     0.00000017     0.99950740     0.00049243
       77     0.00000022     0.99953420     0.00046558
       78     0.00000028     0.99960540     0.00039433
       79     0.00000034     0.99972423     0.00027544
       80     0.00000040     0.99977476     0.00022484
       81     0.00000048     0.99966952     0.00033000
       82     0.00000057     0.99950430     0.00049513
       83     0.00000067     0.99948741     0.00051191
       84     0.00000078     0.99969019     0.00030902
       85     0.00000090     0.99992539     0.00007371
       86     0.00000102     0.99993685     0.00006213
       87     0.00000115     0.99969891     0.00029993
       88     0.00000130     0.99946436     0.00053435
       89     0.00000145     0.99948892     0.00050963
       90     0.00000160     0.99974711     0.00025129
       91     0.00000176     0.99996418     0.00003406
       92     0.00000192     0.99991866     0.00007942
       93     0.00000208     0.99966921     0.00032870
       94     0.00000225     0.99947100     0.00052674
       95     0.00000243     0.99950206     0.00049551
       96     0.00000260     0.99970216     0.00029524
       97     0.00000277     0.99986658     0.00013066
       98     0.00000293     0.99986014     0.00013693
       99     0.00000309     0.99972671     0.00027020
      100     0.00000325     0.99961426     0.00038249
      101     0.00000341     0.99962404     0.00037255
      102     0.00000356     0.99973514     0.00026130
      103     0.00000371     0.99985139     0.00014490
      104     0.00000384     0.99989873     0.00009743
      105     0.00000397     0.99987825     0.00011777
      106     0.00000410     0.99984371     0.00015218
      107     0.00000424     0.99984331     0.00015245
      108     0.00000438     0.99988299     0.00011263
      109     0.00000452     0.99993446     0.00006102
      110     0.00000466     0.99996797     0.00002738
      111     0.00000481     0.99997584     0.00001935
      112     0.00000498     0.99997089     0.00002414
      113     0.00000516     0.99996903     0.00002581
      114     0.00000538     0.99997559     0.00001903
      115     0.00000563     0.99998547     0.00000891
      116     0.00000591     0.99999202     0.00000207
      117     0.00000623     0.99999372     0.00000005
      118     0.00000661     0.99999324     0.00000015
      119     0.00000706     0.99999277     0.00000017
      120     0.00000760     0.99999198     0.00000042
