#     Density Matrix: population Re; see the manual for detail orders
        0     0.00000000     0.00000000     1.00000000
        1     0.00000001     0.00000098     0.99999900
        2     0.00000003     0.00000918     0.99999079
        3     0.00000008     0.00002475     0.99997517
        4     0.00000011     0.00004227     0.99995762
        5     0.00000021     0.00005985     0.99993995
        6     0.00000025     0.00009889     0.99990086
        7     0.00000037     0.00023905     0.99976058
        8     0.00000043     0.00068840     0.99931117
        9     0.00000053     0.00200493     0.99799454
       10     0.00000060     0.00603880     0.99396061
       11     0.00000060     0.02090207     0.97909732
       12     0.00000065     0.09360572     0.90639363
       13     0.00000038     0.40757017     0.59242946
       14     0.00000022     0.65851447     0.34148532
       15     0.00000049     0.43205748     0.56794203
       16     0.00000116     0.31224727     0.68775157
       17     0.00000044     0.26507523     0.73492433
       18     0.00000010     0.24747220     0.75252770
       19     0.00000074     0.23563178     0.76436747
       20     0.00000014     0.22898706     0.77101280
       21     0.00000043     0.22651876     0.77348081
       22     0.00000090     0.22711933     0.77287977
       23     0.00000005     0.22971804     0.77028191
       24     0.00000063     0.23340587     0.76659350
       25     0.00000073     0.23750238     0.76249690
       26     0.00000002     0.24155694     0.75844304
       27     0.00000072     0.24534046     0.75465882
       28     0.00000064     0.24874190     0.75125746
       29     0.00000002     0.25176819     0.74823179
       30     0.00000065     0.25448741     0.74551194
       31     0.00000065     0.25699063     0.74300872
       32     0.00000002     0.25935802     0.74064196
       33     0.00000054     0.26165332     0.73834614
       34     0.00000069     0.26393866     0.73606065
       35     0.00000006     0.26625998     0.73373996
       36     0.00000036     0.26865954     0.73134010
       37     0.00000071     0.27119573     0.72880357
       38     0.00000018     0.27396493     0.72603489
       39     0.00000017     0.27715126     0.72284857
       40     0.00000065     0.28116218     0.71883717
       41     0.00000037     0.28715945     0.71284019
       42     0.00000007     0.30075796     0.69924198
       43     0.00000040     0.48785026     0.51214934
       44     0.00000048     0.73700288     0.26299664
       45     0.00000010     0.75249898     0.24750092
       46     0.00000028     0.74950464     0.25049508
       47     0.00000063     0.74763520     0.25236417
       48     0.00000030     0.74619390     0.25380581
       49     0.00000008     0.74494876     0.25505116
       50     0.00000055     0.74382309     0.25617636
       51     0.00000062     0.74280309     0.25719629
       52     0.00000009     0.74190545     0.25809446
       53     0.00000025     0.74116631     0.25883344
       54     0.00000082     0.74061986     0.25937931
       55     0.00000048     0.74032666     0.25967286
       56     0.00000001     0.74034034     0.25965966
       57     0.00000060     0.74069205     0.25930735
       58     0.00000103     0.74142889     0.25857008
       59     0.00000030     0.74257407     0.25742563
       60     0.00000011     0.74413456     0.25586533
       61     0.00000110     0.74610151     0.25389740
       62     0.00000118     0.74844931     0.25154951
       63     0.00000017     0.75112604     0.24887379
       64     0.00000045     0.75406132     0.24593823
       65     0.00000167     0.75716739     0.24283094
       66     0.00000128     0.76032716     0.23967157
       67     0.00000016     0.76341634     0.23658350
       68     0.00000093     0.76631131     0.23368776
       69     0.00000218     0.76890044     0.23109738
       70     0.00000131     0.77107057     0.22892812
       71     0.00000022     0.77273901     0.22726077
       72     0.00000131     0.77389206     0.22610663
       73     0.00000236     0.77455775     0.22543990
       74     0.00000121     0.77482564     0.22517315
       75     0.00000020     0.77486385     0.22513595
       76     0.00000117     0.77489744     0.22510139
       77     0.00000196     0.77519888     0.22479916
       78     0.00000100     0.77606095     0.22393805
       79     0.00000006     0.77775339     0.22224655
       80     0.00000044     0.78047724     0.21952232
       81     0.00000117     0.78432165     0.21567719
       82     0.00000127     0.78922006     0.21077867
       83     0.00000067     0.79491753     0.20508180
       84     0.00000014     0.80094246     0.19905740
       85     0.00000117     0.80662480     0.19337404
       86     0.00000344     0.81117369     0.18882287
       87     0.00000398     0.81375190     0.18624412
       88     0.00000248     0.81358320     0.18641432
       89     0.00000335     0.81011425     0.18988241
       90     0.00000766     0.80316544     0.19682690
       91     0.00000969     0.79304982     0.20694050
       92     0.00000697     0.78063794     0.21935509
       93     0.00000548     0.76733224     0.23266228
       94     0.00000856     0.75493650     0.24505494
       95     0.00001061     0.74540606     0.25458333
       96     0.00000747     0.74049760     0.25949493
       97     0.00000335     0.74136776     0.25862889
       98     0.00000256     0.74822124     0.25177620
       99     0.00000366     0.76010049     0.23989585
      100     0.00000453     0.77489691     0.22509857
      101     0.00000491     0.78963806     0.21035703
      102     0.00000443     0.80106470     0.19893087
      103     0.00000469     0.80641528     0.19358003
      104     0.00000915     0.80424069     0.19575016
      105     0.00001555     0.79500121     0.20498324
      106     0.00001653     0.78119968     0.21878378
      107     0.00001165     0.76688796     0.23310039
      108     0.00000822     0.75656764     0.24342415
      109     0.00000859     0.75371761     0.24627380
      110     0.00000850     0.75941081     0.24058069
      111     0.00000697     0.77159385     0.22839918
      112     0.00000626     0.78551354     0.21448020
      113     0.00000648     0.79539427     0.20459925
      114     0.00000898     0.79688877     0.20310226
      115     0.00001602     0.78930884     0.21067514
      116     0.00002244     0.77638216     0.22359540
      117     0.00002044     0.76478995     0.23518961
      118     0.00001257     0.76081089     0.23917655
      119     0.00000706     0.76666378     0.23332916
      120     0.00000694     0.77874581     0.22124725
