#     Density Matrix: population Re; see the manual for detail orders
        0     0.00000000     0.00000000     1.00000000
        1     0.00000000     0.00001046     0.99998953
        2     0.00000001     0.00008825     0.99991173
        3     0.00000004     0.00021291     0.99978705
        4     0.00000008     0.00032898     0.99967094
        5     0.00000012     0.00038751     0.99961236
        6     0.00000018     0.00040393     0.99959589
        7     0.00000024     0.00056415     0.99943561
        8     0.00000029     0.00149279     0.99850691
        9     0.00000035     0.00531821     0.99468144
       10     0.00000038     0.02203606     0.97796356
       11     0.00000037     0.12814800     0.87185163
       12     0.00000067     0.17543242     0.82456691
       13     0.00000372     0.58338991     0.41660637
       14     0.00000029     0.39729010     0.60270961
       15     0.00000226     0.34585992     0.65413782
       16     0.00000210     0.32084957     0.67914833
       17     0.00000010     0.29854413     0.70145577
       18     0.00000176     0.27190892     0.72808932
       19     0.00000072     0.23961196     0.76038732
       20     0.00000067     0.20361388     0.79638545
       21     0.00000117     0.16716068     0.83283815
       22     0.00000046     0.13361020     0.86638935
       23     0.00000106     0.10540720     0.89459174
       24     0.00000090     0.08374042     0.91625868
       25     0.00000047     0.06877472     0.93122481
       26     0.00000102     0.06014133     0.93985766
       27     0.00000083     0.05746847     0.94253070
       28     0.00000066     0.06067496     0.93932439
       29     0.00000098     0.07022565     0.92977337
       30     0.00000094     0.08746850     0.91253056
       31     0.00000076     0.11593829     0.88406094
       32     0.00000084     0.16246116     0.83753800
       33     0.00000127     0.25732028     0.74267845
       34     0.00000094     0.36901793     0.63098112
       35     0.00000095     0.46472145     0.53527760
       36     0.00000159     0.52393838     0.47606003
       37     0.00000115     0.54987065     0.45012820
       38     0.00000077     0.56207940     0.43791983
       39     0.00000152     0.58781619     0.41218229
       40     0.00000126     0.64989801     0.35010073
       41     0.00000076     0.74843676     0.25156248
       42     0.00000107     0.85643265     0.14356628
       43     0.00000119     0.94258704     0.05741177
       44     0.00000000     1.00000000     0.00000000
       45     0.00000003     0.98299289     0.01700708
       46     0.00000006     0.94834325     0.05165669
       47     0.00000001     0.91937625     0.08062373
       48     0.00000007     0.90956689     0.09043304
       49     0.00000004     0.91940929     0.08059067
       50     0.00000002     0.93987284     0.06012714
       51     0.00000004     0.95929552     0.04070444
       52     0.00000004     0.96941121     0.03058874
       53     0.00000012     0.96830202     0.03169786
       54     0.00000000     0.96001260     0.03998740
       55     0.00000013     0.95141448     0.04858539
       56     0.00000009     0.94797790     0.05202201
       57     0.00000002     0.95090788     0.04909210
       58     0.00000006     0.95715058     0.04284936
       59     0.00000005     0.96201100     0.03798895
       60     0.00000012     0.96252601     0.03747387
       61     0.00000000     0.95935854     0.04064146
       62     0.00000016     0.95586270     0.04413715
       63     0.00000007     0.95509795     0.04490199
       64     0.00000003     0.95733887     0.04266110
       65     0.00000005     0.96032588     0.03967407
       66     0.00000022     0.96169647     0.03830331
       67     0.00000009     0.96120286     0.03879705
       68     0.00000008     0.96046276     0.03953716
       69     0.00000030     0.96082907     0.03917062
       70     0.00000013     0.96212534     0.03787453
       71     0.00000000     0.96336517     0.03663483
       72     0.00000035     0.96425422     0.03574543
       73     0.00000048     0.96529340     0.03470613
       74     0.00000007     0.96658754     0.03341239
       75     0.00000033     0.96736296     0.03263671
       76     0.00000069     0.96716520     0.03283411
       77     0.00000032     0.96704747     0.03295221
       78     0.00000027     0.96853358     0.03146614
       79     0.00000094     0.97137955     0.02861951
       80     0.00000078     0.97335273     0.02664648
       81     0.00000028     0.97287076     0.02712896
       82     0.00000087     0.97134970     0.02864942
       83     0.00000143     0.97183937     0.02815920
       84     0.00000076     0.97523169     0.02476755
       85     0.00000055     0.97894520     0.02105424
       86     0.00000145     0.97987190     0.02012666
       87     0.00000148     0.97808461     0.02191391
       88     0.00000066     0.97686250     0.02313684
       89     0.00000093     0.97882428     0.02117479
       90     0.00000187     0.98293933     0.01705881
       91     0.00000147     0.98585524     0.01414329
       92     0.00000064     0.98559946     0.01439990
       93     0.00000108     0.98364810     0.01635082
       94     0.00000189     0.98312530     0.01687281
       95     0.00000143     0.98533227     0.01466629
       96     0.00000068     0.98863647     0.01136285
       97     0.00000000     1.00000000     0.00000000
       98     0.00000240     0.99988773     0.00010987
       99     0.00000502     0.99968011     0.00031487
      100     0.00000302     0.99959627     0.00040071
      101     0.00000011     0.99971068     0.00028921
      102     0.00000155     0.99989918     0.00009927
      103     0.00000463     0.99998614     0.00000923
      104     0.00000390     0.99991536     0.00008075
      105     0.00000072     0.99978412     0.00021515
      106     0.00000043     0.99972951     0.00027006
      107     0.00000339     0.99979070     0.00020591
      108     0.00000479     0.99989438     0.00010083
      109     0.00000239     0.99994450     0.00005311
      110     0.00000007     0.99991732     0.00008261
      111     0.00000123     0.99986602     0.00013275
      112     0.00000403     0.99984612     0.00014985
      113     0.00000433     0.99986065     0.00013502
      114     0.00000170     0.99987618     0.00012212
      115     0.00000000     0.99987809     0.00012191
      116     0.00000153     0.99988593     0.00011254
      117     0.00000425     0.99990898     0.00008678
      118     0.00000458     0.99991642     0.00007900
      119     0.00000207     0.99987957     0.00011836
      120     0.00000007     0.99982360     0.00017633
