#      REAL   NALLORB   NKPOINT
          T        24         1
#   IKPOINT
          1
# MATRIX
   1.000000000000000E+00   0.000000000000000E+00   0.000000000000000E+00   0.000000000000000E+00   2.130702162416678E-01   1.530029165855782E-02  -2.489698066849863E-01   1.185225417303041E-04   4.108776883376725E-01   7.351408246188830E-02   4.438866583796414E-02   4.013322529514549E-01  -3.154376464321093E-01   7.135148249131613E-04   6.676916723837575E-02  -8.120925309867076E-03   2.143514711440706E-01   1.531875823046502E-02  -2.501205192765060E-01   3.860451256861367E-05   4.124226463140519E-01   7.371838593503441E-02   4.467063817449821E-02   4.016834382238604E-01
   0.000000000000000E+00   1.000000000000000E+00   0.000000000000000E+00   0.000000000000000E+00  -1.738940763436949E-02   1.090289372077753E-01   2.477483854803348E-02  -1.179410818833205E-05  -2.081217008367835E-02   3.782908900339615E-02  -2.597198098692843E-03   3.019032805317109E-01   2.344686622435475E-03   4.389739123459803E-05   4.107822506735348E-03  -4.996216239194810E-04  -1.741573842805041E-02   1.098646244992937E-01   2.479490851750168E-02  -3.826936551508391E-06  -2.436350860893110E-02   3.821766460966250E-02  -2.884404113431133E-03   3.042611219812663E-01
   0.000000000000000E+00   0.000000000000000E+00   1.000000000000000E+00   0.000000000000000E+00   2.829643743865392E-01   2.477483854803348E-02  -2.925903165433864E-01   1.919163961837591E-04  -2.564010967695288E-01   9.343192489983249E-02   6.108489170258900E-02  -1.323948469889643E-01   2.194106804074182E-01   4.107822506735348E-03   3.844011061314070E-01  -4.675350616218622E-02   2.843594417819555E-01   2.479490851750168E-02  -2.934613233710861E-01   6.248517948392891E-05  -2.569165660768747E-01   9.365607988278991E-02   6.143860510174880E-02  -1.315133635409466E-01
   0.000000000000000E+00   0.000000000000000E+00   0.000000000000000E+00   1.000000000000000E+00  -1.347057192113746E-04  -1.179410818833205E-05   1.919163961837591E-04   1.105513688399736E-01   3.506484986852064E-01   3.154332703423680E-02  -2.721561836652534E-02  -2.732158114521426E-01  -2.668623590008854E-02  -4.996216239194810E-04  -4.675350616218622E-02   5.686482956452110E-03  -4.388907265996789E-05  -3.826936551508391E-06   6.248517948392891E-05   1.113831916197157E-01   3.513753579175178E-01   3.128954426232389E-02  -2.734731099902714E-02  -2.714125970931012E-01
   2.130702162416678E-01  -1.738940763436949E-02   2.829643743865392E-01  -1.347057192113746E-04   1.000000000000000E+00   0.000000000000000E+00   0.000000000000000E+00   0.000000000000000E+00   2.331057799921727E-02   4.002354513152013E-01   3.979194632210925E-01   3.688859399370690E-02   2.145084048840022E-01  -1.753271320545309E-02   2.845231166156426E-01  -5.565425265703357E-05  -2.208063525024765E+00   7.521974863943058E-02  -4.591017253598280E-01   7.260871993948093E-02   2.350021887950382E-02   4.003302425455230E-01   3.996680716737690E-01   3.708831387027858E-02
   1.530029165855782E-02   1.090289372077753E-01   2.477483854803348E-02  -1.179410818833205E-05   0.000000000000000E+00   1.000000000000000E+00   0.000000000000000E+00   0.000000000000000E+00   5.465554272297063E-04   2.997387269184876E-01   1.259526240041782E-03   2.244543354567447E-02   1.542106868768830E-02   1.099472175811911E-01   2.495868567433632E-02  -4.882053223054812E-06   2.471802017558593E-01   6.969448688906195E-02  -4.253784379447308E-01   6.727525113266632E-02   4.135729280817478E-04   3.017434697473162E-01  -2.002531318388952E-03   2.271199034434909E-02
  -2.489698066849863E-01   2.477483854803348E-02  -2.925903165433864E-01   1.919163961837591E-04   0.000000000000000E+00   0.000000000000000E+00   1.000000000000000E+00   0.000000000000000E+00  -3.254472660637512E-02   1.204098892863420E-01   2.083597858837181E-01  -4.538650725570253E-02  -2.502550787861122E-01   2.495868567433632E-02  -2.935475426647648E-01   7.922658531110682E-05  -1.508657754825548E+00  -4.253784379447308E-01   2.596285926551494E+00  -4.106126971665010E-01  -3.279893579859507E-02   1.200078866166817E-01   2.086651576370097E-01  -4.558130162001213E-02
   1.185225417303041E-04  -1.179410818833205E-05   1.919163961837591E-04   1.105513688399736E-01   0.000000000000000E+00   0.000000000000000E+00   0.000000000000000E+00   1.000000000000000E+00   1.394736437310353E-02   2.226103567425551E-01  -3.306457441785001E-01  -1.826374163252364E-02   4.895124005787868E-05  -4.882053223054812E-06   7.922658531110682E-05   1.114851912749348E-01   2.386000800123312E-01   6.727525113266632E-02  -4.106126971665010E-01   6.493999191309972E-02   1.403056589909259E-02   2.202122385729693E-01  -3.317669119033616E-01  -1.822838847948268E-02
   4.108776883376725E-01  -2.081217008367835E-02  -2.564010967695288E-01   3.506484986852064E-01   2.331057799921727E-02   5.465554272297063E-04  -3.254472660637512E-02   1.394736437310353E-02   1.000000000000000E+00   1.537765696212028E-02   2.157289231269247E-03   9.365663279619393E-02   4.094978087345150E-01  -2.073726838189537E-02  -2.566014359966816E-01   3.493109789479418E-01   2.351061404022334E-02   5.440352156693046E-04  -3.279684192092102E-02   1.406783128393980E-02   3.201545385051278-321   1.532370307667411E-02   2.175721632963505E-03   9.406738266002423E-02
   7.351408246188830E-02   3.782908900339615E-02   9.343192489983249E-02   3.154332703423680E-02   4.002354513152013E-01   2.997387269184876E-01   1.204098892863420E-01   2.226103567425551E-01   1.537765696212028E-02   1.000000000000000E+00   1.299189700014424E-01   1.856087923476416E-02   7.401838181634465E-02   3.811348706233082E-02   9.396136623304134E-02   3.180366105769927E-02   4.000600780695613E-01   2.993959510646957E-01   1.214395433357173E-01   2.223158368733262E-01   1.534875112554850E-02   3.201545385051278-321   1.293091021638398E-01   1.882636137449385E-02
   4.438866583796414E-02  -2.597198098692843E-03   6.108489170258900E-02  -2.721561836652534E-02   3.979194632210925E-01   1.259526240041782E-03   2.083597858837181E-01  -3.306457441785001E-01   2.157289231269247E-03   1.299189700014424E-01   1.000000000000000E+00   1.718257755508390E-02   4.476046964980750E-02  -2.621973204595211E-03   6.153942452059791E-02  -2.745130588662632E-02   3.966718131957380E-01   1.077060169168347E-03   2.086323965436782E-01  -3.295299485315689E-01   2.176709627531222E-03   1.307952828665293E-01   3.201545385051278-321   1.719585765823943E-02
   4.013322529514549E-01   3.019032805317109E-01  -1.323948469889643E-01  -2.732158114521426E-01   3.688859399370690E-02   2.244543354567447E-02  -4.538650725570253E-02  -1.826374163252364E-02   9.365663279619393E-02   1.856087923476416E-02   1.718257755508390E-02   1.000000000000000E+00   4.008850137962500E-01   3.014645260078947E-01  -1.334673623954264E-01  -2.726777929682118E-01   3.714926381288400E-02   2.260350725494790E-02  -4.565603285663454E-02  -1.841420827806593E-02   9.330917797640381E-02   1.880477045428992E-02   1.713996570855508E-02   3.201545385051278-321
  -3.154376464321093E-01   2.344686622435475E-03   2.194106804074182E-01  -2.668623590008854E-02   2.145084048840022E-01   1.542106868768830E-02  -2.502550787861122E-01   4.895124005787868E-05   4.094978087345150E-01   7.401838181634465E-02   4.476046964980750E-02   4.008850137962500E-01   1.000000000000000E+00   0.000000000000000E+00   0.000000000000000E+00   0.000000000000000E+00   2.157953214186474E-01   1.543949855725191E-02  -2.514070222217777E-01  -3.203493451182517E-05   4.110410044998971E-01   7.422404822581517E-02   4.504443020468460E-02   4.012394640649383E-01
   7.135148249131613E-04   4.389739123459803E-05   4.107822506735348E-03  -4.996216239194810E-04  -1.753271320545309E-02   1.099472175811911E-01   2.495868567433632E-02  -4.882053223054812E-06  -2.073726838189537E-02   3.811348706233082E-02  -2.621973204595211E-03   3.014645260078947E-01   0.000000000000000E+00   1.000000000000000E+00   0.000000000000000E+00   0.000000000000000E+00  -1.755908031146387E-02   1.107887677448521E-01   2.497861892140750E-02   3.182840376818287E-06  -2.427371130074350E-02   3.850500214544815E-02  -2.911782679385157E-03   3.038224585820112E-01
   6.676916723837575E-02   4.107822506735348E-03   3.844011061314070E-01  -4.675350616218622E-02   2.845231166156426E-01   2.495868567433632E-02  -2.935475426647648E-01   7.922658531110682E-05  -2.566014359966816E-01   9.396136623304134E-02   6.153942452059791E-02  -1.334673623954264E-01   0.000000000000000E+00   0.000000000000000E+00   1.000000000000000E+00   0.000000000000000E+00   2.859209499381508E-01   2.497861892140750E-02  -2.944132568531595E-01  -5.182735814741073E-05  -2.571227753472119E-01   9.418668406626572E-02   6.189517064806618E-02  -1.325900098741639E-01
  -8.120925309867076E-03  -4.996216239194810E-04  -4.675350616218622E-02   5.686482956452110E-03  -5.565425265703357E-05  -4.882053223054812E-06   7.922658531110682E-05   1.114851912749348E-01   3.493109789479418E-01   3.180366105769927E-02  -2.745130588662632E-02  -2.726777929682118E-01   0.000000000000000E+00   0.000000000000000E+00   0.000000000000000E+00   1.000000000000000E+00   3.643278865435796E-05   3.182840376818287E-06  -5.182735814741073E-05   1.123227570785828E-01   3.500380560547207E-01   3.154802753421652E-02  -2.758389735039666E-02  -2.708800053196442E-01
   2.143514711440706E-01  -1.741573842805041E-02   2.843594417819555E-01  -4.388907265996789E-05  -2.208063525024765E+00   2.471802017558593E-01  -1.508657754825548E+00   2.386000800123312E-01   2.351061404022334E-02   4.000600780695613E-01   3.966718131957380E-01   3.714926381288400E-02   2.157953214186474E-01  -1.755908031146387E-02   2.859209499381508E-01   3.643278865435796E-05   1.000000000000000E+00   0.000000000000000E+00   0.000000000000000E+00   0.000000000000000E+00   2.370160945928532E-02   4.001565542665041E-01   3.984164217187406E-01   3.735030895384690E-02
   1.531875823046502E-02   1.098646244992937E-01   2.479490851750168E-02  -3.826936551508391E-06   7.521974863943058E-02   6.969448688906195E-02  -4.253784379447308E-01   6.727525113266632E-02   5.440352156693046E-04   2.993959510646957E-01   1.077060169168347E-03   2.260350725494790E-02   1.543949855725191E-02   1.107887677448521E-01   2.497861892140750E-02   3.182840376818287E-06   0.000000000000000E+00   1.000000000000000E+00   0.000000000000000E+00   0.000000000000000E+00   4.097647616100352E-04   3.014011590836575E-01  -2.173272203658604E-03   2.287197662191238E-02
  -2.501205192765060E-01   2.479490851750168E-02  -2.934613233710861E-01   6.248517948392891E-05  -4.591017253598280E-01  -4.253784379447308E-01   2.596285926551494E+00  -4.106126971665010E-01  -3.279684192092102E-02   1.214395433357173E-01   2.086323965436782E-01  -4.565603285663454E-02  -2.514070222217777E-01   2.497861892140750E-02  -2.944132568531595E-01  -5.182735814741073E-05   0.000000000000000E+00   0.000000000000000E+00   1.000000000000000E+00   0.000000000000000E+00  -3.305259719192012E-02   1.210387290670234E-01   2.089428479099932E-01  -4.585179150590372E-02
   3.860451256861367E-05  -3.826936551508391E-06   6.248517948392891E-05   1.113831916197157E-01   7.260871993948093E-02   6.727525113266632E-02  -4.106126971665010E-01   6.493999191309972E-02   1.406783128393980E-02   2.223158368733262E-01  -3.295299485315689E-01  -1.841420827806593E-02  -3.203493451182517E-05   3.182840376818287E-06  -5.182735814741073E-05   1.123227570785828E-01   0.000000000000000E+00   0.000000000000000E+00   0.000000000000000E+00   1.000000000000000E+00   1.415156763677598E-02   2.199201494660305E-01  -3.306482359488205E-01  -1.837862430463901E-02
   4.124226463140519E-01  -2.436350860893110E-02  -2.569165660768747E-01   3.513753579175178E-01   2.350021887950382E-02   4.135729280817478E-04  -3.279893579859507E-02   1.403056589909259E-02   3.201545385051278-321   1.534875112554850E-02   2.176709627531222E-03   9.330917797640381E-02   4.110410044998971E-01  -2.427371130074350E-02  -2.571227753472119E-01   3.500380560547207E-01   2.370160945928532E-02   4.097647616100352E-04  -3.305259719192012E-02   1.415156763677598E-02   1.000000000000000E+00   1.529436681080734E-02   2.195475767143547E-03   9.371196984214047E-02
   7.371838593503441E-02   3.821766460966250E-02   9.365607988278991E-02   3.128954426232389E-02   4.003302425455230E-01   3.017434697473162E-01   1.200078866166817E-01   2.202122385729693E-01   1.532370307667411E-02   3.201545385051278-321   1.307952828665293E-01   1.880477045428992E-02   7.422404822581517E-02   3.850500214544815E-02   9.418668406626572E-02   3.154802753421652E-02   4.001565542665041E-01   3.014011590836575E-01   1.210387290670234E-01   2.199201494660305E-01   1.529436681080734E-02   1.000000000000000E+00   1.301721732390326E-01   1.907362788359744E-02
   4.467063817449821E-02  -2.884404113431133E-03   6.143860510174880E-02  -2.734731099902714E-02   3.996680716737690E-01  -2.002531318388952E-03   2.086651576370097E-01  -3.317669119033616E-01   2.175721632963505E-03   1.293091021638398E-01   3.201545385051278-321   1.713996570855508E-02   4.504443020468460E-02  -2.911782679385157E-03   6.189517064806618E-02  -2.758389735039666E-02   3.984164217187406E-01  -2.173272203658604E-03   2.089428479099932E-01  -3.306482359488205E-01   2.195475767143547E-03   1.301721732390326E-01   1.000000000000000E+00   1.715238770071855E-02
   4.016834382238604E-01   3.042611219812663E-01  -1.315133635409466E-01  -2.714125970931012E-01   3.708831387027858E-02   2.271199034434909E-02  -4.558130162001213E-02  -1.822838847948268E-02   9.406738266002423E-02   1.882636137449385E-02   1.719585765823943E-02   3.201545385051278-321   4.012394640649383E-01   3.038224585820112E-01  -1.325900098741639E-01  -2.708800053196442E-01   3.735030895384690E-02   2.287197662191238E-02  -4.585179150590372E-02  -1.837862430463901E-02   9.371196984214047E-02   1.907362788359744E-02   1.715238770071855E-02   1.000000000000000E+00
