#     Density Matrix: population Re; see the manual for detail orders
        0     0.00000000     0.00000000     1.00000000
        1     0.00000006     0.00000213     0.99999781
        2     0.00000009     0.00002354     0.99997637
        3     0.00000019     0.00007874     0.99992107
        4     0.00000023     0.00016809     0.99983169
        5     0.00000038     0.00028945     0.99971017
        6     0.00000043     0.00048511     0.99951447
        7     0.00000056     0.00093995     0.99905949
        8     0.00000066     0.00220566     0.99779368
        9     0.00000066     0.00590433     0.99409501
       10     0.00000086     0.01760265     0.98239649
       11     0.00000061     0.06056473     0.93943467
       12     0.00000077     0.22500257     0.77499665
       13     0.00000018     0.52244705     0.47755277
       14     0.00000028     0.54715789     0.45284182
       15     0.00000043     0.39259634     0.60740323
       16     0.00000062     0.27744316     0.72255621
       17     0.00000059     0.21103340     0.78896602
       18     0.00000055     0.17678232     0.82321714
       19     0.00000057     0.16256335     0.83743608
       20     0.00000046     0.16049436     0.83950518
       21     0.00000053     0.16551682     0.83448264
       22     0.00000051     0.17445561     0.82554388
       23     0.00000041     0.18537771     0.81462189
       24     0.00000039     0.19715510     0.80284451
       25     0.00000028     0.20908002     0.79091970
       26     0.00000036     0.22059838     0.77940126
       27     0.00000041     0.23107206     0.76892753
       28     0.00000030     0.23949098     0.76050873
       29     0.00000041     0.24400138     0.75599821
       30     0.00000054     0.24059639     0.75940306
       31     0.00000029     0.22493204     0.77506766
       32     0.00000041     0.19136042     0.80863917
       33     0.00000063     0.12374035     0.87625903
       34     0.00000033     0.02238355     0.97761612
       35     0.00000023     0.19506408     0.80493569
       36     0.00000072     0.41282420     0.58717509
       37     0.00000063     0.42419619     0.57580318
       38     0.00000011     0.37578053     0.62421935
       39     0.00000026     0.31773573     0.68226401
       40     0.00000048     0.26996943     0.73003009
       41     0.00000016     0.24222324     0.75777661
       42     0.00000001     0.24348899     0.75651101
       43     0.00000017     0.41450243     0.58549741
       44     0.00000021     0.64922399     0.35077580
       45     0.00000004     0.82259150     0.17740846
       46     0.00000016     0.90556688     0.09443296
       47     0.00000044     0.94119185     0.05880772
       48     0.00000027     0.95718901     0.04281072
       49     0.00000008     0.96447197     0.03552795
       50     0.00000036     0.96731176     0.03268788
       51     0.00000051     0.96753193     0.03246756
       52     0.00000019     0.96600828     0.03399153
       53     0.00000015     0.96326721     0.03673264
       54     0.00000050     0.95975190     0.04024760
       55     0.00000043     0.95578867     0.04421090
       56     0.00000010     0.95183832     0.04816158
       57     0.00000026     0.94844310     0.05155664
       58     0.00000050     0.94616221     0.05383729
       59     0.00000026     0.94541051     0.05458923
       60     0.00000005     0.94619236     0.05380759
       61     0.00000026     0.94772835     0.05227139
       62     0.00000037     0.94810048     0.05189915
       63     0.00000011     0.94430612     0.05569377
       64     0.00000007     0.93378564     0.06621429
       65     0.00000038     0.91785592     0.08214370
       66     0.00000036     0.90367911     0.09632053
       67     0.00000005     0.89969085     0.10030910
       68     0.00000011     0.90849049     0.09150940
       69     0.00000029     0.92622292     0.07377679
       70     0.00000014     0.94714283     0.05285703
       71     0.00000001     0.96685065     0.03314935
       72     0.00000008     0.98278774     0.01721219
       73     0.00000000     1.00000000     0.00000000
       74     0.00000006     0.99738869     0.00261125
       75     0.00000009     0.99242231     0.00757760
       76     0.00000001     0.98873737     0.01126262
       77     0.00000004     0.98821511     0.01178485
       78     0.00000000     1.00000000     0.00000000
       79     0.00000008     0.99956265     0.00043727
       80     0.00000014     0.99876104     0.00123881
       81     0.00000003     0.99829307     0.00170690
       82     0.00000002     0.99843329     0.00156669
       83     0.00000014     0.99897008     0.00102979
       84     0.00000012     0.99945867     0.00054121
       85     0.00000001     0.99958302     0.00041698
       86     0.00000009     0.99940021     0.00059969
       87     0.00000021     0.99917260     0.00082719
       88     0.00000006     0.99910103     0.00089891
       89     0.00000008     0.99917261     0.00082731
       90     0.00000030     0.99925557     0.00074412
       91     0.00000021     0.99927585     0.00072394
       92     0.00000009     0.99928790     0.00071202
       93     0.00000040     0.99935122     0.00064839
       94     0.00000047     0.99940256     0.00059698
       95     0.00000019     0.99931819     0.00068163
       96     0.00000043     0.99911013     0.00088944
       97     0.00000079     0.99898716     0.00101205
       98     0.00000049     0.99913835     0.00086116
       99     0.00000050     0.99946319     0.00053631
      100     0.00000110     0.99961082     0.00038808
      101     0.00000102     0.99932972     0.00066926
      102     0.00000069     0.99885292     0.00114640
      103     0.00000127     0.99866180     0.00133693
      104     0.00000171     0.99900379     0.00099450
      105     0.00000121     0.99956720     0.00043159
      106     0.00000129     0.99975430     0.00024441
      107     0.00000208     0.99930304     0.00069487
      108     0.00000212     0.99860525     0.00139263
      109     0.00000159     0.99833911     0.00165929
      110     0.00000200     0.99878137     0.00121663
      111     0.00000277     0.99951785     0.00047939
      112     0.00000246     0.99984104     0.00015649
      113     0.00000201     0.99943572     0.00056226
      114     0.00000267     0.99867721     0.00132012
      115     0.00000331     0.99826249     0.00173421
      116     0.00000283     0.99855299     0.00144418
      117     0.00000247     0.99926410     0.00073343
      118     0.00000325     0.99976532     0.00023144
      119     0.00000395     0.99965214     0.00034391
      120     0.00000332     0.99907802     0.00091865
