#     Density Matrix: population Re; see the manual for detail orders
        0     0.00000000     0.00000000     1.00000000
        1     0.00000008     0.00000878     0.99999113
        2     0.00000012     0.00004972     0.99995015
        3     0.00000014     0.00006188     0.99993797
        4     0.00000018     0.00004161     0.99995821
        5     0.00000022     0.00002179     0.99997799
        6     0.00000025     0.00001996     0.99997979
        7     0.00000030     0.00003389     0.99996581
        8     0.00000037     0.00006616     0.99993348
        9     0.00000044     0.00015862     0.99984094
       10     0.00000037     0.00048762     0.99951200
       11     0.00000030     0.00194199     0.99805771
       12     0.00000036     0.01349724     0.98650240
       13     0.00000014     0.73412985     0.26587001
       14     0.00000003     0.41184401     0.58815596
       15     0.00000088     0.02743153     0.97256759
       16     0.00000018     0.01262043     0.98737938
       17     0.00000032     0.00821222     0.99178746
       18     0.00000039     0.00702214     0.99297747
       19     0.00000019     0.00688783     0.99311198
       20     0.00000033     0.00707291     0.99292676
       21     0.00000030     0.00733895     0.99266075
       22     0.00000024     0.00762061     0.99237915
       23     0.00000025     0.00793315     0.99206660
       24     0.00000023     0.00831517     0.99168460
       25     0.00000024     0.00879100     0.99120876
       26     0.00000029     0.00939408     0.99060563
       27     0.00000031     0.01018578     0.98981391
       28     0.00000025     0.01129067     0.98870908
       29     0.00000028     0.01289903     0.98710069
       30     0.00000031     0.01561343     0.98438626
       31     0.00000026     0.02094979     0.97904994
       32     0.00000027     0.03309892     0.96690081
       33     0.00000029     0.06786985     0.93212986
       34     0.00000025     0.18703557     0.81296418
       35     0.00000022     0.49247997     0.50751982
       36     0.00000024     0.79083918     0.20916057
       37     0.00000031     0.90528646     0.09471323
       38     0.00000027     0.94086745     0.05913228
       39     0.00000022     0.95518261     0.04481716
       40     0.00000023     0.96216909     0.03783068
       41     0.00000022     0.96592357     0.03407622
       42     0.00000018     0.96795403     0.03204579
       43     0.00000016     0.96891084     0.03108900
       44     0.00000017     0.96918421     0.03081562
       45     0.00000017     0.96896869     0.03103114
       46     0.00000014     0.96842553     0.03157433
       47     0.00000011     0.96769446     0.03230543
       48     0.00000010     0.96690165     0.03309825
       49     0.00000010     0.96621412     0.03378578
       50     0.00000008     0.96573991     0.03426001
       51     0.00000006     0.96546157     0.03453837
       52     0.00000006     0.96543843     0.03456151
       53     0.00000006     0.96575378     0.03424616
       54     0.00000005     0.96641196     0.03358798
       55     0.00000004     0.96738505     0.03261491
       56     0.00000005     0.96863401     0.03136594
       57     0.00000005     0.97007603     0.02992392
       58     0.00000005     0.97159806     0.02840189
       59     0.00000005     0.97310893     0.02689102
       60     0.00000006     0.97452710     0.02547283
       61     0.00000008     0.97577346     0.02422647
       62     0.00000008     0.97678624     0.02321367
       63     0.00000010     0.97753162     0.02246829
       64     0.00000011     0.97799942     0.02200047
       65     0.00000015     0.97820947     0.02179038
       66     0.00000017     0.97820761     0.02179222
       67     0.00000019     0.97806309     0.02193672
       68     0.00000023     0.97785870     0.02214107
       69     0.00000028     0.97771935     0.02228036
       70     0.00000033     0.97773902     0.02226065
       71     0.00000037     0.97794638     0.02205325
       72     0.00000041     0.97836640     0.02163319
       73     0.00000044     0.97898472     0.02101484
       74     0.00000048     0.97968287     0.02031666
       75     0.00000053     0.98046321     0.01953626
       76     0.00000055     0.98128333     0.01871612
       77     0.00000054     0.98198958     0.01800988
       78     0.00000055     0.98251207     0.01748738
       79     0.00000059     0.98281998     0.01717944
       80     0.00000060     0.98298446     0.01701493
       81     0.00000059     0.98310383     0.01689558
       82     0.00000060     0.98320701     0.01679239
       83     0.00000066     0.98337875     0.01662060
       84     0.00000072     0.98358622     0.01641306
       85     0.00000079     0.98388739     0.01611182
       86     0.00000090     0.98439462     0.01560448
       87     0.00000104     0.98504945     0.01494951
       88     0.00000120     0.98574406     0.01425473
       89     0.00000141     0.98633884     0.01365975
       90     0.00000160     0.98669577     0.01330262
       91     0.00000178     0.98671693     0.01328129
       92     0.00000200     0.98631258     0.01368542
       93     0.00000226     0.98553522     0.01446252
       94     0.00000244     0.98467567     0.01532189
       95     0.00000256     0.98395074     0.01604670
       96     0.00000265     0.98353558     0.01646176
       97     0.00000279     0.98365260     0.01634461
       98     0.00000291     0.98444879     0.01554830
       99     0.00000305     0.98596002     0.01403693
      100     0.00000320     0.98808734     0.01190946
      101     0.00000335     0.99060560     0.00939104
      102     0.00000355     0.99319845     0.00679800
      103     0.00000394     0.99551789     0.00447816
      104     0.00000460     0.99725132     0.00274408
      105     0.00000531     0.99819438     0.00180031
      106     0.00000587     0.99829879     0.00169533
      107     0.00000641     0.99768827     0.00230531
      108     0.00000697     0.99663305     0.00335998
      109     0.00000753     0.99548793     0.00450453
      110     0.00000800     0.99460763     0.00538436
      111     0.00000828     0.99426079     0.00573093
      112     0.00000839     0.99456393     0.00542767
      113     0.00000851     0.99545460     0.00453688
      114     0.00000877     0.99671435     0.00327688
      115     0.00000915     0.99803264     0.00195822
      116     0.00000961     0.99909839     0.00089200
      117     0.00001016     0.99968661     0.00030323
      118     0.00001076     0.99972952     0.00025973
      119     0.00001134     0.99933366     0.00065500
      120     0.00001182     0.99873923     0.00124895
