#     Density Matrix: population Re; see the manual for detail orders
        0     0.00000000     0.00000000     1.00000000
        1     0.00000001     0.00002370     0.99997629
        2     0.00000002     0.00020990     0.99979007
        3     0.00000004     0.00052985     0.99947010
        4     0.00000007     0.00085426     0.99914566
        5     0.00000009     0.00114027     0.99885963
        6     0.00000013     0.00166942     0.99833046
        7     0.00000015     0.00341631     0.99658354
        8     0.00000017     0.00925141     0.99074841
        9     0.00000019     0.02927132     0.97072849
       10     0.00000009     0.53441531     0.46558461
       11     0.00000005     0.81650342     0.18349653
       12     0.00000043     0.30436060     0.69563897
       13     0.00000065     0.08553758     0.91446177
       14     0.00000004     0.03902398     0.96097598
       15     0.00000040     0.02285608     0.97714352
       16     0.00000020     0.01994357     0.98005623
       17     0.00000019     0.02209801     0.97790179
       18     0.00000035     0.02552050     0.97447915
       19     0.00000030     0.02857359     0.97142611
       20     0.00000031     0.03067849     0.96932120
       21     0.00000031     0.03177693     0.96822276
       22     0.00000023     0.03202806     0.96797171
       23     0.00000036     0.03165445     0.96834520
       24     0.00000041     0.03086378     0.96913581
       25     0.00000031     0.02980901     0.97019068
       26     0.00000035     0.02860633     0.97139332
       27     0.00000036     0.02733053     0.97266911
       28     0.00000031     0.02602729     0.97397240
       29     0.00000031     0.02472730     0.97527238
       30     0.00000030     0.02344914     0.97655056
       31     0.00000027     0.02221479     0.97778494
       32     0.00000024     0.02105262     0.97894714
       33     0.00000021     0.01999897     0.98000082
       34     0.00000022     0.01910186     0.98089792
       35     0.00000016     0.01843985     0.98155999
       36     0.00000016     0.01815297     0.98184687
       37     0.00000023     0.01850911     0.98149066
       38     0.00000018     0.02013045     0.97986938
       39     0.00000012     0.02486608     0.97513381
       40     0.00000012     0.04325011     0.95674977
       41     0.00000017     0.16664236     0.83335746
       42     0.00000020     0.61390128     0.38609852
       43     0.00000012     0.91450766     0.08549223
       44     0.00000008     0.95759810     0.04240182
       45     0.00000013     0.96702688     0.03297298
       46     0.00000016     0.96978268     0.03021717
       47     0.00000013     0.97027040     0.02972947
       48     0.00000012     0.96977345     0.03022643
       49     0.00000016     0.96881323     0.03118661
       50     0.00000019     0.96765519     0.03234462
       51     0.00000018     0.96646186     0.03353797
       52     0.00000020     0.96534326     0.03465654
       53     0.00000026     0.96438318     0.03561655
       54     0.00000028     0.96364418     0.03635555
       55     0.00000026     0.96316534     0.03683440
       56     0.00000029     0.96296673     0.03703298
       57     0.00000035     0.96303891     0.03696075
       58     0.00000036     0.96334778     0.03665186
       59     0.00000035     0.96383708     0.03616257
       60     0.00000039     0.96442329     0.03557631
       61     0.00000046     0.96501094     0.03498860
       62     0.00000047     0.96549781     0.03450172
       63     0.00000047     0.96579227     0.03420726
       64     0.00000050     0.96582377     0.03417573
       65     0.00000055     0.96556296     0.03443649
       66     0.00000058     0.96502843     0.03497099
       67     0.00000059     0.96428621     0.03571319
       68     0.00000064     0.96344176     0.03655760
       69     0.00000071     0.96262057     0.03737872
       70     0.00000073     0.96195414     0.03804514
       71     0.00000076     0.96154923     0.03845001
       72     0.00000080     0.96147338     0.03852582
       73     0.00000081     0.96173804     0.03826115
       74     0.00000086     0.96229759     0.03770155
       75     0.00000090     0.96305331     0.03694579
       76     0.00000098     0.96387205     0.03612696
       77     0.00000106     0.96460400     0.03539494
       78     0.00000105     0.96510501     0.03489394
       79     0.00000097     0.96526604     0.03473298
       80     0.00000101     0.96503117     0.03496782
       81     0.00000119     0.96441255     0.03558626
       82     0.00000139     0.96348601     0.03651259
       83     0.00000138     0.96237462     0.03762400
       84     0.00000119     0.96125444     0.03874437
       85     0.00000118     0.96031888     0.03967994
       86     0.00000142     0.95975225     0.04024633
       87     0.00000166     0.95970507     0.04029327
       88     0.00000169     0.96026838     0.03972993
       89     0.00000153     0.96146526     0.03853321
       90     0.00000158     0.96324643     0.03675199
       91     0.00000181     0.96549200     0.03450620
       92     0.00000188     0.96803386     0.03196427
       93     0.00000178     0.97067027     0.02932796
       94     0.00000172     0.97320350     0.02679478
       95     0.00000186     0.97546107     0.02453708
       96     0.00000205     0.97732705     0.02267090
       97     0.00000211     0.97876003     0.02123786
       98     0.00000203     0.97979326     0.02020471
       99     0.00000195     0.98052951     0.01946853
      100     0.00000200     0.98112022     0.01887778
      101     0.00000211     0.98172759     0.01827030
      102     0.00000215     0.98248913     0.01750872
      103     0.00000209     0.98348066     0.01651725
      104     0.00000201     0.98469452     0.01530347
      105     0.00000193     0.98603283     0.01396524
      106     0.00000188     0.98732621     0.01267192
      107     0.00000188     0.98837577     0.01162235
      108     0.00000182     0.98900283     0.01099535
      109     0.00000167     0.98909973     0.01089860
      110     0.00000150     0.98867063     0.01132786
      111     0.00000143     0.98783610     0.01216246
      112     0.00000141     0.98680384     0.01319475
      113     0.00000134     0.98582038     0.01417828
      114     0.00000119     0.98509738     0.01490143
      115     0.00000099     0.98475282     0.01524619
      116     0.00000084     0.98478257     0.01521658
      117     0.00000075     0.98506935     0.01492990
      118     0.00000067     0.98542835     0.01457098
      119     0.00000061     0.98567165     0.01432774
      120     0.00000052     0.98567311     0.01432637
