#     Density Matrix: population Re; see the manual for detail orders
        0     0.00000000     0.00000000     1.00000000
        1     0.00000000     0.00000109     0.99999891
        2     0.00000000     0.00001481     0.99998519
        3     0.00000001     0.00005956     0.99994043
        4     0.00000003     0.00014328     0.99985669
        5     0.00000006     0.00026290     0.99973704
        6     0.00000009     0.00043301     0.99956691
        7     0.00000013     0.00074346     0.99925641
        8     0.00000016     0.00145552     0.99854431
        9     0.00000021     0.00322100     0.99677879
       10     0.00000024     0.00777381     0.99222595
       11     0.00000027     0.02036326     0.97963647
       12     0.00000012     0.48673227     0.51326761
       13     0.00000014     0.78059024     0.21940962
       14     0.00000026     0.37528207     0.62471767
       15     0.00000085     0.10474984     0.89524931
       16     0.00000015     0.03854652     0.96145332
       17     0.00000052     0.01441148     0.98558800
       18     0.00000033     0.00953197     0.99046770
       19     0.00000026     0.01251440     0.98748534
       20     0.00000053     0.01796790     0.98203157
       21     0.00000025     0.02345725     0.97654250
       22     0.00000024     0.02800424     0.97199551
       23     0.00000041     0.03134051     0.96865908
       24     0.00000039     0.03349679     0.96650282
       25     0.00000031     0.03461808     0.96538161
       26     0.00000028     0.03489272     0.96510700
       27     0.00000034     0.03450791     0.96549175
       28     0.00000034     0.03361794     0.96638173
       29     0.00000039     0.03234824     0.96765137
       30     0.00000051     0.03080175     0.96919773
       31     0.00000045     0.02905946     0.97094009
       32     0.00000044     0.02719366     0.97280591
       33     0.00000051     0.02526366     0.97473583
       34     0.00000049     0.02332830     0.97667120
       35     0.00000047     0.02145613     0.97854341
       36     0.00000046     0.01973710     0.98026244
       37     0.00000045     0.01831772     0.98168183
       38     0.00000055     0.01751296     0.98248649
       39     0.00000052     0.01817817     0.98182131
       40     0.00000037     0.02333685     0.97666278
       41     0.00000043     0.04974454     0.95025503
       42     0.00000047     0.23889426     0.76110526
       43     0.00000034     0.68181816     0.31818149
       44     0.00000042     0.90746261     0.09253697
       45     0.00000067     0.95114042     0.04885891
       46     0.00000066     0.96369250     0.03630685
       47     0.00000048     0.96878962     0.03120990
       48     0.00000054     0.97114567     0.02885378
       49     0.00000069     0.97217165     0.02782767
       50     0.00000062     0.97241706     0.02758232
       51     0.00000050     0.97214608     0.02785342
       52     0.00000062     0.97152063     0.02847875
       53     0.00000075     0.97066218     0.02933707
       54     0.00000067     0.96968199     0.03031733
       55     0.00000058     0.96868497     0.03131445
       56     0.00000062     0.96777845     0.03222093
       57     0.00000071     0.96706256     0.03293673
       58     0.00000070     0.96662489     0.03337441
       59     0.00000065     0.96652928     0.03347007
       60     0.00000066     0.96680470     0.03319464
       61     0.00000073     0.96743980     0.03255948
       62     0.00000074     0.96837684     0.03162242
       63     0.00000070     0.96951622     0.03048308
       64     0.00000070     0.97072410     0.02927520
       65     0.00000075     0.97185131     0.02814794
       66     0.00000079     0.97275325     0.02724595
       67     0.00000080     0.97331115     0.02668804
       68     0.00000086     0.97345529     0.02654385
       69     0.00000093     0.97317224     0.02682683
       70     0.00000093     0.97250883     0.02749024
       71     0.00000090     0.97156282     0.02843628
       72     0.00000086     0.97047076     0.02952838
       73     0.00000090     0.96938512     0.03061398
       74     0.00000098     0.96844608     0.03155294
       75     0.00000101     0.96776271     0.03223629
       76     0.00000098     0.96739204     0.03260698
       77     0.00000098     0.96734102     0.03265800
       78     0.00000098     0.96756173     0.03243729
       79     0.00000099     0.96794997     0.03204903
       80     0.00000099     0.96837103     0.03162798
       81     0.00000098     0.96867718     0.03132184
       82     0.00000098     0.96873062     0.03126840
       83     0.00000097     0.96842683     0.03157219
       84     0.00000098     0.96771003     0.03228899
       85     0.00000097     0.96658668     0.03341235
       86     0.00000095     0.96513066     0.03486839
       87     0.00000094     0.96347476     0.03652430
       88     0.00000093     0.96179667     0.03820240
       89     0.00000093     0.96029746     0.03970161
       90     0.00000093     0.95917330     0.04082578
       91     0.00000095     0.95858345     0.04141560
       92     0.00000095     0.95863012     0.04136893
       93     0.00000092     0.95934987     0.04064921
       94     0.00000091     0.96070008     0.03929901
       95     0.00000095     0.96256436     0.03743469
       96     0.00000094     0.96476536     0.03523370
       97     0.00000090     0.96708312     0.03291598
       98     0.00000090     0.96930120     0.03069790
       99     0.00000089     0.97123704     0.02876207
      100     0.00000087     0.97276857     0.02723056
      101     0.00000081     0.97386384     0.02613534
      102     0.00000071     0.97457701     0.02542228
      103     0.00000059     0.97504390     0.02495550
      104     0.00000049     0.97544866     0.02455085
      105     0.00000041     0.97597736     0.02402224
      106     0.00000036     0.97676595     0.02323369
      107     0.00000033     0.97785668     0.02214299
      108     0.00000031     0.97918211     0.02081758
      109     0.00000030     0.98056948     0.01943022
      110     0.00000031     0.98178435     0.01821534
      111     0.00000035     0.98259592     0.01740373
      112     0.00000043     0.98284764     0.01715193
      113     0.00000050     0.98251839     0.01748110
      114     0.00000054     0.98174259     0.01825687
      115     0.00000053     0.98078232     0.01921714
      116     0.00000050     0.97995482     0.02004468
      117     0.00000046     0.97953036     0.02046917
      118     0.00000040     0.97964117     0.02035842
      119     0.00000031     0.98023194     0.01976775
      120     0.00000021     0.98108473     0.01891506
