#     Density Matrix: population Re; see the manual for detail orders
        0     0.00000000     0.00000000     1.00000000
        1     0.00000001     0.00000034     0.99999965
        2     0.00000002     0.00000633     0.99999366
        3     0.00000001     0.00003269     0.99996729
        4     0.00000008     0.00009174     0.99990819
        5     0.00000010     0.00018484     0.99981506
        6     0.00000022     0.00031583     0.99968395
        7     0.00000027     0.00053447     0.99946526
        8     0.00000042     0.00102442     0.99897516
        9     0.00000050     0.00230917     0.99769033
       10     0.00000060     0.00591154     0.99408787
       11     0.00000077     0.01705423     0.98294500
       12     0.00000066     0.05773829     0.94226105
       13     0.00000081     0.21772972     0.78226947
       14     0.00000068     0.59012787     0.40987145
       15     0.00000015     0.55173778     0.44826207
       16     0.00000209     0.39252678     0.60747113
       17     0.00000100     0.29880330     0.70119571
       18     0.00000090     0.23925644     0.76074266
       19     0.00000180     0.19731068     0.80268753
       20     0.00000025     0.16491367     0.83508608
       21     0.00000080     0.13788138     0.86211782
       22     0.00000077     0.11423402     0.88576520
       23     0.00000002     0.09321877     0.90678121
       24     0.00000056     0.07469486     0.92530458
       25     0.00000034     0.05867602     0.94132364
       26     0.00000002     0.04531555     0.95468443
       27     0.00000048     0.03447556     0.96552396
       28     0.00000034     0.02593042     0.97406925
       29     0.00000004     0.01935761     0.98064235
       30     0.00000024     0.01444324     0.98555652
       31     0.00000029     0.01093119     0.98906852
       32     0.00000000     1.00000000     0.00000000
       33     0.00000000     0.99997809     0.00002191
       34     0.00000000     0.99988901     0.00011099
       35     0.00000000     0.99969175     0.00030825
       36     0.00000000     0.99933835     0.00066165
       37     0.00000000     0.99877601     0.00122399
       38     0.00000000     0.99794524     0.00205476
       39     0.00000000     0.99677235     0.00322765
       40     0.00000000     0.99514963     0.00485037
       41     0.00000000     0.99286495     0.00713505
       42     0.00000000     0.98939622     0.01060378
       43     0.00000000     0.98330391     0.01669609
       44     0.00000000     0.97018944     0.02981056
       45     0.00000000     0.93574623     0.06425377
       46     0.00000002     0.83773668     0.16226330
       47     0.00000007     0.63881919     0.36118074
       48     0.00000012     0.52091265     0.47908723
       49     0.00000011     0.62217092     0.37782897
       50     0.00000004     0.77256482     0.22743514
       51     0.00000003     0.87534638     0.12465359
       52     0.00000002     0.93010399     0.06989599
       53     0.00000000     0.95210231     0.04789769
       54     0.00000002     0.95463182     0.04536817
       55     0.00000000     0.94857934     0.05142066
       56     0.00000003     0.94226539     0.05773459
       57     0.00000002     0.94034645     0.05965354
       58     0.00000001     0.94349086     0.05650913
       59     0.00000003     0.94976456     0.05023541
       60     0.00000000     0.95637420     0.04362580
       61     0.00000002     0.96114046     0.03885951
       62     0.00000000     0.96332157     0.03667843
       63     0.00000003     0.96365114     0.03634883
       64     0.00000002     0.96356137     0.03643861
       65     0.00000001     0.96418340     0.03581659
       66     0.00000001     0.96571761     0.03428238
       67     0.00000001     0.96757826     0.03242173
       68     0.00000000     0.96910812     0.03089187
       69     0.00000002     0.97010487     0.02989511
       70     0.00000005     0.97082732     0.02917263
       71     0.00000002     0.97157226     0.02842772
       72     0.00000003     0.97233370     0.02766628
       73     0.00000004     0.97291141     0.02708855
       74     0.00000003     0.97328947     0.02671050
       75     0.00000003     0.97377064     0.02622933
       76     0.00000008     0.97463937     0.02536055
       77     0.00000006     0.97572817     0.02427177
       78     0.00000004     0.97645238     0.02354758
       79     0.00000009     0.97639939     0.02360051
       80     0.00000010     0.97590594     0.02409396
       81     0.00000007     0.97591651     0.02408343
       82     0.00000013     0.97699745     0.02300242
       83     0.00000016     0.97870118     0.02129866
       84     0.00000010     0.97972606     0.02027384
       85     0.00000017     0.97915878     0.02084104
       86     0.00000025     0.97763312     0.02236663
       87     0.00000017     0.97693353     0.02306629
       88     0.00000019     0.97834959     0.02165022
       89     0.00000030     0.98128672     0.01871298
       90     0.00000027     0.98354666     0.01645306
       91     0.00000025     0.98322316     0.01677659
       92     0.00000038     0.98048047     0.01951915
       93     0.00000039     0.97773306     0.02226654
       94     0.00000029     0.97766937     0.02233035
       95     0.00000036     0.98101225     0.01898739
       96     0.00000045     0.98579157     0.01420798
       97     0.00000037     0.98874139     0.01125824
       98     0.00000034     0.98768254     0.01231712
       99     0.00000046     0.98325388     0.01674566
      100     0.00000045     0.97861792     0.02138163
      101     0.00000037     0.97721634     0.02278329
      102     0.00000043     0.98024134     0.01975822
      103     0.00000050     0.98597941     0.01402009
      104     0.00000000     1.00000000     0.00000000
      105     0.00000097     0.99944062     0.00055841
      106     0.00000161     0.99812447     0.00187392
      107     0.00000046     0.99685311     0.00314643
      108     0.00000013     0.99633995     0.00365992
      109     0.00000131     0.99680710     0.00319159
      110     0.00000129     0.99792180     0.00207691
      111     0.00000013     0.99906533     0.00093454
      112     0.00000041     0.99971594     0.00028365
      113     0.00000138     0.99971629     0.00028233
      114     0.00000090     0.99927086     0.00072824
      115     0.00000004     0.99877112     0.00122884
      116     0.00000055     0.99850664     0.00149281
      117     0.00000128     0.99851987     0.00147885
      118     0.00000068     0.99867559     0.00132372
      119     0.00000005     0.99880175     0.00119820
      120     0.00000062     0.99882258     0.00117680
