#     Density Matrix: population Re; see the manual for detail orders
        0     0.00000000     0.00000000     1.00000000
        1     0.00000002     0.00000408     0.99999590
        2     0.00000002     0.00002193     0.99997805
        3     0.00000001     0.00002714     0.99997285
        4     0.00000003     0.00003240     0.99996757
        5     0.00000006     0.00006876     0.99993119
        6     0.00000009     0.00014356     0.99985635
        7     0.00000017     0.00022725     0.99977257
        8     0.00000019     0.00028734     0.99971247
        9     0.00000035     0.00037247     0.99962718
       10     0.00000029     0.00078563     0.99921409
       11     0.00000055     0.00263931     0.99736014
       12     0.00000036     0.01081981     0.98917983
       13     0.00000067     0.06044953     0.93954981
       14     0.00000033     0.45133078     0.54866889
       15     0.00000014     0.69226646     0.30773340
       16     0.00000152     0.29756196     0.70243652
       17     0.00000301     0.20838091     0.79161608
       18     0.00000011     0.17028142     0.82971847
       19     0.00000152     0.14744815     0.85255033
       20     0.00000119     0.13010264     0.86989617
       21     0.00000008     0.11450725     0.88549267
       22     0.00000151     0.09936892     0.90062957
       23     0.00000062     0.08463165     0.91536772
       24     0.00000019     0.07066387     0.92933594
       25     0.00000110     0.05806142     0.94193747
       26     0.00000037     0.04724572     0.95275391
       27     0.00000025     0.03834506     0.96165469
       28     0.00000072     0.03121076     0.96878852
       29     0.00000041     0.02559462     0.97440497
       30     0.00000046     0.02121123     0.97878831
       31     0.00000081     0.01777592     0.98222327
       32     0.00000082     0.01509915     0.98490003
       33     0.00000081     0.01307873     0.98692046
       34     0.00000066     0.01169376     0.98830558
       35     0.00000062     0.01102338     0.98897600
       36     0.00000060     0.01132465     0.98867476
       37     0.00000052     0.01344115     0.98655833
       38     0.00000073     0.01973813     0.98026113
       39     0.00000070     0.03368914     0.96631016
       40     0.00000037     0.06382038     0.93617925
       41     0.00000090     0.12541762     0.87458149
       42     0.00000073     0.23281386     0.76718541
       43     0.00000038     0.37271314     0.62728648
       44     0.00000087     0.49838189     0.50161725
       45     0.00000049     0.56364225     0.43635726
       46     0.00000057     0.48157082     0.51842862
       47     0.00000107     0.81115373     0.18884520
       48     0.00000107     0.77423502     0.22576391
       49     0.00000169     0.96956231     0.03043600
       50     0.00000000     1.00000000     0.00000000
       51     0.00000000     0.99844247     0.00155753
       52     0.00000000     0.99659476     0.00340524
       53     0.00000000     0.99573449     0.00426551
       54     0.00000000     0.99577904     0.00422096
       55     0.00000000     0.99628799     0.00371201
       56     0.00000000     0.99682191     0.00317809
       57     0.00000000     0.99711980     0.00288019
       58     0.00000000     0.99714282     0.00285717
       59     0.00000001     0.99700668     0.00299331
       60     0.00000001     0.99686310     0.00313689
       61     0.00000001     0.99680118     0.00319882
       62     0.00000001     0.99681973     0.00318026
       63     0.00000001     0.99686619     0.00313380
       64     0.00000001     0.99689492     0.00310508
       65     0.00000002     0.99689710     0.00310288
       66     0.00000003     0.99688996     0.00311001
       67     0.00000002     0.99688775     0.00311223
       68     0.00000002     0.99688816     0.00311182
       69     0.00000002     0.99688251     0.00311747
       70     0.00000003     0.99687164     0.00312833
       71     0.00000003     0.99686755     0.00313242
       72     0.00000005     0.99688436     0.00311559
       73     0.00000005     0.99691185     0.00308809
       74     0.00000004     0.99691859     0.00308137
       75     0.00000005     0.99688353     0.00311642
       76     0.00000007     0.99683617     0.00316376
       77     0.00000007     0.99683419     0.00316574
       78     0.00000008     0.99690297     0.00309696
       79     0.00000010     0.99697810     0.00302180
       80     0.00000010     0.99695709     0.00304281
       81     0.00000010     0.99682081     0.00317909
       82     0.00000013     0.99670960     0.00329027
       83     0.00000014     0.99678549     0.00321437
       84     0.00000013     0.99698853     0.00301134
       85     0.00000016     0.99708954     0.00291030
       86     0.00000018     0.99692298     0.00307684
       87     0.00000017     0.99663059     0.00336924
       88     0.00000018     0.99655177     0.00344805
       89     0.00000019     0.99683045     0.00316935
       90     0.00000018     0.99719766     0.00280216
       91     0.00000019     0.99722617     0.00277364
       92     0.00000021     0.99681977     0.00318001
       93     0.00000021     0.99637271     0.00362708
       94     0.00000018     0.99637843     0.00362139
       95     0.00000016     0.99688885     0.00311099
       96     0.00000018     0.99741375     0.00258607
       97     0.00000018     0.99740159     0.00259823
       98     0.00000016     0.99680728     0.00319255
       99     0.00000018     0.99616619     0.00383363
      100     0.00000015     0.99609389     0.00390596
      101     0.00000012     0.99669379     0.00330609
      102     0.00000014     0.99744610     0.00255376
      103     0.00000015     0.99767606     0.00232379
      104     0.00000012     0.99715796     0.00284192
      105     0.00000010     0.99631301     0.00368688
      106     0.00000013     0.99584299     0.00415689
      107     0.00000013     0.99613436     0.00386551
      108     0.00000010     0.99694837     0.00305153
      109     0.00000009     0.99763601     0.00236389
      110     0.00000011     0.99767145     0.00232844
      111     0.00000010     0.99705650     0.00294339
      112     0.00000008     0.99628579     0.00371414
      113     0.00000007     0.99593518     0.00406475
      114     0.00000009     0.99622440     0.00377551
      115     0.00000010     0.99688818     0.00311173
      116     0.00000009     0.99742131     0.00257860
      117     0.00000007     0.99747891     0.00252102
      118     0.00000006     0.99710282     0.00289712
      119     0.00000005     0.99663123     0.00336872
      120     0.00000006     0.99640102     0.00359891
