#     Density Matrix: population Re; see the manual for detail orders
        0     0.00000000     0.00000000     1.00000000
        1     0.00000000     0.00000244     0.99999756
        2     0.00000001     0.00001258     0.99998740
        3     0.00000004     0.00001463     0.99998533
        4     0.00000008     0.00002243     0.99997749
        5     0.00000013     0.00006555     0.99993432
        6     0.00000020     0.00015564     0.99984417
        7     0.00000027     0.00027560     0.99972414
        8     0.00000035     0.00041794     0.99958171
        9     0.00000043     0.00069751     0.99930206
       10     0.00000050     0.00165949     0.99834001
       11     0.00000058     0.00553747     0.99446195
       12     0.00000061     0.02434030     0.97565909
       13     0.00000062     0.16183846     0.83816091
       14     0.00000030     0.66449334     0.33550636
       15     0.00000030     0.54323349     0.45676620
       16     0.00000111     0.27989986     0.72009903
       17     0.00000003     0.22179487     0.77820510
       18     0.00000123     0.19129225     0.80870652
       19     0.00000053     0.17698574     0.82301374
       20     0.00000034     0.17224748     0.82775218
       21     0.00000124     0.17307279     0.82692597
       22     0.00000011     0.17703198     0.82296791
       23     0.00000068     0.18283240     0.81716691
       24     0.00000108     0.18971981     0.81027912
       25     0.00000001     0.19731368     0.80268631
       26     0.00000090     0.20549806     0.79450104
       27     0.00000092     0.21433637     0.78566271
       28     0.00000001     0.22385555     0.77614444
       29     0.00000081     0.23394315     0.76605604
       30     0.00000087     0.24447136     0.75552777
       31     0.00000003     0.25500514     0.74499483
       32     0.00000061     0.26463149     0.73536790
       33     0.00000094     0.27157620     0.72842287
       34     0.00000014     0.27199839     0.72800147
       35     0.00000033     0.26501555     0.73498413
       36     0.00000104     0.24930792     0.75069105
       37     0.00000045     0.21695327     0.78304628
       38     0.00000014     0.18523976     0.81476010
       39     0.00000088     0.44691111     0.55308801
       40     0.00000111     0.42901675     0.57098215
       41     0.00000040     0.36728198     0.63271763
       42     0.00000039     0.30922272     0.69077688
       43     0.00000087     0.26762249     0.73237664
       44     0.00000071     0.25909667     0.74090262
       45     0.00000042     0.45458107     0.54541851
       46     0.00000076     0.79139875     0.20860050
       47     0.00000114     0.93325555     0.06674331
       48     0.00000061     0.94706062     0.05293877
       49     0.00000032     0.94698531     0.05301437
       50     0.00000104     0.94604387     0.05395509
       51     0.00000115     0.94566729     0.05433156
       52     0.00000041     0.94588316     0.05411643
       53     0.00000047     0.94653217     0.05346736
       54     0.00000118     0.94742325     0.05257556
       55     0.00000102     0.94805851     0.05194048
       56     0.00000032     0.94799817     0.05200151
       57     0.00000070     0.94681530     0.05318400
       58     0.00000138     0.94406035     0.05593827
       59     0.00000073     0.93938128     0.06061799
       60     0.00000029     0.93262104     0.06737867
       61     0.00000119     0.92401543     0.07598337
       62     0.00000119     0.91451062     0.08548819
       63     0.00000042     0.90555055     0.09444903
       64     0.00000080     0.89904770     0.10095149
       65     0.00000128     0.89650414     0.10349458
       66     0.00000064     0.89590359     0.10409577
       67     0.00000044     0.88495752     0.11504203
       68     0.00000131     0.84272917     0.15726952
       69     0.00000169     0.79180401     0.20819430
       70     0.00000066     0.79371773     0.20628161
       71     0.00000040     0.84187230     0.15812730
       72     0.00000122     0.89619661     0.10380217
       73     0.00000087     0.93904424     0.06095489
       74     0.00000057     0.96836418     0.03163525
       75     0.00000095     0.98569997     0.01429908
       76     0.00000000     1.00000000     0.00000000
       77     0.00000000     0.99903240     0.00096760
       78     0.00000000     0.99735819     0.00264180
       79     0.00000000     0.99635359     0.00364641
       80     0.00000000     0.99650550     0.00349450
       81     0.00000001     0.99743917     0.00256082
       82     0.00000000     0.99840002     0.00159997
       83     0.00000000     0.99878961     0.00121039
       84     0.00000000     0.99854439     0.00145560
       85     0.00000001     0.99806436     0.00193564
       86     0.00000001     0.99778647     0.00221351
       87     0.00000001     0.99786116     0.00213883
       88     0.00000001     0.99809542     0.00190457
       89     0.00000001     0.99823651     0.00176348
       90     0.00000002     0.99822801     0.00177197
       91     0.00000000     0.99818222     0.00181778
       92     0.00000002     0.99817990     0.00182008
       93     0.00000003     0.99816024     0.00183973
       94     0.00000001     0.99805770     0.00194229
       95     0.00000002     0.99795635     0.00204363
       96     0.00000006     0.99802182     0.00197811
       97     0.00000006     0.99824859     0.00175136
       98     0.00000004     0.99839686     0.00160310
       99     0.00000009     0.99823294     0.00176697
      100     0.00000011     0.99786421     0.00213567
      101     0.00000008     0.99769950     0.00230042
      102     0.00000013     0.99799137     0.00200850
      103     0.00000020     0.99847566     0.00152414
      104     0.00000016     0.99859484     0.00140499
      105     0.00000017     0.99811536     0.00188447
      106     0.00000027     0.99748361     0.00251613
      107     0.00000028     0.99740095     0.00259878
      108     0.00000023     0.99801741     0.00198236
      109     0.00000031     0.99872821     0.00127148
      110     0.00000038     0.99875297     0.00124665
      111     0.00000031     0.99797020     0.00202948
      112     0.00000031     0.99710159     0.00289811
      113     0.00000042     0.99701700     0.00298259
      114     0.00000042     0.99785405     0.00214553
      115     0.00000034     0.99884629     0.00115338
      116     0.00000036     0.99904035     0.00095929
      117     0.00000044     0.99820080     0.00179876
      118     0.00000040     0.99702979     0.00296981
      119     0.00000034     0.99655176     0.00344790
      120     0.00000037     0.99718440     0.00281523
