#     Density Matrix: population Re; see the manual for detail orders
        0     0.00000000     0.00000000     1.00000000
        1     0.00000002     0.00000018     0.99999981
        2     0.00000001     0.00000050     0.99999949
        3     0.00000000     0.00000121     0.99999879
        4     0.00000006     0.00000686     0.99999308
        5     0.00000003     0.00001711     0.99998286
        6     0.00000019     0.00002458     0.99997523
        7     0.00000013     0.00002341     0.99997646
        8     0.00000039     0.00001720     0.99998241
        9     0.00000031     0.00001774     0.99998195
       10     0.00000063     0.00003774     0.99996163
       11     0.00000050     0.00008682     0.99991268
       12     0.00000085     0.00017855     0.99982060
       13     0.00000064     0.00036527     0.99963410
       14     0.00000095     0.00090803     0.99909102
       15     0.00000071     0.00367966     0.99631963
       16     0.00000089     0.05318775     0.94681136
       17     0.00000070     0.05075345     0.94924585
       18     0.00000060     0.21932078     0.78067862
       19     0.00000050     0.11856901     0.88143049
       20     0.00000087     0.10165037     0.89834876
       21     0.00000052     0.09921459     0.90078489
       22     0.00000072     0.10106075     0.89893853
       23     0.00000080     0.10414056     0.89585865
       24     0.00000047     0.10736152     0.89263802
       25     0.00000079     0.11037978     0.88961943
       26     0.00000063     0.11315995     0.88683942
       27     0.00000029     0.11580571     0.88419400
       28     0.00000067     0.11847218     0.88152715
       29     0.00000051     0.12127634     0.87872316
       30     0.00000023     0.12429609     0.87570368
       31     0.00000060     0.12754585     0.87245355
       32     0.00000055     0.13097718     0.86902226
       33     0.00000028     0.13445686     0.86554286
       34     0.00000044     0.13772539     0.86227417
       35     0.00000064     0.14009526     0.85990409
       36     0.00000037     0.14075233     0.85924730
       37     0.00000028     0.14068300     0.85931672
       38     0.00000047     0.33469542     0.66530411
       39     0.00000015     0.71992349     0.28007636
       40     0.00000023     0.76503717     0.23496260
       41     0.00000074     0.76989281     0.23010645
       42     0.00000052     0.77183636     0.22816312
       43     0.00000006     0.77364919     0.22635074
       44     0.00000039     0.77658587     0.22341374
       45     0.00000084     0.78220537     0.21779379
       46     0.00000049     0.79149742     0.20850209
       47     0.00000012     0.80327310     0.19672678
       48     0.00000058     0.81666788     0.18333155
       49     0.00000097     0.83078790     0.16921113
       50     0.00000049     0.84486125     0.15513826
       51     0.00000015     0.85832096     0.14167889
       52     0.00000073     0.87082173     0.12917753
       53     0.00000118     0.88220873     0.11779010
       54     0.00000065     0.89246593     0.10753341
       55     0.00000022     0.90166454     0.09833524
       56     0.00000079     0.90992341     0.09007580
       57     0.00000138     0.91738044     0.08261818
       58     0.00000094     0.92416956     0.07582950
       59     0.00000032     0.93040551     0.06959417
       60     0.00000070     0.93617873     0.06382057
       61     0.00000148     0.94155540     0.05844312
       62     0.00000137     0.94657802     0.05342060
       63     0.00000060     0.95126702     0.04873238
       64     0.00000055     0.95562694     0.04437250
       65     0.00000152     0.95965391     0.04034458
       66     0.00000203     0.96334176     0.03665621
       67     0.00000133     0.96668617     0.03331250
       68     0.00000059     0.96968470     0.03031471
       69     0.00000108     0.97234160     0.02765732
       70     0.00000219     0.97467129     0.02532652
       71     0.00000234     0.97669739     0.02330026
       72     0.00000139     0.97844924     0.02154936
       73     0.00000086     0.97996013     0.02003902
       74     0.00000162     0.98126650     0.01873188
       75     0.00000276     0.98240594     0.01759131
       76     0.00000277     0.98341378     0.01658345
       77     0.00000176     0.98431854     0.01567970
       78     0.00000133     0.98514039     0.01485828
       79     0.00000231     0.98589317     0.01410453
       80     0.00000351     0.98658652     0.01340997
       81     0.00000341     0.98722637     0.01277022
       82     0.00000224     0.98781607     0.01218169
       83     0.00000176     0.98835773     0.01164052
       84     0.00000271     0.98885733     0.01113997
       85     0.00000388     0.98932713     0.01066899
       86     0.00000376     0.98978255     0.01021369
       87     0.00000000     1.00000000     0.00000000
       88     0.00000354     0.99999575     0.00000071
       89     0.00000969     0.99998695     0.00000336
       90     0.00001085     0.99998052     0.00000863
       91     0.00000569     0.99997728     0.00001703
       92     0.00000049     0.99997082     0.00002868
       93     0.00000143     0.99995530     0.00004327
       94     0.00000736     0.99993205     0.00006059
       95     0.00001138     0.99990904     0.00007958
       96     0.00000885     0.99989303     0.00009813
       97     0.00000277     0.99988288     0.00011435
       98     0.00000002     0.99987365     0.00012633
       99     0.00000353     0.99986396     0.00013251
      100     0.00000920     0.99985878     0.00013201
      101     0.00001075     0.99986447     0.00012479
      102     0.00000656     0.99988171     0.00011172
      103     0.00000125     0.99990403     0.00009472
      104     0.00000042     0.99992304     0.00007654
      105     0.00000481     0.99993479     0.00006040
      106     0.00000967     0.99994076     0.00004957
      107     0.00000994     0.99994320     0.00004686
      108     0.00000540     0.99994040     0.00005421
      109     0.00000075     0.99992700     0.00007225
      110     0.00000073     0.99989916     0.00010011
      111     0.00000531     0.99985933     0.00013536
      112     0.00000986     0.99981595     0.00017419
      113     0.00000985     0.99977841     0.00021175
      114     0.00000533     0.99975190     0.00024277
      115     0.00000078     0.99973656     0.00026266
      116     0.00000060     0.99973075     0.00026865
      117     0.00000486     0.99973442     0.00026072
      118     0.00000957     0.99974861     0.00024182
      119     0.00001029     0.99977155     0.00021816
      120     0.00000639     0.99979527     0.00019833
