#     Density Matrix: population Re; see the manual for detail orders
        0     0.00000000     0.00000000     1.00000000
        1     0.00000000     0.00000068     0.99999932
        2     0.00000000     0.00000503     0.99999497
        3     0.00000001     0.00000927     0.99999073
        4     0.00000003     0.00000903     0.99999095
        5     0.00000004     0.00000593     0.99999403
        6     0.00000007     0.00000755     0.99999238
        7     0.00000010     0.00002183     0.99997807
        8     0.00000014     0.00005415     0.99994571
        9     0.00000017     0.00011518     0.99988465
       10     0.00000020     0.00024485     0.99975495
       11     0.00000023     0.00057445     0.99942532
       12     0.00000026     0.00154938     0.99845036
       13     0.00000028     0.00499337     0.99500635
       14     0.00000030     0.02103525     0.97896445
       15     0.00000016     0.55648937     0.44351048
       16     0.00000004     0.57633787     0.42366209
       17     0.00000047     0.14150190     0.85849763
       18     0.00000025     0.05336337     0.94663637
       19     0.00000033     0.02137347     0.97862619
       20     0.00000036     0.00841842     0.99158122
       21     0.00000031     0.00317564     0.99682405
       22     0.00000036     0.00127264     0.99872700
       23     0.00000035     0.00078197     0.99921768
       24     0.00000034     0.00081099     0.99918867
       25     0.00000033     0.00095072     0.99904895
       26     0.00000032     0.00102621     0.99897347
       27     0.00000031     0.00097830     0.99902139
       28     0.00000030     0.00080545     0.99919425
       29     0.00000030     0.00054149     0.99945822
       30     0.00000029     0.00025452     0.99974519
       31     0.00000028     0.00006870     0.99993102
       32     0.00000028     0.00022241     0.99977731
       33     0.00000027     0.00121075     0.99878898
       34     0.00000026     0.00415024     0.99584950
       35     0.00000026     0.01180541     0.98819433
       36     0.00000026     0.03177902     0.96822072
       37     0.00000025     0.08641555     0.91358419
       38     0.00000025     0.22774458     0.77225517
       39     0.00000025     0.47353014     0.52646962
       40     0.00000024     0.70267571     0.29732405
       41     0.00000021     0.83613097     0.16386882
       42     0.00000018     0.90979737     0.09020245
       43     0.00000015     0.96071590     0.03928395
       44     0.00000017     0.99402417     0.00597566
       45     0.00000024     0.98083356     0.01916621
       46     0.00000022     0.91442175     0.08557803
       47     0.00000016     0.83285643     0.16714341
       48     0.00000018     0.76426634     0.23573348
       49     0.00000021     0.71377885     0.28622094
       50     0.00000018     0.67862893     0.32137088
       51     0.00000017     0.65564634     0.34435350
       52     0.00000020     0.64255386     0.35744595
       53     0.00000021     0.63784779     0.36215200
       54     0.00000020     0.64052563     0.35947417
       55     0.00000022     0.64984550     0.35015428
       56     0.00000027     0.66495223     0.33504750
       57     0.00000032     0.68484316     0.31515652
       58     0.00000037     0.70809092     0.29190871
       59     0.00000046     0.73270549     0.26729405
       60     0.00000057     0.75613696     0.24386247
       61     0.00000068     0.77532154     0.22467778
       62     0.00000080     0.78702844     0.21297076
       63     0.00000093     0.78847042     0.21152865
       64     0.00000104     0.77810284     0.22189612
       65     0.00000111     0.75659807     0.24340082
       66     0.00000112     0.72785602     0.27214286
       67     0.00000106     0.69908535     0.30091359
       68     0.00000094     0.67999928     0.31999978
       69     0.00000078     0.68051244     0.31948678
       70     0.00000058     0.70729408     0.29270534
       71     0.00000039     0.75967937     0.24032025
       72     0.00000024     0.82814361     0.17185615
       73     0.00000017     0.89689827     0.10310157
       74     0.00000016     0.95044149     0.04955835
       75     0.00000021     0.98004398     0.01995581
       76     0.00000030     0.98653987     0.01345983
       77     0.00000032     0.97833719     0.02166249
       78     0.00000027     0.96654914     0.03345059
       79     0.00000022     0.96001598     0.03998380
       80     0.00000016     0.96236960     0.03763024
       81     0.00000010     0.97185347     0.02814643
       82     0.00000006     0.98356569     0.01643425
       83     0.00000006     0.99265291     0.00734704
       84     0.00000007     0.99675571     0.00324422
       85     0.00000008     0.99658840     0.00341152
       86     0.00000007     0.99472972     0.00527021
       87     0.00000007     0.99368499     0.00631494
       88     0.00000006     0.99446668     0.00553326
       89     0.00000005     0.99644443     0.00355552
       90     0.00000005     0.99827664     0.00172331
       91     0.00000007     0.99907130     0.00092863
       92     0.00000010     0.99891293     0.00108697
       93     0.00000011     0.99851669     0.00148320
       94     0.00000012     0.99848621     0.00151366
       95     0.00000015     0.99887106     0.00112879
       96     0.00000019     0.99931997     0.00067984
       97     0.00000023     0.99953703     0.00046273
       98     0.00000030     0.99953537     0.00046432
       99     0.00000038     0.99950488     0.00049474
      100     0.00000046     0.99955039     0.00044916
      101     0.00000055     0.99962637     0.00037308
      102     0.00000067     0.99967366     0.00032567
      103     0.00000083     0.99971746     0.00028171
      104     0.00000100     0.99979590     0.00020310
      105     0.00000118     0.99986634     0.00013248
      106     0.00000140     0.99985953     0.00013907
      107     0.00000165     0.99979925     0.00019910
      108     0.00000191     0.99979111     0.00020697
      109     0.00000222     0.99987715     0.00012063
      110     0.00000258     0.99996873     0.00002870
      111     0.00000293     0.99996479     0.00003228
      112     0.00000331     0.99988963     0.00010706
      113     0.00000375     0.99985557     0.00014069
      114     0.00000425     0.99991005     0.00008570
      115     0.00000477     0.99998172     0.00001351
      116     0.00000530     0.99998670     0.00000800
      117     0.00000588     0.99993596     0.00005816
      118     0.00000655     0.99990560     0.00008785
      119     0.00000730     0.99993130     0.00006140
      120     0.00000805     0.99997333     0.00001862
