#     Density Matrix: population Re; see the manual for detail orders
        0     0.00000000     0.00000000     1.00000000
        1     0.00000000     0.00000404     0.99999596
        2     0.00000001     0.00002877     0.99997122
        3     0.00000002     0.00004886     0.99995112
        4     0.00000005     0.00004318     0.99995678
        5     0.00000008     0.00002391     0.99997601
        6     0.00000014     0.00001308     0.99998678
        7     0.00000021     0.00001212     0.99998767
        8     0.00000031     0.00000799     0.99999170
        9     0.00000042     0.00000113     0.99999845
       10     0.00000056     0.00001440     0.99998505
       11     0.00000068     0.00007295     0.99992637
       12     0.00000083     0.00018256     0.99981661
       13     0.00000093     0.00033805     0.99966101
       14     0.00000104     0.00059123     0.99940773
       15     0.00000109     0.00128950     0.99870942
       16     0.00000113     0.00426766     0.99573121
       17     0.00000112     0.02343021     0.97656867
       18     0.00000099     0.27841060     0.72158840
       19     0.00000049     0.80862264     0.19137687
       20     0.00000125     0.45730081     0.54269794
       21     0.00000317     0.37140549     0.62859134
       22     0.00000025     0.34693150     0.65306825
       23     0.00000304     0.33346361     0.66653335
       24     0.00000222     0.32702202     0.67297575
       25     0.00000046     0.32471836     0.67528118
       26     0.00000370     0.32446899     0.67552731
       27     0.00000161     0.32479304     0.67520536
       28     0.00000071     0.32473477     0.67526452
       29     0.00000353     0.32339665     0.67659982
       30     0.00000134     0.32000353     0.67999513
       31     0.00000070     0.31416136     0.68583795
       32     0.00000340     0.30524147     0.69475513
       33     0.00000163     0.29283866     0.70715971
       34     0.00000053     0.27595042     0.72404905
       35     0.00000330     0.25205922     0.74793748
       36     0.00000241     0.21956732     0.78043027
       37     0.00000034     0.17456814     0.82543152
       38     0.00000261     0.11316598     0.88683142
       39     0.00000335     0.04269523     0.95730141
       40     0.00000065     0.00612277     0.99387658
       41     0.00000142     0.06451311     0.93548547
       42     0.00000404     0.19407348     0.80592248
       43     0.00000209     0.33284461     0.66715330
       44     0.00000032     0.46916631     0.53083337
       45     0.00000277     0.62542007     0.37457716
       46     0.00000326     0.81373725     0.18625949
       47     0.00000080     0.96539471     0.03460449
       48     0.00000134     0.99841073     0.00158793
       49     0.00000389     0.97736429     0.02263182
       50     0.00000257     0.95559940     0.04439802
       51     0.00000037     0.94202739     0.05797224
       52     0.00000248     0.93544691     0.06455062
       53     0.00000419     0.93399463     0.06600118
       54     0.00000190     0.93637509     0.06362302
       55     0.00000064     0.94133692     0.05866245
       56     0.00000292     0.94793082     0.05206627
       57     0.00000390     0.95437170     0.04562440
       58     0.00000128     0.95832479     0.04167393
       59     0.00000095     0.95666496     0.04333409
       60     0.00000411     0.94551942     0.05447647
       61     0.00000402     0.92065929     0.07933669
       62     0.00000071     0.87843431     0.12156499
       63     0.00000187     0.81759693     0.18240120
       64     0.00000506     0.74201214     0.25798280
       65     0.00000276     0.66280177     0.33719547
       66     0.00000056     0.59828313     0.40171631
       67     0.00000349     0.56848319     0.43151333
       68     0.00000371     0.58535573     0.41464056
       69     0.00000139     0.64536293     0.35463567
       70     0.00000207     0.72955734     0.27044059
       71     0.00000218     0.81173754     0.18826028
       72     0.00000228     0.86932085     0.13067687
       73     0.00000321     0.89102511     0.10897167
       74     0.00000132     0.87898459     0.12101409
       75     0.00000209     0.84576578     0.15423213
       76     0.00000421     0.80866777     0.19132802
       77     0.00000163     0.78314712     0.21685125
       78     0.00000187     0.77708904     0.22290909
       79     0.00000295     0.78891092     0.21108613
       80     0.00000201     0.80943598     0.19056201
       81     0.00000275     0.82701722     0.17298003
       82     0.00000143     0.83347099     0.16652758
       83     0.00000257     0.82794558     0.17205186
       84     0.00000316     0.81651191     0.18348493
       85     0.00000123     0.80730039     0.19269838
       86     0.00000260     0.80548420     0.19451320
       87     0.00000231     0.81043982     0.18955787
       88     0.00000242     0.81715376     0.18284383
       89     0.00000175     0.82055664     0.17944162
       90     0.00000203     0.81924390     0.18075407
       91     0.00000367     0.81543478     0.18456156
       92     0.00000140     0.81265978     0.18733883
       93     0.00000179     0.81276416     0.18723405
       94     0.00000258     0.81438587     0.18561155
       95     0.00000309     0.81545625     0.18454067
       96     0.00000133     0.81554875     0.18444992
       97     0.00000172     0.81596122     0.18403706
       98     0.00000431     0.81693661     0.18305907
       99     0.00000218     0.81702900     0.18296881
      100     0.00000085     0.81534418     0.18465497
      101     0.00000241     0.81298406     0.18701353
      102     0.00000506     0.81277831     0.18721663
      103     0.00000203     0.81610935     0.18388862
      104     0.00000067     0.82021127     0.17978806
      105     0.00000440     0.82026680     0.17972880
      106     0.00000473     0.81542345     0.18457182
      107     0.00000157     0.81034674     0.18965169
      108     0.00000067     0.81069251     0.18930682
      109     0.00000644     0.81673665     0.18325691
      110     0.00000621     0.82243235     0.17756144
      111     0.00000086     0.82160819     0.17839095
      112     0.00000090     0.81475523     0.18524388
      113     0.00000594     0.80876125     0.19123282
      114     0.00000823     0.81002271     0.18996906
      115     0.00000214     0.81730960     0.18268826
      116     0.00000090     0.82322789     0.17677121
      117     0.00000621     0.82165775     0.17833604
      118     0.00000809     0.81437066     0.18562125
      119     0.00000468     0.80884350     0.19115182
      120     0.00000028     0.81047534     0.18952437
