#     Density Matrix: population Re; see the manual for detail orders
        0     0.00000000     0.00000000     1.00000000
        1     0.00000006     0.00000046     0.99999948
        2     0.00000009     0.00000982     0.99999008
        3     0.00000017     0.00005621     0.99994362
        4     0.00000024     0.00017269     0.99982707
        5     0.00000032     0.00038260     0.99961707
        6     0.00000044     0.00072636     0.99927320
        7     0.00000046     0.00137407     0.99862546
        8     0.00000068     0.00294263     0.99705669
        9     0.00000055     0.00754870     0.99245075
       10     0.00000088     0.02330387     0.97669525
       11     0.00000054     0.08676417     0.91323530
       12     0.00000065     0.31889460     0.68110475
       13     0.00000032     0.61435780     0.38564188
       14     0.00000048     0.46953235     0.53046718
       15     0.00000145     0.33664420     0.66335435
       16     0.00000060     0.28245389     0.71754552
       17     0.00000019     0.26476311     0.73523671
       18     0.00000089     0.25196223     0.74803687
       19     0.00000027     0.24448494     0.75551479
       20     0.00000043     0.24183015     0.75816942
       21     0.00000072     0.24296221     0.75703707
       22     0.00000020     0.24665474     0.75334505
       23     0.00000061     0.25173237     0.74826703
       24     0.00000057     0.25722409     0.74277534
       25     0.00000020     0.26244524     0.73755456
       26     0.00000082     0.26798157     0.73201760
       27     0.00000058     0.27216945     0.72782997
       28     0.00000026     0.27351956     0.72648018
       29     0.00000092     0.27347981     0.72651928
       30     0.00000057     0.27302533     0.72697410
       31     0.00000040     0.27270087     0.72729873
       32     0.00000078     0.27267120     0.72732802
       33     0.00000053     0.27287521     0.72712426
       34     0.00000044     0.27318424     0.72681532
       35     0.00000071     0.27353424     0.72646505
       36     0.00000055     0.27400033     0.72599911
       37     0.00000046     0.27480696     0.72519257
       38     0.00000063     0.27628256     0.72371681
       39     0.00000059     0.27876893     0.72123048
       40     0.00000050     0.28245648     0.71754302
       41     0.00000058     0.28728385     0.71271557
       42     0.00000065     0.29280253     0.70719682
       43     0.00000055     0.29788849     0.70211096
       44     0.00000050     0.30052771     0.69947179
       45     0.00000069     0.29770661     0.70229270
       46     0.00000088     0.28549456     0.71450456
       47     0.00000042     0.25959120     0.74040837
       48     0.00000062     0.21681143     0.78318796
       49     0.00000074     0.15902274     0.84097652
       50     0.00000028     0.10314639     0.89685333
       51     0.00000071     0.10494859     0.89505069
       52     0.00000055     0.28396041     0.71603903
       53     0.00000016     0.66591402     0.33408581
       54     0.00000042     0.88682729     0.11317229
       55     0.00000021     0.77723097     0.22276882
       56     0.00000074     0.59234932     0.40764994
       57     0.00000030     0.47877925     0.52122045
       58     0.00000033     0.44586393     0.55413574
       59     0.00000095     0.46420547     0.53579358
       60     0.00000003     0.50099997     0.49900000
       61     0.00000086     0.53155111     0.46844803
       62     0.00000036     0.54389643     0.45610320
       63     0.00000043     0.53876930     0.46123027
       64     0.00000086     0.52526683     0.47473231
       65     0.00000006     0.51401133     0.48598861
       66     0.00000104     0.51106564     0.48893332
       67     0.00000006     0.51561525     0.48438469
       68     0.00000084     0.52222514     0.47777401
       69     0.00000028     0.52564310     0.47435663
       70     0.00000057     0.52446439     0.47553504
       71     0.00000053     0.52116272     0.47883674
       72     0.00000029     0.51904064     0.48095907
       73     0.00000065     0.51925273     0.48074661
       74     0.00000016     0.52053636     0.47946348
       75     0.00000064     0.52126745     0.47873190
       76     0.00000011     0.52127418     0.47872571
       77     0.00000071     0.52140024     0.47859905
       78     0.00000010     0.52181517     0.47818472
       79     0.00000051     0.52160412     0.47839537
       80     0.00000021     0.52027671     0.47972308
       81     0.00000048     0.51906824     0.48093127
       82     0.00000014     0.51976055     0.48023931
       83     0.00000053     0.52210748     0.47789199
       84     0.00000035     0.52358562     0.47641403
       85     0.00000020     0.52211180     0.47788800
       86     0.00000036     0.51889391     0.48110573
       87     0.00000052     0.51755164     0.48244784
       88     0.00000020     0.52000635     0.47999345
       89     0.00000024     0.52387377     0.47612599
       90     0.00000061     0.52475362     0.47524577
       91     0.00000032     0.52125441     0.47874527
       92     0.00000014     0.51694784     0.48305202
       93     0.00000059     0.51669243     0.48330698
       94     0.00000050     0.52118774     0.47881176
       95     0.00000012     0.52583198     0.47416790
       96     0.00000035     0.52549849     0.47450117
       97     0.00000077     0.52011753     0.47988170
       98     0.00000026     0.51508004     0.48491970
       99     0.00000014     0.51577013     0.48422973
      100     0.00000059     0.52188907     0.47811034
      101     0.00000059     0.52750192     0.47249749
      102     0.00000013     0.52687440     0.47312547
      103     0.00000026     0.52022501     0.47977473
      104     0.00000064     0.51377244     0.48622692
      105     0.00000050     0.51374879     0.48625071
      106     0.00000008     0.52042737     0.47957256
      107     0.00000043     0.52781455     0.47218501
      108     0.00000059     0.52913464     0.47086477
      109     0.00000032     0.52303556     0.47696413
      110     0.00000018     0.51481339     0.48518644
      111     0.00000029     0.51165531     0.48834440
      112     0.00000072     0.51637243     0.48362685
      113     0.00000031     0.52490354     0.47509615
      114     0.00000017     0.53002837     0.46997146
      115     0.00000043     0.52756820     0.47243137
      116     0.00000039     0.51974518     0.48025444
      117     0.00000046     0.51311035     0.48688919
      118     0.00000015     0.51294236     0.48705749
      119     0.00000033     0.51900013     0.48099954
      120     0.00000065     0.52607033     0.47392903
