#     Density Matrix: population Re; see the manual for detail orders
        0     0.00000000     0.00000000     1.00000000
        1     0.00000006     0.00001730     0.99998264
        2     0.00000006     0.00012930     0.99987064
        3     0.00000022     0.00024611     0.99975367
        4     0.00000018     0.00025702     0.99974280
        5     0.00000048     0.00015527     0.99984425
        6     0.00000038     0.00007493     0.99992469
        7     0.00000073     0.00025337     0.99974589
        8     0.00000057     0.00095880     0.99904063
        9     0.00000092     0.00249763     0.99750146
       10     0.00000067     0.00558018     0.99441915
       11     0.00000095     0.01294805     0.98705099
       12     0.00000067     0.03632006     0.96367927
       13     0.00000074     0.12403931     0.87595995
       14     0.00000082     0.45482651     0.54517266
       15     0.00000008     0.62557437     0.37442555
       16     0.00000140     0.48496389     0.51503471
       17     0.00000091     0.37843696     0.62156213
       18     0.00000054     0.31908982     0.68090964
       19     0.00000142     0.28874573     0.71125285
       20     0.00000038     0.27513710     0.72486252
       21     0.00000041     0.27043196     0.72956764
       22     0.00000077     0.26959085     0.73040838
       23     0.00000009     0.26947521     0.73052470
       24     0.00000020     0.26829932     0.73170048
       25     0.00000037     0.26522317     0.73477647
       26     0.00000005     0.26004932     0.73995063
       27     0.00000012     0.25299957     0.74700031
       28     0.00000017     0.24456140     0.75543843
       29     0.00000009     0.23540214     0.76459777
       30     0.00000015     0.22633625     0.77366360
       31     0.00000009     0.21832342     0.78167650
       32     0.00000012     0.21247908     0.78752081
       33     0.00000018     0.21007306     0.78992676
       34     0.00000007     0.21247610     0.78752383
       35     0.00000012     0.22103152     0.77896837
       36     0.00000015     0.23681854     0.76318132
       37     0.00000008     0.26027524     0.73972468
       38     0.00000018     0.29068087     0.70931895
       39     0.00000008     0.32552770     0.67447221
       40     0.00000010     0.35991897     0.64008093
       41     0.00000036     0.38626905     0.61373058
       42     0.00000009     0.39477252     0.60522739
       43     0.00000017     0.37540564     0.62459419
       44     0.00000061     0.32216393     0.67783545
       45     0.00000013     0.23927061     0.76072926
       46     0.00000032     0.14663195     0.85336773
       47     0.00000073     0.07830770     0.92169157
       48     0.00000008     0.06799729     0.93200263
       49     0.00000046     0.12606884     0.87393070
       50     0.00000051     0.22709512     0.77290437
       51     0.00000003     0.32289728     0.67710269
       52     0.00000061     0.37194812     0.62805127
       53     0.00000014     0.36129652     0.63870334
       54     0.00000046     0.30828983     0.69170971
       55     0.00000064     0.24623113     0.75376823
       56     0.00000005     0.20549657     0.79450339
       57     0.00000073     0.19973811     0.80026116
       58     0.00000012     0.22237021     0.77762967
       59     0.00000039     0.25353544     0.74646417
       60     0.00000035     0.27304829     0.72695135
       61     0.00000012     0.27187497     0.72812491
       62     0.00000055     0.25570270     0.74429675
       63     0.00000000     0.23889316     0.76110683
       64     0.00000048     0.23327410     0.76672542
       65     0.00000008     0.24015409     0.75984583
       66     0.00000028     0.25116862     0.74883109
       67     0.00000015     0.25656635     0.74343349
       68     0.00000021     0.25348009     0.74651970
       69     0.00000035     0.24678839     0.75321126
       70     0.00000003     0.24327841     0.75672156
       71     0.00000028     0.24488773     0.75511199
       72     0.00000005     0.24830272     0.75169723
       73     0.00000030     0.24976741     0.75023229
       74     0.00000000     0.24904438     0.75095562
       75     0.00000040     0.24825369     0.75174591
       76     0.00000016     0.24819135     0.75180848
       77     0.00000008     0.24764002     0.75235989
       78     0.00000004     0.24623419     0.75376577
       79     0.00000039     0.24596909     0.75403052
       80     0.00000029     0.24839694     0.75160277
       81     0.00000003     0.25133022     0.74866974
       82     0.00000030     0.25067416     0.74932555
       83     0.00000028     0.24611042     0.75388930
       84     0.00000020     0.24276471     0.75723509
       85     0.00000008     0.24540336     0.75459656
       86     0.00000071     0.25178745     0.74821184
       87     0.00000039     0.25433976     0.74565985
       88     0.00000002     0.24928306     0.75071692
       89     0.00000007     0.24199414     0.75800579
       90     0.00000079     0.24120935     0.75878986
       91     0.00000084     0.24842234     0.75157682
       92     0.00000011     0.25555973     0.74444016
       93     0.00000032     0.25422690     0.74577277
       94     0.00000046     0.24567602     0.75432351
       95     0.00000080     0.23953498     0.76046421
       96     0.00000040     0.24273743     0.75726217
       97     0.00000068     0.25163219     0.74836713
       98     0.00000113     0.25633629     0.74366258
       99     0.00000043     0.25189224     0.74810733
      100     0.00000025     0.24348613     0.75651362
      101     0.00000024     0.24025745     0.75974231
      102     0.00000138     0.24525626     0.75474236
      103     0.00000174     0.25261231     0.74738595
      104     0.00000040     0.25451020     0.74548940
      105     0.00000000     0.24955723     0.75044276
      106     0.00000013     0.24356541     0.75643446
      107     0.00000136     0.24275223     0.75724641
      108     0.00000204     0.24727721     0.75272074
      109     0.00000072     0.25183455     0.74816473
      110     0.00000017     0.25179418     0.74820565
      111     0.00000016     0.24789842     0.75210142
      112     0.00000084     0.24472595     0.75527321
      113     0.00000195     0.24537691     0.75462114
      114     0.00000119     0.24848280     0.75151601
      115     0.00000041     0.25039424     0.74960535
      116     0.00000038     0.24937257     0.75062705
      117     0.00000050     0.24709126     0.75290823
      118     0.00000163     0.24620796     0.75379041
      119     0.00000179     0.24731853     0.75267969
      120     0.00000074     0.24874986     0.75124940
