#     Density Matrix: population Re; see the manual for detail orders
        0     0.00000000     0.00000000     1.00000000
        1     0.00000002     0.00000093     0.99999905
        2     0.00000001     0.00000709     0.99999290
        3     0.00000001     0.00001412     0.99998587
        4     0.00000002     0.00001567     0.99998431
        5     0.00000000     0.00001029     0.99998971
        6     0.00000010     0.00000556     0.99999435
        7     0.00000005     0.00001472     0.99998522
        8     0.00000027     0.00004705     0.99995268
        9     0.00000020     0.00010188     0.99989792
       10     0.00000052     0.00017756     0.99982192
       11     0.00000040     0.00030485     0.99969475
       12     0.00000079     0.00063325     0.99936596
       13     0.00000061     0.00171876     0.99828064
       14     0.00000098     0.00591133     0.99408769
       15     0.00000077     0.02750213     0.97249710
       16     0.00000082     0.20797674     0.79202245
       17     0.00000046     0.75200522     0.24799433
       18     0.00000117     0.48399838     0.51600045
       19     0.00000354     0.34611647     0.65387999
       20     0.00000021     0.30075713     0.69924266
       21     0.00000250     0.28520444     0.71479305
       22     0.00000213     0.28169683     0.71830104
       23     0.00000007     0.28258177     0.71741816
       24     0.00000213     0.28392887     0.71606900
       25     0.00000112     0.28368499     0.71631389
       26     0.00000014     0.28095265     0.71904721
       27     0.00000155     0.27559720     0.72440125
       28     0.00000072     0.26797555     0.73202373
       29     0.00000024     0.25870167     0.74129808
       30     0.00000106     0.24844765     0.75155129
       31     0.00000054     0.23780762     0.76219184
       32     0.00000043     0.22724447     0.77275511
       33     0.00000080     0.21710873     0.78289047
       34     0.00000042     0.20771957     0.79228001
       35     0.00000059     0.19948428     0.80051513
       36     0.00000078     0.19301871     0.80698052
       37     0.00000036     0.18924471     0.81075493
       38     0.00000062     0.18943351     0.81056586
       39     0.00000086     0.19513901     0.80486013
       40     0.00000046     0.20806323     0.79193631
       41     0.00000052     0.22964424     0.77035524
       42     0.00000062     0.26053779     0.73946159
       43     0.00000070     0.29953399     0.70046531
       44     0.00000057     0.34249838     0.65750104
       45     0.00000035     0.38153474     0.61846491
       46     0.00000109     0.40453514     0.59546377
       47     0.00000070     0.39695513     0.60304417
       48     0.00000023     0.34719397     0.65280580
       49     0.00000159     0.25619491     0.74380350
       50     0.00000061     0.14695443     0.85304496
       51     0.00000047     0.06247915     0.93752038
       52     0.00000189     0.04335881     0.95663930
       53     0.00000023     0.09742650     0.90257327
       54     0.00000109     0.19167408     0.80832483
       55     0.00000116     0.27583960     0.72415923
       56     0.00000024     0.31402162     0.68597814
       57     0.00000192     0.30002502     0.69997306
       58     0.00000020     0.25307235     0.74692745
       59     0.00000140     0.20273624     0.79726236
       60     0.00000135     0.17304139     0.82695725
       61     0.00000026     0.17246968     0.82753006
       62     0.00000172     0.19301733     0.80698095
       63     0.00000009     0.21746753     0.78253238
       64     0.00000165     0.23039643     0.76960191
       65     0.00000036     0.22668944     0.77331020
       66     0.00000121     0.21280539     0.78719339
       67     0.00000112     0.20055076     0.79944812
       68     0.00000042     0.19808921     0.80191037
       69     0.00000117     0.20474184     0.79525699
       70     0.00000036     0.21311871     0.78688093
       71     0.00000131     0.21618957     0.78380911
       72     0.00000012     0.21293932     0.78706056
       73     0.00000157     0.20790602     0.79209240
       74     0.00000032     0.20588038     0.79411930
       75     0.00000082     0.20746972     0.79252946
       76     0.00000044     0.20976450     0.79023506
       77     0.00000130     0.21045686     0.78954184
       78     0.00000024     0.21008771     0.78991205
       79     0.00000103     0.21013654     0.78986243
       80     0.00000104     0.21029068     0.78970828
       81     0.00000046     0.20908624     0.79091330
       82     0.00000033     0.20702180     0.79297787
       83     0.00000150     0.20698264     0.79301586
       84     0.00000089     0.21031676     0.78968236
       85     0.00000023     0.21373108     0.78626869
       86     0.00000132     0.21244516     0.78755352
       87     0.00000121     0.20675061     0.79324818
       88     0.00000018     0.20311382     0.79688600
       89     0.00000099     0.20679727     0.79320175
       90     0.00000227     0.21451321     0.78548452
       91     0.00000039     0.21713799     0.78286162
       92     0.00000033     0.21062801     0.78937166
       93     0.00000172     0.20184677     0.79815151
       94     0.00000210     0.20121952     0.79877838
       95     0.00000006     0.21029263     0.78970731
       96     0.00000176     0.21918495     0.78081329
       97     0.00000221     0.21762574     0.78237205
       98     0.00000081     0.20688961     0.79310958
       99     0.00000001     0.19863564     0.80136435
      100     0.00000261     0.20193157     0.79806581
      101     0.00000372     0.21326637     0.78672991
      102     0.00000028     0.22059332     0.77940640
      103     0.00000069     0.21642439     0.78357492
      104     0.00000155     0.20546131     0.79453714
      105     0.00000326     0.19906420     0.80093255
      106     0.00000120     0.20315271     0.79684610
      107     0.00000179     0.21283320     0.78716502
      108     0.00000409     0.21828441     0.78171150
      109     0.00000122     0.21486035     0.78513844
      110     0.00000063     0.20691916     0.79308021
      111     0.00000015     0.20242481     0.79757504
      112     0.00000452     0.20492569     0.79506979
      113     0.00000594     0.21086175     0.78913231
      114     0.00000070     0.21420198     0.78579733
      115     0.00000060     0.21253659     0.78746281
      116     0.00000053     0.20855422     0.79144525
      117     0.00000385     0.20640118     0.79359498
      118     0.00000512     0.20739296     0.79260192
      119     0.00000138     0.20955463     0.79044399
      120     0.00000311     0.21055292     0.78944397
