#     Density Matrix: population Re; see the manual for detail orders
        0     0.00000000     0.00000000     1.00000000
        1     0.00000000     0.00000500     0.99999500
        2     0.00000001     0.00003197     0.99996802
        3     0.00000004     0.00004666     0.99995330
        4     0.00000009     0.00004077     0.99995914
        5     0.00000015     0.00004591     0.99995394
        6     0.00000025     0.00007618     0.99992357
        7     0.00000034     0.00010134     0.99989832
        8     0.00000047     0.00010541     0.99989412
        9     0.00000057     0.00017024     0.99982919
       10     0.00000069     0.00051048     0.99948883
       11     0.00000075     0.00149240     0.99850685
       12     0.00000083     0.00383479     0.99616438
       13     0.00000082     0.00960880     0.99039038
       14     0.00000083     0.02672516     0.97327401
       15     0.00000072     0.09011186     0.90988742
       16     0.00000052     0.30403894     0.69596054
       17     0.00000042     0.58169376     0.41830581
       18     0.00000040     0.50634838     0.49365122
       19     0.00000117     0.38421323     0.61578560
       20     0.00000052     0.32215821     0.67784127
       21     0.00000012     0.29336661     0.70663327
       22     0.00000097     0.27292739     0.72707163
       23     0.00000021     0.26047730     0.73952249
       24     0.00000036     0.25461557     0.74538407
       25     0.00000087     0.25356385     0.74643527
       26     0.00000005     0.25556683     0.74443312
       27     0.00000056     0.25911410     0.74088534
       28     0.00000080     0.26302520     0.73697400
       29     0.00000001     0.26645073     0.73354927
       30     0.00000062     0.26882278     0.73117659
       31     0.00000074     0.26978622     0.73021304
       32     0.00000001     0.26914043     0.73085957
       33     0.00000058     0.26677874     0.73322068
       34     0.00000080     0.26263523     0.73736397
       35     0.00000004     0.25664112     0.74335884
       36     0.00000044     0.24868729     0.75131227
       37     0.00000091     0.23859456     0.76140453
       38     0.00000020     0.22610473     0.77389507
       39     0.00000019     0.21095886     0.78904095
       40     0.00000094     0.19333595     0.80666311
       41     0.00000055     0.17566070     0.82433875
       42     0.00000001     0.16898626     0.83101373
       43     0.00000071     0.20355014     0.79644915
       44     0.00000100     0.30437632     0.69562268
       45     0.00000019     0.43520254     0.56479727
       46     0.00000022     0.55069636     0.44930341
       47     0.00000100     0.65302421     0.34697479
       48     0.00000062     0.76271795     0.23728142
       49     0.00000007     0.84440884     0.15559109
       50     0.00000084     0.86471229     0.13528688
       51     0.00000130     0.85329590     0.14670280
       52     0.00000044     0.83663425     0.16336531
       53     0.00000028     0.82293675     0.17706297
       54     0.00000136     0.81355558     0.18644306
       55     0.00000141     0.80812687     0.19187172
       56     0.00000036     0.80579209     0.19420755
       57     0.00000072     0.80546250     0.19453678
       58     0.00000197     0.80583131     0.19416672
       59     0.00000156     0.80526886     0.19472959
       60     0.00000047     0.80175067     0.19824886
       61     0.00000128     0.79288741     0.20711130
       62     0.00000259     0.77607821     0.22391920
       63     0.00000170     0.74884267     0.25115563
       64     0.00000056     0.70944365     0.29055579
       65     0.00000173     0.65781182     0.34218644
       66     0.00000258     0.59677230     0.40322512
       67     0.00000111     0.53304172     0.46695717
       68     0.00000042     0.47718012     0.52281946
       69     0.00000156     0.44247256     0.55752587
       70     0.00000126     0.44079087     0.55920787
       71     0.00000011     0.47727319     0.52272670
       72     0.00000014     0.54632022     0.45367964
       73     0.00000026     0.63143323     0.36856651
       74     0.00000048     0.70970578     0.29029375
       75     0.00000078     0.75990965     0.24008956
       76     0.00000019     0.77054284     0.22945697
       77     0.00000044     0.74389722     0.25610235
       78     0.00000151     0.69486718     0.30513131
       79     0.00000070     0.64465672     0.35534257
       80     0.00000008     0.61244473     0.38755520
       81     0.00000070     0.60795145     0.39204784
       82     0.00000028     0.62810851     0.37189121
       83     0.00000020     0.65943571     0.34056409
       84     0.00000035     0.68500278     0.31499687
       85     0.00000001     0.69301993     0.30698006
       86     0.00000069     0.68263594     0.31736336
       87     0.00000048     0.66327933     0.33672019
       88     0.00000003     0.64821644     0.35178353
       89     0.00000052     0.64605181     0.35394767
       90     0.00000012     0.65569302     0.34430686
       91     0.00000031     0.66821054     0.33178915
       92     0.00000025     0.67412886     0.32587089
       93     0.00000012     0.67049504     0.32950485
       94     0.00000070     0.66217325     0.33782605
       95     0.00000015     0.65681457     0.34318528
       96     0.00000015     0.65803654     0.34196332
       97     0.00000016     0.66306452     0.33693532
       98     0.00000030     0.66653728     0.33346242
       99     0.00000053     0.66601923     0.33398024
      100     0.00000001     0.66344914     0.33655085
      101     0.00000051     0.66192883     0.33807066
      102     0.00000054     0.66218582     0.33781364
      103     0.00000034     0.66272179     0.33727787
      104     0.00000007     0.66270379     0.33729614
      105     0.00000051     0.66307751     0.33692197
      106     0.00000158     0.66442000     0.33557842
      107     0.00000076     0.66515759     0.33484165
      108     0.00000006     0.66349926     0.33650068
      109     0.00000035     0.66068797     0.33931168
      110     0.00000195     0.66035489     0.33964316
      111     0.00000232     0.66376534     0.33623233
      112     0.00000075     0.66717910     0.33282015
      113     0.00000065     0.66599179     0.33400755
      114     0.00000174     0.66102503     0.33897324
      115     0.00000328     0.65829874     0.34169798
      116     0.00000281     0.66165516     0.33834203
      117     0.00000158     0.66730872     0.33268970
      118     0.00000241     0.66814095     0.33185664
      119     0.00000339     0.66281706     0.33717956
      120     0.00000437     0.65787821     0.34211742
