#     Density Matrix: population Re; see the manual for detail orders
        0     0.00000000     0.00000000     1.00000000
        1     0.00000009     0.00000046     0.99999946
        2     0.00000010     0.00000230     0.99999761
        3     0.00000027     0.00000265     0.99999708
        4     0.00000023     0.00000415     0.99999562
        5     0.00000052     0.00001134     0.99998814
        6     0.00000040     0.00002495     0.99997465
        7     0.00000076     0.00004272     0.99995652
        8     0.00000060     0.00007133     0.99992807
        9     0.00000090     0.00016703     0.99983207
       10     0.00000079     0.00065201     0.99934720
       11     0.00000087     0.00466297     0.99533615
       12     0.00000084     0.41395613     0.58604303
       13     0.00000003     0.70487166     0.29512831
       14     0.00000173     0.13666863     0.86332964
       15     0.00000064     0.11654630     0.88345306
       16     0.00000071     0.10861898     0.89138032
       17     0.00000178     0.10584329     0.89415493
       18     0.00000002     0.10552819     0.89447179
       19     0.00000166     0.10638214     0.89361620
       20     0.00000121     0.10773834     0.89226045
       21     0.00000011     0.10925475     0.89074513
       22     0.00000173     0.11076918     0.88922909
       23     0.00000072     0.11221678     0.88778250
       24     0.00000034     0.11356902     0.88643064
       25     0.00000190     0.11482764     0.88517046
       26     0.00000055     0.11605485     0.88394461
       27     0.00000045     0.11726396     0.88273559
       28     0.00000198     0.11846984     0.88152819
       29     0.00000066     0.11978701     0.88021234
       30     0.00000037     0.12127474     0.87872489
       31     0.00000203     0.12316696     0.87683101
       32     0.00000107     0.12606452     0.87393441
       33     0.00000016     0.13206675     0.86793310
       34     0.00000153     0.16137650     0.83862198
       35     0.00000162     0.48703700     0.51296138
       36     0.00000032     0.82166635     0.17833333
       37     0.00000112     0.85214688     0.14785200
       38     0.00000195     0.85751766     0.14248039
       39     0.00000080     0.85934160     0.14065760
       40     0.00000052     0.86005694     0.13994254
       41     0.00000162     0.86031036     0.13968802
       42     0.00000142     0.86034648     0.13965210
       43     0.00000048     0.86027488     0.13972464
       44     0.00000094     0.86015080     0.13984826
       45     0.00000162     0.86000845     0.13998993
       46     0.00000100     0.85986993     0.14012907
       47     0.00000053     0.85974726     0.14025221
       48     0.00000121     0.85964758     0.14035120
       49     0.00000151     0.85957802     0.14042046
       50     0.00000078     0.85954246     0.14045676
       51     0.00000063     0.85953842     0.14046095
       52     0.00000137     0.85956230     0.14043633
       53     0.00000140     0.85960997     0.14038862
       54     0.00000065     0.85967392     0.14032543
       55     0.00000072     0.85974379     0.14025548
       56     0.00000148     0.85981072     0.14018780
       57     0.00000133     0.85986841     0.14013025
       58     0.00000059     0.85991124     0.14008817
       59     0.00000079     0.85993582     0.14006340
       60     0.00000153     0.85994479     0.14005369
       61     0.00000130     0.85994613     0.14005257
       62     0.00000056     0.85994948     0.14004996
       63     0.00000080     0.85996554     0.14003367
       64     0.00000154     0.86000715     0.13999131
       65     0.00000133     0.86008624     0.13991243
       66     0.00000058     0.86020843     0.13979099
       67     0.00000074     0.86037188     0.13962738
       68     0.00000151     0.86056921     0.13942927
       69     0.00000146     0.86079496     0.13920358
       70     0.00000081     0.86101887     0.13898032
       71     0.00000077     0.86120978     0.13878944
       72     0.00000145     0.86135328     0.13864527
       73     0.00000160     0.86143207     0.13856633
       74     0.00000091     0.86143626     0.13856283
       75     0.00000065     0.86136574     0.13863361
       76     0.00000138     0.86123355     0.13876507
       77     0.00000175     0.86106498     0.13893327
       78     0.00000103     0.86089127     0.13910770
       79     0.00000057     0.86074308     0.13925635
       80     0.00000128     0.86064580     0.13935293
       81     0.00000181     0.86061413     0.13938406
       82     0.00000115     0.86064514     0.13935371
       83     0.00000057     0.86071451     0.13928492
       84     0.00000113     0.86077986     0.13921901
       85     0.00000172     0.86078874     0.13920954
       86     0.00000130     0.86068754     0.13931116
       87     0.00000069     0.86043184     0.13956747
       88     0.00000088     0.85999965     0.13999947
       89     0.00000145     0.85940334     0.14059521
       90     0.00000157     0.85869367     0.14130476
       91     0.00000106     0.85795300     0.14204594
       92     0.00000054     0.85738636     0.14261310
       93     0.00000141     0.85698210     0.14301649
       94     0.00000279     0.85673890     0.14325831
       95     0.00000231     0.85674524     0.14325245
       96     0.00000049     0.85694597     0.14305353
       97     0.00000075     0.85722244     0.14277681
       98     0.00000295     0.85735442     0.14264263
       99     0.00000317     0.85715199     0.14284484
      100     0.00000087     0.85672169     0.14327744
      101     0.00000018     0.85613287     0.14386695
      102     0.00000239     0.85547091     0.14452670
      103     0.00000373     0.85508392     0.14491235
      104     0.00000213     0.85541257     0.14458530
      105     0.00000020     0.85687066     0.14312913
      106     0.00000058     0.85969110     0.14030832
      107     0.00000262     0.86377714     0.13622024
      108     0.00000391     0.86860254     0.13139354
      109     0.00000275     0.87322379     0.12677346
      110     0.00000042     0.87645339     0.12354619
      111     0.00000083     0.87718413     0.12281504
      112     0.00000485     0.87477662     0.12521854
      113     0.00000727     0.86948453     0.13050819
      114     0.00000434     0.86216934     0.13782632
      115     0.00000056     0.85425200     0.14574744
      116     0.00000199     0.84765572     0.15234229
      117     0.00000666     0.84370363     0.15628971
      118     0.00000807     0.84285576     0.15713617
      119     0.00000476     0.84460379     0.15539145
      120     0.00000097     0.84774006     0.15225897
