#     Density Matrix: population Re; see the manual for detail orders
        0     0.00000000     0.00000000     1.00000000
        1     0.00000001     0.00001651     0.99998348
        2     0.00000004     0.00015695     0.99984301
        3     0.00000008     0.00043869     0.99956122
        4     0.00000014     0.00078234     0.99921752
        5     0.00000022     0.00108928     0.99891050
        6     0.00000031     0.00140790     0.99859178
        7     0.00000039     0.00221994     0.99777967
        8     0.00000050     0.00502976     0.99496973
        9     0.00000052     0.01408034     0.98591914
       10     0.00000063     0.04236250     0.95763687
       11     0.00000052     0.12903541     0.87096407
       12     0.00000134     0.43702589     0.56297277
       13     0.00000011     0.61088547     0.38911442
       14     0.00000205     0.48544464     0.51455331
       15     0.00000136     0.37892918     0.62106946
       16     0.00000055     0.31089548     0.68910397
       17     0.00000215     0.26723485     0.73276300
       18     0.00000035     0.23729926     0.76270039
       19     0.00000075     0.21410081     0.78589844
       20     0.00000110     0.19325292     0.80674599
       21     0.00000002     0.17250238     0.82749760
       22     0.00000054     0.15099727     0.84900219
       23     0.00000052     0.12909326     0.87090623
       24     0.00000007     0.10764862     0.89235131
       25     0.00000038     0.08785071     0.91214891
       26     0.00000028     0.07081722     0.92918250
       27     0.00000018     0.05721086     0.94278895
       28     0.00000022     0.04777412     0.95222566
       29     0.00000025     0.04314573     0.95685402
       30     0.00000036     0.04457000     0.95542964
       31     0.00000017     0.05461217     0.94538766
       32     0.00000041     0.08011466     0.91988493
       33     0.00000054     0.13594615     0.86405331
       34     0.00000017     0.22229574     0.77770408
       35     0.00000053     0.33400744     0.66599202
       36     0.00000055     0.45017800     0.54982145
       37     0.00000013     0.54421044     0.45578943
       38     0.00000073     0.59844388     0.40155539
       39     0.00000048     0.61079509     0.38920443
       40     0.00000011     0.59620584     0.40379405
       41     0.00000086     0.58473825     0.41526090
       42     0.00000055     0.61081164     0.38918780
       43     0.00000009     0.68881148     0.31118843
       44     0.00000052     0.79386167     0.20613781
       45     0.00000047     0.88771424     0.11228528
       46     0.00000025     0.95257527     0.04742447
       47     0.00000031     0.98825933     0.01174036
       48     0.00000000     1.00000000     0.00000000
       49     0.00000001     0.99323238     0.00676761
       50     0.00000002     0.98018728     0.01981270
       51     0.00000000     0.97016967     0.02983032
       52     0.00000002     0.96799624     0.03200374
       53     0.00000002     0.97321821     0.02678177
       54     0.00000000     0.98163907     0.01836093
       55     0.00000002     0.98823429     0.01176569
       56     0.00000000     0.98999391     0.01000609
       57     0.00000001     0.98725093     0.01274906
       58     0.00000000     0.98296200     0.01703799
       59     0.00000001     0.98044624     0.01955375
       60     0.00000002     0.98112627     0.01887371
       61     0.00000000     0.98386738     0.01613262
       62     0.00000002     0.98620133     0.01379865
       63     0.00000000     0.98647474     0.01352526
       64     0.00000001     0.98501987     0.01498012
       65     0.00000000     0.98353090     0.01646910
       66     0.00000001     0.98333884     0.01666115
       67     0.00000001     0.98430406     0.01569593
       68     0.00000000     0.98525697     0.01474303
       69     0.00000000     0.98538008     0.01461992
       70     0.00000001     0.98492148     0.01507851
       71     0.00000002     0.98459990     0.01540008
       72     0.00000001     0.98461528     0.01538471
       73     0.00000000     0.98464482     0.01535518
       74     0.00000002     0.98457592     0.01542406
       75     0.00000006     0.98472501     0.01527493
       76     0.00000003     0.98523738     0.01476259
       77     0.00000004     0.98558117     0.01441879
       78     0.00000009     0.98514591     0.01485400
       79     0.00000009     0.98430422     0.01569569
       80     0.00000006     0.98425432     0.01574562
       81     0.00000014     0.98549857     0.01450130
       82     0.00000021     0.98687494     0.01312486
       83     0.00000014     0.98680680     0.01319306
       84     0.00000013     0.98538180     0.01461807
       85     0.00000026     0.98447277     0.01552697
       86     0.00000031     0.98562328     0.01437641
       87     0.00000022     0.98801106     0.01198872
       88     0.00000025     0.98925563     0.01074412
       89     0.00000038     0.98816747     0.01183214
       90     0.00000038     0.98624668     0.01375294
       91     0.00000029     0.98603633     0.01396338
       92     0.00000035     0.98821609     0.01178356
       93     0.00000000     1.00000000     0.00000000
       94     0.00000080     0.99985975     0.00013945
       95     0.00000161     0.99958110     0.00041729
       96     0.00000086     0.99944889     0.00055026
       97     0.00000000     0.99959332     0.00040668
       98     0.00000073     0.99986452     0.00013474
       99     0.00000163     0.99999830     0.00000007
      100     0.00000103     0.99988201     0.00011695
      101     0.00000006     0.99964828     0.00035166
      102     0.00000042     0.99952881     0.00047077
      103     0.00000144     0.99963108     0.00036748
      104     0.00000133     0.99985074     0.00014793
      105     0.00000030     0.99998675     0.00001296
      106     0.00000010     0.99993701     0.00006289
      107     0.00000096     0.99978000     0.00021903
      108     0.00000142     0.99967775     0.00032083
      109     0.00000074     0.99971834     0.00028092
      110     0.00000003     0.99984859     0.00015139
      111     0.00000037     0.99994496     0.00005467
      112     0.00000118     0.99993629     0.00006254
      113     0.00000121     0.99985723     0.00014156
      114     0.00000044     0.99979597     0.00020359
      115     0.00000000     0.99980385     0.00019615
      116     0.00000052     0.99985790     0.00014158
      117     0.00000122     0.99990012     0.00009866
      118     0.00000110     0.99989950     0.00009940
      119     0.00000036     0.99987267     0.00012697
      120     0.00000000     0.99985324     0.00014675
