#     Density Matrix: population Re; see the manual for detail orders
        0     0.00000000     0.00000000     1.00000000
        1     0.00000000     0.00000012     0.99999988
        2     0.00000001     0.00000240     0.99999759
        3     0.00000002     0.00001279     0.99998719
        4     0.00000007     0.00003604     0.99996389
        5     0.00000010     0.00007162     0.99992828
        6     0.00000020     0.00011982     0.99987998
        7     0.00000023     0.00020036     0.99979941
        8     0.00000037     0.00038304     0.99961659
        9     0.00000040     0.00084563     0.99915396
       10     0.00000053     0.00204453     0.99795494
       11     0.00000056     0.00537057     0.99462887
       12     0.00000060     0.01617935     0.98382005
       13     0.00000062     0.06102451     0.93897487
       14     0.00000110     0.46567683     0.53432207
       15     0.00000005     0.71377586     0.28622409
       16     0.00000269     0.45014550     0.54985181
       17     0.00000107     0.32561496     0.67438396
       18     0.00000076     0.26554510     0.73445414
       19     0.00000225     0.23181300     0.76818476
       20     0.00000014     0.20926408     0.79073578
       21     0.00000109     0.19071814     0.80928077
       22     0.00000137     0.17270365     0.82729498
       23     0.00000011     0.15391247     0.84608742
       24     0.00000101     0.13426697     0.86573202
       25     0.00000083     0.11446687     0.88553230
       26     0.00000027     0.09544139     0.90455834
       27     0.00000087     0.07800671     0.92199242
       28     0.00000061     0.06274137     0.93725802
       29     0.00000042     0.04993053     0.95006905
       30     0.00000081     0.03965092     0.96034827
       31     0.00000055     0.03189837     0.96810109
       32     0.00000049     0.02665342     0.97334608
       33     0.00000073     0.02400743     0.97599183
       34     0.00000055     0.02420977     0.97578969
       35     0.00000054     0.02799196     0.97200750
       36     0.00000064     0.03773397     0.96226539
       37     0.00000060     0.05676454     0.94323486
       38     0.00000055     0.08729835     0.91270110
       39     0.00000053     0.13249443     0.86750505
       40     0.00000077     0.19328514     0.80671409
       41     0.00000052     0.26515826     0.73484122
       42     0.00000044     0.33633856     0.66366101
       43     0.00000105     0.39146199     0.60853696
       44     0.00000046     0.42128408     0.57871546
       45     0.00000045     0.43312136     0.56687819
       46     0.00000121     0.45622017     0.54377862
       47     0.00000042     0.53202730     0.46797228
       48     0.00000044     0.66903037     0.33096918
       49     0.00000094     0.81445241     0.18554666
       50     0.00000056     0.92081121     0.07918823
       51     0.00000049     0.98002036     0.01997915
       52     0.00000000     1.00000000     0.00000000
       53     0.00000002     0.98928262     0.01071736
       54     0.00000004     0.96910912     0.03089084
       55     0.00000001     0.95431073     0.04568926
       56     0.00000004     0.95184769     0.04815227
       57     0.00000002     0.96024185     0.03975813
       58     0.00000000     0.97266130     0.02733870
       59     0.00000001     0.98170896     0.01829103
       60     0.00000001     0.98352985     0.01647014
       61     0.00000004     0.97929807     0.02070188
       62     0.00000001     0.97357833     0.02642166
       63     0.00000004     0.97080832     0.02919164
       64     0.00000002     0.97233793     0.02766205
       65     0.00000000     0.97610986     0.02389014
       66     0.00000000     0.97892389     0.02107610
       67     0.00000006     0.97915089     0.02084904
       68     0.00000006     0.97767265     0.02232729
       69     0.00000004     0.97652562     0.02347434
       70     0.00000008     0.97681376     0.02318616
       71     0.00000006     0.97798893     0.02201101
       72     0.00000004     0.97892162     0.02107834
       73     0.00000015     0.97924728     0.02075257
       74     0.00000022     0.97943988     0.02055991
       75     0.00000014     0.97980773     0.02019213
       76     0.00000022     0.97996524     0.02003453
       77     0.00000031     0.97956592     0.02043377
       78     0.00000026     0.97917852     0.02082122
       79     0.00000038     0.97979475     0.02020487
       80     0.00000057     0.98134837     0.01865106
       81     0.00000048     0.98232893     0.01767059
       82     0.00000054     0.98146751     0.01853195
       83     0.00000082     0.97963107     0.02036811
       84     0.00000079     0.97923920     0.02076001
       85     0.00000078     0.98139629     0.01860292
       86     0.00000111     0.98420080     0.01579808
       87     0.00000119     0.98465842     0.01534039
       88     0.00000108     0.98225609     0.01774283
       89     0.00000139     0.97993052     0.02006810
       90     0.00000165     0.98085616     0.01914219
       91     0.00000151     0.98469415     0.01530435
       92     0.00000165     0.98786088     0.01213747
       93     0.00000203     0.98741041     0.01258757
       94     0.00000197     0.98427931     0.01571872
       95     0.00000189     0.98234875     0.01764936
       96     0.00000233     0.98414810     0.01584957
       97     0.00000261     0.98828661     0.01171078
       98     0.00000000     1.00000000     0.00000000
       99     0.00000578     0.99974440     0.00024982
      100     0.00001010     0.99924879     0.00074111
      101     0.00000330     0.99900585     0.00099085
      102     0.00000060     0.99922476     0.00077464
      103     0.00000827     0.99967855     0.00031318
      104     0.00000990     0.99996593     0.00002417
      105     0.00000214     0.99987749     0.00012037
      106     0.00000126     0.99955228     0.00044646
      107     0.00000914     0.99932077     0.00067009
      108     0.00001007     0.99938741     0.00060252
      109     0.00000226     0.99965766     0.00034008
      110     0.00000112     0.99987115     0.00012773
      111     0.00000884     0.99987387     0.00011730
      112     0.00001095     0.99973337     0.00025569
      113     0.00000376     0.99961710     0.00037915
      114     0.00000030     0.99961398     0.00038572
      115     0.00000699     0.99968542     0.00030759
      116     0.00001235     0.99974779     0.00023987
      117     0.00000736     0.99976356     0.00022908
      118     0.00000057     0.99975332     0.00024611
      119     0.00000320     0.99974543     0.00025137
      120     0.00001156     0.99973704     0.00025140
