#     Density Matrix: population Re; see the manual for detail orders
        0     0.00000000     0.00000000     1.00000000
        1     0.00000000     0.00000413     0.99999586
        2     0.00000000     0.00002438     0.99997562
        3     0.00000000     0.00003089     0.99996911
        4     0.00000000     0.00002187     0.99997813
        5     0.00000001     0.00001723     0.99998276
        6     0.00000006     0.00001821     0.99998174
        7     0.00000011     0.00001359     0.99998631
        8     0.00000017     0.00000948     0.99999035
        9     0.00000021     0.00002410     0.99997569
       10     0.00000024     0.00007047     0.99992929
       11     0.00000027     0.00016905     0.99983068
       12     0.00000030     0.00040748     0.99959221
       13     0.00000034     0.00119180     0.99880786
       14     0.00000045     0.00512521     0.99487434
       15     0.00000045     0.05232541     0.94767414
       16     0.00000025     0.50177146     0.49822828
       17     0.00000020     0.88052519     0.11947461
       18     0.00000008     0.75274614     0.24725378
       19     0.00000026     0.77843702     0.22156272
       20     0.00000015     0.81023385     0.18976600
       21     0.00000021     0.83635707     0.16364273
       22     0.00000014     0.85690612     0.14309374
       23     0.00000009     0.87325211     0.12674780
       24     0.00000008     0.88656512     0.11343480
       25     0.00000006     0.89765529     0.10234465
       26     0.00000005     0.90702971     0.09297023
       27     0.00000004     0.91505049     0.08494947
       28     0.00000003     0.92191156     0.07808841
       29     0.00000002     0.92773892     0.07226106
       30     0.00000001     0.93264579     0.06735420
       31     0.00000001     0.93673386     0.06326613
       32     0.00000001     0.94009750     0.05990249
       33     0.00000000     0.94282305     0.05717695
       34     0.00000000     0.94500176     0.05499823
       35     0.00000000     0.94673154     0.05326845
       36     0.00000000     0.94809397     0.05190603
       37     0.00000000     0.94920088     0.05079912
       38     0.00000000     0.95019944     0.04980055
       39     0.00000000     0.95114717     0.04885283
       40     0.00000000     0.95211037     0.04788963
       41     0.00000000     0.95323829     0.04676171
       42     0.00000000     0.95470821     0.04529179
       43     0.00000000     0.95672391     0.04327609
       44     0.00000000     0.95950819     0.04049181
       45     0.00000000     0.96330680     0.03669319
       46     0.00000000     0.96835490     0.03164509
       47     0.00000001     0.97484164     0.02515835
       48     0.00000001     0.98279427     0.01720572
       49     0.00000000     0.99155140     0.00844860
       50     0.00000000     0.99508536     0.00491463
       51     0.00000000     0.81580344     0.18419656
       52     0.00000014     0.93340928     0.06659058
       53     0.00000012     0.77891803     0.22108186
       54     0.00000032     0.89711029     0.10288939
       55     0.00000003     0.92984945     0.07015053
       56     0.00000009     0.94260322     0.05739669
       57     0.00000004     0.94995276     0.05004719
       58     0.00000002     0.95658444     0.04341555
       59     0.00000005     0.96358770     0.03641226
       60     0.00000000     0.97057323     0.02942677
       61     0.00000002     0.97680624     0.02319374
       62     0.00000001     0.98179606     0.01820393
       63     0.00000001     0.98549303     0.01450696
       64     0.00000001     0.98817482     0.01182518
       65     0.00000001     0.99020635     0.00979364
       66     0.00000001     0.99184420     0.00815579
       67     0.00000000     0.99319007     0.00680993
       68     0.00000000     0.99426305     0.00573695
       69     0.00000000     0.99509200     0.00490799
       70     0.00000001     0.99574535     0.00425465
       71     0.00000001     0.99629019     0.00370980
       72     0.00000001     0.99674597     0.00325402
       73     0.00000001     0.99709023     0.00290976
       74     0.00000001     0.99731328     0.00268671
       75     0.00000001     0.99745931     0.00254068
       76     0.00000002     0.99760219     0.00239779
       77     0.00000002     0.99777788     0.00222210
       78     0.00000002     0.99794968     0.00205030
       79     0.00000002     0.99805354     0.00194644
       80     0.00000002     0.99808056     0.00191941
       81     0.00000002     0.99810099     0.00189899
       82     0.00000003     0.99819248     0.00180748
       83     0.00000004     0.99834935     0.00165062
       84     0.00000004     0.99848443     0.00151554
       85     0.00000004     0.99853362     0.00146634
       86     0.00000005     0.99854062     0.00145933
       87     0.00000005     0.99861131     0.00138864
       88     0.00000005     0.99878338     0.00121657
       89     0.00000006     0.99897241     0.00102753
       90     0.00000006     0.99906843     0.00093151
       91     0.00000007     0.99906882     0.00093112
       92     0.00000007     0.99908363     0.00091630
       93     0.00000007     0.99920403     0.00079589
       94     0.00000008     0.99939287     0.00060705
       95     0.00000008     0.99952657     0.00047335
       96     0.00000009     0.99953636     0.00046355
       97     0.00000009     0.99948399     0.00051592
       98     0.00000009     0.99949061     0.00050930
       99     0.00000009     0.99960504     0.00039487
      100     0.00000009     0.99975606     0.00024385
      101     0.00000009     0.99983195     0.00016796
      102     0.00000009     0.99979519     0.00020473
      103     0.00000009     0.99971494     0.00028497
      104     0.00000009     0.99969387     0.00030604
      105     0.00000008     0.99977001     0.00022991
      106     0.00000008     0.99988753     0.00011239
      107     0.00000008     0.99995504     0.00004488
      108     0.00000008     0.99992923     0.00007070
      109     0.00000007     0.99984802     0.00015191
      110     0.00000007     0.99979118     0.00020875
      111     0.00000007     0.99981043     0.00018950
      112     0.00000007     0.99989040     0.00010953
      113     0.00000006     0.99996824     0.00003170
      114     0.00000006     0.99998889     0.00001105
      115     0.00000006     0.99994747     0.00005247
      116     0.00000005     0.99988699     0.00011296
      117     0.00000005     0.99985918     0.00014077
      118     0.00000005     0.99988391     0.00011604
      119     0.00000005     0.99993888     0.00006107
      120     0.00000004     0.99998312     0.00001684
