#     Density Matrix: population Re; see the manual for detail orders
        0     0.00000000     0.00000000     1.00000000
        1     0.00000003     0.00001390     0.99998607
        2     0.00000004     0.00009305     0.99990691
        3     0.00000009     0.00015100     0.99984891
        4     0.00000011     0.00013699     0.99986290
        5     0.00000016     0.00009302     0.99990683
        6     0.00000018     0.00010232     0.99989750
        7     0.00000022     0.00023710     0.99976269
        8     0.00000024     0.00056821     0.99943155
        9     0.00000026     0.00127088     0.99872886
       10     0.00000028     0.00293690     0.99706282
       11     0.00000029     0.00766275     0.99233696
       12     0.00000029     0.02367052     0.97632919
       13     0.00000027     0.08431624     0.91568349
       14     0.00000012     0.64237749     0.35762238
       15     0.00000006     0.54928393     0.45071602
       16     0.00000047     0.22745676     0.77254277
       17     0.00000020     0.10460701     0.89539279
       18     0.00000034     0.04721397     0.95278569
       19     0.00000032     0.02300737     0.97699231
       20     0.00000029     0.01444925     0.98555047
       21     0.00000033     0.01270268     0.98729699
       22     0.00000029     0.01344822     0.98655149
       23     0.00000026     0.01468107     0.98531868
       24     0.00000021     0.01554461     0.98445517
       25     0.00000031     0.01581234     0.98418735
       26     0.00000031     0.01549184     0.98450784
       27     0.00000014     0.01460178     0.98539808
       28     0.00000020     0.01332917     0.98667063
       29     0.00000022     0.01194393     0.98805585
       30     0.00000017     0.01073552     0.98926430
       31     0.00000029     0.00994212     0.99005759
       32     0.00000024     0.00999413     0.99000563
       33     0.00000016     0.01159764     0.98840220
       34     0.00000020     0.01589855     0.98410125
       35     0.00000020     0.02499518     0.97500462
       36     0.00000014     0.04293817     0.95706169
       37     0.00000015     0.07773939     0.92226047
       38     0.00000017     0.14423237     0.85576746
       39     0.00000012     0.25710143     0.74289845
       40     0.00000005     0.42442705     0.57557290
       41     0.00000012     0.61878976     0.38121012
       42     0.00000013     0.79253570     0.20746417
       43     0.00000007     0.93111860     0.06888133
       44     0.00000013     0.99648546     0.00351441
       45     0.00000017     0.99034581     0.00965401
       46     0.00000010     0.95992688     0.04007302
       47     0.00000009     0.92826280     0.07173712
       48     0.00000016     0.90039053     0.09960931
       49     0.00000016     0.87674041     0.12325944
       50     0.00000012     0.85710251     0.14289736
       51     0.00000016     0.84234744     0.15765239
       52     0.00000022     0.83251369     0.16748610
       53     0.00000024     0.82658280     0.17341697
       54     0.00000024     0.82386067     0.17613909
       55     0.00000030     0.82437587     0.17562383
       56     0.00000039     0.82862069     0.17137892
       57     0.00000046     0.83601541     0.16398414
       58     0.00000053     0.84566491     0.15433457
       59     0.00000065     0.85632250     0.14367685
       60     0.00000078     0.86650118     0.13349804
       61     0.00000101     0.87419748     0.12580152
       62     0.00000118     0.87752611     0.12247271
       63     0.00000121     0.87485877     0.12514002
       64     0.00000127     0.86521919     0.13477954
       65     0.00000137     0.84881121     0.15118743
       66     0.00000134     0.82750623     0.17249243
       67     0.00000118     0.80516642     0.19483240
       68     0.00000112     0.78702323     0.21297565
       69     0.00000103     0.77908183     0.22091714
       70     0.00000074     0.78649379     0.21350547
       71     0.00000052     0.81133424     0.18866524
       72     0.00000034     0.85101994     0.14897971
       73     0.00000028     0.89823535     0.10176437
       74     0.00000033     0.94290285     0.05709682
       75     0.00000031     0.97573534     0.02426436
       76     0.00000025     0.99201961     0.00798015
       77     0.00000024     0.99297631     0.00702345
       78     0.00000029     0.98469681     0.01530291
       79     0.00000026     0.97504131     0.02495843
       80     0.00000017     0.97020501     0.02979482
       81     0.00000012     0.97252945     0.02747043
       82     0.00000008     0.98032349     0.01967643
       83     0.00000006     0.98955710     0.01044284
       84     0.00000004     0.99638215     0.00361782
       85     0.00000003     0.99906900     0.00093098
       86     0.00000003     0.99840621     0.00159376
       87     0.00000003     0.99662110     0.00337888
       88     0.00000001     0.99575265     0.00424733
       89     0.00000000     0.99645411     0.00354589
       90     0.00000000     0.99802620     0.00197380
       91     0.00000000     0.99935292     0.00064708
       92     0.00000001     0.99980560     0.00019440
       93     0.00000001     0.99954599     0.00045400
       94     0.00000002     0.99918433     0.00081564
       95     0.00000003     0.99918803     0.00081194
       96     0.00000006     0.99950137     0.00049857
       97     0.00000009     0.99981256     0.00018736
       98     0.00000011     0.99991144     0.00008845
       99     0.00000016     0.99983854     0.00016130
      100     0.00000025     0.99977107     0.00022868
      101     0.00000032     0.99980784     0.00019184
      102     0.00000039     0.99988769     0.00011192
      103     0.00000046     0.99992970     0.00006984
      104     0.00000065     0.99993789     0.00006146
      105     0.00000088     0.99994412     0.00005500
      106     0.00000111     0.99995329     0.00004560
      107     0.00000131     0.99995029     0.00004840
      108     0.00000161     0.99994345     0.00005494
      109     0.00000205     0.99995655     0.00004139
      110     0.00000255     0.99998358     0.00001387
      111     0.00000301     0.99998992     0.00000707
      112     0.00000352     0.99996717     0.00002931
      113     0.00000420     0.99995068     0.00004512
      114     0.00000503     0.99996629     0.00002868
      115     0.00000591     0.99999038     0.00000370
      116     0.00000680     0.99998732     0.00000588
      117     0.00000777     0.99996330     0.00002892
      118     0.00000904     0.99995433     0.00003663
      119     0.00001056     0.99996962     0.00001981
      120     0.00001216     0.99998184     0.00000600
