#     Density Matrix: population Re; see the manual for detail orders
        0     0.00000000     0.00000000     1.00000000
        1     0.00000004     0.00000016     0.99999980
        2     0.00000006     0.00000027     0.99999967
        3     0.00000008     0.00000215     0.99999777
        4     0.00000012     0.00002026     0.99997962
        5     0.00000014     0.00008096     0.99991890
        6     0.00000019     0.00023589     0.99976392
        7     0.00000021     0.00065114     0.99934865
        8     0.00000024     0.00212527     0.99787448
        9     0.00000026     0.01126980     0.98872994
       10     0.00000011     0.57883466     0.42116523
       11     0.00000011     0.40965430     0.59034558
       12     0.00000122     0.24199825     0.75800053
       13     0.00000015     0.18552063     0.81447923
       14     0.00000034     0.14398077     0.85601889
       15     0.00000035     0.11438707     0.88561257
       16     0.00000013     0.09352923     0.90647064
       17     0.00000032     0.07885530     0.92114438
       18     0.00000021     0.06848930     0.93151049
       19     0.00000023     0.06110152     0.93889824
       20     0.00000027     0.05576148     0.94423825
       21     0.00000024     0.05186017     0.94813959
       22     0.00000030     0.04893847     0.95106123
       23     0.00000034     0.04664076     0.95335890
       24     0.00000025     0.04483105     0.95516870
       25     0.00000030     0.04339851     0.95660119
       26     0.00000032     0.04223495     0.95776473
       27     0.00000030     0.04126291     0.95873679
       28     0.00000032     0.04037959     0.95962009
       29     0.00000027     0.03963910     0.96036063
       30     0.00000035     0.03907286     0.96092679
       31     0.00000029     0.03860855     0.96139116
       32     0.00000050     0.03824973     0.96174977
       33     0.00000055     0.03800243     0.96199702
       34     0.00000029     0.03786150     0.96213821
       35     0.00000014     0.03788894     0.96211092
       36     0.00000100     0.03851487     0.96148412
       37     0.00000085     0.25158928     0.74840987
       38     0.00000007     0.78218069     0.21781924
       39     0.00000035     0.88271338     0.11728627
       40     0.00000126     0.88801441     0.11198433
       41     0.00000067     0.89020695     0.10979238
       42     0.00000004     0.89150162     0.10849834
       43     0.00000013     0.89247060     0.10752927
       44     0.00000035     0.89332932     0.10667032
       45     0.00000028     0.89415300     0.10584672
       46     0.00000030     0.89499248     0.10500722
       47     0.00000015     0.89588520     0.10411465
       48     0.00000011     0.89688819     0.10311170
       49     0.00000038     0.89807184     0.10192778
       50     0.00000061     0.89948196     0.10051743
       51     0.00000022     0.90115034     0.09884945
       52     0.00000017     0.90311574     0.09688409
       53     0.00000025     0.90543739     0.09456236
       54     0.00000021     0.90810226     0.09189753
       55     0.00000015     0.91099946     0.08900039
       56     0.00000033     0.91394693     0.08605274
       57     0.00000066     0.91689977     0.08309957
       58     0.00000037     0.91996945     0.08003019
       59     0.00000007     0.92302434     0.07697558
       60     0.00000035     0.92587835     0.07412129
       61     0.00000069     0.92846071     0.07153860
       62     0.00000051     0.93073440     0.06926509
       63     0.00000024     0.93268608     0.06731368
       64     0.00000043     0.93433623     0.06566333
       65     0.00000082     0.93574126     0.06425793
       66     0.00000079     0.93697342     0.06302578
       67     0.00000051     0.93812135     0.06187814
       68     0.00000055     0.93926986     0.06072959
       69     0.00000092     0.94049316     0.05950591
       70     0.00000111     0.94183868     0.05816021
       71     0.00000090     0.94333355     0.05666555
       72     0.00000075     0.94497137     0.05502788
       73     0.00000099     0.94671823     0.05328078
       74     0.00000136     0.94851233     0.05148632
       75     0.00000138     0.95029258     0.04970604
       76     0.00000115     0.95197672     0.04802213
       77     0.00000100     0.95352218     0.04647682
       78     0.00000126     0.95491213     0.04508661
       79     0.00000171     0.95611491     0.04388338
       80     0.00000188     0.95714016     0.04285796
       81     0.00000174     0.95801654     0.04198172
       82     0.00000169     0.95878027     0.04121803
       83     0.00000198     0.95949028     0.04050773
       84     0.00000235     0.96019837     0.03979928
       85     0.00000244     0.96094905     0.03904851
       86     0.00000227     0.96177224     0.03822549
       87     0.00000218     0.96268278     0.03731504
       88     0.00000235     0.96368033     0.03631732
       89     0.00000257     0.96475497     0.03524246
       90     0.00000259     0.96589673     0.03410067
       91     0.00000243     0.96708330     0.03291427
       92     0.00000224     0.96836802     0.03162974
       93     0.00000204     0.96966864     0.03032932
       94     0.00000207     0.97086227     0.02913567
       95     0.00000236     0.97200130     0.02799634
       96     0.00000271     0.97308010     0.02691718
       97     0.00000287     0.97405951     0.02593762
       98     0.00000283     0.97490761     0.02508957
       99     0.00000280     0.97560549     0.02439171
      100     0.00000296     0.97614873     0.02384832
      101     0.00000320     0.97655155     0.02344525
      102     0.00000329     0.97685561     0.02314110
      103     0.00000310     0.97712812     0.02286878
      104     0.00000277     0.97745429     0.02254294
      105     0.00000249     0.97792280     0.02207471
      106     0.00000234     0.97860377     0.02139389
      107     0.00000225     0.97952762     0.02047013
      108     0.00000212     0.98067223     0.01932565
      109     0.00000186     0.98196377     0.01803436
      110     0.00000138     0.98325406     0.01674456
      111     0.00000101     0.98440210     0.01559688
      112     0.00000124     0.98526618     0.01473258
      113     0.00000170     0.98574156     0.01425673
      114     0.00000212     0.98579985     0.01419804
      115     0.00000212     0.98549427     0.01450361
      116     0.00000167     0.98495907     0.01503927
      117     0.00000116     0.98438220     0.01561664
      118     0.00000096     0.98396450     0.01603454
      119     0.00000104     0.98388215     0.01611681
      120     0.00000113     0.98425121     0.01574766
