#     Density Matrix: population Re; see the manual for detail orders
        0     0.00000000     0.00000000     1.00000000
        1     0.00000000     0.00001573     0.99998426
        2     0.00000001     0.00010097     0.99989902
        3     0.00000003     0.00015477     0.99984520
        4     0.00000005     0.00013250     0.99986745
        5     0.00000008     0.00007292     0.99992700
        6     0.00000012     0.00003159     0.99996829
        7     0.00000016     0.00004015     0.99995969
        8     0.00000020     0.00011270     0.99988710
        9     0.00000024     0.00027977     0.99972000
       10     0.00000026     0.00067308     0.99932666
       11     0.00000028     0.00187592     0.99812380
       12     0.00000029     0.00714459     0.99285511
       13     0.00000029     0.04768017     0.95231953
       14     0.00000012     0.74534872     0.25465116
       15     0.00000005     0.48036127     0.51963868
       16     0.00000087     0.09008889     0.90991023
       17     0.00000019     0.04213987     0.95785994
       18     0.00000037     0.02500960     0.97499003
       19     0.00000041     0.01886129     0.98113831
       20     0.00000029     0.01673828     0.98326143
       21     0.00000034     0.01590223     0.98409743
       22     0.00000038     0.01522633     0.98477329
       23     0.00000029     0.01428386     0.98571585
       24     0.00000040     0.01301584     0.98698376
       25     0.00000054     0.01137916     0.98862030
       26     0.00000039     0.00940501     0.99059460
       27     0.00000033     0.00734541     0.99265426
       28     0.00000028     0.00535614     0.99464358
       29     0.00000029     0.00388121     0.99611850
       30     0.00000029     0.00395662     0.99604309
       31     0.00000026     0.00773613     0.99226362
       32     0.00000025     0.02028191     0.97971784
       33     0.00000025     0.05376061     0.94623914
       34     0.00000023     0.13375637     0.86624340
       35     0.00000020     0.29189212     0.70810768
       36     0.00000022     0.50785444     0.49214534
       37     0.00000024     0.69732949     0.30267028
       38     0.00000018     0.81104931     0.18895051
       39     0.00000015     0.87229440     0.12770545
       40     0.00000014     0.90679971     0.09320015
       41     0.00000014     0.92721653     0.07278333
       42     0.00000016     0.93996144     0.06003840
       43     0.00000014     0.94863443     0.05136543
       44     0.00000011     0.95489180     0.04510809
       45     0.00000011     0.95947929     0.04052060
       46     0.00000012     0.96268827     0.03731162
       47     0.00000009     0.96489302     0.03510690
       48     0.00000010     0.96636211     0.03363779
       49     0.00000011     0.96729701     0.03270288
       50     0.00000008     0.96782195     0.03217797
       51     0.00000009     0.96808636     0.03191355
       52     0.00000010     0.96824685     0.03175305
       53     0.00000009     0.96837941     0.03162050
       54     0.00000009     0.96853856     0.03146135
       55     0.00000011     0.96878103     0.03121886
       56     0.00000011     0.96914680     0.03085309
       57     0.00000011     0.96966311     0.03033678
       58     0.00000013     0.97033733     0.02966253
       59     0.00000012     0.97115670     0.02884318
       60     0.00000010     0.97209815     0.02790175
       61     0.00000013     0.97313273     0.02686714
       62     0.00000018     0.97423261     0.02576722
       63     0.00000021     0.97533352     0.02466627
       64     0.00000017     0.97639279     0.02360705
       65     0.00000009     0.97735537     0.02264455
       66     0.00000012     0.97815914     0.02184073
       67     0.00000023     0.97880900     0.02119078
       68     0.00000021     0.97929791     0.02070188
       69     0.00000014     0.97964096     0.02035890
       70     0.00000018     0.97987699     0.02012283
       71     0.00000031     0.98006059     0.01993909
       72     0.00000033     0.98025664     0.01974302
       73     0.00000032     0.98054749     0.01945219
       74     0.00000051     0.98095318     0.01904630
       75     0.00000057     0.98148228     0.01851716
       76     0.00000065     0.98218843     0.01781092
       77     0.00000084     0.98308033     0.01691883
       78     0.00000090     0.98397985     0.01601924
       79     0.00000065     0.98490649     0.01509286
       80     0.00000061     0.98588134     0.01411806
       81     0.00000102     0.98662552     0.01337346
       82     0.00000153     0.98721113     0.01278734
       83     0.00000139     0.98773156     0.01226705
       84     0.00000102     0.98812320     0.01187578
       85     0.00000112     0.98845716     0.01154173
       86     0.00000151     0.98882698     0.01117151
       87     0.00000150     0.98933097     0.01066752
       88     0.00000122     0.99004924     0.00994954
       89     0.00000121     0.99102071     0.00897808
       90     0.00000155     0.99222965     0.00776880
       91     0.00000179     0.99360068     0.00639753
       92     0.00000174     0.99500572     0.00499254
       93     0.00000174     0.99628018     0.00371808
       94     0.00000205     0.99725260     0.00274535
       95     0.00000252     0.99777883     0.00221866
       96     0.00000282     0.99777219     0.00222499
       97     0.00000298     0.99722778     0.00276924
       98     0.00000324     0.99623243     0.00376432
       99     0.00000359     0.99494629     0.00505011
      100     0.00000379     0.99359739     0.00639882
      101     0.00000414     0.99247236     0.00752350
      102     0.00000453     0.99180798     0.00818750
      103     0.00000467     0.99174558     0.00824975
      104     0.00000462     0.99233064     0.00766474
      105     0.00000467     0.99348428     0.00651105
      106     0.00000492     0.99501485     0.00498022
      107     0.00000524     0.99665799     0.00333677
      108     0.00000547     0.99813580     0.00185872
      109     0.00000591     0.99920716     0.00078693
      110     0.00000658     0.99973682     0.00025660
      111     0.00000721     0.99972120     0.00027159
      112     0.00000762     0.99927592     0.00071646
      113     0.00000790     0.99860962     0.00138248
      114     0.00000819     0.99796864     0.00202317
      115     0.00000850     0.99757128     0.00242022
      116     0.00000874     0.99754840     0.00244287
      117     0.00000886     0.99790724     0.00208391
      118     0.00000896     0.99853074     0.00146030
      119     0.00000923     0.99921702     0.00077375
      120     0.00000970     0.99975081     0.00023949
