#     Density Matrix: population Re; see the manual for detail orders
        0     0.00000000     0.00000000     1.00000000
        1     0.00000003     0.00000504     0.99999494
        2     0.00000005     0.00004286     0.99995709
        3     0.00000010     0.00010087     0.99989903
        4     0.00000013     0.00014937     0.99985049
        5     0.00000019     0.00019062     0.99980919
        6     0.00000022     0.00029076     0.99970902
        7     0.00000026     0.00058952     0.99941022
        8     0.00000028     0.00135420     0.99864551
        9     0.00000031     0.00324552     0.99675418
       10     0.00000033     0.00829182     0.99170785
       11     0.00000034     0.02348807     0.97651159
       12     0.00000034     0.07236995     0.92762971
       13     0.00000017     0.59784450     0.40215533
       14     0.00000005     0.82461691     0.17538304
       15     0.00000022     0.70264480     0.29735498
       16     0.00000049     0.64690166     0.35309785
       17     0.00000041     0.65752587     0.34247372
       18     0.00000029     0.68919288     0.31080684
       19     0.00000036     0.72339226     0.27660737
       20     0.00000023     0.75335528     0.24664450
       21     0.00000011     0.77714967     0.22285022
       22     0.00000008     0.79480737     0.20519255
       23     0.00000005     0.80713113     0.19286881
       24     0.00000002     0.81524227     0.18475772
       25     0.00000000     0.82027481     0.17972519
       26     0.00000001     0.82331591     0.17668407
       27     0.00000002     0.82528897     0.17471101
       28     0.00000002     0.82699059     0.17300940
       29     0.00000002     0.82906638     0.17093360
       30     0.00000002     0.83210766     0.16789232
       31     0.00000002     0.83667191     0.16332807
       32     0.00000001     0.84331234     0.15668765
       33     0.00000001     0.85256135     0.14743864
       34     0.00000001     0.86486001     0.13513998
       35     0.00000000     0.88040881     0.11959119
       36     0.00000000     0.89898645     0.10101355
       37     0.00000000     0.91968502     0.08031498
       38     0.00000000     0.94061522     0.05938478
       39     0.00000000     0.95869320     0.04130679
       40     0.00000000     0.96966333     0.03033667
       41     0.00000001     0.96856640     0.03143359
       42     0.00000001     0.95097592     0.04902407
       43     0.00000002     0.91518587     0.08481412
       44     0.00000003     0.86525569     0.13474428
       45     0.00000004     0.81355972     0.18644024
       46     0.00000005     0.77973062     0.22026933
       47     0.00000006     0.78218415     0.21781579
       48     0.00000005     0.82429381     0.17570614
       49     0.00000003     0.88833450     0.11166547
       50     0.00000002     0.94764403     0.05235595
       51     0.00000001     0.98497618     0.01502381
       52     0.00000000     0.99875721     0.00124279
       53     0.00000000     0.99730196     0.00269804
       54     0.00000000     0.99070308     0.00929691
       55     0.00000000     0.98597049     0.01402950
       56     0.00000000     0.98574754     0.01425246
       57     0.00000000     0.98923514     0.01076486
       58     0.00000000     0.99400717     0.00599283
       59     0.00000000     0.99776460     0.00223540
       60     0.00000000     0.99941818     0.00058182
       61     0.00000000     0.99925540     0.00074460
       62     0.00000000     0.99836639     0.00163361
       63     0.00000000     0.99780142     0.00219858
       64     0.00000000     0.99798312     0.00201688
       65     0.00000000     0.99865985     0.00134015
       66     0.00000000     0.99930302     0.00069698
       67     0.00000000     0.99957410     0.00042590
       68     0.00000001     0.99951243     0.00048756
       69     0.00000001     0.99937681     0.00062318
       70     0.00000001     0.99936185     0.00063813
       71     0.00000002     0.99946345     0.00053653
       72     0.00000003     0.99956927     0.00043070
       73     0.00000004     0.99962026     0.00037970
       74     0.00000006     0.99965341     0.00034653
       75     0.00000008     0.99970847     0.00029145
       76     0.00000010     0.99974940     0.00025050
       77     0.00000012     0.99971638     0.00028350
       78     0.00000015     0.99963616     0.00036369
       79     0.00000019     0.99962225     0.00037757
       80     0.00000023     0.99973571     0.00026407
       81     0.00000027     0.99988129     0.00011845
       82     0.00000031     0.99989894     0.00010075
       83     0.00000035     0.99976198     0.00023767
       84     0.00000040     0.99963042     0.00036918
       85     0.00000045     0.99967151     0.00032804
       86     0.00000049     0.99985722     0.00014228
       87     0.00000054     0.99999021     0.00000925
       88     0.00000058     0.99993114     0.00006828
       89     0.00000063     0.99975508     0.00024430
       90     0.00000067     0.99965913     0.00034021
       91     0.00000071     0.99974146     0.00025783
       92     0.00000074     0.99990587     0.00009339
       93     0.00000077     0.99998129     0.00001793
       94     0.00000080     0.99990430     0.00009491
       95     0.00000082     0.99976861     0.00023057
       96     0.00000084     0.99971205     0.00028711
       97     0.00000086     0.99977822     0.00022093
       98     0.00000087     0.99989082     0.00010831
       99     0.00000088     0.99994489     0.00005423
      100     0.00000088     0.99990782     0.00009130
      101     0.00000089     0.99983530     0.00016381
      102     0.00000089     0.99980461     0.00019450
      103     0.00000090     0.99984194     0.00015716
      104     0.00000090     0.99990996     0.00008914
      105     0.00000090     0.99995345     0.00004565
      106     0.00000090     0.99995043     0.00004866
      107     0.00000091     0.99992326     0.00007584
      108     0.00000091     0.99990907     0.00009002
      109     0.00000092     0.99992461     0.00007447
      110     0.00000093     0.99995683     0.00004224
      111     0.00000094     0.99998138     0.00001768
      112     0.00000095     0.99998619     0.00001285
      113     0.00000097     0.99997847     0.00002056
      114     0.00000099     0.99997319     0.00002582
      115     0.00000101     0.99997792     0.00002107
      116     0.00000104     0.99998851     0.00001045
      117     0.00000107     0.99999647     0.00000246
      118     0.00000111     0.99999807     0.00000082
      119     0.00000115     0.99999611     0.00000274
      120     0.00000121     0.99999494     0.00000385
