#     Density Matrix: population Re; see the manual for detail orders
        0     0.00000000     0.00000000     1.00000000
        1     0.00000026     0.00001246     0.99998728
        2     0.00000024     0.00008229     0.99991747
        3     0.00000052     0.00013111     0.99986837
        4     0.00000037     0.00012420     0.99987543
        5     0.00000078     0.00010603     0.99989318
        6     0.00000053     0.00012434     0.99987513
        7     0.00000098     0.00016905     0.99982997
        8     0.00000082     0.00019098     0.99980820
        9     0.00000113     0.00019121     0.99980767
       10     0.00000093     0.00041557     0.99958350
       11     0.00000057     0.00223819     0.99776124
       12     0.00000129     0.01865073     0.98134798
       13     0.00000017     0.54019802     0.45980181
       14     0.00000010     0.65394908     0.34605082
       15     0.00000146     0.20192032     0.79807821
       16     0.00000079     0.16716394     0.83283527
       17     0.00000052     0.15275140     0.84724809
       18     0.00000196     0.14781415     0.85218389
       19     0.00000011     0.14787715     0.85212274
       20     0.00000144     0.15084824     0.84915032
       21     0.00000167     0.15574834     0.84424999
       22     0.00000004     0.16217851     0.83782145
       23     0.00000159     0.17013588     0.82986253
       24     0.00000119     0.17988307     0.82011574
       25     0.00000011     0.19174257     0.80825731
       26     0.00000174     0.20610422     0.79389404
       27     0.00000128     0.22352305     0.77647567
       28     0.00000012     0.24470773     0.75529215
       29     0.00000155     0.27018068     0.72981777
       30     0.00000138     0.30175854     0.69824008
       31     0.00000014     0.33927800     0.66072186
       32     0.00000120     0.38479854     0.61520026
       33     0.00000150     0.45257812     0.54742038
       34     0.00000024     0.58555282     0.41444694
       35     0.00000071     0.75227351     0.24772579
       36     0.00000172     0.80352623     0.19647205
       37     0.00000071     0.79164428     0.20835500
       38     0.00000021     0.77665281     0.22334698
       39     0.00000148     0.76512234     0.23487617
       40     0.00000139     0.75668037     0.24331824
       41     0.00000018     0.75094461     0.24905521
       42     0.00000040     0.74634242     0.25365718
       43     0.00000052     0.74568664     0.25431284
       44     0.00000039     0.74883019     0.25116942
       45     0.00000038     0.76095584     0.23904378
       46     0.00000032     0.78748620     0.21251348
       47     0.00000039     0.83831267     0.16168694
       48     0.00000063     0.92930226     0.07069712
       49     0.00000039     0.86150604     0.13849357
       50     0.00000020     0.57717465     0.42282515
       51     0.00000060     0.47978103     0.52021837
       52     0.00000061     0.44182392     0.55817547
       53     0.00000019     0.41978030     0.58021951
       54     0.00000040     0.40438869     0.59561091
       55     0.00000069     0.39175608     0.60824323
       56     0.00000034     0.38014013     0.61985953
       57     0.00000027     0.36874305     0.63125669
       58     0.00000067     0.35698197     0.64301737
       59     0.00000048     0.34433929     0.65566023
       60     0.00000023     0.33058026     0.66941951
       61     0.00000055     0.31554261     0.68445684
       62     0.00000053     0.29925784     0.70074163
       63     0.00000027     0.28196499     0.71803474
       64     0.00000047     0.26399793     0.73600160
       65     0.00000053     0.24590906     0.75409041
       66     0.00000031     0.22805115     0.77194854
       67     0.00000044     0.21077685     0.78922271
       68     0.00000051     0.19433818     0.80566132
       69     0.00000035     0.17884693     0.82115272
       70     0.00000044     0.16428678     0.83571278
       71     0.00000049     0.15065275     0.84934676
       72     0.00000037     0.13797572     0.86202390
       73     0.00000056     0.14281503     0.85718441
       74     0.00000072     0.14893599     0.85106329
       75     0.00000028     0.15516641     0.84483331
       76     0.00000069     0.16321168     0.83678763
       77     0.00000100     0.17823561     0.82176339
       78     0.00000020     0.19741612     0.80258368
       79     0.00000086     0.21341207     0.78658707
       80     0.00000128     0.22572510     0.77427362
       81     0.00000012     0.23472096     0.76527892
       82     0.00000107     0.23913385     0.76086508
       83     0.00000141     0.23092891     0.76906967
       84     0.00000004     0.18639897     0.81360099
       85     0.00000118     0.09299508     0.90700374
       86     0.00000112     0.43040357     0.56959531
       87     0.00000018     0.95657836     0.04342146
       88     0.00000009     0.98362154     0.01637837
       89     0.00000012     0.93679901     0.06320088
       90     0.00000036     0.92255543     0.07744421
       91     0.00000011     0.93183547     0.06816442
       92     0.00000016     0.94804565     0.05195419
       93     0.00000019     0.96226443     0.03773538
       94     0.00000014     0.97134456     0.02865530
       95     0.00000020     0.97534638     0.02465342
       96     0.00000009     0.97612635     0.02387355
       97     0.00000021     0.97607445     0.02392535
       98     0.00000015     0.97680852     0.02319134
       99     0.00000014     0.97860705     0.02139280
      100     0.00000016     0.98080113     0.01919870
      101     0.00000015     0.98261878     0.01738108
      102     0.00000017     0.98378989     0.01620994
      103     0.00000012     0.98456761     0.01543227
      104     0.00000018     0.98530023     0.01469959
      105     0.00000015     0.98603289     0.01396696
      106     0.00000013     0.98655339     0.01344648
      107     0.00000016     0.98676759     0.01323225
      108     0.00000018     0.98696124     0.01303858
      109     0.00000012     0.98757018     0.01242970
      110     0.00000013     0.98866020     0.01133967
      111     0.00000022     0.98969941     0.01030037
      112     0.00000015     0.98995960     0.01004025
      113     0.00000008     0.98927212     0.01072780
      114     0.00000024     0.98837179     0.01162797
      115     0.00000023     0.98837667     0.01162310
      116     0.00000005     0.98974892     0.01025102
      117     0.00000000     1.00000000     0.00000000
      118     0.00000012     0.99989505     0.00010483
      119     0.00000019     0.99962713     0.00037268
      120     0.00000003     0.99936559     0.00063438
