#     Density Matrix: population Re; see the manual for detail orders
        0     0.00000000     0.00000000     1.00000000
        1     0.00000004     0.00000168     0.99999827
        2     0.00000002     0.00001501     0.99998496
        3     0.00000001     0.00003674     0.99996325
        4     0.00000004     0.00005218     0.99994778
        5     0.00000001     0.00005123     0.99994876
        6     0.00000015     0.00004579     0.99995406
        7     0.00000006     0.00007296     0.99992698
        8     0.00000036     0.00018239     0.99981725
        9     0.00000020     0.00042646     0.99957333
       10     0.00000063     0.00088964     0.99910972
       11     0.00000040     0.00183038     0.99816922
       12     0.00000090     0.00417755     0.99582154
       13     0.00000062     0.01148047     0.98851891
       14     0.00000101     0.03920772     0.96079127
       15     0.00000073     0.15728278     0.84271650
       16     0.00000048     0.45864085     0.54135867
       17     0.00000041     0.58761924     0.41238035
       18     0.00000125     0.42807721     0.57192154
       19     0.00000102     0.33968222     0.66031676
       20     0.00000011     0.30160844     0.69839145
       21     0.00000149     0.27492310     0.72507540
       22     0.00000046     0.25835812     0.74164141
       23     0.00000057     0.24968723     0.75031220
       24     0.00000152     0.24658984     0.75340864
       25     0.00000015     0.24700614     0.75299371
       26     0.00000091     0.24925655     0.75074254
       27     0.00000124     0.25207513     0.74792364
       28     0.00000004     0.25454717     0.74545279
       29     0.00000108     0.25605506     0.74394387
       30     0.00000110     0.25625427     0.74374463
       31     0.00000004     0.25498647     0.74501349
       32     0.00000108     0.25222241     0.74777651
       33     0.00000114     0.24801620     0.75198265
       34     0.00000005     0.24246896     0.75753099
       35     0.00000091     0.23570277     0.76429632
       36     0.00000135     0.22784296     0.77215569
       37     0.00000018     0.21901599     0.78098383
       38     0.00000056     0.20938515     0.79061429
       39     0.00000152     0.19925109     0.80074739
       40     0.00000061     0.18937910     0.81062029
       41     0.00000015     0.18201714     0.81798271
       42     0.00000134     0.18409737     0.81590129
       43     0.00000129     0.21520434     0.78479437
       44     0.00000013     0.30854925     0.69145062
       45     0.00000073     0.45983785     0.54016141
       46     0.00000177     0.60481301     0.39518522
       47     0.00000083     0.70962778     0.29037140
       48     0.00000005     0.78256386     0.21743609
       49     0.00000094     0.83226334     0.16773572
       50     0.00000124     0.85885436     0.14114439
       51     0.00000037     0.85774944     0.14225019
       52     0.00000041     0.84199778     0.15800181
       53     0.00000141     0.82499797     0.17500062
       54     0.00000122     0.81172254     0.18827624
       55     0.00000030     0.80302211     0.19697759
       56     0.00000079     0.79835255     0.20164665
       57     0.00000179     0.79668598     0.20331223
       58     0.00000120     0.79671433     0.20328447
       59     0.00000041     0.79682758     0.20317201
       60     0.00000140     0.79504297     0.20495564
       61     0.00000228     0.78895599     0.21104173
       62     0.00000124     0.77576683     0.22423193
       63     0.00000078     0.75247656     0.24752266
       64     0.00000228     0.71636011     0.28363761
       65     0.00000255     0.66584164     0.33415581
       66     0.00000102     0.60182673     0.39817225
       67     0.00000122     0.52929772     0.47070107
       68     0.00000240     0.45851997     0.54147763
       69     0.00000141     0.40460205     0.59539654
       70     0.00000025     0.38408336     0.61591638
       71     0.00000073     0.40838539     0.59161388
       72     0.00000066     0.47674426     0.52325508
       73     0.00000017     0.57315762     0.42684221
       74     0.00000017     0.67072767     0.32927216
       75     0.00000000     0.74192258     0.25807741
       76     0.00000077     0.76938081     0.23061843
       77     0.00000145     0.75193996     0.24805859
       78     0.00000047     0.70380123     0.29619830
       79     0.00000076     0.64792911     0.35207013
       80     0.00000145     0.60667557     0.39332297
       81     0.00000031     0.59331344     0.40668624
       82     0.00000013     0.60768014     0.39231973
       83     0.00000023     0.63766200     0.36233777
       84     0.00000016     0.66592431     0.33407553
       85     0.00000071     0.67881603     0.32118326
       86     0.00000014     0.67292278     0.32707709
       87     0.00000057     0.65570317     0.34429627
       88     0.00000091     0.63982782     0.36017128
       89     0.00000003     0.63478726     0.36521272
       90     0.00000026     0.64129083     0.35870890
       91     0.00000008     0.65217666     0.34782326
       92     0.00000049     0.65877954     0.34121997
       93     0.00000041     0.65756310     0.34243648
       94     0.00000016     0.65175997     0.34823988
       95     0.00000088     0.64723933     0.35275979
       96     0.00000024     0.64697514     0.35302463
       97     0.00000008     0.64932995     0.35066998
       98     0.00000002     0.65110385     0.34889613
       99     0.00000088     0.65130204     0.34869708
      100     0.00000098     0.65133490     0.34866412
      101     0.00000015     0.65207695     0.34792290
      102     0.00000065     0.65217316     0.34782619
      103     0.00000069     0.65014525     0.34985407
      104     0.00000070     0.64740208     0.35259721
      105     0.00000033     0.64744320     0.35255647
      106     0.00000162     0.65137512     0.34862325
      107     0.00000212     0.65542096     0.34457692
      108     0.00000062     0.65458418     0.34541520
      109     0.00000023     0.64889364     0.35110613
      110     0.00000152     0.64438196     0.35561652
      111     0.00000337     0.64655621     0.35344043
      112     0.00000218     0.65357548     0.34642234
      113     0.00000122     0.65768505     0.34231373
      114     0.00000202     0.65396367     0.34603431
      115     0.00000292     0.64630461     0.35369247
      116     0.00000309     0.64327135     0.35672557
      117     0.00000248     0.64833621     0.35166131
      118     0.00000399     0.65584174     0.34415427
      119     0.00000458     0.65743675     0.34255867
      120     0.00000317     0.65152013     0.34847670
