#     Density Matrix: population Re; see the manual for detail orders
        0     0.00000000     0.00000000     1.00000000
        1     0.00000001     0.00000211     0.99999788
        2     0.00000000     0.00001229     0.99998771
        3     0.00000000     0.00001623     0.99998377
        4     0.00000000     0.00001444     0.99998555
        5     0.00000000     0.00001710     0.99998290
        6     0.00000017     0.00002259     0.99997724
        7     0.00000016     0.00001962     0.99998023
        8     0.00000047     0.00001239     0.99998715
        9     0.00000030     0.00005102     0.99994868
       10     0.00000070     0.00020123     0.99979807
       11     0.00000046     0.00052796     0.99947158
       12     0.00000090     0.00117021     0.99882890
       13     0.00000058     0.00271386     0.99728556
       14     0.00000097     0.00794591     0.99205312
       15     0.00000064     0.03342318     0.96657619
       16     0.00000075     0.21088839     0.78911086
       17     0.00000021     0.66874465     0.33125514
       18     0.00000057     0.51422745     0.48577198
       19     0.00000089     0.28176068     0.71823844
       20     0.00000010     0.21677767     0.78322223
       21     0.00000134     0.18115487     0.81884379
       22     0.00000027     0.16300803     0.83699170
       23     0.00000067     0.15525284     0.84474649
       24     0.00000122     0.15342193     0.84657685
       25     0.00000002     0.15465049     0.84534949
       26     0.00000102     0.15712637     0.84287260
       27     0.00000087     0.15974431     0.84025483
       28     0.00000004     0.16186673     0.83813323
       29     0.00000115     0.16314982     0.83684904
       30     0.00000072     0.16342059     0.83657869
       31     0.00000006     0.16258059     0.83741935
       32     0.00000118     0.16052087     0.83947795
       33     0.00000080     0.15706557     0.84293363
       34     0.00000002     0.15187460     0.84812537
       35     0.00000106     0.14424865     0.85575029
       36     0.00000101     0.13270999     0.86728900
       37     0.00000002     0.11379282     0.88620717
       38     0.00000078     0.07810009     0.92189913
       39     0.00000118     0.02709201     0.97290681
       40     0.00000014     0.25448281     0.74551705
       41     0.00000049     0.59644278     0.40355673
       42     0.00000145     0.70464077     0.29535778
       43     0.00000060     0.76239211     0.23760729
       44     0.00000011     0.81749143     0.18250846
       45     0.00000143     0.87228222     0.12771636
       46     0.00000142     0.91680674     0.08319183
       47     0.00000009     0.94894847     0.05105144
       48     0.00000074     0.96970294     0.03029632
       49     0.00000183     0.98166415     0.01833401
       50     0.00000072     0.98751871     0.01248058
       51     0.00000010     0.98938720     0.01061270
       52     0.00000157     0.98878007     0.01121836
       53     0.00000169     0.98675771     0.01324061
       54     0.00000015     0.98406728     0.01593257
       55     0.00000071     0.98123112     0.01876817
       56     0.00000224     0.97862909     0.02136867
       57     0.00000119     0.97653309     0.02346573
       58     0.00000003     0.97509334     0.02490663
       59     0.00000175     0.97433979     0.02565847
       60     0.00000260     0.97420447     0.02579293
       61     0.00000060     0.97448195     0.02551745
       62     0.00000064     0.97483107     0.02516829
       63     0.00000312     0.97475861     0.02523827
       64     0.00000251     0.97362710     0.02637039
       65     0.00000030     0.97066059     0.02933911
       66     0.00000217     0.96499821     0.03499962
       67     0.00000430     0.95584443     0.04415126
       68     0.00000185     0.94259991     0.05739824
       69     0.00000079     0.92495701     0.07504219
       70     0.00000388     0.90352114     0.09647497
       71     0.00000384     0.88005839     0.11993777
       72     0.00000070     0.85740047     0.14259883
       73     0.00000151     0.83956517     0.16043332
       74     0.00000350     0.83109120     0.16890530
       75     0.00000173     0.83580301     0.16419526
       76     0.00000003     0.85519686     0.14480312
       77     0.00000110     0.88682957     0.11316932
       78     0.00000222     0.92376268     0.07623510
       79     0.00000136     0.95600839     0.04399025
       80     0.00000005     0.97362311     0.02637684
       81     0.00000134     0.97097027     0.02902839
       82     0.00000287     0.95000605     0.04999109
       83     0.00000095     0.92040624     0.07959281
       84     0.00000028     0.89577500     0.10422472
       85     0.00000179     0.88725581     0.11274240
       86     0.00000133     0.89776065     0.10223803
       87     0.00000025     0.92012942     0.07987033
       88     0.00000015     0.94105461     0.05894523
       89     0.00000150     0.94901588     0.05098262
       90     0.00000188     0.94137889     0.05861923
       91     0.00000017     0.92578820     0.07421162
       92     0.00000073     0.91444239     0.08555688
       93     0.00000180     0.91495886     0.08503934
       94     0.00000112     0.92497549     0.07502339
       95     0.00000009     0.93489663     0.06510328
       96     0.00000077     0.93657776     0.06342147
       97     0.00000277     0.93024509     0.06975213
       98     0.00000157     0.92331165     0.07668677
       99     0.00000008     0.92242892     0.07757100
      100     0.00000136     0.92712055     0.07287809
      101     0.00000333     0.93142268     0.06857399
      102     0.00000256     0.93106256     0.06893488
      103     0.00000070     0.92770335     0.07229595
      104     0.00000301     0.92581619     0.07418080
      105     0.00000530     0.92695731     0.07303739
      106     0.00000411     0.92878550     0.07121039
      107     0.00000204     0.92904590     0.07095207
      108     0.00000522     0.92825511     0.07173967
      109     0.00000985     0.92787714     0.07211301
      110     0.00000840     0.92789847     0.07209313
      111     0.00000517     0.92768381     0.07231102
      112     0.00000777     0.92771232     0.07227991
      113     0.00001638     0.92852441     0.07145921
      114     0.00001862     0.92900947     0.07097191
      115     0.00001386     0.92798764     0.07199851
      116     0.00001285     0.92676986     0.07321729
      117     0.00002232     0.92749974     0.07247794
      118     0.00003404     0.92929214     0.07067382
      119     0.00003449     0.92917569     0.07078982
      120     0.00003036     0.92710668     0.07286296
