#     Density Matrix: population Re; see the manual for detail orders
        0     0.00000000     0.00000000     1.00000000
        1     0.00000001     0.00002752     0.99997247
        2     0.00000003     0.00026430     0.99973568
        3     0.00000007     0.00075087     0.99924906
        4     0.00000012     0.00137629     0.99862360
        5     0.00000019     0.00203866     0.99796115
        6     0.00000026     0.00302791     0.99697182
        7     0.00000034     0.00587043     0.99412923
        8     0.00000042     0.01573846     0.98426111
        9     0.00000167     0.13220020     0.86779812
       10     0.00000101     0.60798362     0.39201538
       11     0.00000136     0.66217800     0.33782064
       12     0.00000159     0.49967313     0.50032528
       13     0.00000074     0.44457867     0.55542059
       14     0.00000225     0.40238202     0.59761573
       15     0.00000073     0.37439338     0.62560590
       16     0.00000163     0.35903299     0.64096537
       17     0.00000166     0.35323777     0.64676057
       18     0.00000073     0.35291645     0.64708282
       19     0.00000220     0.35389249     0.64610531
       20     0.00000077     0.35287789     0.64712134
       21     0.00000160     0.34788443     0.65211397
       22     0.00000199     0.33818253     0.66181549
       23     0.00000050     0.32413770     0.67586181
       24     0.00000229     0.30702779     0.69296992
       25     0.00000134     0.28823329     0.71176537
       26     0.00000080     0.26936110     0.73063810
       27     0.00000244     0.25172638     0.74827118
       28     0.00000089     0.23630925     0.76368986
       29     0.00000121     0.22380459     0.77619421
       30     0.00000227     0.21423450     0.78576323
       31     0.00000071     0.20736587     0.79263342
       32     0.00000137     0.20250800     0.79749063
       33     0.00000199     0.19861077     0.80138723
       34     0.00000064     0.19454944     0.80544991
       35     0.00000135     0.18937254     0.81062611
       36     0.00000181     0.18229415     0.81770404
       37     0.00000065     0.17284514     0.82715421
       38     0.00000131     0.16081256     0.83918614
       39     0.00000194     0.14624635     0.85375171
       40     0.00000077     0.12800976     0.87198947
       41     0.00000106     0.11092198     0.88907696
       42     0.00000194     0.09588575     0.90411231
       43     0.00000100     0.08319618     0.91680282
       44     0.00000081     0.07272727     0.92727191
       45     0.00000191     0.06419423     0.93580387
       46     0.00000136     0.05727105     0.94272759
       47     0.00000061     0.05171098     0.94828841
       48     0.00000168     0.04719377     0.95280455
       49     0.00000177     0.04387893     0.95611930
       50     0.00000059     0.04055745     0.95944196
       51     0.00000120     0.04141610     0.95858271
       52     0.00000191     0.04992915     0.95006894
       53     0.00000104     0.06669565     0.93330331
       54     0.00000088     0.10382752     0.89617159
       55     0.00000143     0.20081601     0.79918257
       56     0.00000136     0.37755564     0.62244299
       57     0.00000138     0.53821662     0.46178200
       58     0.00000128     0.71395752     0.28604121
       59     0.00000125     0.80063909     0.19935966
       60     0.00000120     0.84149431     0.15850448
       61     0.00000127     0.86169570     0.13830302
       62     0.00000150     0.87339074     0.12660775
       63     0.00000132     0.88121850     0.11878017
       64     0.00000120     0.88787918     0.11211962
       65     0.00000174     0.89347042     0.10652785
       66     0.00000161     0.89835379     0.10164460
       67     0.00000123     0.90295878     0.09703999
       68     0.00000192     0.90761397     0.09238411
       69     0.00000190     0.91279577     0.08720233
       70     0.00000107     0.91916938     0.08082955
       71     0.00000155     0.92757557     0.07242287
       72     0.00000155     0.93898119     0.06101726
       73     0.00000121     0.95423850     0.04576028
       74     0.00000156     0.97310737     0.02689107
       75     0.00000140     0.98869867     0.01129993
       76     0.00000151     0.94330261     0.05669588
       77     0.00000118     0.51279832     0.48720050
       78     0.00000081     0.21788843     0.78211077
       79     0.00000307     0.65812540     0.34187153
       80     0.00000199     0.86306330     0.13693470
       81     0.00000178     0.92757831     0.07241991
       82     0.00000227     0.94624281     0.05375492
       83     0.00000161     0.94827604     0.05172235
       84     0.00000232     0.94684549     0.05315219
       85     0.00000161     0.94791158     0.05208681
       86     0.00000220     0.95253937     0.04745843
       87     0.00000193     0.95910572     0.04089235
       88     0.00000185     0.96538962     0.03460853
       89     0.00000215     0.96996334     0.03003451
       90     0.00000174     0.97266761     0.02733064
       91     0.00000216     0.97431134     0.02568651
       92     0.00000180     0.97585613     0.02414206
       93     0.00000214     0.97770687     0.02229099
       94     0.00000181     0.97969530     0.02030289
       95     0.00000213     0.98147093     0.01852693
       96     0.00000189     0.98287244     0.01712567
       97     0.00000219     0.98406133     0.01593648
       98     0.00000178     0.98516508     0.01483314
       99     0.00000205     0.98614036     0.01385758
      100     0.00000205     0.98688911     0.01310884
      101     0.00000190     0.98744231     0.01255579
      102     0.00000181     0.98805735     0.01194085
      103     0.00000229     0.98888343     0.01111428
      104     0.00000179     0.98975656     0.01024165
      105     0.00000000     1.00000000     0.00000000
      106     0.00000004     0.99999487     0.00000508
      107     0.00000005     0.99998346     0.00001650
      108     0.00000000     0.99997637     0.00002363
      109     0.00000006     0.99998173     0.00001821
      110     0.00000006     0.99999328     0.00000666
      111     0.00000001     0.99999618     0.00000382
      112     0.00000009     0.99998091     0.00001901
      113     0.00000008     0.99995749     0.00004244
      114     0.00000002     0.99994703     0.00005296
      115     0.00000011     0.99995893     0.00004096
      116     0.00000011     0.99997755     0.00002234
      117     0.00000003     0.99997336     0.00002662
      118     0.00000014     0.99993720     0.00006265
      119     0.00000015     0.99988882     0.00011104
      120     0.00000004     0.99986049     0.00013947
