#     Density Matrix: population Re; see the manual for detail orders
        0     0.00000000     0.00000000     1.00000000
        1     0.00000008     0.00000589     0.99999404
        2     0.00000009     0.00005171     0.99994819
        3     0.00000020     0.00012831     0.99987149
        4     0.00000021     0.00019727     0.99980252
        5     0.00000036     0.00023296     0.99976668
        6     0.00000037     0.00028209     0.99971754
        7     0.00000050     0.00055297     0.99944653
        8     0.00000056     0.00165544     0.99834401
        9     0.00000054     0.00570729     0.99429218
       10     0.00000071     0.02375511     0.97624419
       11     0.00000043     0.15298205     0.84701753
       12     0.00000039     0.65060355     0.34939606
       13     0.00000037     0.56753837     0.43246126
       14     0.00000119     0.31181471     0.68818410
       15     0.00000001     0.25486942     0.74513056
       16     0.00000136     0.22444875     0.77554989
       17     0.00000048     0.20956453     0.79043499
       18     0.00000038     0.20361613     0.79638349
       19     0.00000122     0.20245557     0.79754321
       20     0.00000008     0.20348286     0.79651706
       21     0.00000071     0.20512699     0.79487230
       22     0.00000089     0.20650224     0.79349688
       23     0.00000003     0.20716438     0.79283559
       24     0.00000080     0.20696080     0.79303840
       25     0.00000065     0.20591162     0.79408772
       26     0.00000006     0.20411907     0.79588087
       27     0.00000080     0.20171747     0.79828173
       28     0.00000060     0.19883995     0.80115944
       29     0.00000006     0.19559983     0.80440011
       30     0.00000073     0.19207996     0.80791931
       31     0.00000070     0.18832646     0.81167284
       32     0.00000006     0.18434585     0.81565409
       33     0.00000056     0.18010108     0.81989836
       34     0.00000086     0.17550618     0.82449295
       35     0.00000018     0.17042100     0.82957882
       36     0.00000027     0.16469499     0.83530474
       37     0.00000093     0.15850477     0.84149430
       38     0.00000052     0.15548237     0.84451711
       39     0.00000005     0.19743364     0.80256631
       40     0.00000073     0.42250200     0.57749727
       41     0.00000104     0.67007030     0.32992866
       42     0.00000028     0.76420309     0.23579663
       43     0.00000017     0.80888784     0.19111198
       44     0.00000089     0.84060457     0.15939454
       45     0.00000076     0.85912923     0.14087000
       46     0.00000005     0.86327523     0.13672472
       47     0.00000045     0.85820428     0.14179527
       48     0.00000117     0.84860147     0.15139736
       49     0.00000059     0.83733203     0.16266738
       50     0.00000001     0.82595112     0.17404887
       51     0.00000086     0.81534678     0.18465236
       52     0.00000138     0.80607754     0.19392108
       53     0.00000040     0.79850865     0.20149095
       54     0.00000015     0.79283864     0.20716121
       55     0.00000143     0.78908931     0.21090926
       56     0.00000157     0.78708471     0.21291373
       57     0.00000025     0.78640934     0.21359041
       58     0.00000060     0.78638524     0.21361416
       59     0.00000225     0.78605322     0.21394453
       60     0.00000172     0.78415023     0.21584805
       61     0.00000026     0.77911123     0.22088851
       62     0.00000152     0.76913184     0.23086664
       63     0.00000314     0.75231762     0.24767924
       64     0.00000162     0.72697265     0.27302573
       65     0.00000051     0.69208537     0.30791412
       66     0.00000254     0.64803672     0.35196074
       67     0.00000310     0.59743541     0.40256149
       68     0.00000084     0.54583030     0.45416886
       69     0.00000065     0.50185425     0.49814510
       70     0.00000212     0.47617561     0.52382227
       71     0.00000134     0.47876987     0.52122879
       72     0.00000007     0.51479505     0.48520489
       73     0.00000023     0.58053010     0.41946967
       74     0.00000049     0.66173419     0.33826532
       75     0.00000091     0.73656619     0.26343291
       76     0.00000084     0.78302427     0.21697489
       77     0.00000003     0.78803778     0.21196220
       78     0.00000100     0.75366945     0.24632955
       79     0.00000187     0.69696596     0.30303217
       80     0.00000041     0.64288651     0.35711307
       81     0.00000023     0.61335138     0.38664838
       82     0.00000085     0.61746435     0.38253479
       83     0.00000031     0.64779748     0.35220221
       84     0.00000050     0.68496585     0.31503365
       85     0.00000028     0.70846675     0.29153297
       86     0.00000023     0.70798765     0.29201212
       87     0.00000100     0.68852693     0.31147207
       88     0.00000027     0.66594952     0.33405021
       89     0.00000032     0.65568356     0.34431612
       90     0.00000059     0.66229292     0.33770649
       91     0.00000018     0.67752034     0.32247948
       92     0.00000065     0.68809690     0.31190245
       93     0.00000016     0.68681360     0.31318624
       94     0.00000049     0.67748975     0.32250976
       95     0.00000071     0.66992214     0.33007715
       96     0.00000014     0.67020267     0.32979719
       97     0.00000039     0.67591305     0.32408656
       98     0.00000018     0.68025813     0.31974169
       99     0.00000097     0.67970340     0.32029563
      100     0.00000061     0.67660100     0.32339839
      101     0.00000004     0.67493478     0.32506518
      102     0.00000055     0.67547693     0.32452252
      103     0.00000086     0.67625289     0.32374625
      104     0.00000117     0.67633908     0.32365974
      105     0.00000016     0.67682477     0.32317507
      106     0.00000088     0.67794727     0.32205184
      107     0.00000184     0.67781186     0.32218631
      108     0.00000156     0.67553261     0.32446582
      109     0.00000077     0.67379477     0.32620446
      110     0.00000088     0.67562240     0.32437673
      111     0.00000339     0.67927671     0.32071990
      112     0.00000354     0.67964630     0.32035016
      113     0.00000195     0.67553873     0.32445933
      114     0.00000115     0.67232635     0.32767250
      115     0.00000345     0.67483180     0.32516474
      116     0.00000686     0.67998665     0.32000649
      117     0.00000561     0.68053828     0.31945610
      118     0.00000312     0.67540334     0.32459354
      119     0.00000291     0.67168726     0.32830983
      120     0.00000687     0.67474656     0.32524657
