#     Density Matrix: population Re; see the manual for detail orders
        0     0.00000000     0.00000000     1.00000000
        1     0.00000004     0.00000098     0.99999898
        2     0.00000005     0.00001006     0.99998989
        3     0.00000018     0.00002854     0.99997128
        4     0.00000016     0.00004637     0.99995347
        5     0.00000041     0.00005436     0.99994523
        6     0.00000035     0.00006052     0.99993913
        7     0.00000067     0.00009546     0.99990387
        8     0.00000058     0.00020800     0.99979142
        9     0.00000092     0.00047106     0.99952802
       10     0.00000074     0.00104234     0.99895692
       11     0.00000104     0.00242699     0.99757197
       12     0.00000080     0.00670424     0.99329496
       13     0.00000216     0.05557918     0.94441866
       14     0.00000204     0.58216439     0.41783357
       15     0.00000046     0.71767008     0.28232946
       16     0.00000146     0.41758532     0.58241322
       17     0.00000015     0.31191266     0.68808719
       18     0.00000162     0.26956771     0.73043068
       19     0.00000072     0.25246424     0.74753504
       20     0.00000034     0.24704624     0.75295342
       21     0.00000140     0.24718733     0.75281128
       22     0.00000028     0.24978161     0.75021811
       23     0.00000040     0.25318051     0.74681909
       24     0.00000104     0.25650536     0.74349360
       25     0.00000013     0.25930986     0.74069001
       26     0.00000034     0.26140454     0.73859511
       27     0.00000076     0.26276192     0.73723733
       28     0.00000011     0.26346245     0.73653744
       29     0.00000026     0.26366357     0.73633617
       30     0.00000055     0.26358193     0.73641752
       31     0.00000015     0.26348320     0.73651665
       32     0.00000020     0.26367416     0.73632564
       33     0.00000038     0.26449217     0.73550745
       34     0.00000021     0.26628569     0.73371410
       35     0.00000021     0.26937405     0.73062574
       36     0.00000023     0.27397972     0.72602005
       37     0.00000030     0.28012657     0.71987312
       38     0.00000029     0.28749134     0.71250837
       39     0.00000016     0.29520200     0.70479783
       40     0.00000050     0.30158652     0.69841298
       41     0.00000040     0.30387170     0.69612790
       42     0.00000011     0.29786024     0.70213965
       43     0.00000068     0.27765333     0.72234599
       44     0.00000035     0.23575874     0.76424091
       45     0.00000014     0.16535335     0.83464651
       46     0.00000076     0.07491521     0.92508403
       47     0.00000019     0.06807570     0.93192411
       48     0.00000027     0.43918369     0.56081604
       49     0.00000064     0.88545541     0.11454395
       50     0.00000034     0.89567715     0.10432252
       51     0.00000070     0.77138686     0.22861244
       52     0.00000005     0.68172844     0.31827151
       53     0.00000069     0.64182221     0.35817710
       54     0.00000064     0.63816617     0.36183319
       55     0.00000009     0.65370060     0.34629931
       56     0.00000082     0.67349266     0.32650652
       57     0.00000009     0.68744881     0.31255109
       58     0.00000063     0.69159392     0.30840544
       59     0.00000039     0.68754316     0.31245645
       60     0.00000021     0.68022772     0.31977208
       61     0.00000056     0.67472754     0.32527190
       62     0.00000009     0.67365241     0.32634750
       63     0.00000055     0.67627260     0.32372684
       64     0.00000019     0.67976261     0.32023720
       65     0.00000049     0.68154134     0.31845817
       66     0.00000024     0.68096283     0.31903693
       67     0.00000036     0.67931520     0.32068444
       68     0.00000056     0.67822742     0.32177202
       69     0.00000019     0.67821322     0.32178659
       70     0.00000038     0.67859909     0.32140053
       71     0.00000035     0.67869024     0.32130941
       72     0.00000051     0.67869029     0.32130920
       73     0.00000012     0.67926059     0.32073929
       74     0.00000060     0.68025845     0.31974095
       75     0.00000043     0.68046461     0.31953496
       76     0.00000019     0.67898953     0.32101029
       77     0.00000035     0.67683018     0.32316947
       78     0.00000069     0.67638483     0.32361448
       79     0.00000021     0.67881957     0.32118021
       80     0.00000025     0.68220824     0.31779151
       81     0.00000078     0.68291955     0.31707967
       82     0.00000041     0.67942501     0.32057458
       83     0.00000011     0.67457060     0.32542929
       84     0.00000079     0.67335131     0.32664790
       85     0.00000081     0.67783954     0.32215965
       86     0.00000008     0.68445838     0.31554154
       87     0.00000050     0.68676779     0.31323171
       88     0.00000097     0.68166498     0.31833405
       89     0.00000035     0.67295030     0.32704935
       90     0.00000011     0.66845163     0.33154825
       91     0.00000102     0.67303495     0.32696403
       92     0.00000087     0.68375783     0.31624130
       93     0.00000002     0.69181482     0.30818516
       94     0.00000058     0.68985958     0.31013984
       95     0.00000106     0.67844938     0.32154957
       96     0.00000047     0.66605702     0.33394251
       97     0.00000004     0.66250940     0.33749057
       98     0.00000104     0.67118527     0.32881369
       99     0.00000120     0.68622279     0.31377601
      100     0.00000010     0.69684748     0.30315242
      101     0.00000036     0.69535276     0.30464688
      102     0.00000095     0.68264590     0.31735314
      103     0.00000080     0.66738434     0.33261486
      104     0.00000011     0.65967888     0.34032101
      105     0.00000041     0.66416155     0.33583804
      106     0.00000142     0.67732187     0.32267671
      107     0.00000063     0.69042337     0.30957600
      108     0.00000003     0.69554379     0.30445618
      109     0.00000056     0.69059595     0.30940348
      110     0.00000076     0.67989251     0.32010673
      111     0.00000058     0.67050292     0.32949650
      112     0.00000005     0.66754473     0.33245522
      113     0.00000050     0.67141164     0.32858785
      114     0.00000124     0.67842866     0.32157010
      115     0.00000039     0.68383696     0.31616265
      116     0.00000012     0.68511440     0.31488547
      117     0.00000046     0.68295352     0.31704602
      118     0.00000041     0.67989336     0.32010623
      119     0.00000065     0.67808498     0.32191436
      120     0.00000022     0.67789360     0.32210618
