#     Density Matrix: population Re; see the manual for detail orders
        0     0.00000000     0.00000000     1.00000000
        1     0.00000000     0.00000054     0.99999945
        2     0.00000000     0.00000355     0.99999645
        3     0.00000000     0.00000478     0.99999521
        4     0.00000002     0.00000296     0.99999702
        5     0.00000004     0.00000404     0.99999593
        6     0.00000007     0.00001727     0.99998266
        7     0.00000011     0.00006413     0.99993576
        8     0.00000016     0.00020350     0.99979635
        9     0.00000020     0.00057476     0.99942504
       10     0.00000024     0.00153220     0.99846755
       11     0.00000028     0.00412604     0.99587367
       12     0.00000031     0.01188702     0.98811266
       13     0.00000032     0.03771926     0.96228042
       14     0.00000029     0.12119958     0.87880012
       15     0.00000013     0.66002294     0.33997693
       16     0.00000007     0.80855789     0.19144205
       17     0.00000075     0.45555896     0.54444028
       18     0.00000077     0.27133429     0.72866494
       19     0.00000014     0.19369589     0.80630397
       20     0.00000048     0.14907893     0.85092059
       21     0.00000031     0.12426043     0.87573926
       22     0.00000027     0.11056438     0.88943535
       23     0.00000034     0.10272579     0.89727387
       24     0.00000024     0.09776563     0.90223413
       25     0.00000026     0.09410545     0.90589429
       26     0.00000028     0.09098751     0.90901220
       27     0.00000026     0.08812295     0.91187679
       28     0.00000028     0.08539913     0.91460059
       29     0.00000028     0.08280058     0.91719913
       30     0.00000028     0.08034911     0.91965061
       31     0.00000029     0.07804825     0.92195146
       32     0.00000029     0.07590041     0.92409930
       33     0.00000028     0.07390853     0.92609119
       34     0.00000029     0.07207957     0.92792015
       35     0.00000029     0.07043022     0.92956949
       36     0.00000028     0.06902069     0.93097904
       37     0.00000028     0.06796147     0.93203825
       38     0.00000028     0.06745870     0.93254102
       39     0.00000028     0.06790217     0.93209756
       40     0.00000028     0.07009137     0.92990836
       41     0.00000028     0.07582051     0.92417920
       42     0.00000029     0.08973456     0.91026515
       43     0.00000030     0.12605631     0.87394338
       44     0.00000032     0.23308906     0.76691063
       45     0.00000033     0.49378446     0.50621521
       46     0.00000040     0.78886506     0.21113453
       47     0.00000045     0.91378828     0.08621127
       48     0.00000036     0.94191729     0.05808235
       49     0.00000036     0.94912780     0.05087183
       50     0.00000047     0.95171045     0.04828909
       51     0.00000046     0.95300022     0.04699932
       52     0.00000045     0.95387925     0.04612030
       53     0.00000055     0.95464464     0.04535481
       54     0.00000062     0.95541880     0.04458058
       55     0.00000063     0.95626783     0.04373154
       56     0.00000072     0.95723097     0.04276831
       57     0.00000085     0.95832956     0.04166959
       58     0.00000092     0.95956570     0.04043338
       59     0.00000101     0.96092308     0.03907591
       60     0.00000118     0.96235716     0.03764166
       61     0.00000132     0.96379762     0.03620106
       62     0.00000146     0.96513880     0.03485974
       63     0.00000164     0.96625027     0.03374809
       64     0.00000185     0.96698040     0.03301775
       65     0.00000202     0.96716944     0.03282853
       66     0.00000220     0.96668577     0.03331203
       67     0.00000237     0.96543981     0.03455782
       68     0.00000249     0.96343537     0.03656214
       69     0.00000257     0.96081167     0.03918576
       70     0.00000263     0.95787361     0.04212376
       71     0.00000263     0.95508996     0.04490741
       72     0.00000257     0.95307469     0.04692274
       73     0.00000246     0.95250003     0.04749751
       74     0.00000234     0.95398230     0.04601537
       75     0.00000220     0.95788692     0.04211088
       76     0.00000206     0.96418670     0.03581124
       77     0.00000195     0.97233042     0.02766763
       78     0.00000190     0.98127390     0.01872420
       79     0.00000189     0.98963720     0.01036091
       80     0.00000193     0.99603835     0.00395972
       81     0.00000200     0.99948792     0.00051008
       82     0.00000207     0.99972473     0.00027321
       83     0.00000211     0.99734917     0.00264872
       84     0.00000210     0.99367006     0.00632784
       85     0.00000200     0.99028591     0.00971208
       86     0.00000181     0.98853643     0.01146177
       87     0.00000171     0.98903397     0.01096432
       88     0.00000157     0.99147315     0.00852529
       89     0.00000132     0.99481819     0.00518049
       90     0.00000130     0.99781465     0.00218405
       91     0.00000148     0.99955012     0.00044840
       92     0.00000169     0.99980988     0.00018843
       93     0.00000182     0.99905892     0.00093927
       94     0.00000186     0.99815760     0.00184053
       95     0.00000185     0.99779673     0.00220142
       96     0.00000179     0.99816266     0.00183556
       97     0.00000164     0.99894052     0.00105784
       98     0.00000166     0.99962870     0.00036964
       99     0.00000194     0.99990741     0.00009064
      100     0.00000226     0.99980700     0.00019074
      101     0.00000240     0.99959623     0.00040137
      102     0.00000251     0.99952604     0.00047146
      103     0.00000278     0.99964832     0.00034890
      104     0.00000330     0.99983641     0.00016029
      105     0.00000403     0.99993562     0.00006034
      106     0.00000458     0.99991768     0.00007774
      107     0.00000488     0.99987065     0.00012447
      108     0.00000520     0.99987663     0.00011818
      109     0.00000608     0.99992652     0.00006740
      110     0.00000762     0.99996670     0.00002568
      111     0.00000937     0.99996625     0.00002438
      112     0.00001054     0.99995458     0.00003488
      113     0.00001176     0.99995653     0.00003170
      114     0.00001416     0.99996849     0.00001736
      115     0.00001790     0.99997332     0.00000878
      116     0.00002159     0.99997143     0.00000698
      117     0.00002525     0.99996714     0.00000762
      118     0.00003024     0.99996235     0.00000741
      119     0.00003701     0.99995836     0.00000463
      120     0.00004534     0.99995275     0.00000191
