#     Density Matrix: population Re; see the manual for detail orders
        0     0.00000000     0.00000000     1.00000000
        1     0.00000001     0.00000045     0.99999955
        2     0.00000002     0.00000156     0.99999842
        3     0.00000005     0.00000216     0.99999779
        4     0.00000008     0.00001533     0.99998459
        5     0.00000013     0.00006042     0.99993945
        6     0.00000018     0.00015316     0.99984666
        7     0.00000024     0.00031890     0.99968087
        8     0.00000031     0.00067896     0.99932073
        9     0.00000036     0.00186655     0.99813309
       10     0.00000045     0.00813531     0.99186424
       11     0.00000046     0.08776707     0.91223247
       12     0.00000116     0.08235670     0.91764214
       13     0.00000241     0.30982195     0.69017564
       14     0.00000004     0.22061217     0.77938779
       15     0.00000138     0.20303427     0.79696435
       16     0.00000071     0.19643344     0.80356584
       17     0.00000041     0.19577724     0.80422234
       18     0.00000161     0.19821171     0.80178668
       19     0.00000009     0.20203023     0.79796968
       20     0.00000114     0.20620659     0.79379228
       21     0.00000124     0.21014393     0.78985483
       22     0.00000004     0.21352553     0.78647444
       23     0.00000153     0.21622037     0.78377811
       24     0.00000083     0.21821691     0.78178226
       25     0.00000018     0.21957350     0.78042631
       26     0.00000162     0.22038354     0.77961484
       27     0.00000061     0.22075093     0.77924846
       28     0.00000028     0.22077228     0.77922744
       29     0.00000157     0.22052567     0.77947276
       30     0.00000057     0.22006668     0.77993275
       31     0.00000024     0.21942546     0.78057429
       32     0.00000143     0.21860399     0.78139458
       33     0.00000067     0.21757425     0.78242508
       34     0.00000014     0.21627042     0.78372944
       35     0.00000120     0.21457111     0.78542769
       36     0.00000087     0.21225960     0.78773953
       37     0.00000009     0.20892396     0.79107596
       38     0.00000085     0.20367568     0.79632346
       39     0.00000103     0.19412813     0.80587084
       40     0.00000021     0.17039348     0.82960631
       41     0.00000032     0.02356273     0.97643695
       42     0.00000069     0.30692725     0.69307206
       43     0.00000027     0.62721073     0.37278900
       44     0.00000010     0.65792684     0.34207306
       45     0.00000057     0.66801032     0.33198911
       46     0.00000050     0.67245734     0.32754216
       47     0.00000010     0.67463941     0.32536049
       48     0.00000029     0.67574094     0.32425877
       49     0.00000056     0.67628368     0.32371576
       50     0.00000028     0.67653061     0.32346910
       51     0.00000012     0.67662459     0.32337529
       52     0.00000041     0.67664662     0.32335297
       53     0.00000047     0.67664295     0.32335658
       54     0.00000018     0.67663693     0.32336289
       55     0.00000019     0.67663598     0.32336383
       56     0.00000046     0.67663763     0.32336191
       57     0.00000039     0.67663291     0.32336670
       58     0.00000014     0.67660815     0.32339171
       59     0.00000025     0.67654769     0.32345206
       60     0.00000048     0.67643732     0.32356220
       61     0.00000035     0.67626644     0.32373321
       62     0.00000013     0.67602882     0.32397106
       63     0.00000027     0.67572459     0.32427514
       64     0.00000051     0.67536243     0.32463706
       65     0.00000037     0.67495893     0.32504070
       66     0.00000010     0.67453670     0.32546320
       67     0.00000027     0.67412328     0.32587645
       68     0.00000060     0.67374985     0.32624954
       69     0.00000044     0.67344699     0.32655257
       70     0.00000007     0.67323902     0.32676091
       71     0.00000027     0.67314085     0.32685888
       72     0.00000073     0.67315661     0.32684265
       73     0.00000055     0.67327729     0.32672216
       74     0.00000005     0.67347966     0.32652029
       75     0.00000025     0.67377492     0.32622483
       76     0.00000080     0.67404979     0.32594941
       77     0.00000066     0.67423945     0.32575990
       78     0.00000007     0.67440451     0.32559542
       79     0.00000021     0.67448731     0.32551248
       80     0.00000086     0.67448592     0.32551323
       81     0.00000083     0.67441475     0.32558442
       82     0.00000017     0.67430493     0.32569490
       83     0.00000010     0.67419807     0.32580183
       84     0.00000079     0.67414173     0.32585749
       85     0.00000104     0.67418076     0.32581820
       86     0.00000041     0.67434873     0.32565086
       87     0.00000001     0.67465971     0.32534028
       88     0.00000061     0.67510713     0.32489227
       89     0.00000128     0.67566383     0.32433489
       90     0.00000092     0.67628185     0.32371724
       91     0.00000013     0.67689945     0.32310043
       92     0.00000031     0.67744626     0.32255343
       93     0.00000135     0.67786598     0.32213268
       94     0.00000172     0.67811914     0.32187915
       95     0.00000086     0.67818186     0.32181728
       96     0.00000025     0.67805300     0.32194675
       97     0.00000125     0.67775688     0.32224186
       98     0.00000278     0.67733412     0.32266310
       99     0.00000267     0.67685096     0.32314637
      100     0.00000122     0.67637821     0.32362056
      101     0.00000105     0.67596665     0.32403230
      102     0.00000281     0.67566750     0.32432969
      103     0.00000402     0.67552120     0.32447478
      104     0.00000301     0.67555099     0.32444600
      105     0.00000131     0.67575693     0.32424176
      106     0.00000116     0.67611420     0.32388465
      107     0.00000272     0.67657450     0.32342278
      108     0.00000440     0.67706808     0.32292752
      109     0.00000454     0.67750704     0.32248842
      110     0.00000316     0.67779482     0.32220202
      111     0.00000246     0.67784496     0.32215259
      112     0.00000430     0.67760542     0.32239028
      113     0.00000725     0.67707965     0.32291310
      114     0.00000803     0.67633658     0.32365539
      115     0.00000590     0.67550668     0.32448743
      116     0.00000357     0.67476351     0.32523293
      117     0.00000358     0.67429126     0.32570516
      118     0.00000546     0.67424098     0.32575356
      119     0.00000689     0.67468451     0.32530860
      120     0.00000630     0.67558160     0.32441210
