#     Density Matrix: population Re; see the manual for detail orders
        0     0.00000000     0.00000000     1.00000000
        1     0.00000000     0.00000004     0.99999996
        2     0.00000001     0.00000036     0.99999963
        3     0.00000003     0.00000104     0.99999893
        4     0.00000006     0.00000213     0.99999780
        5     0.00000011     0.00000429     0.99999560
        6     0.00000016     0.00000909     0.99999075
        7     0.00000020     0.00001856     0.99998124
        8     0.00000024     0.00003596     0.99996379
        9     0.00000028     0.00007002     0.99992970
       10     0.00000032     0.00014547     0.99985421
       11     0.00000035     0.00033481     0.99966484
       12     0.00000039     0.00088134     0.99911826
       13     0.00000043     0.00281867     0.99718090
       14     0.00000046     0.01262773     0.98737181
       15     0.00000046     0.10774855     0.89225099
       16     0.00000017     0.84282866     0.15717118
       17     0.00000020     0.44487557     0.55512423
       18     0.00000137     0.15564208     0.84435654
       19     0.00000025     0.09664552     0.90335423
       20     0.00000064     0.07063981     0.92935955
       21     0.00000062     0.05863893     0.94136045
       22     0.00000041     0.05269276     0.94730682
       23     0.00000055     0.04919438     0.95080507
       24     0.00000046     0.04651554     0.95348400
       25     0.00000040     0.04395931     0.95604029
       26     0.00000045     0.04126214     0.95873741
       27     0.00000054     0.03840140     0.96159806
       28     0.00000042     0.03540442     0.96459516
       29     0.00000035     0.03226068     0.96773897
       30     0.00000049     0.02891490     0.97108461
       31     0.00000040     0.02541379     0.97458580
       32     0.00000032     0.02193607     0.97806361
       33     0.00000035     0.01890717     0.98109248
       34     0.00000025     0.01795439     0.98204536
       35     0.00000023     0.02594460     0.97405518
       36     0.00000027     0.07274899     0.92725074
       37     0.00000020     0.24975460     0.75024520
       38     0.00000020     0.54893622     0.45106358
       39     0.00000030     0.74555329     0.25444642
       40     0.00000028     0.81979786     0.18020186
       41     0.00000017     0.85356982     0.14643002
       42     0.00000021     0.87110618     0.12889361
       43     0.00000029     0.88135089     0.11864882
       44     0.00000025     0.88783491     0.11216485
       45     0.00000017     0.89219540     0.10780443
       46     0.00000024     0.89529560     0.10470416
       47     0.00000032     0.89764737     0.10235231
       48     0.00000026     0.89956954     0.10043020
       49     0.00000021     0.90127062     0.09872916
       50     0.00000029     0.90287578     0.09712393
       51     0.00000032     0.90445719     0.09554249
       52     0.00000027     0.90604199     0.09395774
       53     0.00000026     0.90762249     0.09237725
       54     0.00000034     0.90915996     0.09083970
       55     0.00000035     0.91059697     0.08940268
       56     0.00000030     0.91186055     0.08813916
       57     0.00000033     0.91288196     0.08711771
       58     0.00000040     0.91359916     0.08640044
       59     0.00000037     0.91399969     0.08599994
       60     0.00000026     0.91406719     0.08593255
       61     0.00000028     0.91380228     0.08619744
       62     0.00000042     0.91329471     0.08670487
       63     0.00000040     0.91264412     0.08735548
       64     0.00000028     0.91197712     0.08802260
       65     0.00000030     0.91142842     0.08857128
       66     0.00000041     0.91112142     0.08887817
       67     0.00000045     0.91117788     0.08882167
       68     0.00000045     0.91164059     0.08835897
       69     0.00000032     0.91249910     0.08750059
       70     0.00000029     0.91372692     0.08627279
       71     0.00000042     0.91523973     0.08475984
       72     0.00000046     0.91691835     0.08308119
       73     0.00000037     0.91862201     0.08137762
       74     0.00000031     0.92021191     0.07978778
       75     0.00000040     0.92157897     0.07842064
       76     0.00000053     0.92265969     0.07733979
       77     0.00000047     0.92344591     0.07655361
       78     0.00000041     0.92411146     0.07588813
       79     0.00000063     0.92477103     0.07522834
       80     0.00000074     0.92548014     0.07451912
       81     0.00000085     0.92633112     0.07366803
       82     0.00000093     0.92749556     0.07250351
       83     0.00000092     0.92914664     0.07085244
       84     0.00000094     0.93129960     0.06869946
       85     0.00000091     0.93385047     0.06614861
       86     0.00000117     0.93668807     0.06331076
       87     0.00000137     0.93964248     0.06035615
       88     0.00000144     0.94260927     0.05738929
       89     0.00000141     0.94535301     0.05464558
       90     0.00000134     0.94766496     0.05233370
       91     0.00000157     0.94967836     0.05032007
       92     0.00000188     0.95144771     0.04855040
       93     0.00000182     0.95304670     0.04695148
       94     0.00000144     0.95471051     0.04528805
       95     0.00000131     0.95665237     0.04334632
       96     0.00000145     0.95897979     0.04101876
       97     0.00000162     0.96172476     0.03827362
       98     0.00000163     0.96484432     0.03515405
       99     0.00000155     0.96810700     0.03189146
      100     0.00000155     0.97116947     0.02882899
      101     0.00000175     0.97371259     0.02628566
      102     0.00000208     0.97546631     0.02453162
      103     0.00000234     0.97627008     0.02372758
      104     0.00000245     0.97613776     0.02385979
      105     0.00000248     0.97525414     0.02474338
      106     0.00000252     0.97395019     0.02604729
      107     0.00000259     0.97262969     0.02736771
      108     0.00000259     0.97168816     0.02830924
      109     0.00000253     0.97142614     0.02857132
      110     0.00000251     0.97199915     0.02799834
      111     0.00000236     0.97338665     0.02661100
      112     0.00000212     0.97541532     0.02458257
      113     0.00000199     0.97778667     0.02221135
      114     0.00000199     0.98017729     0.01982072
      115     0.00000215     0.98233253     0.01766533
      116     0.00000237     0.98407843     0.01591920
      117     0.00000255     0.98536252     0.01463492
      118     0.00000271     0.98624927     0.01374802
      119     0.00000287     0.98682887     0.01316827
      120     0.00000321     0.98723433     0.01276246
