#     Density Matrix: population Re; see the manual for detail orders
        0     0.00000000     0.00000000     1.00000000
        1     0.00000002     0.00000455     0.99999543
        2     0.00000004     0.00003537     0.99996459
        3     0.00000012     0.00007372     0.99992616
        4     0.00000014     0.00009134     0.99990852
        5     0.00000030     0.00007845     0.99992126
        6     0.00000032     0.00007000     0.99992968
        7     0.00000054     0.00017876     0.99982071
        8     0.00000055     0.00066528     0.99933416
        9     0.00000076     0.00222719     0.99777205
       10     0.00000077     0.00759765     0.99240158
       11     0.00000085     0.03379763     0.96620152
       12     0.00000076     0.24090146     0.75909778
       13     0.00000014     0.71215371     0.28784615
       14     0.00000081     0.51377314     0.48622606
       15     0.00000242     0.30013290     0.69986468
       16     0.00000043     0.24220681     0.75779276
       17     0.00000052     0.22269288     0.77730660
       18     0.00000127     0.21203538     0.78796335
       19     0.00000004     0.20773871     0.79226125
       20     0.00000093     0.20783541     0.79216366
       21     0.00000083     0.21084033     0.78915884
       22     0.00000004     0.21569353     0.78430643
       23     0.00000111     0.22170218     0.77829671
       24     0.00000057     0.22846748     0.77153195
       25     0.00000013     0.23580168     0.76419819
       26     0.00000116     0.24368126     0.75631758
       27     0.00000051     0.25218120     0.74781829
       28     0.00000013     0.26140400     0.73859588
       29     0.00000112     0.27147818     0.72852071
       30     0.00000062     0.28243391     0.71756548
       31     0.00000004     0.29420975     0.70579021
       32     0.00000094     0.30647477     0.69352430
       33     0.00000082     0.31843083     0.68156835
       34     0.00000001     0.32852679     0.67147319
       35     0.00000060     0.33300316     0.66699623
       36     0.00000102     0.32614222     0.67385675
       37     0.00000020     0.30085926     0.69914054
       38     0.00000020     0.19331581     0.80668399
       39     0.00000076     0.25302108     0.74697816
       40     0.00000051     0.52937301     0.47062648
       41     0.00000008     0.56602462     0.43397530
       42     0.00000047     0.57798922     0.42201031
       43     0.00000078     0.58413365     0.41586557
       44     0.00000029     0.58902565     0.41097406
       45     0.00000020     0.59502113     0.40497867
       46     0.00000080     0.60416565     0.39583356
       47     0.00000077     0.61872924     0.38126999
       48     0.00000021     0.64380542     0.35619437
       49     0.00000051     0.67609625     0.32390324
       50     0.00000112     0.71144468     0.28855419
       51     0.00000076     0.74703859     0.25296065
       52     0.00000029     0.78068311     0.21931660
       53     0.00000088     0.81104998     0.18894914
       54     0.00000137     0.83760728     0.16239136
       55     0.00000078     0.86037956     0.13961966
       56     0.00000042     0.87969544     0.12030414
       57     0.00000114     0.89600399     0.10399487
       58     0.00000154     0.90976681     0.09023165
       59     0.00000086     0.92140312     0.07859602
       60     0.00000050     0.93127044     0.06872906
       61     0.00000122     0.93966735     0.06033143
       62     0.00000166     0.94684410     0.05315424
       63     0.00000103     0.95301061     0.04698836
       64     0.00000053     0.95834336     0.04165611
       65     0.00000110     0.96299322     0.03700567
       66     0.00000180     0.96709059     0.03290761
       67     0.00000148     0.97074447     0.02925404
       68     0.00000077     0.97403802     0.02596120
       69     0.00000102     0.97702672     0.02297227
       70     0.00000207     0.97973897     0.02025896
       71     0.00000246     0.98217436     0.01782317
       72     0.00000177     0.98430145     0.01569679
       73     0.00000144     0.98606147     0.01393709
       74     0.00000257     0.98738030     0.01261713
       75     0.00000391     0.98818580     0.01181030
       76     0.00000374     0.98842844     0.01156782
       77     0.00000276     0.98810822     0.01188901
       78     0.00000314     0.98730488     0.01269198
       79     0.00000490     0.98619550     0.01379960
       80     0.00000573     0.98504095     0.01495331
       81     0.00000467     0.98413473     0.01586060
       82     0.00000362     0.98373369     0.01626269
       83     0.00000440     0.98400120     0.01599439
       84     0.00000598     0.98498306     0.01501096
       85     0.00000620     0.98661368     0.01338012
       86     0.00000488     0.98874318     0.01125195
       87     0.00000000     1.00000000     0.00000000
       88     0.00000790     0.99973655     0.00025555
       89     0.00002163     0.99898120     0.00099718
       90     0.00002303     0.99786881     0.00210815
       91     0.00001013     0.99661487     0.00337501
       92     0.00000028     0.99547779     0.00452193
       93     0.00000690     0.99472075     0.00527235
       94     0.00002187     0.99455728     0.00542086
       95     0.00002679     0.99507560     0.00489761
       96     0.00001608     0.99617788     0.00380604
       97     0.00000267     0.99757656     0.00242077
       98     0.00000251     0.99887197     0.00112552
       99     0.00001691     0.99968138     0.00030171
      100     0.00003059     0.99976875     0.00020066
      101     0.00002806     0.99912954     0.00084240
      102     0.00001205     0.99800788     0.00198007
      103     0.00000137     0.99683568     0.00316295
      104     0.00000864     0.99609254     0.00389882
      105     0.00002589     0.99611383     0.00386028
      106     0.00003510     0.99691830     0.00304660
      107     0.00002754     0.99815425     0.00181821
      108     0.00001102     0.99922982     0.00075917
      109     0.00000230     0.99960103     0.00039667
      110     0.00001186     0.99908144     0.00090669
      111     0.00003217     0.99798510     0.00198273
      112     0.00004385     0.99698124     0.00297491
      113     0.00003622     0.99670364     0.00326014
      114     0.00001760     0.99733419     0.00264821
      115     0.00000558     0.99844672     0.00154769
      116     0.00001227     0.99926556     0.00072216
      117     0.00003544     0.99921378     0.00075079
      118     0.00005827     0.99836762     0.00157411
      119     0.00006267     0.99743355     0.00250378
      120     0.00004672     0.99719570     0.00275758
