#     Density Matrix: population Re; see the manual for detail orders
        0     0.00000000     0.00000000     1.00000000
        1     0.00000000     0.00000035     0.99999965
        2     0.00000000     0.00000348     0.99999652
        3     0.00000000     0.00000923     0.99999077
        4     0.00000001     0.00001302     0.99998697
        5     0.00000001     0.00001140     0.99998859
        6     0.00000006     0.00000676     0.99999318
        7     0.00000022     0.00000562     0.99999416
        8     0.00000038     0.00003595     0.99996367
        9     0.00000051     0.00015874     0.99984075
       10     0.00000059     0.00039518     0.99960423
       11     0.00000072     0.00075822     0.99924106
       12     0.00000076     0.00146215     0.99853709
       13     0.00000081     0.00360266     0.99639653
       14     0.00000083     0.01228586     0.98771331
       15     0.00000072     0.05778366     0.94221562
       16     0.00000058     0.32516037     0.67483905
       17     0.00000018     0.69753055     0.30246928
       18     0.00000027     0.45066855     0.54933117
       19     0.00000058     0.33246784     0.66753158
       20     0.00000031     0.26634479     0.73365489
       21     0.00000053     0.23261884     0.76738063
       22     0.00000048     0.21831933     0.78168019
       23     0.00000038     0.21528984     0.78470978
       24     0.00000070     0.21846053     0.78153877
       25     0.00000015     0.22463835     0.77536150
       26     0.00000046     0.23190595     0.76809359
       27     0.00000054     0.23914009     0.76085936
       28     0.00000006     0.24575160     0.75424834
       29     0.00000043     0.25142508     0.74857449
       30     0.00000042     0.25592425     0.74407533
       31     0.00000005     0.25897072     0.74102923
       32     0.00000041     0.26015468     0.73984491
       33     0.00000045     0.25880609     0.74119345
       34     0.00000006     0.25389384     0.74610610
       35     0.00000035     0.24363011     0.75636955
       36     0.00000055     0.22609004     0.77390941
       37     0.00000013     0.20085066     0.79914920
       38     0.00000022     0.16761549     0.83238429
       39     0.00000061     0.12740427     0.87259513
       40     0.00000033     0.09093952     0.90906015
       41     0.00000013     0.10175001     0.89824986
       42     0.00000058     0.20108421     0.79891521
       43     0.00000062     0.32124966     0.67874972
       44     0.00000017     0.39814232     0.60185751
       45     0.00000034     0.46116591     0.53883375
       46     0.00000071     0.69491087     0.30508841
       47     0.00000046     0.88050641     0.11949313
       48     0.00000028     0.94255405     0.05744567
       49     0.00000069     0.95270449     0.04729482
       50     0.00000076     0.95094073     0.04905850
       51     0.00000035     0.94753099     0.05246866
       52     0.00000044     0.94499730     0.05500226
       53     0.00000086     0.94384554     0.05615360
       54     0.00000067     0.94393306     0.05606628
       55     0.00000035     0.94483052     0.05516913
       56     0.00000072     0.94595637     0.05404291
       57     0.00000097     0.94658889     0.05341014
       58     0.00000056     0.94558674     0.05441270
       59     0.00000051     0.94196901     0.05803048
       60     0.00000097     0.93500908     0.06498995
       61     0.00000085     0.92463732     0.07536183
       62     0.00000045     0.91160306     0.08839649
       63     0.00000069     0.89789818     0.10210113
       64     0.00000087     0.88659438     0.11340475
       65     0.00000044     0.88066527     0.11933430
       66     0.00000028     0.88205379     0.11794593
       67     0.00000052     0.89105804     0.10894144
       68     0.00000041     0.90614721     0.09385238
       69     0.00000011     0.92449180     0.07550808
       70     0.00000015     0.94268001     0.05731984
       71     0.00000031     0.95760540     0.04239429
       72     0.00000020     0.96741566     0.03258414
       73     0.00000003     0.97216260     0.02783737
       74     0.00000012     0.97386276     0.02613712
       75     0.00000021     0.97525460     0.02474519
       76     0.00000007     0.97825365     0.02174628
       77     0.00000001     0.98313459     0.01686540
       78     0.00000008     0.98892030     0.01107962
       79     0.00000000     1.00000000     0.00000000
       80     0.00000007     0.99730183     0.00269810
       81     0.00000011     0.99205914     0.00794075
       82     0.00000001     0.98848236     0.01151762
       83     0.00000003     0.98880214     0.01119783
       84     0.00000000     1.00000000     0.00000000
       85     0.00000004     0.99935928     0.00064068
       86     0.00000007     0.99821690     0.00178303
       87     0.00000001     0.99767580     0.00232419
       88     0.00000002     0.99811498     0.00188501
       89     0.00000009     0.99902024     0.00097968
       90     0.00000008     0.99958053     0.00041939
       91     0.00000002     0.99944868     0.00055129
       92     0.00000012     0.99896372     0.00103616
       93     0.00000021     0.99869308     0.00130672
       94     0.00000011     0.99883613     0.00116375
       95     0.00000014     0.99912573     0.00087414
       96     0.00000039     0.99923997     0.00075964
       97     0.00000043     0.99916252     0.00083705
       98     0.00000030     0.99908017     0.00091953
       99     0.00000054     0.99907008     0.00092938
      100     0.00000086     0.99904712     0.00095202
      101     0.00000076     0.99898999     0.00100925
      102     0.00000079     0.99902216     0.00097705
      103     0.00000137     0.99918090     0.00081774
      104     0.00000163     0.99926504     0.00073334
      105     0.00000140     0.99909282     0.00090578
      106     0.00000174     0.99883478     0.00116348
      107     0.00000256     0.99885399     0.00114344
      108     0.00000270     0.99918104     0.00081627
      109     0.00000255     0.99938739     0.00061005
      110     0.00000324     0.99914953     0.00084723
      111     0.00000422     0.99874444     0.00125134
      112     0.00000433     0.99872320     0.00127247
      113     0.00000419     0.99914114     0.00085467
      114     0.00000500     0.99944184     0.00055316
      115     0.00000610     0.99920370     0.00079020
      116     0.00000628     0.99873250     0.00126122
      117     0.00000603     0.99865876     0.00133521
      118     0.00000658     0.99908213     0.00091129
      119     0.00000802     0.99943456     0.00055742
      120     0.00000877     0.99925491     0.00073632
