#     Density Matrix: population Re; see the manual for detail orders
        0     0.00000000     0.00000000     1.00000000
        1     0.00000012     0.00000386     0.99999602
        2     0.00000008     0.00003078     0.99996914
        3     0.00000005     0.00006709     0.99993286
        4     0.00000006     0.00008765     0.99991229
        5     0.00000002     0.00007808     0.99992189
        6     0.00000016     0.00005802     0.99994182
        7     0.00000006     0.00009203     0.99990790
        8     0.00000036     0.00027843     0.99972121
        9     0.00000018     0.00073766     0.99926216
       10     0.00000058     0.00167072     0.99832870
       11     0.00000037     0.00368079     0.99631884
       12     0.00000073     0.00913376     0.99086551
       13     0.00000061     0.02882458     0.97117481
       14     0.00000063     0.11888290     0.88111647
       15     0.00000112     0.55908494     0.44091394
       16     0.00000043     0.63653570     0.36346387
       17     0.00000320     0.44012137     0.55987543
       18     0.00000031     0.36187236     0.63812733
       19     0.00000105     0.33486475     0.66513420
       20     0.00000128     0.31819048     0.68180824
       21     0.00000018     0.31033756     0.68966226
       22     0.00000147     0.30934490     0.69065363
       23     0.00000046     0.31327364     0.68672590
       24     0.00000070     0.32033169     0.67966761
       25     0.00000126     0.32892827     0.67107047
       26     0.00000020     0.33779726     0.66220254
       27     0.00000114     0.34593122     0.65406765
       28     0.00000089     0.35261416     0.64738494
       29     0.00000033     0.35741224     0.64258743
       30     0.00000148     0.36018195     0.63981657
       31     0.00000076     0.36103430     0.63896495
       32     0.00000043     0.36027245     0.63972713
       33     0.00000152     0.35832337     0.64167510
       34     0.00000066     0.35568509     0.64431426
       35     0.00000047     0.35285889     0.64714064
       36     0.00000154     0.35031651     0.64968195
       37     0.00000067     0.34848102     0.65151831
       38     0.00000044     0.34772572     0.65227384
       39     0.00000151     0.34839688     0.65160161
       40     0.00000077     0.35085714     0.64914209
       41     0.00000035     0.35554760     0.64445205
       42     0.00000142     0.36310795     0.63689063
       43     0.00000096     0.37460749     0.62539156
       44     0.00000027     0.39202679     0.60797294
       45     0.00000123     0.41941610     0.58058267
       46     0.00000116     0.46602389     0.53397494
       47     0.00000027     0.55461759     0.44538214
       48     0.00000107     0.73068786     0.26931107
       49     0.00000177     0.87553938     0.12445885
       50     0.00000070     0.87439066     0.12560864
       51     0.00000053     0.84037994     0.15961953
       52     0.00000148     0.81645414     0.18354438
       53     0.00000132     0.80463327     0.19536541
       54     0.00000118     0.80027746     0.19972136
       55     0.00000126     0.79568996     0.20430878
       56     0.00000109     0.78926816     0.21073075
       57     0.00000129     0.77600837     0.22399034
       58     0.00000155     0.70346281     0.29653564
       59     0.00000111     0.23782632     0.76217257
       60     0.00000109     0.05501799     0.94498092
       61     0.00000178     0.05853576     0.94146246
       62     0.00000137     0.05995613     0.94004250
       63     0.00000090     0.06057046     0.93942864
       64     0.00000162     0.06082385     0.93917453
       65     0.00000162     0.06089336     0.93910501
       66     0.00000091     0.06086629     0.93913280
       67     0.00000139     0.06079331     0.93920530
       68     0.00000175     0.06070730     0.93929095
       69     0.00000101     0.06063167     0.93936731
       70     0.00000121     0.06058330     0.93941549
       71     0.00000178     0.06057405     0.93942417
       72     0.00000115     0.06061121     0.93938764
       73     0.00000109     0.06069778     0.93930113
       74     0.00000173     0.06083219     0.93916608
       75     0.00000127     0.06100859     0.93899014
       76     0.00000104     0.06121747     0.93878148
       77     0.00000164     0.06144572     0.93855265
       78     0.00000135     0.06167792     0.93832074
       79     0.00000106     0.06189775     0.93810119
       80     0.00000153     0.06208937     0.93790910
       81     0.00000138     0.06223976     0.93775886
       82     0.00000111     0.06234135     0.93765754
       83     0.00000145     0.06239373     0.93760483
       84     0.00000138     0.06240724     0.93759138
       85     0.00000116     0.06240478     0.93759405
       86     0.00000139     0.06242229     0.93757633
       87     0.00000137     0.06250696     0.93749166
       88     0.00000122     0.06271348     0.93728530
       89     0.00000134     0.06309712     0.93690154
       90     0.00000135     0.06370343     0.93629522
       91     0.00000128     0.06456110     0.93543761
       92     0.00000130     0.06567305     0.93432565
       93     0.00000131     0.06701044     0.93298825
       94     0.00000136     0.06851401     0.93148463
       95     0.00000126     0.07009734     0.92990140
       96     0.00000128     0.07165532     0.92834340
       97     0.00000145     0.07307414     0.92692441
       98     0.00000121     0.07424144     0.92575735
       99     0.00000125     0.07505640     0.92494235
      100     0.00000156     0.07544028     0.92455816
      101     0.00000113     0.07534534     0.92465353
      102     0.00000127     0.07475985     0.92523888
      103     0.00000168     0.07371219     0.92628613
      104     0.00000101     0.07227358     0.92772542
      105     0.00000132     0.07055332     0.92944536
      106     0.00000184     0.06868778     0.93131039
      107     0.00000088     0.06682424     0.93317488
      108     0.00000137     0.06510576     0.93489287
      109     0.00000202     0.06365518     0.93634281
      110     0.00000078     0.06255568     0.93744354
      111     0.00000137     0.06183804     0.93816058
      112     0.00000230     0.06148478     0.93851292
      113     0.00000075     0.06144332     0.93855592
      114     0.00000125     0.06164074     0.93835801
      115     0.00000266     0.06200091     0.93799644
      116     0.00000091     0.06245849     0.93754059
      117     0.00000093     0.06296732     0.93703174
      118     0.00000303     0.06350501     0.93649196
      119     0.00000144     0.06406232     0.93593624
      120     0.00000045     0.06462223     0.93537733
