#     Density Matrix: population Re; see the manual for detail orders
        0     0.00000000     0.00000000     1.00000000
        1     0.00000004     0.00000190     0.99999805
        2     0.00000007     0.00001973     0.99998021
        3     0.00000011     0.00006074     0.99993915
        4     0.00000014     0.00012065     0.99987921
        5     0.00000019     0.00020244     0.99979737
        6     0.00000023     0.00035195     0.99964782
        7     0.00000027     0.00071112     0.99928862
        8     0.00000030     0.00165022     0.99834947
        9     0.00000033     0.00425272     0.99574695
       10     0.00000036     0.01239029     0.98760936
       11     0.00000036     0.04290530     0.95709434
       12     0.00000016     0.55904834     0.44095151
       13     0.00000007     0.82301483     0.17698510
       14     0.00000071     0.33653790     0.66346139
       15     0.00000111     0.14739955     0.85259934
       16     0.00000002     0.09615593     0.90384405
       17     0.00000060     0.07142746     0.92857194
       18     0.00000027     0.06159470     0.93840502
       19     0.00000016     0.05927139     0.94072845
       20     0.00000035     0.06002068     0.93997897
       21     0.00000018     0.06142151     0.93857832
       22     0.00000024     0.06232499     0.93767476
       23     0.00000027     0.06237652     0.93762321
       24     0.00000017     0.06162324     0.93837659
       25     0.00000015     0.06028557     0.93971428
       26     0.00000018     0.05861998     0.94137984
       27     0.00000017     0.05683026     0.94316957
       28     0.00000017     0.05509072     0.94490911
       29     0.00000019     0.05351497     0.94648484
       30     0.00000019     0.05217592     0.94782390
       31     0.00000018     0.05113567     0.94886414
       32     0.00000020     0.05045617     0.94954363
       33     0.00000020     0.05023830     0.94976151
       34     0.00000021     0.05067052     0.94932927
       35     0.00000025     0.05218642     0.94781333
       36     0.00000023     0.05595877     0.94404101
       37     0.00000019     0.06649071     0.93350910
       38     0.00000028     0.12641964     0.87358009
       39     0.00000025     0.56280805     0.43719170
       40     0.00000031     0.92770967     0.07229002
       41     0.00000035     0.95925579     0.04074387
       42     0.00000028     0.96510255     0.03489717
       43     0.00000031     0.96745493     0.03254476
       44     0.00000038     0.96876889     0.03123072
       45     0.00000036     0.96965951     0.03034014
       46     0.00000033     0.97035451     0.02964516
       47     0.00000039     0.97096160     0.02903801
       48     0.00000043     0.97154430     0.02845527
       49     0.00000040     0.97214233     0.02785727
       50     0.00000041     0.97278616     0.02721343
       51     0.00000047     0.97349312     0.02650641
       52     0.00000048     0.97427400     0.02572552
       53     0.00000047     0.97512836     0.02487116
       54     0.00000050     0.97604458     0.02395492
       55     0.00000056     0.97700251     0.02299693
       56     0.00000058     0.97797447     0.02202496
       57     0.00000058     0.97892792     0.02107150
       58     0.00000063     0.97982947     0.02016990
       59     0.00000068     0.98064937     0.01934995
       60     0.00000070     0.98136598     0.01863331
       61     0.00000072     0.98196977     0.01802950
       62     0.00000076     0.98246582     0.01753342
       63     0.00000081     0.98287668     0.01712251
       64     0.00000083     0.98323903     0.01676014
       65     0.00000086     0.98360226     0.01639688
       66     0.00000089     0.98402459     0.01597451
       67     0.00000094     0.98456246     0.01543660
       68     0.00000097     0.98526324     0.01473579
       69     0.00000102     0.98615680     0.01384219
       70     0.00000109     0.98724312     0.01275579
       71     0.00000118     0.98848825     0.01151057
       72     0.00000129     0.98982035     0.01017836
       73     0.00000142     0.99113409     0.00886449
       74     0.00000158     0.99229956     0.00769886
       75     0.00000179     0.99318058     0.00681763
       76     0.00000201     0.99365469     0.00634330
       77     0.00000226     0.99363533     0.00636242
       78     0.00000252     0.99309322     0.00690426
       79     0.00000279     0.99206986     0.00792735
       80     0.00000305     0.99068243     0.00931452
       81     0.00000330     0.98911731     0.01087939
       82     0.00000351     0.98760735     0.01238914
       83     0.00000369     0.98640465     0.01359166
       84     0.00000383     0.98574059     0.01425558
       85     0.00000394     0.98578435     0.01421171
       86     0.00000403     0.98661101     0.01338496
       87     0.00000413     0.98817463     0.01182124
       88     0.00000427     0.99030525     0.00969048
       89     0.00000448     0.99272624     0.00726928
       90     0.00000479     0.99509576     0.00489945
       91     0.00000521     0.99706905     0.00292574
       92     0.00000572     0.99836822     0.00162606
       93     0.00000631     0.99884602     0.00114767
       94     0.00000691     0.99852647     0.00146662
       95     0.00000747     0.99760811     0.00238442
       96     0.00000792     0.99642425     0.00356783
       97     0.00000822     0.99536287     0.00462892
       98     0.00000838     0.99476722     0.00522440
       99     0.00000843     0.99483993     0.00515164
      100     0.00000845     0.99558421     0.00440734
      101     0.00000852     0.99680145     0.00319003
      102     0.00000872     0.99815130     0.00183998
      103     0.00000906     0.99926336     0.00072758
      104     0.00000952     0.99986234     0.00012814
      105     0.00001002     0.99986440     0.00012558
      106     0.00001049     0.99940364     0.00058587
      107     0.00001087     0.99877330     0.00121583
      108     0.00001114     0.99830111     0.00168775
      109     0.00001135     0.99821043     0.00177823
      110     0.00001159     0.99852874     0.00145967
      111     0.00001199     0.99909039     0.00089762
      112     0.00001259     0.99963207     0.00035534
      113     0.00001343     0.99993285     0.00005373
      114     0.00001446     0.99992344     0.00006210
      115     0.00001563     0.99970506     0.00027931
      116     0.00001690     0.99947104     0.00051206
      117     0.00001832     0.99938348     0.00059819
      118     0.00002001     0.99948276     0.00049724
      119     0.00002210     0.99968370     0.00029421
      120     0.00002471     0.99985286     0.00012243
