#     Density Matrix: population Re; see the manual for detail orders
        0     0.00000000     0.00000000     1.00000000
        1     0.00000002     0.00000074     0.99999924
        2     0.00000006     0.00000758     0.99999236
        3     0.00000024     0.00002041     0.99997935
        4     0.00000028     0.00002814     0.99997158
        5     0.00000047     0.00002290     0.99997663
        6     0.00000046     0.00001064     0.99998889
        7     0.00000071     0.00000671     0.99999258
        8     0.00000064     0.00003077     0.99996859
        9     0.00000085     0.00010708     0.99989206
       10     0.00000074     0.00028755     0.99971171
       11     0.00000087     0.00079453     0.99920461
       12     0.00000077     0.00320779     0.99679145
       13     0.00000075     0.04119430     0.95880495
       14     0.00000060     0.05856859     0.94143082
       15     0.00000083     0.24074592     0.75925325
       16     0.00000064     0.12499818     0.87500118
       17     0.00000108     0.11064381     0.88935511
       18     0.00000075     0.11025887     0.88974039
       19     0.00000050     0.11278995     0.88720956
       20     0.00000050     0.11529518     0.88470432
       21     0.00000032     0.11685925     0.88314043
       22     0.00000049     0.11725510     0.88274441
       23     0.00000013     0.11658740     0.88341247
       24     0.00000016     0.11502523     0.88497460
       25     0.00000082     0.11278374     0.88721545
       26     0.00000096     0.11001962     0.88997941
       27     0.00000003     0.10675226     0.89324771
       28     0.00000260     0.10288897     0.89710843
       29     0.00000230     0.09852016     0.90147754
       30     0.00000001     0.09410038     0.90589961
       31     0.00000195     0.09172263     0.90827543
       32     0.00000256     0.10636081     0.89363664
       33     0.00000027     0.23905771     0.76094201
       34     0.00000106     0.54929212     0.45070682
       35     0.00000273     0.74951114     0.25048614
       36     0.00000102     0.81916559     0.18083339
       37     0.00000032     0.85218926     0.14781042
       38     0.00000192     0.86956195     0.13043613
       39     0.00000149     0.88015994     0.11983857
       40     0.00000031     0.88745337     0.11254632
       41     0.00000175     0.89250344     0.10749481
       42     0.00000202     0.89662788     0.10337010
       43     0.00000082     0.90007022     0.09992896
       44     0.00000096     0.90277254     0.09722649
       45     0.00000196     0.90498660     0.09501144
       46     0.00000146     0.90678559     0.09321295
       47     0.00000063     0.90823177     0.09176760
       48     0.00000142     0.90936814     0.09063044
       49     0.00000204     0.91022940     0.08976857
       50     0.00000103     0.91084404     0.08915493
       51     0.00000070     0.91123581     0.08876350
       52     0.00000186     0.91142974     0.08856840
       53     0.00000192     0.91145524     0.08854284
       54     0.00000073     0.91123939     0.08875988
       55     0.00000099     0.91083120     0.08916781
       56     0.00000221     0.91048169     0.08951610
       57     0.00000169     0.91011312     0.08988518
       58     0.00000066     0.90972457     0.09027476
       59     0.00000144     0.90948772     0.09051084
       60     0.00000225     0.90937130     0.09062645
       61     0.00000132     0.90935608     0.09064261
       62     0.00000062     0.90948145     0.09051793
       63     0.00000152     0.90972175     0.09027673
       64     0.00000202     0.91008054     0.08991744
       65     0.00000128     0.91063158     0.08936713
       66     0.00000092     0.91136451     0.08863457
       67     0.00000135     0.91214903     0.08784963
       68     0.00000171     0.91278896     0.08720933
       69     0.00000168     0.91323928     0.08675903
       70     0.00000104     0.91360853     0.08639043
       71     0.00000069     0.91388223     0.08611708
       72     0.00000189     0.91406198     0.08593613
       73     0.00000285     0.91416309     0.08583406
       74     0.00000130     0.91420497     0.08579372
       75     0.00000020     0.91419874     0.08580105
       76     0.00000264     0.91414928     0.08584808
       77     0.00000443     0.91404676     0.08594880
       78     0.00000186     0.91386286     0.08613529
       79     0.00000007     0.91355121     0.08644873
       80     0.00000336     0.91307232     0.08692432
       81     0.00000587     0.91241876     0.08757536
       82     0.00000273     0.91135313     0.08864414
       83     0.00000036     0.91022018     0.08977946
       84     0.00000357     0.90937254     0.09062389
       85     0.00000637     0.90880977     0.09118386
       86     0.00000383     0.90880102     0.09119515
       87     0.00000040     0.90960503     0.09039457
       88     0.00000121     0.91140850     0.08859029
       89     0.00000430     0.91426703     0.08572868
       90     0.00000515     0.91804605     0.08194880
       91     0.00000281     0.92237856     0.07761863
       92     0.00000045     0.92682752     0.07317202
       93     0.00000141     0.93058074     0.06941785
       94     0.00000695     0.93264139     0.06735166
       95     0.00001065     0.93251576     0.06747359
       96     0.00000712     0.92993073     0.07006215
       97     0.00000233     0.92498912     0.07500856
       98     0.00000643     0.91856883     0.08142474
       99     0.00001467     0.91183412     0.08815122
      100     0.00001410     0.90606439     0.09392152
      101     0.00000575     0.90258769     0.09740656
      102     0.00000165     0.90231615     0.09768221
      103     0.00000515     0.90546977     0.09452508
      104     0.00000980     0.91137266     0.08861754
      105     0.00001092     0.91851129     0.08147779
      106     0.00000792     0.92496148     0.07503060
      107     0.00000350     0.92881796     0.07117854
      108     0.00000461     0.92885462     0.07114078
      109     0.00001430     0.92502385     0.07496186
      110     0.00002212     0.91859815     0.08137974
      111     0.00001758     0.91185690     0.08812552
      112     0.00000757     0.90733538     0.09265706
      113     0.00000452     0.90685459     0.09314090
      114     0.00000866     0.91068887     0.08930247
      115     0.00001432     0.91726446     0.08272122
      116     0.00001861     0.92365603     0.07632536
      117     0.00001795     0.92680775     0.07317430
      118     0.00001254     0.92504747     0.07493999
      119     0.00001263     0.91914848     0.08083889
      120     0.00002264     0.91221941     0.08775795
