#     Density Matrix: population Re; see the manual for detail orders
        0     0.00000000     0.00000000     1.00000000
        1     0.00000001     0.00000766     0.99999233
        2     0.00000001     0.00005132     0.99994867
        3     0.00000001     0.00008722     0.99991278
        4     0.00000003     0.00008991     0.99991007
        5     0.00000005     0.00006629     0.99993367
        6     0.00000008     0.00003839     0.99996154
        7     0.00000013     0.00002378     0.99997609
        8     0.00000016     0.00002602     0.99997382
        9     0.00000025     0.00003795     0.99996180
       10     0.00000027     0.00005083     0.99994890
       11     0.00000043     0.00005896     0.99994061
       12     0.00000038     0.00005632     0.99994330
       13     0.00000060     0.00003463     0.99996476
       14     0.00000049     0.00005892     0.99994059
       15     0.00000068     0.00391812     0.99608120
       16     0.00000056     0.00433993     0.99565951
       17     0.00000066     0.02653321     0.97346612
       18     0.00000079     0.01567610     0.98432311
       19     0.00000060     0.01482779     0.98517161
       20     0.00000085     0.01481498     0.98518417
       21     0.00000072     0.01448594     0.98551334
       22     0.00000073     0.01356639     0.98643288
       23     0.00000093     0.01205833     0.98794073
       24     0.00000068     0.01009081     0.98990852
       25     0.00000080     0.00786095     0.99213824
       26     0.00000097     0.00560861     0.99439042
       27     0.00000078     0.00359679     0.99640244
       28     0.00000087     0.00212151     0.99787762
       29     0.00000095     0.00154054     0.99845851
       30     0.00000081     0.00230837     0.99769082
       31     0.00000084     0.00504849     0.99495067
       32     0.00000085     0.01069753     0.98930162
       33     0.00000098     0.02075659     0.97924244
       34     0.00000095     0.03770770     0.96229135
       35     0.00000084     0.06579039     0.93420877
       36     0.00000092     0.11212030     0.88787878
       37     0.00000095     0.18733026     0.81266879
       38     0.00000091     0.31195853     0.68804056
       39     0.00000117     0.47963333     0.52036549
       40     0.00000106     0.63425601     0.36574293
       41     0.00000069     0.74164711     0.25835220
       42     0.00000094     0.80722014     0.19277892
       43     0.00000117     0.84677401     0.15322482
       44     0.00000094     0.87142100     0.12857806
       45     0.00000078     0.88736158     0.11263764
       46     0.00000104     0.89795381     0.10204515
       47     0.00000118     0.90508985     0.09490897
       48     0.00000092     0.90988972     0.09010936
       49     0.00000081     0.91305125     0.08694793
       50     0.00000109     0.91503793     0.08496099
       51     0.00000118     0.91617801     0.08382081
       52     0.00000083     0.91671485     0.08328432
       53     0.00000068     0.91683888     0.08316044
       54     0.00000103     0.91670515     0.08329382
       55     0.00000123     0.91644077     0.08355801
       56     0.00000092     0.91614862     0.08385046
       57     0.00000068     0.91590805     0.08409127
       58     0.00000092     0.91577584     0.08422324
       59     0.00000124     0.91578651     0.08421225
       60     0.00000111     0.91595168     0.08404721
       61     0.00000077     0.91625975     0.08373947
       62     0.00000081     0.91667930     0.08331989
       63     0.00000121     0.91716463     0.08283416
       64     0.00000138     0.91766194     0.08233669
       65     0.00000112     0.91811317     0.08188571
       66     0.00000096     0.91847020     0.08152883
       67     0.00000125     0.91870053     0.08129821
       68     0.00000159     0.91878894     0.08120948
       69     0.00000146     0.91874024     0.08125830
       70     0.00000110     0.91857947     0.08141943
       71     0.00000108     0.91834915     0.08164977
       72     0.00000150     0.91809794     0.08190056
       73     0.00000177     0.91787298     0.08212525
       74     0.00000151     0.91771397     0.08228452
       75     0.00000108     0.91764203     0.08235689
       76     0.00000105     0.91765612     0.08234283
       77     0.00000141     0.91773276     0.08226583
       78     0.00000160     0.91783022     0.08216818
       79     0.00000135     0.91789591     0.08210274
       80     0.00000093     0.91787479     0.08212429
       81     0.00000081     0.91772214     0.08227706
       82     0.00000104     0.91741453     0.08258444
       83     0.00000123     0.91695610     0.08304267
       84     0.00000109     0.91637969     0.08361922
       85     0.00000075     0.91575651     0.08424274
       86     0.00000054     0.91515403     0.08484543
       87     0.00000065     0.91462348     0.08537586
       88     0.00000094     0.91422280     0.08577626
       89     0.00000109     0.91398324     0.08601567
       90     0.00000095     0.91390379     0.08609526
       91     0.00000068     0.91394599     0.08605333
       92     0.00000064     0.91404243     0.08595693
       93     0.00000091     0.91411180     0.08588729
       94     0.00000117     0.91407831     0.08592052
       95     0.00000108     0.91388989     0.08610903
       96     0.00000072     0.91353396     0.08646532
       97     0.00000046     0.91304640     0.08695315
       98     0.00000050     0.91251117     0.08748833
       99     0.00000063     0.91204878     0.08795059
      100     0.00000057     0.91179670     0.08820273
      101     0.00000033     0.91188136     0.08811831
      102     0.00000012     0.91238745     0.08761244
      103     0.00000004     0.91333587     0.08666408
      104     0.00000006     0.91466934     0.08533060
      105     0.00000007     0.91625067     0.08374926
      106     0.00000009     0.91788122     0.08211869
      107     0.00000012     0.91932055     0.08067933
      108     0.00000010     0.92034439     0.07965551
      109     0.00000006     0.92078047     0.07921947
      110     0.00000009     0.92053410     0.07946581
      111     0.00000019     0.91962052     0.08037929
      112     0.00000025     0.91817120     0.08182855
      113     0.00000017     0.91640988     0.08358994
      114     0.00000007     0.91461947     0.08538047
      115     0.00000010     0.91309663     0.08690326
      116     0.00000022     0.91210962     0.08789016
      117     0.00000021     0.91185232     0.08814747
      118     0.00000013     0.91240574     0.08759413
      119     0.00000017     0.91371060     0.08628923
      120     0.00000035     0.91558028     0.08441937
