#     Density Matrix: population Re; see the manual for detail orders
        0     0.00000000     0.00000000     1.00000000
        1     0.00000008     0.00001128     0.99998864
        2     0.00000011     0.00008809     0.99991180
        3     0.00000014     0.00018485     0.99981501
        4     0.00000018     0.00023495     0.99976487
        5     0.00000019     0.00021728     0.99978252
        6     0.00000023     0.00017456     0.99982521
        7     0.00000023     0.00019199     0.99980778
        8     0.00000025     0.00038554     0.99961421
        9     0.00000025     0.00098989     0.99900986
       10     0.00000026     0.00287383     0.99712590
       11     0.00000026     0.01128019     0.98871955
       12     0.00000024     0.09194657     0.90805320
       13     0.00000006     0.83148261     0.16851733
       14     0.00000028     0.45996819     0.54003153
       15     0.00000105     0.17161302     0.82838593
       16     0.00000005     0.11985244     0.88014751
       17     0.00000037     0.09497933     0.90502030
       18     0.00000027     0.08233766     0.91766207
       19     0.00000008     0.07518807     0.92481185
       20     0.00000020     0.07025108     0.92974873
       21     0.00000010     0.06600206     0.93399784
       22     0.00000009     0.06178162     0.93821829
       23     0.00000013     0.05743838     0.94256149
       24     0.00000009     0.05304577     0.94695414
       25     0.00000010     0.04876968     0.95123022
       26     0.00000011     0.04482678     0.95517311
       27     0.00000010     0.04143504     0.95856487
       28     0.00000010     0.03883937     0.96116053
       29     0.00000011     0.03730393     0.96269596
       30     0.00000011     0.03719735     0.96280253
       31     0.00000011     0.03902155     0.96097834
       32     0.00000011     0.04351668     0.95648321
       33     0.00000012     0.05180928     0.94819061
       34     0.00000011     0.06561060     0.93438930
       35     0.00000010     0.08755356     0.91244634
       36     0.00000011     0.12155022     0.87844968
       37     0.00000012     0.17286279     0.82713709
       38     0.00000010     0.24702628     0.75297362
       39     0.00000008     0.34646683     0.65353309
       40     0.00000009     0.46581152     0.53418839
       41     0.00000008     0.59246669     0.40753323
       42     0.00000006     0.71718817     0.28281177
       43     0.00000006     0.84980489     0.15019505
       44     0.00000012     0.99172079     0.00827910
       45     0.00000015     0.90478034     0.09521950
       46     0.00000008     0.69726186     0.30273807
       47     0.00000001     0.57538564     0.42461435
       48     0.00000001     0.49609628     0.50390371
       49     0.00000002     0.43887040     0.56112957
       50     0.00000001     0.39485072     0.60514927
       51     0.00000000     0.35949596     0.64050404
       52     0.00000000     0.33016001     0.66983999
       53     0.00000000     0.30517901     0.69482099
       54     0.00000001     0.28339795     0.71660204
       55     0.00000001     0.26403582     0.73596417
       56     0.00000000     0.24657207     0.75342793
       57     0.00000001     0.23064115     0.76935884
       58     0.00000003     0.21600450     0.78399547
       59     0.00000001     0.20258302     0.79741697
       60     0.00000001     0.19039300     0.80960699
       61     0.00000002     0.17953670     0.82046328
       62     0.00000003     0.17021683     0.82978314
       63     0.00000002     0.16271556     0.83728442
       64     0.00000002     0.15737256     0.84262742
       65     0.00000003     0.15461607     0.84538390
       66     0.00000003     0.15494896     0.84505101
       67     0.00000004     0.15890345     0.84109651
       68     0.00000005     0.16701953     0.83298042
       69     0.00000003     0.17979583     0.82020414
       70     0.00000002     0.19752428     0.80247570
       71     0.00000006     0.22004795     0.77995198
       72     0.00000008     0.24671209     0.75328783
       73     0.00000003     0.27616297     0.72383699
       74     0.00000005     0.30632604     0.69367391
       75     0.00000009     0.33467369     0.66532622
       76     0.00000006     0.35852317     0.64147676
       77     0.00000002     0.37547409     0.62452589
       78     0.00000005     0.38364820     0.61635175
       79     0.00000007     0.38189309     0.61810684
       80     0.00000004     0.36995175     0.63004821
       81     0.00000002     0.34853081     0.65146917
       82     0.00000005     0.31940854     0.68059142
       83     0.00000005     0.28519945     0.71480050
       84     0.00000002     0.24890223     0.75109775
       85     0.00000003     0.21339709     0.78660289
       86     0.00000004     0.18084876     0.81915120
       87     0.00000003     0.15250511     0.84749485
       88     0.00000004     0.12881434     0.87118562
       89     0.00000007     0.10958878     0.89041115
       90     0.00000008     0.09431139     0.90568853
       91     0.00000006     0.08238684     0.91761310
       92     0.00000008     0.07320410     0.92679581
       93     0.00000014     0.06622357     0.93377629
       94     0.00000014     0.06099293     0.93900693
       95     0.00000013     0.05713956     0.94286031
       96     0.00000017     0.05435205     0.94564778
       97     0.00000021     0.05237506     0.94762473
       98     0.00000021     0.05100408     0.94899571
       99     0.00000022     0.05007109     0.94992869
      100     0.00000026     0.04943356     0.95056617
      101     0.00000028     0.04897615     0.95102357
      102     0.00000029     0.04860119     0.95139852
      103     0.00000031     0.04823638     0.95176331
      104     0.00000034     0.04781379     0.95218587
      105     0.00000034     0.04727973     0.95271993
      106     0.00000032     0.04659700     0.95340268
      107     0.00000035     0.04575028     0.95424937
      108     0.00000037     0.04472697     0.95527266
      109     0.00000037     0.04352962     0.95647001
      110     0.00000040     0.04217876     0.95782084
      111     0.00000041     0.04070264     0.95929696
      112     0.00000039     0.03914309     0.96085653
      113     0.00000038     0.03755518     0.96244444
      114     0.00000039     0.03601372     0.96398589
      115     0.00000038     0.03460099     0.96539863
      116     0.00000036     0.03341532     0.96658432
      117     0.00000035     0.03256442     0.96743523
      118     0.00000035     0.03215595     0.96784370
      119     0.00000033     0.03227681     0.96772286
      120     0.00000030     0.03294230     0.96705740
