#     Density Matrix: population Re; see the manual for detail orders
        0     0.00000000     0.00000000     1.00000000
        1     0.00000003     0.00002136     0.99997861
        2     0.00000005     0.00019102     0.99980893
        3     0.00000011     0.00048685     0.99951305
        4     0.00000014     0.00077657     0.99922329
        5     0.00000024     0.00097063     0.99902913
        6     0.00000028     0.00126543     0.99873430
        7     0.00000036     0.00255208     0.99744756
        8     0.00000041     0.00749088     0.99250870
        9     0.00000042     0.02474351     0.97525606
       10     0.00000047     0.08753671     0.91246282
       11     0.00000028     0.28883089     0.71116883
       12     0.00000045     0.57387939     0.42612016
       13     0.00000040     0.48804847     0.51195113
       14     0.00000157     0.35850255     0.64149588
       15     0.00000082     0.28490887     0.71509032
       16     0.00000080     0.24152854     0.75847065
       17     0.00000110     0.21335680     0.78664209
       18     0.00000029     0.19186860     0.80813111
       19     0.00000064     0.17225239     0.82774698
       20     0.00000061     0.15224074     0.84775865
       21     0.00000011     0.13123150     0.86876839
       22     0.00000048     0.10977529     0.89022423
       23     0.00000033     0.08899718     0.91100248
       24     0.00000004     0.06997270     0.93002726
       25     0.00000029     0.05348761     0.94651210
       26     0.00000013     0.03973652     0.96026335
       27     0.00000002     0.02858247     0.97141751
       28     0.00000010     0.01993531     0.98006459
       29     0.00000002     0.01356340     0.98643658
       30     0.00000000     1.00000000     0.00000000
       31     0.00000013     0.99951169     0.00048817
       32     0.00000020     0.99777102     0.00222878
       33     0.00000004     0.99433836     0.00566160
       34     0.00000004     0.98881602     0.01118394
       35     0.00000020     0.98095989     0.01903992
       36     0.00000011     0.97084467     0.02915522
       37     0.00000001     0.95906766     0.04093233
       38     0.00000017     0.94690963     0.05309019
       39     0.00000019     0.93633470     0.06366511
       40     0.00000002     0.92960582     0.07039417
       41     0.00000009     0.92838990     0.07161000
       42     0.00000016     0.93260277     0.06739707
       43     0.00000004     0.93989304     0.06010692
       44     0.00000003     0.94688167     0.05311830
       45     0.00000013     0.95166016     0.04833972
       46     0.00000008     0.95508081     0.04491911
       47     0.00000000     0.95953109     0.04046891
       48     0.00000007     0.96660546     0.03339447
       49     0.00000009     0.97594085     0.02405906
       50     0.00000002     0.98565617     0.01434381
       51     0.00000000     1.00000000     0.00000000
       52     0.00000000     0.99708309     0.00291691
       53     0.00000001     0.99138347     0.00861653
       54     0.00000000     0.98706195     0.01293804
       55     0.00000001     0.98638931     0.01361068
       56     0.00000001     0.98910035     0.01089965
       57     0.00000000     1.00000000     0.00000000
       58     0.00000000     0.99958410     0.00041590
       59     0.00000000     0.99880687     0.00119313
       60     0.00000000     0.99833572     0.00166428
       61     0.00000000     0.99847052     0.00152947
       62     0.00000000     0.99902160     0.00097840
       63     0.00000001     0.99953658     0.00046341
       64     0.00000001     0.99967732     0.00032267
       65     0.00000002     0.99946361     0.00053637
       66     0.00000002     0.99917399     0.00082599
       67     0.00000002     0.99906969     0.00093029
       68     0.00000003     0.99918661     0.00081335
       69     0.00000005     0.99936741     0.00063253
       70     0.00000006     0.99944621     0.00055374
       71     0.00000007     0.99941713     0.00058280
       72     0.00000011     0.99937611     0.00062378
       73     0.00000012     0.99936267     0.00063721
       74     0.00000013     0.99934168     0.00065820
       75     0.00000018     0.99927276     0.00072706
       76     0.00000022     0.99923372     0.00076606
       77     0.00000024     0.99931664     0.00068312
       78     0.00000030     0.99950079     0.00049891
       79     0.00000036     0.99956468     0.00043495
       80     0.00000038     0.99936964     0.00062998
       81     0.00000043     0.99908797     0.00091160
       82     0.00000052     0.99903460     0.00096488
       83     0.00000058     0.99930877     0.00069065
       84     0.00000063     0.99964178     0.00035759
       85     0.00000073     0.99963280     0.00036647
       86     0.00000083     0.99921590     0.00078327
       87     0.00000088     0.99879578     0.00120333
       88     0.00000098     0.99883952     0.00115950
       89     0.00000114     0.99934438     0.00065448
       90     0.00000119     0.99978459     0.00021422
       91     0.00000123     0.99967373     0.00032503
       92     0.00000140     0.99905326     0.00094534
       93     0.00000154     0.99853685     0.00146161
       94     0.00000157     0.99864728     0.00135115
       95     0.00000165     0.99926971     0.00072864
       96     0.00000182     0.99978720     0.00021098
       97     0.00000191     0.99969778     0.00030031
       98     0.00000189     0.99910477     0.00089335
       99     0.00000196     0.99859420     0.00140385
      100     0.00000215     0.99864452     0.00135333
      101     0.00000227     0.99917896     0.00081877
      102     0.00000223     0.99968089     0.00031689
      103     0.00000221     0.99971377     0.00028402
      104     0.00000232     0.99930266     0.00069503
      105     0.00000240     0.99886743     0.00113017
      106     0.00000242     0.99881114     0.00118644
      107     0.00000251     0.99913248     0.00086501
      108     0.00000257     0.99949942     0.00049802
      109     0.00000259     0.99959174     0.00040567
      110     0.00000267     0.99940179     0.00059554
      111     0.00000273     0.99916023     0.00083705
      112     0.00000278     0.99909710     0.00090011
      113     0.00000291     0.99922004     0.00077706
      114     0.00000308     0.99936894     0.00062798
      115     0.00000323     0.99940881     0.00058796
      116     0.00000338     0.99935557     0.00064106
      117     0.00000349     0.99929507     0.00070144
      118     0.00000367     0.99928460     0.00071174
      119     0.00000400     0.99929542     0.00070058
      120     0.00000443     0.99929268     0.00070290
