#     Density Matrix: population Re; see the manual for detail orders
        0     0.00000000     0.00000000     1.00000000
        1     0.00000001     0.00000355     0.99999644
        2     0.00000001     0.00001814     0.99998185
        3     0.00000000     0.00002008     0.99997991
        4     0.00000001     0.00002124     0.99997875
        5     0.00000004     0.00004449     0.99995548
        6     0.00000006     0.00009184     0.99990810
        7     0.00000010     0.00014511     0.99985479
        8     0.00000013     0.00019970     0.99980016
        9     0.00000018     0.00031906     0.99968076
       10     0.00000021     0.00073553     0.99926426
       11     0.00000024     0.00222322     0.99777653
       12     0.00000026     0.00826395     0.99173579
       13     0.00000028     0.04502266     0.95497706
       14     0.00000011     0.67897303     0.32102686
       15     0.00000001     0.51177755     0.48822244
       16     0.00000074     0.07357927     0.92641999
       17     0.00000030     0.03099971     0.96900000
       18     0.00000045     0.01523771     0.98476184
       19     0.00000037     0.00953935     0.99046028
       20     0.00000019     0.00789532     0.99210448
       21     0.00000028     0.00780471     0.99219501
       22     0.00000020     0.00820096     0.99179884
       23     0.00000022     0.00864959     0.99135019
       24     0.00000029     0.00899988     0.99099983
       25     0.00000031     0.00921973     0.99077997
       26     0.00000016     0.00932458     0.99067526
       27     0.00000025     0.00934584     0.99065390
       28     0.00000019     0.00931367     0.99068613
       29     0.00000016     0.00925160     0.99074824
       30     0.00000020     0.00917434     0.99082545
       31     0.00000017     0.00909154     0.99090829
       32     0.00000015     0.00900857     0.99099128
       33     0.00000016     0.00892624     0.99107360
       34     0.00000016     0.00884754     0.99115230
       35     0.00000018     0.00877580     0.99122402
       36     0.00000016     0.00872018     0.99127966
       37     0.00000013     0.00870424     0.99129563
       38     0.00000015     0.00880134     0.99119851
       39     0.00000018     0.00930933     0.99069049
       40     0.00000013     0.01240300     0.98759687
       41     0.00000007     0.18417314     0.81582679
       42     0.00000006     0.75654126     0.24345868
       43     0.00000014     0.94773970     0.05226016
       44     0.00000017     0.95999704     0.04000279
       45     0.00000011     0.96431295     0.03568693
       46     0.00000017     0.96668205     0.03331778
       47     0.00000021     0.96829157     0.03170822
       48     0.00000015     0.96952250     0.03047735
       49     0.00000012     0.97052523     0.02947465
       50     0.00000018     0.97136832     0.02863150
       51     0.00000017     0.97208264     0.02791718
       52     0.00000011     0.97268445     0.02731544
       53     0.00000012     0.97318154     0.02681834
       54     0.00000017     0.97357666     0.02642317
       55     0.00000014     0.97387217     0.02612769
       56     0.00000010     0.97407114     0.02592877
       57     0.00000012     0.97417769     0.02582219
       58     0.00000014     0.97419659     0.02580327
       59     0.00000010     0.97413838     0.02586152
       60     0.00000007     0.97401467     0.02598526
       61     0.00000010     0.97383920     0.02616070
       62     0.00000010     0.97363346     0.02636643
       63     0.00000007     0.97342049     0.02657944
       64     0.00000006     0.97322491     0.02677504
       65     0.00000007     0.97307090     0.02692903
       66     0.00000007     0.97298114     0.02701879
       67     0.00000005     0.97297201     0.02702794
       68     0.00000004     0.97305181     0.02694815
       69     0.00000005     0.97321919     0.02678076
       70     0.00000005     0.97346193     0.02653803
       71     0.00000003     0.97375914     0.02624084
       72     0.00000002     0.97408450     0.02591548
       73     0.00000003     0.97440925     0.02559071
       74     0.00000003     0.97470684     0.02529313
       75     0.00000001     0.97496187     0.02503812
       76     0.00000001     0.97517437     0.02482561
       77     0.00000002     0.97535045     0.02464953
       78     0.00000004     0.97548466     0.02451531
       79     0.00000005     0.97559588     0.02440407
       80     0.00000005     0.97571963     0.02428032
       81     0.00000007     0.97587661     0.02412332
       82     0.00000013     0.97608426     0.02391562
       83     0.00000020     0.97634865     0.02365115
       84     0.00000023     0.97666585     0.02333392
       85     0.00000023     0.97702124     0.02297853
       86     0.00000031     0.97739252     0.02260716
       87     0.00000044     0.97775642     0.02224314
       88     0.00000047     0.97808408     0.02191545
       89     0.00000045     0.97836497     0.02163459
       90     0.00000051     0.97860192     0.02139757
       91     0.00000060     0.97882081     0.02117859
       92     0.00000061     0.97907173     0.02092766
       93     0.00000054     0.97941162     0.02058784
       94     0.00000048     0.97991879     0.02008073
       95     0.00000049     0.98067054     0.01932897
       96     0.00000051     0.98171833     0.01828116
       97     0.00000044     0.98308329     0.01691627
       98     0.00000037     0.98473974     0.01525989
       99     0.00000039     0.98660466     0.01339495
      100     0.00000049     0.98854653     0.01145298
      101     0.00000063     0.99037677     0.00962260
      102     0.00000080     0.99189787     0.00810134
      103     0.00000101     0.99294049     0.00705849
      104     0.00000134     0.99339736     0.00660130
      105     0.00000176     0.99328396     0.00671428
      106     0.00000218     0.99274934     0.00724848
      107     0.00000249     0.99204884     0.00794867
      108     0.00000271     0.99150433     0.00849296
      109     0.00000288     0.99141488     0.00858224
      110     0.00000297     0.99196365     0.00803338
      111     0.00000297     0.99316243     0.00683460
      112     0.00000306     0.99482566     0.00517128
      113     0.00000334     0.99662816     0.00336850
      114     0.00000376     0.99820223     0.00179401
      115     0.00000435     0.99924750     0.00074816
      116     0.00000507     0.99964028     0.00035464
      117     0.00000584     0.99946452     0.00052964
      118     0.00000650     0.99897381     0.00101969
      119     0.00000702     0.99848267     0.00151030
      120     0.00000740     0.99825173     0.00174087
