#     Density Matrix: population Re; see the manual for detail orders
        0     0.00000000     0.00000000     1.00000000
        1     0.00000000     0.00000036     0.99999964
        2     0.00000001     0.00000416     0.99999583
        3     0.00000002     0.00001404     0.99998593
        4     0.00000007     0.00002875     0.99997118
        5     0.00000010     0.00004498     0.99995492
        6     0.00000019     0.00006560     0.99993420
        7     0.00000024     0.00010987     0.99988988
        8     0.00000037     0.00022341     0.99977622
        9     0.00000043     0.00050018     0.99949939
       10     0.00000056     0.00116608     0.99883336
       11     0.00000062     0.00291882     0.99708056
       12     0.00000070     0.00853926     0.99146004
       13     0.00000074     0.03318914     0.96681012
       14     0.00000067     0.18917944     0.81081990
       15     0.00000086     0.69923051     0.30076862
       16     0.00000025     0.57184006     0.42815968
       17     0.00000294     0.42575659     0.57424046
       18     0.00000037     0.36934576     0.63065387
       19     0.00000165     0.34595273     0.65404562
       20     0.00000224     0.33714669     0.66285107
       21     0.00000002     0.33483115     0.66516883
       22     0.00000173     0.33484998     0.66514829
       23     0.00000140     0.33494650     0.66505210
       24     0.00000003     0.33392217     0.66607780
       25     0.00000129     0.33121650     0.66878221
       26     0.00000088     0.32666436     0.67333475
       27     0.00000016     0.32034701     0.67965283
       28     0.00000098     0.31250240     0.68749662
       29     0.00000061     0.30347487     0.69652452
       30     0.00000030     0.29372631     0.70627340
       31     0.00000085     0.28389620     0.71610295
       32     0.00000045     0.27473311     0.72526644
       33     0.00000039     0.26712309     0.73287651
       34     0.00000091     0.26239435     0.73760474
       35     0.00000048     0.26213979     0.73785973
       36     0.00000036     0.26817134     0.73182830
       37     0.00000084     0.28242242     0.71757674
       38     0.00000063     0.30649443     0.69350494
       39     0.00000042     0.34121288     0.65878669
       40     0.00000059     0.38571755     0.61428186
       41     0.00000065     0.43622874     0.56377060
       42     0.00000063     0.48466398     0.51533539
       43     0.00000044     0.51757117     0.48242838
       44     0.00000073     0.51653422     0.48346505
       45     0.00000079     0.46338878     0.53661043
       46     0.00000027     0.35319563     0.64680410
       47     0.00000087     0.21033454     0.78966459
       48     0.00000089     0.08880214     0.91119697
       49     0.00000015     0.03974233     0.96025751
       50     0.00000103     0.07294940     0.92704957
       51     0.00000070     0.15512101     0.84487829
       52     0.00000027     0.24009022     0.75990950
       53     0.00000126     0.29517278     0.70482596
       54     0.00000028     0.30934176     0.69065796
       55     0.00000080     0.28953251     0.71046669
       56     0.00000120     0.25260151     0.74739729
       57     0.00000007     0.21702439     0.78297554
       58     0.00000142     0.19609154     0.80390704
       59     0.00000052     0.19419640     0.80580308
       60     0.00000058     0.20689568     0.79310374
       61     0.00000111     0.22434764     0.77565126
       62     0.00000014     0.23666063     0.76333923
       63     0.00000136     0.23868172     0.76131692
       64     0.00000022     0.23183290     0.76816688
       65     0.00000097     0.22220541     0.77779362
       66     0.00000084     0.21619446     0.78380470
       67     0.00000033     0.21656103     0.78343863
       68     0.00000093     0.22133526     0.77866381
       69     0.00000024     0.22607710     0.77392266
       70     0.00000106     0.22757943     0.77241951
       71     0.00000015     0.22596071     0.77403915
       72     0.00000099     0.22362195     0.77637706
       73     0.00000058     0.22257405     0.77742537
       74     0.00000041     0.22277160     0.77722799
       75     0.00000050     0.22293373     0.77706578
       76     0.00000070     0.22259938     0.77739991
       77     0.00000066     0.22278818     0.77721116
       78     0.00000022     0.22440420     0.77559558
       79     0.00000105     0.22640592     0.77359303
       80     0.00000055     0.22630681     0.77369263
       81     0.00000030     0.22304600     0.77695370
       82     0.00000051     0.21926285     0.78073664
       83     0.00000117     0.21895887     0.78103996
       84     0.00000040     0.22350921     0.77649039
       85     0.00000032     0.22920655     0.77079313
       86     0.00000116     0.23020607     0.76979277
       87     0.00000078     0.22448504     0.77551418
       88     0.00000015     0.21673030     0.78326955
       89     0.00000061     0.21451781     0.78548158
       90     0.00000165     0.22092074     0.77907761
       91     0.00000052     0.23082555     0.76917394
       92     0.00000022     0.23510786     0.76489191
       93     0.00000106     0.22911203     0.77088691
       94     0.00000114     0.21744444     0.78255443
       95     0.00000048     0.21026575     0.78973377
       96     0.00000021     0.21426497     0.78573482
       97     0.00000195     0.22655716     0.77344090
       98     0.00000122     0.23698288     0.76301590
       99     0.00000004     0.23680601     0.76319395
      100     0.00000045     0.22613538     0.77386417
      101     0.00000102     0.21363418     0.78636480
      102     0.00000166     0.20913852     0.79085982
      103     0.00000027     0.21576083     0.78423890
      104     0.00000086     0.22784765     0.77215149
      105     0.00000204     0.23597902     0.76401894
      106     0.00000053     0.23455709     0.76544238
      107     0.00000027     0.22561907     0.77438066
      108     0.00000007     0.21648698     0.78351296
      109     0.00000123     0.21365015     0.78634862
      110     0.00000266     0.21810844     0.78188889
      111     0.00000058     0.22545738     0.77454204
      112     0.00000057     0.23000875     0.76999068
      113     0.00000134     0.22917910     0.77081956
      114     0.00000054     0.22480252     0.77519695
      115     0.00000118     0.22083368     0.77916514
      116     0.00000042     0.21991782     0.78008176
      117     0.00000071     0.22169937     0.77829992
      118     0.00000266     0.22392090     0.77607644
      119     0.00000122     0.22482900     0.77516977
      120     0.00000007     0.22448260     0.77551733
