#     Density Matrix: population Re; see the manual for detail orders
        0     0.00000000     0.00000000     1.00000000
        1     0.00000002     0.00000089     0.99999909
        2     0.00000001     0.00000472     0.99999527
        3     0.00000000     0.00000569     0.99999431
        4     0.00000006     0.00000454     0.99999541
        5     0.00000005     0.00000239     0.99999756
        6     0.00000024     0.00000323     0.99999653
        7     0.00000026     0.00001995     0.99997979
        8     0.00000053     0.00006211     0.99993736
        9     0.00000055     0.00012579     0.99987366
       10     0.00000082     0.00021778     0.99978140
       11     0.00000079     0.00043546     0.99956375
       12     0.00000104     0.00120566     0.99879330
       13     0.00000087     0.00439152     0.99560762
       14     0.00000110     0.02191781     0.97808109
       15     0.00000068     0.20779557     0.79220375
       16     0.00000075     0.17640465     0.82359460
       17     0.00000535     0.50202484     0.49796981
       18     0.00000126     0.37653647     0.62346227
       19     0.00000209     0.34479745     0.65520046
       20     0.00000352     0.32947209     0.67052439
       21     0.00000053     0.32435706     0.67564241
       22     0.00000336     0.32513482     0.67486183
       23     0.00000197     0.32882787     0.67117016
       24     0.00000106     0.33347179     0.66652715
       25     0.00000334     0.33786725     0.66212941
       26     0.00000100     0.34136959     0.65862941
       27     0.00000173     0.34372908     0.65626919
       28     0.00000316     0.34497161     0.65502523
       29     0.00000077     0.34525544     0.65474379
       30     0.00000205     0.34483339     0.65516456
       31     0.00000308     0.34401379     0.65598312
       32     0.00000082     0.34311139     0.65688779
       33     0.00000192     0.34246030     0.65753777
       34     0.00000314     0.34242194     0.65757492
       35     0.00000111     0.34342972     0.65656916
       36     0.00000154     0.34605682     0.65394165
       37     0.00000304     0.35115172     0.64884524
       38     0.00000163     0.36011322     0.63988515
       39     0.00000117     0.37547721     0.62452163
       40     0.00000264     0.40235208     0.59764527
       41     0.00000223     0.45186635     0.54813142
       42     0.00000110     0.54556053     0.45443837
       43     0.00000194     0.68761975     0.31237831
       44     0.00000257     0.80160523     0.19839219
       45     0.00000147     0.83027008     0.16972845
       46     0.00000147     0.82376345     0.17623508
       47     0.00000249     0.81528094     0.18471657
       48     0.00000195     0.80952854     0.19046951
       49     0.00000122     0.80603966     0.19395912
       50     0.00000213     0.80403781     0.19596006
       51     0.00000245     0.80297578     0.19702177
       52     0.00000142     0.80250759     0.19749099
       53     0.00000153     0.80241845     0.19758002
       54     0.00000257     0.80258041     0.19741701
       55     0.00000206     0.80292023     0.19707771
       56     0.00000116     0.80339604     0.19660280
       57     0.00000203     0.80398844     0.19600953
       58     0.00000268     0.80469289     0.19530443
       59     0.00000152     0.80551194     0.19448654
       60     0.00000122     0.80644727     0.19355150
       61     0.00000264     0.80750427     0.19249309
       62     0.00000253     0.80868494     0.19131253
       63     0.00000104     0.80998543     0.19001353
       64     0.00000162     0.81139694     0.18860144
       65     0.00000309     0.81289676     0.18710015
       66     0.00000205     0.81445005     0.18554790
       67     0.00000076     0.81602708     0.18397215
       68     0.00000224     0.81758451     0.18241326
       69     0.00000328     0.81907369     0.18092303
       70     0.00000151     0.82045922     0.17953926
       71     0.00000085     0.82169509     0.17830406
       72     0.00000277     0.82273627     0.17726096
       73     0.00000308     0.82356018     0.17643673
       74     0.00000113     0.82415955     0.17583932
       75     0.00000114     0.82452342     0.17547544
       76     0.00000304     0.82466564     0.17533132
       77     0.00000278     0.82462083     0.17537638
       78     0.00000104     0.82442985     0.17556911
       79     0.00000139     0.82414703     0.17585158
       80     0.00000299     0.82383394     0.17616307
       81     0.00000266     0.82354317     0.17645417
       82     0.00000122     0.82332863     0.17667015
       83     0.00000133     0.82324693     0.17675174
       84     0.00000273     0.82332836     0.17666891
       85     0.00000300     0.82357745     0.17641954
       86     0.00000161     0.82397188     0.17602650
       87     0.00000087     0.82448161     0.17551753
       88     0.00000252     0.82504877     0.17494871
       89     0.00000411     0.82559980     0.17439610
       90     0.00000239     0.82604970     0.17394792
       91     0.00000027     0.82627953     0.17372020
       92     0.00000275     0.82618599     0.17381126
       93     0.00000627     0.82568329     0.17431044
       94     0.00000394     0.82470450     0.17529157
       95     0.00000005     0.82320422     0.17679573
       96     0.00000337     0.82119591     0.17880072
       97     0.00000896     0.81878444     0.18120660
       98     0.00000630     0.81612401     0.18386969
       99     0.00000048     0.81344381     0.18655571
      100     0.00000295     0.81104266     0.18895439
      101     0.00000918     0.80924048     0.19075034
      102     0.00000770     0.80839578     0.19159652
      103     0.00000149     0.80878723     0.19121128
      104     0.00000049     0.81055540     0.18944411
      105     0.00000419     0.81366632     0.18632949
      106     0.00000634     0.81787469     0.18211897
      107     0.00000530     0.82270313     0.17729158
      108     0.00000213     0.82746607     0.17253180
      109     0.00000008     0.83138093     0.16861899
      110     0.00000468     0.83366452     0.16633080
      111     0.00001313     0.83374320     0.16624367
      112     0.00001357     0.83141575     0.16857068
      113     0.00000527     0.82693165     0.17306309
      114     0.00000295     0.82102292     0.17897413
      115     0.00001166     0.81482356     0.18516479
      116     0.00001732     0.80964967     0.19033301
      117     0.00001109     0.80671932     0.19326959
      118     0.00000231     0.80679609     0.19320160
      119     0.00000055     0.80994583     0.19005362
      120     0.00000358     0.81547852     0.18451790
