#     Density Matrix: population Re; see the manual for detail orders
        0     0.00000000     0.00000000     1.00000000
        1     0.00000000     0.00000054     0.99999946
        2     0.00000001     0.00000143     0.99999856
        3     0.00000001     0.00000343     0.99999656
        4     0.00000004     0.00002341     0.99997655
        5     0.00000006     0.00006785     0.99993209
        6     0.00000009     0.00012162     0.99987829
        7     0.00000012     0.00017295     0.99982693
        8     0.00000016     0.00025223     0.99974761
        9     0.00000019     0.00045744     0.99954237
       10     0.00000022     0.00098353     0.99901625
       11     0.00000024     0.00225569     0.99774407
       12     0.00000026     0.00547752     0.99452222
       13     0.00000028     0.01483370     0.98516603
       14     0.00000028     0.04694834     0.95305137
       15     0.00000013     0.56865503     0.43134484
       16     0.00000010     0.54997068     0.45002921
       17     0.00000037     0.21145640     0.78854323
       18     0.00000026     0.08511180     0.91488794
       19     0.00000040     0.03057060     0.96942900
       20     0.00000040     0.00915905     0.99084055
       21     0.00000038     0.00226269     0.99773694
       22     0.00000041     0.00146585     0.99853375
       23     0.00000041     0.00292299     0.99707660
       24     0.00000042     0.00489860     0.99510098
       25     0.00000042     0.00666161     0.99333797
       26     0.00000043     0.00796332     0.99203625
       27     0.00000045     0.00877756     0.99122199
       28     0.00000045     0.00917293     0.99082662
       29     0.00000046     0.00924885     0.99075069
       30     0.00000047     0.00910844     0.99089109
       31     0.00000047     0.00884906     0.99115047
       32     0.00000046     0.00856416     0.99143538
       33     0.00000045     0.00835059     0.99164896
       34     0.00000045     0.00832951     0.99167004
       35     0.00000045     0.00868048     0.99131907
       36     0.00000043     0.00973013     0.99026943
       37     0.00000042     0.01216375     0.98783583
       38     0.00000041     0.01767140     0.98232819
       39     0.00000040     0.03131062     0.96868898
       40     0.00000038     0.07253408     0.92746554
       41     0.00000037     0.22508096     0.77491867
       42     0.00000036     0.57122230     0.42877734
       43     0.00000040     0.85233541     0.14766419
       44     0.00000042     0.94663966     0.05335993
       45     0.00000033     0.97322060     0.02677906
       46     0.00000030     0.98268210     0.01731760
       47     0.00000035     0.98673359     0.01326606
       48     0.00000033     0.98860044     0.01139922
       49     0.00000028     0.98939594     0.01060378
       50     0.00000029     0.98957994     0.01041977
       51     0.00000032     0.98937260     0.01062708
       52     0.00000030     0.98889595     0.01110375
       53     0.00000028     0.98822977     0.01176995
       54     0.00000032     0.98743524     0.01256445
       55     0.00000034     0.98656554     0.01343412
       56     0.00000033     0.98567083     0.01432884
       57     0.00000034     0.98479996     0.01519970
       58     0.00000038     0.98400107     0.01599855
       59     0.00000040     0.98331855     0.01668105
       60     0.00000041     0.98279294     0.01720665
       61     0.00000043     0.98245705     0.01754252
       62     0.00000048     0.98233236     0.01766716
       63     0.00000050     0.98242980     0.01756970
       64     0.00000050     0.98274387     0.01725563
       65     0.00000053     0.98325538     0.01674409
       66     0.00000056     0.98393028     0.01606915
       67     0.00000059     0.98472360     0.01527581
       68     0.00000060     0.98558451     0.01441489
       69     0.00000065     0.98646386     0.01353550
       70     0.00000071     0.98731847     0.01268082
       71     0.00000079     0.98811867     0.01188054
       72     0.00000088     0.98884712     0.01115200
       73     0.00000101     0.98949821     0.01050078
       74     0.00000118     0.99007129     0.00992754
       75     0.00000137     0.99056284     0.00943579
       76     0.00000157     0.99095935     0.00903907
       77     0.00000179     0.99123870     0.00875951
       78     0.00000203     0.99137410     0.00862386
       79     0.00000226     0.99134687     0.00865087
       80     0.00000245     0.99116191     0.00883564
       81     0.00000259     0.99086160     0.00913580
       82     0.00000270     0.99053223     0.00946506
       83     0.00000277     0.99029936     0.00969786
       84     0.00000279     0.99030532     0.00969189
       85     0.00000278     0.99068003     0.00931719
       86     0.00000276     0.99150035     0.00849689
       87     0.00000277     0.99275762     0.00723961
       88     0.00000283     0.99433883     0.00565834
       89     0.00000295     0.99603559     0.00396146
       90     0.00000315     0.99757953     0.00241731
       91     0.00000344     0.99870408     0.00129249
       92     0.00000378     0.99921398     0.00078224
       93     0.00000415     0.99904580     0.00095004
       94     0.00000452     0.99829798     0.00169750
       95     0.00000484     0.99721604     0.00277911
       96     0.00000511     0.99613408     0.00386081
       97     0.00000530     0.99538469     0.00461001
       98     0.00000544     0.99520481     0.00478975
       99     0.00000558     0.99566269     0.00433173
      100     0.00000577     0.99663729     0.00335695
      101     0.00000605     0.99785667     0.00213728
      102     0.00000648     0.99898693     0.00100660
      103     0.00000705     0.99974374     0.00024921
      104     0.00000774     0.99998728     0.00000498
      105     0.00000850     0.99976411     0.00022739
      106     0.00000926     0.99927872     0.00071202
      107     0.00001000     0.99880478     0.00118522
      108     0.00001072     0.99857130     0.00141798
      109     0.00001148     0.99867239     0.00131614
      110     0.00001235     0.99904015     0.00094749
      111     0.00001344     0.99949227     0.00049430
      112     0.00001478     0.99983049     0.00015474
      113     0.00001639     0.99993936     0.00004425
      114     0.00001823     0.99983497     0.00014680
      115     0.00002029     0.99963971     0.00034000
      116     0.00002256     0.99950067     0.00047678
      117     0.00002513     0.99950174     0.00047314
      118     0.00002817     0.99962307     0.00034876
      119     0.00003189     0.99977032     0.00019779
      120     0.00003646     0.99984932     0.00011422
