#     Density Matrix: population Re; see the manual for detail orders
        0     0.00000000     0.00000000     1.00000000
        1     0.00000009     0.00000164     0.99999826
        2     0.00000011     0.00002217     0.99997772
        3     0.00000025     0.00009222     0.99990753
        4     0.00000023     0.00024122     0.99975855
        5     0.00000045     0.00051329     0.99948626
        6     0.00000039     0.00106729     0.99893232
        7     0.00000060     0.00248285     0.99751655
        8     0.00000056     0.00682757     0.99317187
        9     0.00000060     0.02245429     0.97754511
       10     0.00000064     0.08959355     0.91040582
       11     0.00000030     0.34190352     0.65809618
       12     0.00000015     0.60413030     0.39586955
       13     0.00000037     0.50089955     0.49910008
       14     0.00000069     0.34890932     0.65108999
       15     0.00000036     0.25819793     0.74180170
       16     0.00000089     0.21052648     0.78947262
       17     0.00000048     0.18884498     0.81115454
       18     0.00000047     0.18261588     0.81738365
       19     0.00000060     0.18534397     0.81465543
       20     0.00000006     0.19300870     0.80699124
       21     0.00000060     0.20319698     0.79680243
       22     0.00000059     0.21456101     0.78543840
       23     0.00000009     0.22629421     0.77370569
       24     0.00000079     0.23761080     0.76238840
       25     0.00000059     0.24796801     0.75203141
       26     0.00000008     0.25680466     0.74319526
       27     0.00000067     0.26344680     0.73655253
       28     0.00000050     0.26625068     0.73374882
       29     0.00000005     0.26270572     0.73729423
       30     0.00000058     0.24980892     0.75019050
       31     0.00000067     0.22656470     0.77343462
       32     0.00000010     0.19265784     0.80734207
       33     0.00000039     0.14769003     0.85230958
       34     0.00000085     0.09418418     0.90581497
       35     0.00000033     0.05516977     0.94482989
       36     0.00000015     0.09148576     0.90851409
       37     0.00000082     0.19480939     0.80518979
       38     0.00000081     0.26231575     0.73768344
       39     0.00000015     0.26923511     0.73076474
       40     0.00000040     0.24458962     0.75540998
       41     0.00000092     0.21314828     0.78685081
       42     0.00000046     0.18979636     0.81020319
       43     0.00000006     0.19051636     0.80948358
       44     0.00000047     0.27664952     0.72335001
       45     0.00000051     0.46237303     0.53762646
       46     0.00000006     0.80837956     0.19162038
       47     0.00000023     0.89947580     0.10052397
       48     0.00000081     0.92392439     0.07607480
       49     0.00000052     0.93222146     0.06777802
       50     0.00000000     0.93453592     0.06546408
       51     0.00000049     0.93375005     0.06624946
       52     0.00000096     0.93080164     0.06919740
       53     0.00000035     0.92641417     0.07358547
       54     0.00000004     0.92080155     0.07919841
       55     0.00000075     0.91438221     0.08561703
       56     0.00000088     0.90779107     0.09220805
       57     0.00000010     0.90219039     0.09780951
       58     0.00000027     0.89931175     0.10068798
       59     0.00000086     0.89962531     0.10037383
       60     0.00000042     0.90414139     0.09585820
       61     0.00000001     0.91302173     0.08697826
       62     0.00000042     0.92407160     0.07592798
       63     0.00000069     0.92964712     0.07035219
       64     0.00000027     0.91427422     0.08572551
       65     0.00000002     0.86929859     0.13070139
       66     0.00000057     0.82479413     0.17520531
       67     0.00000080     0.82032661     0.17967259
       68     0.00000021     0.85179537     0.14820442
       69     0.00000007     0.89416191     0.10583802
       70     0.00000037     0.93213167     0.06786796
       71     0.00000027     0.96114814     0.03885160
       72     0.00000017     0.98085301     0.01914682
       73     0.00000000     1.00000000     0.00000000
       74     0.00000002     0.99870804     0.00129194
       75     0.00000003     0.99635784     0.00364213
       76     0.00000000     0.99471773     0.00528226
       77     0.00000001     0.99457518     0.00542481
       78     0.00000001     0.99566880     0.00433119
       79     0.00000001     0.99711596     0.00288404
       80     0.00000000     0.99802862     0.00197138
       81     0.00000001     0.99804284     0.00195715
       82     0.00000002     0.99745759     0.00254239
       83     0.00000001     0.99687104     0.00312896
       84     0.00000000     0.99669662     0.00330338
       85     0.00000001     0.99691303     0.00308696
       86     0.00000001     0.99720980     0.00279018
       87     0.00000001     0.99733647     0.00266353
       88     0.00000002     0.99730287     0.00269711
       89     0.00000004     0.99726657     0.00273338
       90     0.00000002     0.99728610     0.00271388
       91     0.00000002     0.99725234     0.00274765
       92     0.00000005     0.99707953     0.00292042
       93     0.00000006     0.99689918     0.00310076
       94     0.00000004     0.99696508     0.00303488
       95     0.00000007     0.99732564     0.00267429
       96     0.00000011     0.99765812     0.00234177
       97     0.00000008     0.99753773     0.00246218
       98     0.00000008     0.99693948     0.00306044
       99     0.00000017     0.99640437     0.00359546
      100     0.00000019     0.99652852     0.00347129
      101     0.00000016     0.99729833     0.00270152
      102     0.00000022     0.99799898     0.00200080
      103     0.00000030     0.99786023     0.00213947
      104     0.00000027     0.99684958     0.00315015
      105     0.00000026     0.99584773     0.00415200
      106     0.00000039     0.99584692     0.00415269
      107     0.00000044     0.99693450     0.00306506
      108     0.00000037     0.99817894     0.00182069
      109     0.00000041     0.99839075     0.00160884
      110     0.00000052     0.99728087     0.00271861
      111     0.00000050     0.99574591     0.00425359
      112     0.00000044     0.99508805     0.00491151
      113     0.00000053     0.99589081     0.00410866
      114     0.00000062     0.99751276     0.00248662
      115     0.00000055     0.99864269     0.00135676
      116     0.00000049     0.99835780     0.00164171
      117     0.00000053     0.99691234     0.00308714
      118     0.00000057     0.99544840     0.00455103
      119     0.00000054     0.99506345     0.00493601
      120     0.00000050     0.99598739     0.00401211
