#     Density Matrix: population Re; see the manual for detail orders
        0     0.00000000     0.00000000     1.00000000
        1     0.00000004     0.00000168     0.99999827
        2     0.00000002     0.00001501     0.99998496
        3     0.00000001     0.00003674     0.99996325
        4     0.00000004     0.00005218     0.99994778
        5     0.00000001     0.00005123     0.99994876
        6     0.00000015     0.00004579     0.99995406
        7     0.00000006     0.00007296     0.99992698
        8     0.00000036     0.00018239     0.99981725
        9     0.00000020     0.00042646     0.99957333
       10     0.00000063     0.00088964     0.99910972
       11     0.00000040     0.00183038     0.99816922
       12     0.00000090     0.00417755     0.99582154
       13     0.00000062     0.01148047     0.98851891
       14     0.00000101     0.03920772     0.96079127
       15     0.00000073     0.15737159     0.84262769
       16     0.00000048     0.46086143     0.53913810
       17     0.00000013     0.59308086     0.40691901
       18     0.00000069     0.46045208     0.53954722
       19     0.00000076     0.33966342     0.66033582
       20     0.00000071     0.26914925     0.73085005
       21     0.00000126     0.23352656     0.76647219
       22     0.00000068     0.22008122     0.77991810
       23     0.00000101     0.22053810     0.77946089
       24     0.00000110     0.22955504     0.77044386
       25     0.00000053     0.24366000     0.75633947
       26     0.00000090     0.26056372     0.73943538
       27     0.00000078     0.27865013     0.72134909
       28     0.00000043     0.29661920     0.70338037
       29     0.00000075     0.31327607     0.68672318
       30     0.00000061     0.32732806     0.67267133
       31     0.00000034     0.33715878     0.66284088
       32     0.00000062     0.34068430     0.65931508
       33     0.00000057     0.33507696     0.66492247
       34     0.00000030     0.31558681     0.68441289
       35     0.00000055     0.28108421     0.71891524
       36     0.00000068     0.23327801     0.76672131
       37     0.00000040     0.17585023     0.82414937
       38     0.00000048     0.11705131     0.88294821
       39     0.00000080     0.07354278     0.92645642
       40     0.00000063     0.06671472     0.93328465
       41     0.00000047     0.10219825     0.89780128
       42     0.00000081     0.15786829     0.84213090
       43     0.00000092     0.20609667     0.79390241
       44     0.00000055     0.23554759     0.76445186
       45     0.00000051     0.24944718     0.75055231
       46     0.00000076     0.25681420     0.74318504
       47     0.00000057     0.26692300     0.73307643
       48     0.00000021     0.28521725     0.71478253
       49     0.00000021     0.30687470     0.69312509
       50     0.00000022     0.31527919     0.68472059
       51     0.00000007     0.29873365     0.70126629
       52     0.00000000     0.26396056     0.73603944
       53     0.00000001     0.22516044     0.77483955
       54     0.00000002     0.19089711     0.80910287
       55     0.00000005     0.16340690     0.83659305
       56     0.00000004     0.14208770     0.85791226
       57     0.00000000     0.12564581     0.87435419
       58     0.00000004     0.11286769     0.88713227
       59     0.00000009     0.10278933     0.89721057
       60     0.00000003     0.09468188     0.90531809
       61     0.00000001     0.08800460     0.91199539
       62     0.00000009     0.08235624     0.91764367
       63     0.00000008     0.07743965     0.92256027
       64     0.00000001     0.07303435     0.92696564
       65     0.00000004     0.06897676     0.93102320
       66     0.00000010     0.06514179     0.93485811
       67     0.00000004     0.06143186     0.93856810
       68     0.00000000     0.05776742     0.94223258
       69     0.00000007     0.05408355     0.94591638
       70     0.00000007     0.05032858     0.94967134
       71     0.00000000     0.04646528     0.95353472
       72     0.00000003     0.04247972     0.95752024
       73     0.00000008     0.03839184     0.96160808
       74     0.00000003     0.03426638     0.96573359
       75     0.00000000     0.03022074     0.96977925
       76     0.00000006     0.02642445     0.97357549
       77     0.00000006     0.02308638     0.97691357
       78     0.00000000     0.02042605     0.97957395
       79     0.00000003     0.01862929     0.98137068
       80     0.00000007     0.01779789     0.98220204
       81     0.00000002     0.01790598     0.98209400
       82     0.00000000     0.01878957     0.98121043
       83     0.00000005     0.02017216     0.97982779
       84     0.00000005     0.02172777     0.97827218
       85     0.00000001     0.02315094     0.97684905
       86     0.00000002     0.02421294     0.97578704
       87     0.00000005     0.02478680     0.97521316
       88     0.00000003     0.02484111     0.97515886
       89     0.00000001     0.02441532     0.97558468
       90     0.00000002     0.02359018     0.97640979
       91     0.00000003     0.02246309     0.97753688
       92     0.00000002     0.02113175     0.97886823
       93     0.00000001     0.01968536     0.98031463
       94     0.00000002     0.01820098     0.98179900
       95     0.00000002     0.01674283     0.98325715
       96     0.00000002     0.01536246     0.98463752
       97     0.00000002     0.01409951     0.98590048
       98     0.00000001     0.01298192     0.98701807
       99     0.00000002     0.01202584     0.98797414
      100     0.00000003     0.01123527     0.98876469
      101     0.00000002     0.01060197     0.98939801
      102     0.00000001     0.01010605     0.98989394
      103     0.00000000     0.00000000     1.00000000
      104     0.00000001     0.00000486     0.99999514
      105     0.00000001     0.00001585     0.99998414
      106     0.00000000     0.00002622     0.99997378
      107     0.00000000     0.00002899     0.99997101
      108     0.00000001     0.00002048     0.99997952
      109     0.00000001     0.00000665     0.99999334
      110     0.00000000     0.00001542     0.99998458
      111     0.00000000     0.00012044     0.99987956
      112     0.00000001     0.00048791     0.99951208
      113     0.00000001     0.00146847     0.99853151
      114     0.00000000     0.00377423     0.99622576
      115     0.00000000     0.00880063     0.99119937
      116     0.00000002     0.01912644     0.98087354
      117     0.00000002     0.03896114     0.96103884
      118     0.00000001     0.07344926     0.92655074
      119     0.00000001     0.12483716     0.87516284
      120     0.00000003     0.18625894     0.81374103
