#    Density matrix based averaged BO population
       0     0.00000000     0.00000000     1.00000000
       1     0.00000003     0.00000505     0.99999492
       2     0.00000004     0.00004217     0.99995779
       3     0.00000008     0.00010243     0.99989748
       4     0.00000011     0.00016622     0.99983366
       5     0.00000020     0.00022638     0.99977342
       6     0.00000026     0.00031926     0.99968048
       7     0.00000036     0.00059576     0.99940388
       8     0.00000047     0.00155043     0.99844910
       9     0.00000054     0.00489377     0.99510570
      10     0.00000065     0.01752465     0.98247470
      11     0.00000065     0.05654518     0.94345418
      12     0.00000076     0.13135719     0.86864205
      13     0.00000071     0.18759593     0.81240335
      14     0.00000088     0.22434985     0.77564928
      15     0.00000080     0.25503601     0.74496319
      16     0.00000086     0.28036404     0.71963510
      17     0.00000091     0.30723410     0.69276499
      18     0.00000081     0.29476439     0.70523479
      19     0.00000095     0.25402810     0.74597094
      20     0.00000088     0.22558351     0.77441561
      21     0.00000081     0.21205174     0.78794745
      22     0.00000086     0.20592656     0.79407258
      23     0.00000074     0.20379533     0.79620394
      24     0.00000073     0.20369688     0.79630239
      25     0.00000076     0.20446700     0.79553224
      26     0.00000065     0.20536122     0.79463813
      27     0.00000068     0.20591732     0.79408200
      28     0.00000069     0.20588132     0.79411799
      29     0.00000060     0.20518070     0.79481871
      30     0.00000064     0.20385302     0.79614634
      31     0.00000066     0.20206218     0.79793716
      32     0.00000058     0.20023767     0.79976175
      33     0.00000060     0.20385203     0.79614737
      34     0.00000063     0.21570108     0.78429829
      35     0.00000058     0.22890069     0.77109873
      36     0.00000058     0.24944055     0.75055887
      37     0.00000060     0.26953935     0.73046005
      38     0.00000059     0.30444128     0.69555813
      39     0.00000057     0.35173430     0.64826513
      40     0.00000059     0.39261274     0.60738667
      41     0.00000062     0.43686779     0.56313159
      42     0.00000060     0.49332580     0.50667359
      43     0.00000061     0.54540162     0.45459777
      44     0.00000064     0.58089532     0.41910404
      45     0.00000064     0.60478010     0.39521926
      46     0.00000065     0.62367560     0.37632374
      47     0.00000067     0.63370442     0.36629491
      48     0.00000066     0.63800266     0.36199668
      49     0.00000071     0.64250285     0.35749644
      50     0.00000071     0.64101036     0.35898893
      51     0.00000069     0.63763646     0.36236285
      52     0.00000072     0.63628914     0.36371014
      53     0.00000073     0.63678307     0.36321620
      54     0.00000075     0.63601346     0.36398578
      55     0.00000077     0.63463090     0.36536833
      56     0.00000076     0.63532867     0.36467057
      57     0.00000080     0.63997483     0.36002437
      58     0.00000081     0.63980568     0.36019350
      59     0.00000082     0.63096781     0.36903137
      60     0.00000086     0.62492555     0.37507359
      61     0.00000084     0.62140445     0.37859471
      62     0.00000089     0.61810765     0.38189145
      63     0.00000090     0.61428638     0.38571272
      64     0.00000089     0.61029009     0.38970902
      65     0.00000089     0.60773628     0.39226282
      66     0.00000091     0.60797555     0.39202354
      67     0.00000096     0.61039097     0.38960808
      68     0.00000091     0.61354662     0.38645248
      69     0.00000090     0.61578647     0.38421263
      70     0.00000100     0.61590408     0.38409493
      71     0.00000099     0.61500636     0.38499264
      72     0.00000098     0.61568125     0.38431776
      73     0.00000107     0.61887848     0.38112045
      74     0.00000110     0.62249547     0.37750343
      75     0.00000116     0.62475461     0.37524423
      76     0.00000128     0.62686715     0.37313156
      77     0.00000137     0.62964328     0.37035535
      78     0.00000140     0.63015546     0.36984313
      79     0.00000151     0.62986242     0.37013607
      80     0.00000162     0.62981067     0.37018771
      81     0.00000165     0.62905984     0.37093851
      82     0.00000166     0.62839501     0.37160333
      83     0.00000175     0.62833428     0.37166397
      84     0.00000175     0.62806357     0.37193468
      85     0.00000168     0.62721453     0.37278379
      86     0.00000172     0.62583795     0.37416033
      87     0.00000183     0.62441186     0.37558632
      88     0.00000179     0.62356031     0.37643789
      89     0.00000174     0.62356940     0.37642886
      90     0.00000185     0.62407376     0.37592439
      91     0.00000207     0.62430093     0.37569701
      92     0.00000220     0.62373544     0.37626236
      93     0.00000222     0.62238516     0.37761263
      94     0.00000226     0.62057952     0.37941822
      95     0.00000243     0.61985614     0.38014142
      96     0.00000260     0.62041485     0.37958254
      97     0.00000261     0.62043713     0.37956026
      98     0.00000253     0.61969178     0.38030569
      99     0.00000249     0.61891834     0.38107917
     100     0.00000267     0.61876075     0.38123658
     101     0.00000286     0.61930883     0.38068831
     102     0.00000295     0.62009883     0.37989822
     103     0.00000298     0.62058301     0.37941401
     104     0.00000313     0.62078402     0.37921286
     105     0.00000353     0.62149335     0.37850311
     106     0.00000389     0.62308680     0.37690932
     107     0.00000395     0.62479441     0.37520164
     108     0.00000399     0.62600544     0.37399057
     109     0.00000426     0.62656230     0.37343343
     110     0.00000471     0.62697480     0.37302050
     111     0.00000500     0.62823376     0.37176124
     112     0.00000530     0.62820874     0.37178597
     113     0.00000580     0.62749534     0.37249886
     114     0.00000635     0.62689942     0.37309423
     115     0.00000677     0.62732607     0.37266716
     116     0.00000712     0.62830881     0.37168407
     117     0.00000813     0.62984911     0.37014276
     118     0.00000967     0.63127594     0.36871440
     119     0.00001121     0.63145724     0.36853155
     120     0.00001281     0.63014785     0.36983934