#     Density Matrix: population Re; see the manual for detail orders
        0     0.00000000     0.00000000     1.00000000
        1     0.00000005     0.00001283     0.99998713
        2     0.00000007     0.00011051     0.99988942
        3     0.00000012     0.00027059     0.99972929
        4     0.00000016     0.00041763     0.99958221
        5     0.00000022     0.00049665     0.99950313
        6     0.00000030     0.00058437     0.99941534
        7     0.00000032     0.00111221     0.99888747
        8     0.00000046     0.00359568     0.99640386
        9     0.00000037     0.01436235     0.98563729
       10     0.00000058     0.07279658     0.92720284
       11     0.00000024     0.40894686     0.59105291
       12     0.00000018     0.69062060     0.30937922
       13     0.00000047     0.39943285     0.60056668
       14     0.00000050     0.31137534     0.68862416
       15     0.00000041     0.26332362     0.73667597
       16     0.00000068     0.23951987     0.76047944
       17     0.00000040     0.23020491     0.76979469
       18     0.00000041     0.22935396     0.77064563
       19     0.00000042     0.23325516     0.76674442
       20     0.00000020     0.23968025     0.76031955
       21     0.00000043     0.24746571     0.75253386
       22     0.00000035     0.25596827     0.74403138
       23     0.00000018     0.26466837     0.73533145
       24     0.00000045     0.27338614     0.72661342
       25     0.00000031     0.28217746     0.71782222
       26     0.00000020     0.29093552     0.70906428
       27     0.00000049     0.29940887     0.70059064
       28     0.00000037     0.30701951     0.69298011
       29     0.00000022     0.31314345     0.68685633
       30     0.00000045     0.31652061     0.68347895
       31     0.00000046     0.31466348     0.68533606
       32     0.00000026     0.30465274     0.69534700
       33     0.00000040     0.28389550     0.71610410
       34     0.00000054     0.25491841     0.74508105
       35     0.00000034     0.22012721     0.77987245
       36     0.00000034     0.18202180     0.81797785
       37     0.00000057     0.14595731     0.85404212
       38     0.00000043     0.16266419     0.83733538
       39     0.00000030     0.33974236     0.66025734
       40     0.00000066     0.59813669     0.40186265
       41     0.00000076     0.71050794     0.28949129
       42     0.00000037     0.75351059     0.24648904
       43     0.00000043     0.77331142     0.22668816
       44     0.00000083     0.78422845     0.21577072
       45     0.00000070     0.79173944     0.20825986
       46     0.00000040     0.79729189     0.20270771
       47     0.00000075     0.80293485     0.19706440
       48     0.00000106     0.81103727     0.18896167
       49     0.00000072     0.82063956     0.17935973
       50     0.00000064     0.83182585     0.16817351
       51     0.00000119     0.84402658     0.15597223
       52     0.00000127     0.85665509     0.14334364
       53     0.00000080     0.86929016     0.13070905
       54     0.00000105     0.88185228     0.11814667
       55     0.00000172     0.89395885     0.10603943
       56     0.00000146     0.90509823     0.09490030
       57     0.00000087     0.91536299     0.08463614
       58     0.00000140     0.92469502     0.07530358
       59     0.00000222     0.93308080     0.06691698
       60     0.00000163     0.94080975     0.05918862
       61     0.00000093     0.94790283     0.05209624
       62     0.00000166     0.95436729     0.04563105
       63     0.00000248     0.96029818     0.03969934
       64     0.00000189     0.96577738     0.03422073
       65     0.00000111     0.97086761     0.02913128
       66     0.00000174     0.97561142     0.02438684
       67     0.00000279     0.98003488     0.01996233
       68     0.00000255     0.98414158     0.01585587
       69     0.00000165     0.98790147     0.01209688
       70     0.00000000     1.00000000     0.00000000
       71     0.00000580     0.99978363     0.00021057
       72     0.00001333     0.99911788     0.00086879
       73     0.00000926     0.99801515     0.00197558
       74     0.00000080     0.99653637     0.00346283
       75     0.00000344     0.99481595     0.00518061
       76     0.00001315     0.99308586     0.00690099
       77     0.00001342     0.99164719     0.00833939
       78     0.00000397     0.99079721     0.00919882
       79     0.00000049     0.99075785     0.00924166
       80     0.00000818     0.99162242     0.00836940
       81     0.00001457     0.99330491     0.00668052
       82     0.00001000     0.99549995     0.00449005
       83     0.00000151     0.99770620     0.00229229
       84     0.00000177     0.99935130     0.00064693
       85     0.00001075     0.99997650     0.00001275
       86     0.00001549     0.99940708     0.00057743
       87     0.00000893     0.99784370     0.00214737
       88     0.00000083     0.99584110     0.00415808
       89     0.00000314     0.99415755     0.00583931
       90     0.00001269     0.99347655     0.00651075
       91     0.00001641     0.99412232     0.00586127
       92     0.00000944     0.99584586     0.00414470
       93     0.00000105     0.99790856     0.00209039
       94     0.00000300     0.99934387     0.00065312
       95     0.00001387     0.99948151     0.00050462
       96     0.00002004     0.99837135     0.00160861
       97     0.00001379     0.99672238     0.00326383
       98     0.00000340     0.99559967     0.00439693
       99     0.00000187     0.99570321     0.00429492
      100     0.00001224     0.99693394     0.00305383
      101     0.00002389     0.99841153     0.00156457
      102     0.00002450     0.99908616     0.00088934
      103     0.00001326     0.99852418     0.00146256
      104     0.00000363     0.99727940     0.00271698
      105     0.00000815     0.99647508     0.00351678
      106     0.00002355     0.99679822     0.00317823
      107     0.00003648     0.99787848     0.00208504
      108     0.00003535     0.99863743     0.00132722
      109     0.00002203     0.99837325     0.00160472
      110     0.00001235     0.99742149     0.00256617
      111     0.00002050     0.99688035     0.00309915
      112     0.00004465     0.99732386     0.00263150
      113     0.00006957     0.99812290     0.00180753
      114     0.00007946     0.99828705     0.00163349
      115     0.00007115     0.99766622     0.00226263
      116     0.00005770     0.99715861     0.00278369
      117     0.00005877     0.99741159     0.00252964
      118     0.00008813     0.99795760     0.00195427
      119     0.00014617     0.99795139     0.00190244
      120     0.00021828     0.99740178     0.00237993
