#     Density Matrix: population Re; see the manual for detail orders
        0     0.00000000     0.00000000     1.00000000
        1     0.00000003     0.00000020     0.99999977
        2     0.00000005     0.00000412     0.99999583
        3     0.00000011     0.00002351     0.99997638
        4     0.00000015     0.00007567     0.99992418
        5     0.00000024     0.00018390     0.99981587
        6     0.00000029     0.00040627     0.99959343
        7     0.00000037     0.00095730     0.99904234
        8     0.00000046     0.00273452     0.99726501
        9     0.00000046     0.01054147     0.98945807
       10     0.00000059     0.06805398     0.93194543
       11     0.00000031     0.55501471     0.44498498
       12     0.00000005     0.64466995     0.35533000
       13     0.00000089     0.28397998     0.71601912
       14     0.00000016     0.22124351     0.77875633
       15     0.00000073     0.19102020     0.80897908
       16     0.00000065     0.17743787     0.82256148
       17     0.00000019     0.17277279     0.82722702
       18     0.00000092     0.17278604     0.82721304
       19     0.00000023     0.17505113     0.82494864
       20     0.00000043     0.17824715     0.82175242
       21     0.00000101     0.18166723     0.81833176
       22     0.00000011     0.18490318     0.81509671
       23     0.00000067     0.18783861     0.81216072
       24     0.00000089     0.19043922     0.80955989
       25     0.00000006     0.19272135     0.80727858
       26     0.00000075     0.19471155     0.80528769
       27     0.00000086     0.19644012     0.80355902
       28     0.00000006     0.19793746     0.80206248
       29     0.00000070     0.19922448     0.80077483
       30     0.00000087     0.20032126     0.79967787
       31     0.00000008     0.20125025     0.79874967
       32     0.00000048     0.20203028     0.79796924
       33     0.00000082     0.20270522     0.79729396
       34     0.00000015     0.20333510     0.79666475
       35     0.00000025     0.20402768     0.79597206
       36     0.00000082     0.20523827     0.79476091
       37     0.00000039     0.23082432     0.76917528
       38     0.00000003     0.50328340     0.49671657
       39     0.00000028     0.72966184     0.27033788
       40     0.00000058     0.73573869     0.26426072
       41     0.00000022     0.73795228     0.26204750
       42     0.00000007     0.73911221     0.26088772
       43     0.00000048     0.73978995     0.26020957
       44     0.00000046     0.74016342     0.25983612
       45     0.00000007     0.74030147     0.25969846
       46     0.00000020     0.74023465     0.25976515
       47     0.00000056     0.73998003     0.26001941
       48     0.00000034     0.73955048     0.26044918
       49     0.00000004     0.73895696     0.26104300
       50     0.00000035     0.73821214     0.26178751
       51     0.00000062     0.73733281     0.26266657
       52     0.00000027     0.73633860     0.26366113
       53     0.00000008     0.73525183     0.26474809
       54     0.00000046     0.73410021     0.26589933
       55     0.00000050     0.73291921     0.26708030
       56     0.00000011     0.73174518     0.26825470
       57     0.00000015     0.73061657     0.26938327
       58     0.00000054     0.72957980     0.27041965
       59     0.00000044     0.72868383     0.27131572
       60     0.00000007     0.72797523     0.27202470
       61     0.00000019     0.72749350     0.27250631
       62     0.00000050     0.72726679     0.27273270
       63     0.00000036     0.72730584     0.27269380
       64     0.00000004     0.72759839     0.27240157
       65     0.00000020     0.72812481     0.27187499
       66     0.00000075     0.72880693     0.27119232
       67     0.00000070     0.72959835     0.27040095
       68     0.00000019     0.73040613     0.26959368
       69     0.00000006     0.73109378     0.26890615
       70     0.00000062     0.73165477     0.26834460
       71     0.00000113     0.73212350     0.26787538
       72     0.00000074     0.73242084     0.26757842
       73     0.00000015     0.73252897     0.26747087
       74     0.00000064     0.73255493     0.26744444
       75     0.00000156     0.73253921     0.26745924
       76     0.00000124     0.73253265     0.26746611
       77     0.00000025     0.73262460     0.26737515
       78     0.00000061     0.73278255     0.26721684
       79     0.00000201     0.73299257     0.26700542
       80     0.00000214     0.73322194     0.26677592
       81     0.00000081     0.73342721     0.26657198
       82     0.00000055     0.73344553     0.26655391
       83     0.00000218     0.73332031     0.26667751
       84     0.00000258     0.73326045     0.26673697
       85     0.00000115     0.73325420     0.26674465
       86     0.00000017     0.73333125     0.26666858
       87     0.00000087     0.73359690     0.26640224
       88     0.00000190     0.73414954     0.26584856
       89     0.00000187     0.73504587     0.26495226
       90     0.00000095     0.73626371     0.26373535
       91     0.00000019     0.73767554     0.26232427
       92     0.00000076     0.73904336     0.26095588
       93     0.00000274     0.74003833     0.25995893
       94     0.00000414     0.74028857     0.25970729
       95     0.00000318     0.73945459     0.26054223
       96     0.00000170     0.73732849     0.26266982
       97     0.00000294     0.73393862     0.26605844
       98     0.00000596     0.72962301     0.27037104
       99     0.00000651     0.72503046     0.27496304
      100     0.00000390     0.72104521     0.27895089
      101     0.00000188     0.71860112     0.28139700
      102     0.00000213     0.71845727     0.28154060
      103     0.00000326     0.72097876     0.27901798
      104     0.00000327     0.72595765     0.27403908
      105     0.00000243     0.73253833     0.26745924
      106     0.00000145     0.73941823     0.26058032
      107     0.00000078     0.74515317     0.25484606
      108     0.00000177     0.74849651     0.25150172
      109     0.00000504     0.74878440     0.25121056
      110     0.00000803     0.74612945     0.25386252
      111     0.00000752     0.74133963     0.25865284
      112     0.00000445     0.73573840     0.26425715
      113     0.00000298     0.73064730     0.26934972
      114     0.00000455     0.72714281     0.27285264
      115     0.00000611     0.72573921     0.27425468
      116     0.00000511     0.72628524     0.27370965
      117     0.00000268     0.72812952     0.27186780
      118     0.00000103     0.73047779     0.26952119
      119     0.00000042     0.73261342     0.26738616
      120     0.00000066     0.73421631     0.26578302
