#     Density Matrix: population Re; see the manual for detail orders
        0     0.00000000     0.00000000     1.00000000
        1     0.00000004     0.00000054     0.99999941
        2     0.00000003     0.00000186     0.99999812
        3     0.00000001     0.00000283     0.99999716
        4     0.00000006     0.00001820     0.99998174
        5     0.00000002     0.00006059     0.99993939
        6     0.00000019     0.00012031     0.99987950
        7     0.00000010     0.00017388     0.99982602
        8     0.00000040     0.00022164     0.99977796
        9     0.00000025     0.00032949     0.99967026
       10     0.00000065     0.00065868     0.99934067
       11     0.00000046     0.00151742     0.99848212
       12     0.00000088     0.00357582     0.99642330
       13     0.00000072     0.00873696     0.99126232
       14     0.00000090     0.02378940     0.97620971
       15     0.00000087     0.07653979     0.92345934
       16     0.00000055     0.25340669     0.74659276
       17     0.00000087     0.55603670     0.44396243
       18     0.00000021     0.54536822     0.45463157
       19     0.00000103     0.44170809     0.55829088
       20     0.00000004     0.38713707     0.61286289
       21     0.00000081     0.34574913     0.65425006
       22     0.00000078     0.31941276     0.68058646
       23     0.00000004     0.30643020     0.69356976
       24     0.00000105     0.30409500     0.69590396
       25     0.00000045     0.30971701     0.69028254
       26     0.00000019     0.32102993     0.67896988
       27     0.00000099     0.33631471     0.66368430
       28     0.00000022     0.35442605     0.64557373
       29     0.00000027     0.37465973     0.62534000
       30     0.00000089     0.39672985     0.60326926
       31     0.00000017     0.42054500     0.57945483
       32     0.00000027     0.44619218     0.55380755
       33     0.00000087     0.47374265     0.52625648
       34     0.00000023     0.50306178     0.49693799
       35     0.00000016     0.53354638     0.46645346
       36     0.00000084     0.56368472     0.43631443
       37     0.00000045     0.59135129     0.40864826
       38     0.00000002     0.60518237     0.39481762
       39     0.00000070     0.59488665     0.40511265
       40     0.00000085     0.55199457     0.44800458
       41     0.00000008     0.46323048     0.53676943
       42     0.00000039     0.32406122     0.67593840
       43     0.00000122     0.19094687     0.80905191
       44     0.00000066     0.15002215     0.84997719
       45     0.00000008     0.18348000     0.81651992
       46     0.00000092     0.23515152     0.76484757
       47     0.00000114     0.28398543     0.71601342
       48     0.00000024     0.32328614     0.67671363
       49     0.00000017     0.46461096     0.53538887
       50     0.00000123     0.59057986     0.40941891
       51     0.00000121     0.67407884     0.32591995
       52     0.00000013     0.72630245     0.27369743
       53     0.00000055     0.75923923     0.24076021
       54     0.00000175     0.78017474     0.21982351
       55     0.00000112     0.79321816     0.20678072
       56     0.00000007     0.80088812     0.19911181
       57     0.00000100     0.80514409     0.19485491
       58     0.00000192     0.80969815     0.19029993
       59     0.00000082     0.81272341     0.18727577
       60     0.00000011     0.81526863     0.18473126
       61     0.00000129     0.81871179     0.18128692
       62     0.00000173     0.82457658     0.17542169
       63     0.00000047     0.83418026     0.16581927
       64     0.00000014     0.84821962     0.15178024
       65     0.00000118     0.86639974     0.13359908
       66     0.00000130     0.88726257     0.11273614
       67     0.00000030     0.90834241     0.09165729
       68     0.00000010     0.92675388     0.07324601
       69     0.00000094     0.94020804     0.05979102
       70     0.00000112     0.94815715     0.05184173
       71     0.00000029     0.95224411     0.04775559
       72     0.00000007     0.95536355     0.04463637
       73     0.00000076     0.95990687     0.04009236
       74     0.00000087     0.96666180     0.03333733
       75     0.00000024     0.97499893     0.02500083
       76     0.00000009     0.98362673     0.01637318
       77     0.00000000     1.00000000     0.00000000
       78     0.00000023     0.99767237     0.00232740
       79     0.00000040     0.99288409     0.00711550
       80     0.00000012     0.98881029     0.01118958
       81     0.00000003     0.98750566     0.01249432
       82     0.00000019     0.98922343     0.01077639
       83     0.00000000     1.00000000     0.00000000
       84     0.00000006     0.99961115     0.00038879
       85     0.00000010     0.99886181     0.00113809
       86     0.00000003     0.99836533     0.00163464
       87     0.00000001     0.99843135     0.00156864
       88     0.00000005     0.99892683     0.00107311
       89     0.00000006     0.99944762     0.00055232
       90     0.00000002     0.99965455     0.00034543
       91     0.00000002     0.99951039     0.00048959
       92     0.00000009     0.99924363     0.00075628
       93     0.00000007     0.99910481     0.00089512
       94     0.00000000     0.99915541     0.00084458
       95     0.00000005     0.99927424     0.00072571
       96     0.00000015     0.99933412     0.00066573
       97     0.00000009     0.99933420     0.00066571
       98     0.00000002     0.99934945     0.00065054
       99     0.00000018     0.99938960     0.00061022
      100     0.00000028     0.99936923     0.00063048
      101     0.00000013     0.99923998     0.00075989
      102     0.00000012     0.99910734     0.00089254
      103     0.00000044     0.99914436     0.00085520
      104     0.00000052     0.99936774     0.00063174
      105     0.00000026     0.99955647     0.00044326
      106     0.00000038     0.99946697     0.00053264
      107     0.00000082     0.99913448     0.00086470
      108     0.00000081     0.99889085     0.00110834
      109     0.00000052     0.99902173     0.00097775
      110     0.00000080     0.99942415     0.00057505
      111     0.00000133     0.99967450     0.00032417
      112     0.00000121     0.99947393     0.00052486
      113     0.00000086     0.99899448     0.00100466
      114     0.00000120     0.99872535     0.00127345
      115     0.00000186     0.99895914     0.00103900
      116     0.00000179     0.99946761     0.00053061
      117     0.00000131     0.99972769     0.00027100
      118     0.00000152     0.99946603     0.00053245
      119     0.00000224     0.99894477     0.00105299
      120     0.00000240     0.99868885     0.00130874
