#     Density Matrix: population Re; see the manual for detail orders
        0     0.00000000     0.00000000     1.00000000
        1     0.00000007     0.00001063     0.99998931
        2     0.00000010     0.00009542     0.99990448
        3     0.00000028     0.00024167     0.99975805
        4     0.00000028     0.00037596     0.99962376
        5     0.00000058     0.00045501     0.99954442
        6     0.00000051     0.00059703     0.99940246
        7     0.00000084     0.00123922     0.99875994
        8     0.00000073     0.00346010     0.99653918
        9     0.00000096     0.01019292     0.98980612
       10     0.00000085     0.03178481     0.96821435
       11     0.00000079     0.11180080     0.88819842
       12     0.00000057     0.35569276     0.64430668
       13     0.00000051     0.57695666     0.42304282
       14     0.00000075     0.43673460     0.56326464
       15     0.00000082     0.32699405     0.67300513
       16     0.00000012     0.27670828     0.72329160
       17     0.00000072     0.24088438     0.75911490
       18     0.00000036     0.21889106     0.78110857
       19     0.00000020     0.20808920     0.79191060
       20     0.00000054     0.20539079     0.79460868
       21     0.00000032     0.20811854     0.79188113
       22     0.00000016     0.21420464     0.78579520
       23     0.00000041     0.22218395     0.77781564
       24     0.00000073     0.23094165     0.76905763
       25     0.00000023     0.23978901     0.76021076
       26     0.00000018     0.24865541     0.75134441
       27     0.00000008     0.25697147     0.74302845
       28     0.00000007     0.26407010     0.73592983
       29     0.00000035     0.26993999     0.73005966
       30     0.00000062     0.27305457     0.72694481
       31     0.00000022     0.27130685     0.72869294
       32     0.00000026     0.26167752     0.73832222
       33     0.00000062     0.24040552     0.75959386
       34     0.00000032     0.20625053     0.79374915
       35     0.00000017     0.16049673     0.83950310
       36     0.00000060     0.11423904     0.88576036
       37     0.00000055     0.09984678     0.90015266
       38     0.00000006     0.14078258     0.85921736
       39     0.00000054     0.21444698     0.78555248
       40     0.00000092     0.28068516     0.71931391
       41     0.00000024     0.33078721     0.66921256
       42     0.00000015     0.39642343     0.60357642
       43     0.00000081     0.53266383     0.46733536
       44     0.00000056     0.81636850     0.18363093
       45     0.00000004     0.93130573     0.06869424
       46     0.00000099     0.95280961     0.04718940
       47     0.00000110     0.95775561     0.04224330
       48     0.00000017     0.95939160     0.04060823
       49     0.00000040     0.96017410     0.03982550
       50     0.00000132     0.96050135     0.03949733
       51     0.00000083     0.96018399     0.03981519
       52     0.00000010     0.95862892     0.04137098
       53     0.00000085     0.95512234     0.04487681
       54     0.00000122     0.94895467     0.05104411
       55     0.00000029     0.93965298     0.06034673
       56     0.00000030     0.92733671     0.07266299
       57     0.00000116     0.91294345     0.08705539
       58     0.00000070     0.89863969     0.10135961
       59     0.00000005     0.88739183     0.11260812
       60     0.00000065     0.88205645     0.11794290
       61     0.00000078     0.88456310     0.11543612
       62     0.00000013     0.89497838     0.10502149
       63     0.00000012     0.91101169     0.08898818
       64     0.00000054     0.92826184     0.07173762
       65     0.00000034     0.94171749     0.05828217
       66     0.00000001     0.94841658     0.05158341
       67     0.00000029     0.94986434     0.05013537
       68     0.00000048     0.95100189     0.04899763
       69     0.00000012     0.95599270     0.04400718
       70     0.00000007     0.96534310     0.03465683
       71     0.00000027     0.97685906     0.02314068
       72     0.00000021     0.98767560     0.01232418
       73     0.00000000     1.00000000     0.00000000
       74     0.00000006     0.99729924     0.00270070
       75     0.00000009     0.99225412     0.00774579
       76     0.00000001     0.98901182     0.01098817
       77     0.00000003     0.98943337     0.01056659
       78     0.00000000     1.00000000     0.00000000
       79     0.00000007     0.99952183     0.00047810
       80     0.00000011     0.99869534     0.00130455
       81     0.00000001     0.99831756     0.00168243
       82     0.00000006     0.99861834     0.00138161
       83     0.00000017     0.99922328     0.00077655
       84     0.00000009     0.99958951     0.00041040
       85     0.00000006     0.99954478     0.00045516
       86     0.00000031     0.99927864     0.00072105
       87     0.00000026     0.99911314     0.00088660
       88     0.00000011     0.99914874     0.00085115
       89     0.00000042     0.99924708     0.00075250
       90     0.00000056     0.99928115     0.00071829
       91     0.00000030     0.99928965     0.00071005
       92     0.00000063     0.99934769     0.00065168
       93     0.00000101     0.99939504     0.00060395
       94     0.00000068     0.99930455     0.00069477
       95     0.00000088     0.99911187     0.00088725
       96     0.00000162     0.99905118     0.00094720
       97     0.00000143     0.99925865     0.00073993
       98     0.00000133     0.99952130     0.00047737
       99     0.00000227     0.99947406     0.00052367
      100     0.00000247     0.99907820     0.00091933
      101     0.00000209     0.99880413     0.00119378
      102     0.00000300     0.99899483     0.00100217
      103     0.00000389     0.99945603     0.00054008
      104     0.00000339     0.99961737     0.00037924
      105     0.00000366     0.99923297     0.00076337
      106     0.00000512     0.99873243     0.00126244
      107     0.00000538     0.99872735     0.00126727
      108     0.00000488     0.99923816     0.00075696
      109     0.00000595     0.99965305     0.00034100
      110     0.00000730     0.99946852     0.00052418
      111     0.00000696     0.99890270     0.00109034
      112     0.00000673     0.99862592     0.00136735
      113     0.00000835     0.99895597     0.00103568
      114     0.00000971     0.99949232     0.00049798
      115     0.00000908     0.99961722     0.00037370
      116     0.00000868     0.99920050     0.00079081
      117     0.00001024     0.99874068     0.00124909
      118     0.00001198     0.99876693     0.00122109
      119     0.00001191     0.99919274     0.00079534
      120     0.00001137     0.99951143     0.00047720
