#     Density Matrix: population Re; see the manual for detail orders
        0     0.00000000     0.00000000     1.00000000
        1     0.00000002     0.00000114     0.99999885
        2     0.00000003     0.00001616     0.99998381
        3     0.00000006     0.00006850     0.99993144
        4     0.00000010     0.00017514     0.99982476
        5     0.00000013     0.00034905     0.99965082
        6     0.00000017     0.00064099     0.99935884
        7     0.00000020     0.00124235     0.99875745
        8     0.00000023     0.00275898     0.99724079
        9     0.00000025     0.00722490     0.99277485
       10     0.00000027     0.02299436     0.97700537
       11     0.00000026     0.09168454     0.90831520
       12     0.00000009     0.66410336     0.33589655
       13     0.00000005     0.54583116     0.45416879
       14     0.00000048     0.17807960     0.82191992
       15     0.00000019     0.08445493     0.91554488
       16     0.00000033     0.04265687     0.95734281
       17     0.00000032     0.02526363     0.97473605
       18     0.00000027     0.01909696     0.98090278
       19     0.00000031     0.01780970     0.98218999
       20     0.00000028     0.01835901     0.98164072
       21     0.00000030     0.01933490     0.98066480
       22     0.00000033     0.02014185     0.97985782
       23     0.00000032     0.02058345     0.97941624
       24     0.00000032     0.02064664     0.97935305
       25     0.00000032     0.02038862     0.97961105
       26     0.00000032     0.01988987     0.98010982
       27     0.00000032     0.01922729     0.98077238
       28     0.00000032     0.01847898     0.98152070
       29     0.00000032     0.01772936     0.98227032
       30     0.00000032     0.01710288     0.98289680
       31     0.00000032     0.01685112     0.98314856
       32     0.00000032     0.01761629     0.98238338
       33     0.00000032     0.02148743     0.97851224
       34     0.00000033     0.03747641     0.96252327
       35     0.00000031     0.12389615     0.87610355
       36     0.00000029     0.43870520     0.56129451
       37     0.00000033     0.77145158     0.22854809
       38     0.00000035     0.88230035     0.11769930
       39     0.00000031     0.91564394     0.08435575
       40     0.00000032     0.92981676     0.07018292
       41     0.00000036     0.93729668     0.06270296
       42     0.00000034     0.94184868     0.05815098
       43     0.00000032     0.94495076     0.05504892
       44     0.00000033     0.94729760     0.05270207
       45     0.00000035     0.94925577     0.05074388
       46     0.00000032     0.95102606     0.04897362
       47     0.00000032     0.95271513     0.04728455
       48     0.00000034     0.95436829     0.04563137
       49     0.00000034     0.95598862     0.04401104
       50     0.00000033     0.95754498     0.04245469
       51     0.00000034     0.95898626     0.04101340
       52     0.00000037     0.96024895     0.03975069
       53     0.00000038     0.96127057     0.03872905
       54     0.00000039     0.96200295     0.03799667
       55     0.00000041     0.96241917     0.03758042
       56     0.00000045     0.96252433     0.03747523
       57     0.00000048     0.96235576     0.03764377
       58     0.00000050     0.96198452     0.03801498
       59     0.00000053     0.96150697     0.03849250
       60     0.00000058     0.96103201     0.03896741
       61     0.00000061     0.96066909     0.03933030
       62     0.00000064     0.96050904     0.03949032
       63     0.00000067     0.96061176     0.03938758
       64     0.00000071     0.96099501     0.03900429
       65     0.00000073     0.96162511     0.03837416
       66     0.00000075     0.96242594     0.03757330
       67     0.00000077     0.96329473     0.03670451
       68     0.00000079     0.96411424     0.03588496
       69     0.00000082     0.96478577     0.03521341
       70     0.00000085     0.96524609     0.03475306
       71     0.00000088     0.96548866     0.03451046
       72     0.00000094     0.96556190     0.03443716
       73     0.00000102     0.96556803     0.03443095
       74     0.00000112     0.96563602     0.03436285
       75     0.00000125     0.96589174     0.03410701
       76     0.00000140     0.96642925     0.03356935
       77     0.00000159     0.96728648     0.03271193
       78     0.00000179     0.96843009     0.03156812
       79     0.00000200     0.96976366     0.03023434
       80     0.00000219     0.97115388     0.02884393
       81     0.00000237     0.97245821     0.02753942
       82     0.00000253     0.97356702     0.02643045
       83     0.00000265     0.97443829     0.02555906
       84     0.00000273     0.97511074     0.02488653
       85     0.00000275     0.97570343     0.02429382
       86     0.00000275     0.97638465     0.02361260
       87     0.00000274     0.97733189     0.02266537
       88     0.00000273     0.97867325     0.02132402
       89     0.00000274     0.98044780     0.01954946
       90     0.00000280     0.98257639     0.01742081
       91     0.00000291     0.98486549     0.01513160
       92     0.00000309     0.98704423     0.01295267
       93     0.00000335     0.98882165     0.01117500
       94     0.00000366     0.98995694     0.01003940
       95     0.00000399     0.99032380     0.00967221
       96     0.00000433     0.98994668     0.01004899
       97     0.00000463     0.98900405     0.01099132
       98     0.00000486     0.98779293     0.01220221
       99     0.00000501     0.98666325     0.01333174
      100     0.00000505     0.98593506     0.01405988
      101     0.00000501     0.98582798     0.01416701
      102     0.00000490     0.98641059     0.01358450
      103     0.00000479     0.98759300     0.01240221
      104     0.00000473     0.98915980     0.01083547
      105     0.00000477     0.99083218     0.00916306
      106     0.00000492     0.99234454     0.00765054
      107     0.00000520     0.99350748     0.00648731
      108     0.00000557     0.99424236     0.00575207
      109     0.00000598     0.99458137     0.00541266
      110     0.00000633     0.99463594     0.00535773
      111     0.00000656     0.99455179     0.00544165
      112     0.00000660     0.99446493     0.00552847
      113     0.00000645     0.99447284     0.00552071
      114     0.00000614     0.99462764     0.00536622
      115     0.00000575     0.99494115     0.00505310
      116     0.00000537     0.99539508     0.00459954
      117     0.00000509     0.99594608     0.00404882
      118     0.00000496     0.99652765     0.00346739
      119     0.00000498     0.99705285     0.00294218
      120     0.00000511     0.99742839     0.00256650
