#     Density Matrix: population Re; see the manual for detail orders
        0     0.00000000     0.00000000     1.00000000
        1     0.00000001     0.00000193     0.99999806
        2     0.00000001     0.00001137     0.99998862
        3     0.00000003     0.00001476     0.99998521
        4     0.00000003     0.00001271     0.99998726
        5     0.00000009     0.00001762     0.99998229
        6     0.00000014     0.00002973     0.99997012
        7     0.00000030     0.00003812     0.99996158
        8     0.00000046     0.00006547     0.99993407
        9     0.00000063     0.00021526     0.99978411
       10     0.00000080     0.00068236     0.99931684
       11     0.00000091     0.00181418     0.99818491
       12     0.00000100     0.00452404     0.99547496
       13     0.00000104     0.01209291     0.98790606
       14     0.00000099     0.03842689     0.96157212
       15     0.00000093     0.14334886     0.85665020
       16     0.00000050     0.41406692     0.58593258
       17     0.00000052     0.57050677     0.42949271
       18     0.00000083     0.44220903     0.55779014
       19     0.00000142     0.34117895     0.65881962
       20     0.00000120     0.28761069     0.71238812
       21     0.00000097     0.26164673     0.73835230
       22     0.00000104     0.25152045     0.74847851
       23     0.00000055     0.24964939     0.75035006
       24     0.00000076     0.25135009     0.74864915
       25     0.00000090     0.25394492     0.74605418
       26     0.00000012     0.25568871     0.74431117
       27     0.00000028     0.25560443     0.74439529
       28     0.00000046     0.25331778     0.74668176
       29     0.00000005     0.24891583     0.75108411
       30     0.00000010     0.24256522     0.75743468
       31     0.00000023     0.23452704     0.76547273
       32     0.00000015     0.22505825     0.77494161
       33     0.00000010     0.21430468     0.78569522
       34     0.00000009     0.20262691     0.79737300
       35     0.00000021     0.19044175     0.80955804
       36     0.00000019     0.17841402     0.82158579
       37     0.00000003     0.16751142     0.83248855
       38     0.00000026     0.15928059     0.84071914
       39     0.00000028     0.15561933     0.84438039
       40     0.00000005     0.15876737     0.84123257
       41     0.00000025     0.17112767     0.82887208
       42     0.00000026     0.19470372     0.80529602
       43     0.00000005     0.23031336     0.76968659
       44     0.00000037     0.27647863     0.72352099
       45     0.00000018     0.32826414     0.67173568
       46     0.00000009     0.37639919     0.62360072
       47     0.00000052     0.40767956     0.59231992
       48     0.00000013     0.40779994     0.59219993
       49     0.00000022     0.36723813     0.63276165
       50     0.00000073     0.28901589     0.71098338
       51     0.00000010     0.19296085     0.80703905
       52     0.00000039     0.11086517     0.88913445
       53     0.00000072     0.07180027     0.92819900
       54     0.00000002     0.08642449     0.91357549
       55     0.00000051     0.14153852     0.85846097
       56     0.00000035     0.20821326     0.79178639
       57     0.00000009     0.25714787     0.74285204
       58     0.00000061     0.27162890     0.72837049
       59     0.00000004     0.25265003     0.74734993
       60     0.00000044     0.21561104     0.78438851
       61     0.00000040     0.18115087     0.81884873
       62     0.00000007     0.16481613     0.83518380
       63     0.00000058     0.17031767     0.82968176
       64     0.00000002     0.18940871     0.81059126
       65     0.00000047     0.20825430     0.79174524
       66     0.00000023     0.21569562     0.78430415
       67     0.00000018     0.20964765     0.79035217
       68     0.00000040     0.19710291     0.80289668
       69     0.00000002     0.18785654     0.81214345
       70     0.00000040     0.18765496     0.81234464
       71     0.00000002     0.19435694     0.80564305
       72     0.00000030     0.20115616     0.79884354
       73     0.00000006     0.20283083     0.79716911
       74     0.00000026     0.19962277     0.80037697
       75     0.00000023     0.19570036     0.80429941
       76     0.00000006     0.19445643     0.80554351
       77     0.00000020     0.19566576     0.80433404
       78     0.00000009     0.19698111     0.80301880
       79     0.00000024     0.19725482     0.80274494
       80     0.00000001     0.19745136     0.80254863
       81     0.00000038     0.19840188     0.80159773
       82     0.00000014     0.19892104     0.80107882
       83     0.00000005     0.19730174     0.80269821
       84     0.00000005     0.19437338     0.80562656
       85     0.00000039     0.19354997     0.80644964
       86     0.00000025     0.19682097     0.80317878
       87     0.00000005     0.20140353     0.79859642
       88     0.00000035     0.20199605     0.79800359
       89     0.00000026     0.19696305     0.80303669
       90     0.00000013     0.19117003     0.80882983
       91     0.00000008     0.19123852     0.80876140
       92     0.00000075     0.19793055     0.80206870
       93     0.00000050     0.20451965     0.79547985
       94     0.00000001     0.20370856     0.79629143
       95     0.00000011     0.19559307     0.80440682
       96     0.00000056     0.18841783     0.81158160
       97     0.00000085     0.18978356     0.81021559
       98     0.00000023     0.19831830     0.80168146
       99     0.00000056     0.20539667     0.79460276
      100     0.00000066     0.20390485     0.79609449
      101     0.00000036     0.19547593     0.80452371
      102     0.00000026     0.18857313     0.81142660
      103     0.00000038     0.18977719     0.81022244
      104     0.00000153     0.19743675     0.80256172
      105     0.00000115     0.20384380     0.79615505
      106     0.00000009     0.20312769     0.79687222
      107     0.00000001     0.19650329     0.80349670
      108     0.00000035     0.19063120     0.80936845
      109     0.00000164     0.19088711     0.80911125
      110     0.00000145     0.19618341     0.80381514
      111     0.00000038     0.20096808     0.79903155
      112     0.00000047     0.20096908     0.79903045
      113     0.00000034     0.19698020     0.80301945
      114     0.00000095     0.19333936     0.80665969
      115     0.00000145     0.19330141     0.80669714
      116     0.00000076     0.19617335     0.80382589
      117     0.00000106     0.19868511     0.80131383
      118     0.00000102     0.19858918     0.80140980
      119     0.00000053     0.19660346     0.80339601
      120     0.00000112     0.19507795     0.80492093
