#     Density Matrix: population Re; see the manual for detail orders
        0     0.00000000     0.00000000     1.00000000
        1     0.00000003     0.00000056     0.99999941
        2     0.00000002     0.00000572     0.99999426
        3     0.00000001     0.00001682     0.99998318
        4     0.00000004     0.00002990     0.99997006
        5     0.00000002     0.00003976     0.99996023
        6     0.00000013     0.00004961     0.99995026
        7     0.00000007     0.00008017     0.99991976
        8     0.00000027     0.00016964     0.99983009
        9     0.00000016     0.00036573     0.99963411
       10     0.00000044     0.00072821     0.99927135
       11     0.00000028     0.00137522     0.99862450
       12     0.00000058     0.00263195     0.99736746
       13     0.00000042     0.00542312     0.99457646
       14     0.00000064     0.01240155     0.98759781
       15     0.00000053     0.03144707     0.96855239
       16     0.00000053     0.08528163     0.91471784
       17     0.00000105     0.29321692     0.70678203
       18     0.00000026     0.55209899     0.44790075
       19     0.00000071     0.51690161     0.48309768
       20     0.00000067     0.42672760     0.57327173
       21     0.00000013     0.37496362     0.62503625
       22     0.00000101     0.32826779     0.67173121
       23     0.00000029     0.29437960     0.70562011
       24     0.00000043     0.27579646     0.72420311
       25     0.00000095     0.27118790     0.72881115
       26     0.00000009     0.27706168     0.72293823
       27     0.00000074     0.28924273     0.71075653
       28     0.00000068     0.30392094     0.69607838
       29     0.00000011     0.31821239     0.68178750
       30     0.00000085     0.33033110     0.66966806
       31     0.00000042     0.33946335     0.66053623
       32     0.00000020     0.34554493     0.65445487
       33     0.00000093     0.34901577     0.65098330
       34     0.00000035     0.35056345     0.64943620
       35     0.00000023     0.35095370     0.64904607
       36     0.00000086     0.35091906     0.64908008
       37     0.00000037     0.35109598     0.64890365
       38     0.00000021     0.35199880     0.64800098
       39     0.00000075     0.35401693     0.64598232
       40     0.00000047     0.35743003     0.64256950
       41     0.00000018     0.36242365     0.63757617
       42     0.00000059     0.36909270     0.63090671
       43     0.00000058     0.37747554     0.62252387
       44     0.00000029     0.38755304     0.61244667
       45     0.00000039     0.39919503     0.60080458
       46     0.00000054     0.41215456     0.58784490
       47     0.00000045     0.42601078     0.57398877
       48     0.00000034     0.44000062     0.55999904
       49     0.00000038     0.45254105     0.54745857
       50     0.00000054     0.45918507     0.54081439
       51     0.00000048     0.43213612     0.56786339
       52     0.00000001     0.04562918     0.95437081
       53     0.00000056     0.09044779     0.90955165
       54     0.00000058     0.08249507     0.91750435
       55     0.00000015     0.05242397     0.94757587
       56     0.00000026     0.02537399     0.97462575
       57     0.00000044     0.01012066     0.98987890
       58     0.00000031     0.00975897     0.99024071
       59     0.00000027     0.02241562     0.97758411
       60     0.00000027     0.04382957     0.95617017
       61     0.00000026     0.06990973     0.93009001
       62     0.00000039     0.09788348     0.90211613
       63     0.00000035     0.12621936     0.87378030
       64     0.00000014     0.15424462     0.84575524
       65     0.00000033     0.18180216     0.81819752
       66     0.00000055     0.20894145     0.79105800
       67     0.00000025     0.23586348     0.76413627
       68     0.00000012     0.26281042     0.73718946
       69     0.00000056     0.29001311     0.70998633
       70     0.00000058     0.31775659     0.68224283
       71     0.00000010     0.34634682     0.65365308
       72     0.00000027     0.37609904     0.62390069
       73     0.00000074     0.40738404     0.59261522
       74     0.00000038     0.44818545     0.55181417
       75     0.00000001     0.49575390     0.50424609
       76     0.00000060     0.53601983     0.46397956
       77     0.00000085     0.56478454     0.43521461
       78     0.00000021     0.58263368     0.41736611
       79     0.00000013     0.59293530     0.40706458
       80     0.00000085     0.59935987     0.40063928
       81     0.00000083     0.60462564     0.39537354
       82     0.00000012     0.61027114     0.38972875
       83     0.00000032     0.61674722     0.38325245
       84     0.00000116     0.62343484     0.37656400
       85     0.00000090     0.62854884     0.37145026
       86     0.00000012     0.62875264     0.37124724
       87     0.00000086     0.61858341     0.38141573
       88     0.00000172     0.58975122     0.41024706
       89     0.00000078     0.53096199     0.46903723
       90     0.00000030     0.43031010     0.56968960
       91     0.00000137     0.28633778     0.71366086
       92     0.00000116     0.13681069     0.86318815
       93     0.00000007     0.08504171     0.91495821
       94     0.00000043     0.21877352     0.78122605
       95     0.00000035     0.45887158     0.54112807
       96     0.00000014     0.64476396     0.35523590
       97     0.00000067     0.71339301     0.28660633
       98     0.00000018     0.69227476     0.30772507
       99     0.00000034     0.63135723     0.36864243
      100     0.00000108     0.57143039     0.42856853
      101     0.00000018     0.53597176     0.46402806
      102     0.00000031     0.53055790     0.46944179
      103     0.00000056     0.54681273     0.45318671
      104     0.00000008     0.56958237     0.43041755
      105     0.00000061     0.58514248     0.41485692
      106     0.00000017     0.58738386     0.41261597
      107     0.00000032     0.57928831     0.42071137
      108     0.00000063     0.56903864     0.43096074
      109     0.00000004     0.56378222     0.43621775
      110     0.00000056     0.56522486     0.43477457
      111     0.00000016     0.56991939     0.43008045
      112     0.00000036     0.57328958     0.42671006
      113     0.00000034     0.57360236     0.42639729
      114     0.00000012     0.57242338     0.42757650
      115     0.00000055     0.57185144     0.42814800
      116     0.00000008     0.57188086     0.42811906
      117     0.00000033     0.57097291     0.42902677
      118     0.00000011     0.56887070     0.43112919
      119     0.00000040     0.56779145     0.43220816
      120     0.00000025     0.57005645     0.42994330
