#     Density Matrix: population Re; see the manual for detail orders
        0     0.00000000     0.00000000     1.00000000
        1     0.00000000     0.00000404     0.99999596
        2     0.00000001     0.00002877     0.99997122
        3     0.00000002     0.00004886     0.99995112
        4     0.00000005     0.00004318     0.99995678
        5     0.00000008     0.00002391     0.99997601
        6     0.00000014     0.00001308     0.99998678
        7     0.00000021     0.00001212     0.99998767
        8     0.00000031     0.00000799     0.99999170
        9     0.00000042     0.00000113     0.99999845
       10     0.00000056     0.00001440     0.99998505
       11     0.00000068     0.00007295     0.99992637
       12     0.00000083     0.00018256     0.99981661
       13     0.00000093     0.00033805     0.99966101
       14     0.00000104     0.00059123     0.99940773
       15     0.00000109     0.00128950     0.99870942
       16     0.00000113     0.00426766     0.99573121
       17     0.00000112     0.02343021     0.97656867
       18     0.00000099     0.27841060     0.72158840
       19     0.00000049     0.80862264     0.19137687
       20     0.00000125     0.45643358     0.54356517
       21     0.00000317     0.37057968     0.62941715
       22     0.00000025     0.34668107     0.65331868
       23     0.00000304     0.33505808     0.66493889
       24     0.00000222     0.33211616     0.66788162
       25     0.00000046     0.33524027     0.66475927
       26     0.00000367     0.34255823     0.65743811
       27     0.00000161     0.35278115     0.64721724
       28     0.00000070     0.36509449     0.63490480
       29     0.00000342     0.37872498     0.62127161
       30     0.00000134     0.39295099     0.60704767
       31     0.00000069     0.40735104     0.59264827
       32     0.00000314     0.42103344     0.57896343
       33     0.00000157     0.43317526     0.56682317
       34     0.00000060     0.44182145     0.55817795
       35     0.00000290     0.44261734     0.55737977
       36     0.00000216     0.43093227     0.56906557
       37     0.00000050     0.39711319     0.60288631
       38     0.00000233     0.32551074     0.67448692
       39     0.00000292     0.20667805     0.79331903
       40     0.00000070     0.07369734     0.92630196
       41     0.00000140     0.01235483     0.98764377
       42     0.00000374     0.04520381     0.95479245
       43     0.00000200     0.12118162     0.87881638
       44     0.00000036     0.20559673     0.79440291
       45     0.00000263     0.29886726     0.70113012
       46     0.00000315     0.41377360     0.58622325
       47     0.00000113     0.51730154     0.48269733
       48     0.00000129     0.73071607     0.26928265
       49     0.00000332     0.84857803     0.15141866
       50     0.00000257     0.89998626     0.10001117
       51     0.00000054     0.92279336     0.07720610
       52     0.00000211     0.93275241     0.06724547
       53     0.00000407     0.93606000     0.06393594
       54     0.00000198     0.93530160     0.06469642
       55     0.00000059     0.93141337     0.06858604
       56     0.00000311     0.92514271     0.07485418
       57     0.00000386     0.91734053     0.08265561
       58     0.00000118     0.90830694     0.09169188
       59     0.00000099     0.89903569     0.10096333
       60     0.00000345     0.89079603     0.10920052
       61     0.00000290     0.88495270     0.11504440
       62     0.00000073     0.88279139     0.11720789
       63     0.00000161     0.88504865     0.11494975
       64     0.00000338     0.89133588     0.10866074
       65     0.00000248     0.89984215     0.10015538
       66     0.00000097     0.90778027     0.09221876
       67     0.00000208     0.91307024     0.08692768
       68     0.00000341     0.91634972     0.08364687
       69     0.00000225     0.92066922     0.07932853
       70     0.00000112     0.92879288     0.07120599
       71     0.00000219     0.94105315     0.05894467
       72     0.00000284     0.95566418     0.04433299
       73     0.00000199     0.97028155     0.02971646
       74     0.00000157     0.98299232     0.01700611
       75     0.00000000     1.00000000     0.00000000
       76     0.00000009     0.99785166     0.00214825
       77     0.00000017     0.99350048     0.00649935
       78     0.00000004     0.98983278     0.01016718
       79     0.00000002     0.98860809     0.01139189
       80     0.00000000     1.00000000     0.00000000
       81     0.00000006     0.99957944     0.00042050
       82     0.00000010     0.99876886     0.00123103
       83     0.00000002     0.99820764     0.00179234
       84     0.00000002     0.99821191     0.00178807
       85     0.00000010     0.99868363     0.00131627
       86     0.00000008     0.99923962     0.00076030
       87     0.00000001     0.99953767     0.00046233
       88     0.00000006     0.99948019     0.00051975
       89     0.00000016     0.99923641     0.00076343
       90     0.00000005     0.99905198     0.00094796
       91     0.00000002     0.99903811     0.00096187
       92     0.00000020     0.99914564     0.00085416
       93     0.00000021     0.99921987     0.00077991
       94     0.00000002     0.99923010     0.00076988
       95     0.00000018     0.99923747     0.00076235
       96     0.00000044     0.99928930     0.00071026
       97     0.00000021     0.99933011     0.00066969
       98     0.00000009     0.99925083     0.00074908
       99     0.00000051     0.99905776     0.00094173
      100     0.00000061     0.99893012     0.00106927
      101     0.00000021     0.99904687     0.00095291
      102     0.00000043     0.99935122     0.00064836
      103     0.00000098     0.99954872     0.00045030
      104     0.00000070     0.99936191     0.00063739
      105     0.00000036     0.99889509     0.00110456
      106     0.00000098     0.99858522     0.00141381
      107     0.00000143     0.99876791     0.00123066
      108     0.00000086     0.99930891     0.00069023
      109     0.00000074     0.99968187     0.00031739
      110     0.00000158     0.99947217     0.00052625
      111     0.00000178     0.99883171     0.00116651
      112     0.00000108     0.99835009     0.00164883
      113     0.00000117     0.99849205     0.00150677
      114     0.00000216     0.99913907     0.00085877
      115     0.00000220     0.99969180     0.00030600
      116     0.00000136     0.99963506     0.00036359
      117     0.00000145     0.99902070     0.00097785
      118     0.00000245     0.99841155     0.00158600
      119     0.00000261     0.99835181     0.00164558
      120     0.00000175     0.99887530     0.00112296
