#     Density Matrix: population Re; see the manual for detail orders
        0     0.00000000     0.00000000     1.00000000
        1     0.00000000     0.00000048     0.99999952
        2     0.00000001     0.00000556     0.99999443
        3     0.00000002     0.00001782     0.99998216
        4     0.00000008     0.00003226     0.99996766
        5     0.00000010     0.00004087     0.99995903
        6     0.00000023     0.00004387     0.99995590
        7     0.00000025     0.00005754     0.99994221
        8     0.00000045     0.00011286     0.99988668
        9     0.00000047     0.00024900     0.99975053
       10     0.00000071     0.00051662     0.99948267
       11     0.00000069     0.00101594     0.99898336
       12     0.00000093     0.00201696     0.99798211
       13     0.00000089     0.00428591     0.99571320
       14     0.00000104     0.01002092     0.98997804
       15     0.00000100     0.02575500     0.97424400
       16     0.00000097     0.07073740     0.92926163
       17     0.00000205     0.25820471     0.74179324
       18     0.00000128     0.54993929     0.45005942
       19     0.00000052     0.58096950     0.41902998
       20     0.00000188     0.49988335     0.50011478
       21     0.00000025     0.42781807     0.57218168
       22     0.00000178     0.37959740     0.62040082
       23     0.00000169     0.35100929     0.64898903
       24     0.00000019     0.33612013     0.66387968
       25     0.00000151     0.32989520     0.67010329
       26     0.00000127     0.32845770     0.67154103
       27     0.00000004     0.32895897     0.67104099
       28     0.00000083     0.32944687     0.67055230
       29     0.00000091     0.32868446     0.67131462
       30     0.00000007     0.32597285     0.67402709
       31     0.00000030     0.32099334     0.67900636
       32     0.00000054     0.31368096     0.68631850
       33     0.00000024     0.30413824     0.69586153
       34     0.00000020     0.29259092     0.70740887
       35     0.00000025     0.27938478     0.72061497
       36     0.00000031     0.26502096     0.73497873
       37     0.00000038     0.25022261     0.74977702
       38     0.00000017     0.23601801     0.76398182
       39     0.00000022     0.22383480     0.77616497
       40     0.00000049     0.21556815     0.78443136
       41     0.00000025     0.21359514     0.78640461
       42     0.00000019     0.22066046     0.77933936
       43     0.00000048     0.23960196     0.76039755
       44     0.00000031     0.27280286     0.72719682
       45     0.00000024     0.32108903     0.67891073
       46     0.00000037     0.38245864     0.61754099
       47     0.00000015     0.45059149     0.54940836
       48     0.00000043     0.51366731     0.48633226
       49     0.00000063     0.55512334     0.44487604
       50     0.00000002     0.55774569     0.44225429
       51     0.00000062     0.51142022     0.48857916
       52     0.00000106     0.42160125     0.57839769
       53     0.00000008     0.31177698     0.68822294
       54     0.00000075     0.21544353     0.78455572
       55     0.00000114     0.16106839     0.83893046
       56     0.00000003     0.15953830     0.84046166
       57     0.00000068     0.20124875     0.79875057
       58     0.00000054     0.26248530     0.73751416
       59     0.00000010     0.31663168     0.68336822
       60     0.00000094     0.34478041     0.65521865
       61     0.00000013     0.34145229     0.65854758
       62     0.00000065     0.31518473     0.68481462
       63     0.00000100     0.28266900     0.71733001
       64     0.00000001     0.26031010     0.73968989
       65     0.00000082     0.25680228     0.74319690
       66     0.00000023     0.26906755     0.73093222
       67     0.00000037     0.28662237     0.71337726
       68     0.00000051     0.29799043     0.70200906
       69     0.00000011     0.29753005     0.70246984
       70     0.00000100     0.28884426     0.71115474
       71     0.00000010     0.27986962     0.72013029
       72     0.00000049     0.27676389     0.72323562
       73     0.00000034     0.27986996     0.72012970
       74     0.00000027     0.28463257     0.71536716
       75     0.00000036     0.28672388     0.71327576
       76     0.00000015     0.28619377     0.71380608
       77     0.00000105     0.28501255     0.71498641
       78     0.00000015     0.28460578     0.71539407
       79     0.00000023     0.28433238     0.71566739
       80     0.00000022     0.28267053     0.71732925
       81     0.00000065     0.28081770     0.71918165
       82     0.00000038     0.28135789     0.71864173
       83     0.00000028     0.28526276     0.71473696
       84     0.00000115     0.28918661     0.71081225
       85     0.00000035     0.28832080     0.71167885
       86     0.00000005     0.28219362     0.71780632
       87     0.00000019     0.27651963     0.72348018
       88     0.00000149     0.27780660     0.72219192
       89     0.00000098     0.28589348     0.71410553
       90     0.00000017     0.29300968     0.70699015
       91     0.00000083     0.29141430     0.70858487
       92     0.00000086     0.28189252     0.71810662
       93     0.00000082     0.27368028     0.72631890
       94     0.00000030     0.27525533     0.72474437
       95     0.00000187     0.28546601     0.71453213
       96     0.00000218     0.29441879     0.70557903
       97     0.00000038     0.29336256     0.70663705
       98     0.00000002     0.28340132     0.71659866
       99     0.00000071     0.27421005     0.72578924
      100     0.00000284     0.27436313     0.72563403
      101     0.00000229     0.28318697     0.71681073
      102     0.00000075     0.29198618     0.70801307
      103     0.00000130     0.29279023     0.70720847
      104     0.00000107     0.28566596     0.71433297
      105     0.00000159     0.27785077     0.72214764
      106     0.00000141     0.27635056     0.72364803
      107     0.00000150     0.28178853     0.71820998
      108     0.00000362     0.28822756     0.71176883
      109     0.00000243     0.28993456     0.71006301
      110     0.00000050     0.28623184     0.71376766
      111     0.00000036     0.28135117     0.71864847
      112     0.00000099     0.27983480     0.72016421
      113     0.00000424     0.28236069     0.71763507
      114     0.00000476     0.28582056     0.71417468
      115     0.00000139     0.28688974     0.71310887
      116     0.00000007     0.28501370     0.71498623
      117     0.00000028     0.28255039     0.71744933
      118     0.00000284     0.28195664     0.71804051
      119     0.00000611     0.28337554     0.71661835
      120     0.00000433     0.28496879     0.71502688
