#     Density Matrix: population Re; see the manual for detail orders
        0     0.00000000     0.00000000     1.00000000
        1     0.00000002     0.00000003     0.99999995
        2     0.00000001     0.00000052     0.99999947
        3     0.00000001     0.00000270     0.99999730
        4     0.00000003     0.00000708     0.99999289
        5     0.00000001     0.00001289     0.99998710
        6     0.00000012     0.00002090     0.99997898
        7     0.00000010     0.00003830     0.99996159
        8     0.00000031     0.00008195     0.99991774
        9     0.00000033     0.00017931     0.99982036
       10     0.00000055     0.00037668     0.99962277
       11     0.00000059     0.00077693     0.99922248
       12     0.00000079     0.00165660     0.99834261
       13     0.00000075     0.00381124     0.99618802
       14     0.00000095     0.00970056     0.99029849
       15     0.00000073     0.02779236     0.97220691
       16     0.00000094     0.08881941     0.91117966
       17     0.00000048     0.26408730     0.73591221
       18     0.00000039     0.47756219     0.52243742
       19     0.00000019     0.47524661     0.52475320
       20     0.00000059     0.35406639     0.64593302
       21     0.00000044     0.24929963     0.75069993
       22     0.00000062     0.18022560     0.81977378
       23     0.00000058     0.13910730     0.86089213
       24     0.00000019     0.11694700     0.88305281
       25     0.00000058     0.10683764     0.89316179
       26     0.00000036     0.10389337     0.89610627
       27     0.00000024     0.10481813     0.89518163
       28     0.00000073     0.10747084     0.89252842
       29     0.00000027     0.11050220     0.88949753
       30     0.00000017     0.11311661     0.88688322
       31     0.00000072     0.11485309     0.88514619
       32     0.00000023     0.11545029     0.88454948
       33     0.00000018     0.11474489     0.88525493
       34     0.00000074     0.11257456     0.88742470
       35     0.00000035     0.10871114     0.89128852
       36     0.00000006     0.10274584     0.89725409
       37     0.00000057     0.09389665     0.90610278
       38     0.00000055     0.08064982     0.91934963
       39     0.00000011     0.05996407     0.94003582
       40     0.00000043     0.02783472     0.97216486
       41     0.00000069     0.03846550     0.96153381
       42     0.00000029     0.32542651     0.67457320
       43     0.00000032     0.63261776     0.36738192
       44     0.00000078     0.75103468     0.24896454
       45     0.00000078     0.80540377     0.19459545
       46     0.00000040     0.83192031     0.16807929
       47     0.00000060     0.84629085     0.15370856
       48     0.00000101     0.85447846     0.14552052
       49     0.00000076     0.85911130     0.14088794
       50     0.00000048     0.86151191     0.13848761
       51     0.00000090     0.86242702     0.13757208
       52     0.00000117     0.86232554     0.13767330
       53     0.00000075     0.86153085     0.13846840
       54     0.00000063     0.86028441     0.13971496
       55     0.00000115     0.85877877     0.14122008
       56     0.00000125     0.85717377     0.14282498
       57     0.00000076     0.85560155     0.14439769
       58     0.00000076     0.85416853     0.14583071
       59     0.00000128     0.85295622     0.14704250
       60     0.00000125     0.85202356     0.14797520
       61     0.00000074     0.85140725     0.14859202
       62     0.00000077     0.85112592     0.14887331
       63     0.00000120     0.85118967     0.14880913
       64     0.00000112     0.85160989     0.14838899
       65     0.00000067     0.85240100     0.14759834
       66     0.00000060     0.85358998     0.14640942
       67     0.00000090     0.85522211     0.14477699
       68     0.00000096     0.85735438     0.14264466
       69     0.00000070     0.86002050     0.13997880
       70     0.00000053     0.86320768     0.13679179
       71     0.00000084     0.86684919     0.13314997
       72     0.00000145     0.87076611     0.12923244
       73     0.00000180     0.87463174     0.12536646
       74     0.00000180     0.87796771     0.12203048
       75     0.00000228     0.88016863     0.11982909
       76     0.00000370     0.88057020     0.11942611
       77     0.00000507     0.87855771     0.12143722
       78     0.00000529     0.87370926     0.12628544
       79     0.00000513     0.86595624     0.13403862
       80     0.00000614     0.85572674     0.14426713
       81     0.00000751     0.84401004     0.15598245
       82     0.00000725     0.83232624     0.16766652
       83     0.00000571     0.82255064     0.17744365
       84     0.00000489     0.81659346     0.18340165
       85     0.00000485     0.81598043     0.18401472
       86     0.00000426     0.82141255     0.17858319
       87     0.00000304     0.83241956     0.16757740
       88     0.00000218     0.84721193     0.15278589
       89     0.00000231     0.86285181     0.13714588
       90     0.00000350     0.87585255     0.12414395
       91     0.00000519     0.88301498     0.11697983
       92     0.00000635     0.88233558     0.11765807
       93     0.00000669     0.87381363     0.12617967
       94     0.00000696     0.85973856     0.14025448
       95     0.00000765     0.84425661     0.15573573
       96     0.00000742     0.83224728     0.16774530
       97     0.00000556     0.82768336     0.17231108
       98     0.00000341     0.83210278     0.16789381
       99     0.00000239     0.84377198     0.15622563
      100     0.00000287     0.85805324     0.14194389
      101     0.00000452     0.86907741     0.13091807
      102     0.00000632     0.87221780     0.12777587
      103     0.00000704     0.86632164     0.13367132
      104     0.00000718     0.85453944     0.14545337
      105     0.00000750     0.84304650     0.15694599
      106     0.00000708     0.83795560     0.16203732
      107     0.00000558     0.84188125     0.15811317
      108     0.00000452     0.85216713     0.14782836
      109     0.00000495     0.86220993     0.13778512
      110     0.00000705     0.86552624     0.13446671
      111     0.00001019     0.86019080     0.13979901
      112     0.00001193     0.85044214     0.14954593
      113     0.00001072     0.84379509     0.15619419
      114     0.00000853     0.84528350     0.15470797
      115     0.00000795     0.85325244     0.14673961
      116     0.00001017     0.86055458     0.13943524
      117     0.00001443     0.86077336     0.13921222
      118     0.00001775     0.85418893     0.14579333
      119     0.00001770     0.84760380     0.15237850
      120     0.00001584     0.84757518     0.15240898
