#     Density Matrix: population Re; see the manual for detail orders
        0     0.00000000     0.00000000     1.00000000
        1     0.00000000     0.00000003     0.99999997
        2     0.00000001     0.00000004     0.99999995
        3     0.00000002     0.00000139     0.99999860
        4     0.00000005     0.00000620     0.99999375
        5     0.00000007     0.00001296     0.99998696
        6     0.00000012     0.00001836     0.99998152
        7     0.00000016     0.00002247     0.99997737
        8     0.00000020     0.00003142     0.99996838
        9     0.00000024     0.00005724     0.99994252
       10     0.00000028     0.00012250     0.99987722
       11     0.00000031     0.00028837     0.99971133
       12     0.00000034     0.00079291     0.99920675
       13     0.00000036     0.00300877     0.99699087
       14     0.00000038     0.02491864     0.97508098
       15     0.00000019     0.50713088     0.49286892
       16     0.00000011     0.59877276     0.40122713
       17     0.00000050     0.24611573     0.75388377
       18     0.00000036     0.18748322     0.81251642
       19     0.00000032     0.15673980     0.84325987
       20     0.00000047     0.13711085     0.86288869
       21     0.00000040     0.12261215     0.87738745
       22     0.00000047     0.11082339     0.88917614
       23     0.00000049     0.10079130     0.89920821
       24     0.00000048     0.09213079     0.90786873
       25     0.00000053     0.08469543     0.91530405
       26     0.00000056     0.07840468     0.92159476
       27     0.00000056     0.07317437     0.92682507
       28     0.00000057     0.06892850     0.93107092
       29     0.00000059     0.06557044     0.93442897
       30     0.00000059     0.06300090     0.93699851
       31     0.00000059     0.06112665     0.93887276
       32     0.00000060     0.05987611     0.94012329
       33     0.00000059     0.05920603     0.94079337
       34     0.00000059     0.05911954     0.94087987
       35     0.00000058     0.05970866     0.94029076
       36     0.00000057     0.06127886     0.93872057
       37     0.00000056     0.06485279     0.93514665
       38     0.00000056     0.07607224     0.92392720
       39     0.00000038     0.43875217     0.56124745
       40     0.00000052     0.92496746     0.07503201
       41     0.00000086     0.97596673     0.02403241
       42     0.00000060     0.97884612     0.02115328
       43     0.00000040     0.97998301     0.02001659
       44     0.00000065     0.98066993     0.01932943
       45     0.00000072     0.98116927     0.01883001
       46     0.00000049     0.98156543     0.01843408
       47     0.00000048     0.98188967     0.01810985
       48     0.00000065     0.98215937     0.01783998
       49     0.00000062     0.98238356     0.01761582
       50     0.00000047     0.98256977     0.01742976
       51     0.00000052     0.98272556     0.01727392
       52     0.00000063     0.98286080     0.01713857
       53     0.00000059     0.98298478     0.01701463
       54     0.00000050     0.98310961     0.01688989
       55     0.00000055     0.98324649     0.01675296
       56     0.00000064     0.98340651     0.01659285
       57     0.00000062     0.98360081     0.01639856
       58     0.00000057     0.98383675     0.01616268
       59     0.00000062     0.98411798     0.01588141
       60     0.00000071     0.98444644     0.01555286
       61     0.00000072     0.98481915     0.01518013
       62     0.00000069     0.98522979     0.01476952
       63     0.00000071     0.98566871     0.01433057
       64     0.00000080     0.98612401     0.01387519
       65     0.00000084     0.98658181     0.01341735
       66     0.00000082     0.98703009     0.01296909
       67     0.00000083     0.98745712     0.01254205
       68     0.00000090     0.98785454     0.01214456
       69     0.00000096     0.98821826     0.01178078
       70     0.00000098     0.98854786     0.01145116
       71     0.00000098     0.98884722     0.01115180
       72     0.00000103     0.98912178     0.01087719
       73     0.00000111     0.98937904     0.01061985
       74     0.00000116     0.98962616     0.01037268
       75     0.00000117     0.98986879     0.01013004
       76     0.00000119     0.99010921     0.00988960
       77     0.00000125     0.99034753     0.00965122
       78     0.00000131     0.99058130     0.00941739
       79     0.00000133     0.99080723     0.00919144
       80     0.00000132     0.99102173     0.00897695
       81     0.00000133     0.99122350     0.00877518
       82     0.00000135     0.99141399     0.00858466
       83     0.00000138     0.99159740     0.00840123
       84     0.00000137     0.99178009     0.00821854
       85     0.00000135     0.99196999     0.00802865
       86     0.00000135     0.99217358     0.00782507
       87     0.00000138     0.99239449     0.00760413
       88     0.00000141     0.99263163     0.00736697
       89     0.00000142     0.99287874     0.00711984
       90     0.00000142     0.99312442     0.00687416
       91     0.00000143     0.99335459     0.00664399
       92     0.00000146     0.99355461     0.00644394
       93     0.00000149     0.99371257     0.00628594
       94     0.00000151     0.99382201     0.00617649
       95     0.00000151     0.99388381     0.00611468
       96     0.00000150     0.99390614     0.00609236
       97     0.00000150     0.99390411     0.00609439
       98     0.00000151     0.99389673     0.00610176
       99     0.00000151     0.99390484     0.00609365
      100     0.00000149     0.99394725     0.00605127
      101     0.00000145     0.99403735     0.00596119
      102     0.00000141     0.99418180     0.00581679
      103     0.00000137     0.99437928     0.00561935
      104     0.00000133     0.99462012     0.00537855
      105     0.00000129     0.99488788     0.00511083
      106     0.00000125     0.99516114     0.00483761
      107     0.00000121     0.99541616     0.00458263
      108     0.00000118     0.99562992     0.00436890
      109     0.00000116     0.99578359     0.00421525
      110     0.00000115     0.99586586     0.00413298
      111     0.00000114     0.99587501     0.00412385
      112     0.00000110     0.99582091     0.00417798
      113     0.00000105     0.99572458     0.00427437
      114     0.00000098     0.99561637     0.00438265
      115     0.00000088     0.99553242     0.00446670
      116     0.00000078     0.99550918     0.00449004
      117     0.00000067     0.99557697     0.00442237
      118     0.00000056     0.99575324     0.00424620
      119     0.00000045     0.99603724     0.00396231
      120     0.00000037     0.99640696     0.00359267
