#     Density Matrix: population Re; see the manual for detail orders
        0     0.00000000     0.00000000     1.00000000
        1     0.00000000     0.00000007     0.99999993
        2     0.00000001     0.00000137     0.99999862
        3     0.00000004     0.00000623     0.99999373
        4     0.00000009     0.00001300     0.99998691
        5     0.00000012     0.00001730     0.99998258
        6     0.00000016     0.00001961     0.99998023
        7     0.00000018     0.00002620     0.99997363
        8     0.00000020     0.00004464     0.99995516
        9     0.00000021     0.00008468     0.99991510
       10     0.00000014     0.62078650     0.37921336
       11     0.00000011     0.83932836     0.16067152
       12     0.00000014     0.90632419     0.09367567
       13     0.00000012     0.88491174     0.11508814
       14     0.00000072     0.37241204     0.62758724
       15     0.00000094     0.21221743     0.78778163
       16     0.00000007     0.51554471     0.48445522
       17     0.00000009     0.85308112     0.14691879
       18     0.00000000     0.95405699     0.04594301
       19     0.00000008     0.95176126     0.04823866
       20     0.00000011     0.94536188     0.05463801
       21     0.00000010     0.94558610     0.05441379
       22     0.00000010     0.94890530     0.05109460
       23     0.00000008     0.95304417     0.04695575
       24     0.00000006     0.95687897     0.04312098
       25     0.00000004     0.95990723     0.04009273
       26     0.00000003     0.96193907     0.03806091
       27     0.00000001     0.96296810     0.03703189
       28     0.00000001     0.96308281     0.03691718
       29     0.00000001     0.96243565     0.03756435
       30     0.00000000     0.96121899     0.03878101
       31     0.00000001     0.95964569     0.04035431
       32     0.00000001     0.95794543     0.04205457
       33     0.00000001     0.95636223     0.04363776
       34     0.00000002     0.95516041     0.04483958
       35     0.00000002     0.95462628     0.04537370
       36     0.00000002     0.95506784     0.04493214
       37     0.00000002     0.95680111     0.04319888
       38     0.00000002     0.96010686     0.03989313
       39     0.00000001     0.96515503     0.03484496
       40     0.00000001     0.97189260     0.02810739
       41     0.00000001     0.97988043     0.02011956
       42     0.00000001     0.98810157     0.01189842
       43     0.00000001     0.99477632     0.00522367
       44     0.00000001     0.99724650     0.00275349
       45     0.00000002     0.99202767     0.00797231
       46     0.00000002     0.97518183     0.02481815
       47     0.00000003     0.94330676     0.05669320
       48     0.00000004     0.89580567     0.10419429
       49     0.00000006     0.83944070     0.16055923
       50     0.00000009     0.79387071     0.20612920
       51     0.00000010     0.78662561     0.21337429
       52     0.00000009     0.82657686     0.17342304
       53     0.00000006     0.88954497     0.11045497
       54     0.00000003     0.94494089     0.05505908
       55     0.00000001     0.97960791     0.02039208
       56     0.00000000     0.99523130     0.00476869
       57     0.00000001     0.99888208     0.00111791
       58     0.00000001     0.99744803     0.00255197
       59     0.00000001     0.99552571     0.00447428
       60     0.00000001     0.99512261     0.00487738
       61     0.00000001     0.99626987     0.00373012
       62     0.00000000     0.99801485     0.00198514
       63     0.00000001     0.99936894     0.00063105
       64     0.00000001     0.99988267     0.00011732
       65     0.00000001     0.99972311     0.00027687
       66     0.00000002     0.99937107     0.00062891
       67     0.00000002     0.99922078     0.00077920
       68     0.00000002     0.99935637     0.00064361
       69     0.00000002     0.99960825     0.00039172
       70     0.00000003     0.99977560     0.00022437
       71     0.00000004     0.99980044     0.00019952
       72     0.00000006     0.99976249     0.00023745
       73     0.00000007     0.99974870     0.00025123
       74     0.00000008     0.99976005     0.00023986
       75     0.00000010     0.99974953     0.00025037
       76     0.00000012     0.99971950     0.00028038
       77     0.00000015     0.99973570     0.00026415
       78     0.00000018     0.99982797     0.00017185
       79     0.00000022     0.99991282     0.00008697
       80     0.00000026     0.99986924     0.00013050
       81     0.00000030     0.99970273     0.00029697
       82     0.00000035     0.99958296     0.00041670
       83     0.00000040     0.99966494     0.00033466
       84     0.00000046     0.99988469     0.00011485
       85     0.00000052     0.99999533     0.00000415
       86     0.00000059     0.99983920     0.00016021
       87     0.00000066     0.99954680     0.00045254
       88     0.00000073     0.99941217     0.00058709
       89     0.00000081     0.99957079     0.00042840
       90     0.00000089     0.99984462     0.00015449
       91     0.00000098     0.99992898     0.00007004
       92     0.00000107     0.99971128     0.00028765
       93     0.00000116     0.99937865     0.00062019
       94     0.00000125     0.99921839     0.00078035
       95     0.00000134     0.99933811     0.00066054
       96     0.00000144     0.99958457     0.00041399
       97     0.00000153     0.99971244     0.00028603
       98     0.00000163     0.99961271     0.00038566
       99     0.00000171     0.99938752     0.00061077
      100     0.00000180     0.99923272     0.00076548
      101     0.00000189     0.99926376     0.00073435
      102     0.00000197     0.99944008     0.00055795
      103     0.00000205     0.99962746     0.00037050
      104     0.00000211     0.99971818     0.00027971
      105     0.00000218     0.99970332     0.00029451
      106     0.00000223     0.99965356     0.00034421
      107     0.00000229     0.99964640     0.00035131
      108     0.00000234     0.99970810     0.00028956
      109     0.00000238     0.99980861     0.00018901
      110     0.00000242     0.99989810     0.00009947
      111     0.00000246     0.99994679     0.00005075
      112     0.00000249     0.99995848     0.00003903
      113     0.00000252     0.99995621     0.00004127
      114     0.00000255     0.99995928     0.00003817
      115     0.00000258     0.99997130     0.00002612
      116     0.00000262     0.99998467     0.00001271
      117     0.00000265     0.99999222     0.00000513
      118     0.00000269     0.99999384     0.00000347
      119     0.00000274     0.99999392     0.00000334
      120     0.00000280     0.99999489     0.00000231
