#     Density Matrix: population Re; see the manual for detail orders
        0     0.00000000     0.00000000     1.00000000
        1     0.00000008     0.00000240     0.99999753
        2     0.00000003     0.00002072     0.99997925
        3     0.00000002     0.00004760     0.99995238
        4     0.00000007     0.00006116     0.99993877
        5     0.00000001     0.00005159     0.99994840
        6     0.00000028     0.00004355     0.99995617
        7     0.00000012     0.00009533     0.99990455
        8     0.00000061     0.00026970     0.99972969
        9     0.00000035     0.00060759     0.99939206
       10     0.00000100     0.00116169     0.99883731
       11     0.00000061     0.00215374     0.99784565
       12     0.00000135     0.00437476     0.99562390
       13     0.00000078     0.01024925     0.98974997
       14     0.00000144     0.02707041     0.97292816
       15     0.00000077     0.07639390     0.92360532
       16     0.00000098     0.20191387     0.79808515
       17     0.00000046     0.38030913     0.61969041
       18     0.00000055     0.43828708     0.56171237
       19     0.00000072     0.36079441     0.63920487
       20     0.00000072     0.26163736     0.73836192
       21     0.00000129     0.18578576     0.81421295
       22     0.00000080     0.13692999     0.86306921
       23     0.00000107     0.10956015     0.89043878
       24     0.00000115     0.09727012     0.90272873
       25     0.00000062     0.09463531     0.90536407
       26     0.00000098     0.09754438     0.90245464
       27     0.00000087     0.10305973     0.89693940
       28     0.00000046     0.10913604     0.89086350
       29     0.00000075     0.11433733     0.88566192
       30     0.00000064     0.11760827     0.88239109
       31     0.00000035     0.11809199     0.88190766
       32     0.00000064     0.11497768     0.88502168
       33     0.00000062     0.10735739     0.89264199
       34     0.00000033     0.09542969     0.90456998
       35     0.00000057     0.07938860     0.92061083
       36     0.00000070     0.05977846     0.94022084
       37     0.00000040     0.03823821     0.96176139
       38     0.00000050     0.01957528     0.98042422
       39     0.00000079     0.01585041     0.98414880
       40     0.00000057     0.04769237     0.95230706
       41     0.00000044     0.12607845     0.87392111
       42     0.00000092     0.25528469     0.74471439
       43     0.00000120     0.40004239     0.59995641
       44     0.00000064     0.51178183     0.48821753
       45     0.00000059     0.58534220     0.41465722
       46     0.00000117     0.63265657     0.36734226
       47     0.00000102     0.66444785     0.33555113
       48     0.00000052     0.68800454     0.31199494
       49     0.00000090     0.71077884     0.28922026
       50     0.00000132     0.73127518     0.26872350
       51     0.00000084     0.75007086     0.24992829
       52     0.00000059     0.76746997     0.23252944
       53     0.00000116     0.78368171     0.21631713
       54     0.00000128     0.79890225     0.20109647
       55     0.00000069     0.81333356     0.18666575
       56     0.00000068     0.82717236     0.17282696
       57     0.00000123     0.84058951     0.15940926
       58     0.00000111     0.85370419     0.14629469
       59     0.00000054     0.86656488     0.13343457
       60     0.00000066     0.87914299     0.12085635
       61     0.00000112     0.89134490     0.10865399
       62     0.00000090     0.90303114     0.09696795
       63     0.00000041     0.91404303     0.08595656
       64     0.00000054     0.92423093     0.07576854
       65     0.00000095     0.93347526     0.06652378
       66     0.00000083     0.94169932     0.05829985
       67     0.00000040     0.94887112     0.05112848
       68     0.00000047     0.95500225     0.04499729
       69     0.00000097     0.96014659     0.03985244
       70     0.00000109     0.96439494     0.03560397
       71     0.00000070     0.96786613     0.03213318
       72     0.00000067     0.97069766     0.02930168
       73     0.00000136     0.97303549     0.02696315
       74     0.00000182     0.97501988     0.02497831
       75     0.00000143     0.97676818     0.02323039
       76     0.00000123     0.97836215     0.02163662
       77     0.00000202     0.97984440     0.02015357
       78     0.00000278     0.98122241     0.01877481
       79     0.00000240     0.98247818     0.01751943
       80     0.00000185     0.98358488     0.01641327
       81     0.00000241     0.98452858     0.01546902
       82     0.00000327     0.98532646     0.01467027
       83     0.00000301     0.98603373     0.01396326
       84     0.00000212     0.98673662     0.01326126
       85     0.00000207     0.98753530     0.01246263
       86     0.00000284     0.98851992     0.01147724
       87     0.00000308     0.98974345     0.01025347
       88     0.00000000     1.00000000     0.00000000
       89     0.00000448     0.99994040     0.00005512
       90     0.00001109     0.99974642     0.00024249
       91     0.00000963     0.99941145     0.00057893
       92     0.00000233     0.99894667     0.00105100
       93     0.00000057     0.99839021     0.00160922
       94     0.00000728     0.99782066     0.00217206
       95     0.00001259     0.99734928     0.00263813
       96     0.00000879     0.99708490     0.00290632
       97     0.00000150     0.99709622     0.00290228
       98     0.00000112     0.99739377     0.00260511
       99     0.00000831     0.99793045     0.00206124
      100     0.00001358     0.99860376     0.00138266
      101     0.00001008     0.99926407     0.00072585
      102     0.00000243     0.99974297     0.00025460
      103     0.00000095     0.99990625     0.00009280
      104     0.00000854     0.99970967     0.00028178
      105     0.00001641     0.99922376     0.00075983
      106     0.00001489     0.99861315     0.00137196
      107     0.00000600     0.99808230     0.00191170
      108     0.00000106     0.99781168     0.00218726
      109     0.00000663     0.99790203     0.00209134
      110     0.00001707     0.99833768     0.00164526
      111     0.00002145     0.99897882     0.00099973
      112     0.00001545     0.99959714     0.00038741
      113     0.00000578     0.99995856     0.00003565
      114     0.00000374     0.99992628     0.00006998
      115     0.00001346     0.99953457     0.00045197
      116     0.00002680     0.99898761     0.00098559
      117     0.00003144     0.99857014     0.00139842
      118     0.00002373     0.99850588     0.00147039
      119     0.00001200     0.99883477     0.00115323
      120     0.00000828     0.99937805     0.00061367
