#     Density Matrix: population Re; see the manual for detail orders
        0     0.00000000     0.00000000     1.00000000
        1     0.00000001     0.00000001     0.99999999
        2     0.00000002     0.00000007     0.99999991
        3     0.00000006     0.00000018     0.99999976
        4     0.00000009     0.00000022     0.99999969
        5     0.00000017     0.00000123     0.99999860
        6     0.00000023     0.00000645     0.99999331
        7     0.00000035     0.00002104     0.99997861
        8     0.00000044     0.00005387     0.99994569
        9     0.00000056     0.00012687     0.99987257
       10     0.00000064     0.00029822     0.99970113
       11     0.00000075     0.00071773     0.99928152
       12     0.00000077     0.00178949     0.99820973
       13     0.00000083     0.00475623     0.99524294
       14     0.00000079     0.01422791     0.98577130
       15     0.00000078     0.05151661     0.94848261
       16     0.00000059     0.21588439     0.78411502
       17     0.00000055     0.61027895     0.38972050
       18     0.00000026     0.60009752     0.39990223
       19     0.00000226     0.45913464     0.54086310
       20     0.00000107     0.37963013     0.62036880
       21     0.00000085     0.33281511     0.66718404
       22     0.00000206     0.30123158     0.69876635
       23     0.00000056     0.27547237     0.72452706
       24     0.00000064     0.25019639     0.74980297
       25     0.00000140     0.22285572     0.77714288
       26     0.00000028     0.19293166     0.80706805
       27     0.00000039     0.16126513     0.83873448
       28     0.00000102     0.12983793     0.87016105
       29     0.00000021     0.10076749     0.89923230
       30     0.00000021     0.07584696     0.92415283
       31     0.00000078     0.05575346     0.94424576
       32     0.00000026     0.04035621     0.95964352
       33     0.00000010     0.02887333     0.97112657
       34     0.00000049     0.02027064     0.97972887
       35     0.00000028     0.01374006     0.98625966
       36     0.00000000     1.00000000     0.00000000
       37     0.00000061     0.99967364     0.00032576
       38     0.00000099     0.99862745     0.00137156
       39     0.00000023     0.99671860     0.00328117
       40     0.00000015     0.99375413     0.00624572
       41     0.00000090     0.98956129     0.01043781
       42     0.00000065     0.98387644     0.01612291
       43     0.00000001     0.97647276     0.02352723
       44     0.00000048     0.96740856     0.03259096
       45     0.00000080     0.95693948     0.04305972
       46     0.00000019     0.94578751     0.05421231
       47     0.00000011     0.93522329     0.06477660
       48     0.00000063     0.92702487     0.07297449
       49     0.00000037     0.92318109     0.07681853
       50     0.00000000     0.92523331     0.07476669
       51     0.00000036     0.93344167     0.06655797
       52     0.00000049     0.94614905     0.05385046
       53     0.00000011     0.96005497     0.03994492
       54     0.00000009     0.97158491     0.02841500
       55     0.00000042     0.97856024     0.02143935
       56     0.00000035     0.98109033     0.01890932
       57     0.00000004     0.98118368     0.01881628
       58     0.00000021     0.98139461     0.01860519
       59     0.00000041     0.98343586     0.01656373
       60     0.00000018     0.98749599     0.01250382
       61     0.00000000     1.00000000     0.00000000
       62     0.00000010     0.99792067     0.00207923
       63     0.00000017     0.99377204     0.00622779
       64     0.00000004     0.99061618     0.00938378
       65     0.00000003     0.99024887     0.00975110
       66     0.00000013     0.99245567     0.00754419
       67     0.00000011     0.99549468     0.00450521
       68     0.00000001     0.99742231     0.00257768
       69     0.00000011     0.99737860     0.00262129
       70     0.00000025     0.99598141     0.00401834
       71     0.00000009     0.99462531     0.00537460
       72     0.00000007     0.99431483     0.00568510
       73     0.00000027     0.99499285     0.00500688
       74     0.00000025     0.99584053     0.00415922
       75     0.00000010     0.99616046     0.00383945
       76     0.00000033     0.99593671     0.00406296
       77     0.00000054     0.99562994     0.00436952
       78     0.00000029     0.99553855     0.00446116
       79     0.00000033     0.99553665     0.00446302
       80     0.00000078     0.99542030     0.00457892
       81     0.00000074     0.99531000     0.00468927
       82     0.00000051     0.99550582     0.00449367
       83     0.00000105     0.99597797     0.00402098
       84     0.00000140     0.99620637     0.00379223
       85     0.00000098     0.99578069     0.00421833
       86     0.00000113     0.99501038     0.00498849
       87     0.00000204     0.99474783     0.00525013
       88     0.00000214     0.99541761     0.00458024
       89     0.00000171     0.99639847     0.00359982
       90     0.00000239     0.99656171     0.00343590
       91     0.00000324     0.99560036     0.00439639
       92     0.00000303     0.99449739     0.00549958
       93     0.00000283     0.99448591     0.00551125
       94     0.00000396     0.99561671     0.00437933
       95     0.00000484     0.99668057     0.00331459
       96     0.00000420     0.99650049     0.00349531
       97     0.00000411     0.99525745     0.00473844
       98     0.00000560     0.99429734     0.00569706
       99     0.00000676     0.99464127     0.00535197
      100     0.00000623     0.99588543     0.00410834
      101     0.00000583     0.99668342     0.00331075
      102     0.00000698     0.99623245     0.00376057
      103     0.00000828     0.99509502     0.00489670
      104     0.00000826     0.99450833     0.00548341
      105     0.00000785     0.99503906     0.00495309
      106     0.00000914     0.99604563     0.00394523
      107     0.00001083     0.99644561     0.00354356
      108     0.00001047     0.99592762     0.00406191
      109     0.00000922     0.99515774     0.00483304
      110     0.00000970     0.99496041     0.00502989
      111     0.00001302     0.99546496     0.00452202
      112     0.00001545     0.99604511     0.00393944
      113     0.00001488     0.99609282     0.00389230
      114     0.00001273     0.99566505     0.00432221
      115     0.00001276     0.99530763     0.00467962
      116     0.00001665     0.99538287     0.00460048
      117     0.00002237     0.99572527     0.00425236
      118     0.00002518     0.99590750     0.00406732
      119     0.00002340     0.99577332     0.00420328
      120     0.00002131     0.99555196     0.00442673
