#     Density Matrix: population Re; see the manual for detail orders
        0     0.00000000     0.00000000     1.00000000
        1     0.00000000     0.00000528     0.99999472
        2     0.00000001     0.00004843     0.99995157
        3     0.00000001     0.00012587     0.99987412
        4     0.00000004     0.00019912     0.99980084
        5     0.00000007     0.00023087     0.99976906
        6     0.00000012     0.00023601     0.99976386
        7     0.00000017     0.00033053     0.99966930
        8     0.00000023     0.00078698     0.99921279
        9     0.00000030     0.00219617     0.99780353
       10     0.00000034     0.00617781     0.99382185
       11     0.00000042     0.01895648     0.98104310
       12     0.00000038     0.07308608     0.92691354
       13     0.00000036     0.31767392     0.68232572
       14     0.00000006     0.62904336     0.37095658
       15     0.00000076     0.47173595     0.52826329
       16     0.00000104     0.28979068     0.71020828
       17     0.00000007     0.23290493     0.76709500
       18     0.00000141     0.19882615     0.80117244
       19     0.00000041     0.18046099     0.81953860
       20     0.00000048     0.17225171     0.82774781
       21     0.00000135     0.17023173     0.82976693
       22     0.00000006     0.17169932     0.82830063
       23     0.00000087     0.17488645     0.82511268
       24     0.00000103     0.17868192     0.82131705
       25     0.00000001     0.18242136     0.81757864
       26     0.00000113     0.18570515     0.81429372
       27     0.00000084     0.18834416     0.81165501
       28     0.00000005     0.19022509     0.80977487
       29     0.00000129     0.19121728     0.80878143
       30     0.00000091     0.19117207     0.80882702
       31     0.00000002     0.18983215     0.81016783
       32     0.00000111     0.18682669     0.81317220
       33     0.00000115     0.18156226     0.81843658
       34     0.00000003     0.17321382     0.82678615
       35     0.00000080     0.16042624     0.83957297
       36     0.00000141     0.14228176     0.85771683
       37     0.00000026     0.11931419     0.88068554
       38     0.00000034     0.09516615     0.90483351
       39     0.00000148     0.09119152     0.90880700
       40     0.00000082     0.17370384     0.82629534
       41     0.00000001     0.33634069     0.66365930
       42     0.00000116     0.43556433     0.56443451
       43     0.00000158     0.44774466     0.55225376
       44     0.00000030     0.42383190     0.57616780
       45     0.00000026     0.39895348     0.60104626
       46     0.00000116     0.38733770     0.61266114
       47     0.00000070     0.54958375     0.45041555
       48     0.00000002     0.69498324     0.30501674
       49     0.00000104     0.78685747     0.21314149
       50     0.00000163     0.84048567     0.15951271
       51     0.00000037     0.87223954     0.12776010
       52     0.00000029     0.89150074     0.10849897
       53     0.00000174     0.90315447     0.09684379
       54     0.00000141     0.90984003     0.09015856
       55     0.00000006     0.91308805     0.08691189
       56     0.00000094     0.91386275     0.08613631
       57     0.00000209     0.91255292     0.08744499
       58     0.00000085     0.90979791     0.09020124
       59     0.00000011     0.90643894     0.09356095
       60     0.00000159     0.90353411     0.09646429
       61     0.00000182     0.90217821     0.09781997
       62     0.00000027     0.90336898     0.09663075
       63     0.00000042     0.90779594     0.09220364
       64     0.00000170     0.91557875     0.08441955
       65     0.00000112     0.92612027     0.07387861
       66     0.00000002     0.93809851     0.06190147
       67     0.00000068     0.94946261     0.05053671
       68     0.00000146     0.95766012     0.04233842
       69     0.00000064     0.96053542     0.03946394
       70     0.00000003     0.95778919     0.04221077
       71     0.00000092     0.95229876     0.04770033
       72     0.00000127     0.94877043     0.05122830
       73     0.00000033     0.95048589     0.04951378
       74     0.00000016     0.95753973     0.04246011
       75     0.00000080     0.96782474     0.03217446
       76     0.00000071     0.97883256     0.02116673
       77     0.00000022     0.98851486     0.01148493
       78     0.00000000     1.00000000     0.00000000
       79     0.00000015     0.99728150     0.00271835
       80     0.00000024     0.99195342     0.00804635
       81     0.00000003     0.98809967     0.01190030
       82     0.00000005     0.98797382     0.01202613
       83     0.00000000     1.00000000     0.00000000
       84     0.00000011     0.99941155     0.00058834
       85     0.00000018     0.99834865     0.00165117
       86     0.00000004     0.99779621     0.00220375
       87     0.00000003     0.99811971     0.00188026
       88     0.00000018     0.99891785     0.00108197
       89     0.00000017     0.99949314     0.00050668
       90     0.00000002     0.99948804     0.00051195
       91     0.00000018     0.99911623     0.00088359
       92     0.00000039     0.99883565     0.00116396
       93     0.00000018     0.99886319     0.00113663
       94     0.00000012     0.99904471     0.00095517
       95     0.00000057     0.99914593     0.00085351
       96     0.00000067     0.99914250     0.00085684
       97     0.00000031     0.99915524     0.00084444
       98     0.00000067     0.99919415     0.00080519
       99     0.00000126     0.99912973     0.00086901
      100     0.00000098     0.99894334     0.00105568
      101     0.00000081     0.99885098     0.00114821
      102     0.00000174     0.99904022     0.00095804
      103     0.00000219     0.99934122     0.00065660
      104     0.00000156     0.99935700     0.00064145
      105     0.00000186     0.99898401     0.00101413
      106     0.00000318     0.99863389     0.00136294
      107     0.00000331     0.99876372     0.00123297
      108     0.00000262     0.99926054     0.00073683
      109     0.00000343     0.99951840     0.00047818
      110     0.00000488     0.99918405     0.00081107
      111     0.00000472     0.99863252     0.00136276
      112     0.00000403     0.99852992     0.00146605
      113     0.00000512     0.99900899     0.00098589
      114     0.00000678     0.99949683     0.00049639
      115     0.00000653     0.99941154     0.00058193
      116     0.00000553     0.99886832     0.00112615
      117     0.00000638     0.99851908     0.00147453
      118     0.00000852     0.99876357     0.00122791
      119     0.00000889     0.99928960     0.00070150
      120     0.00000750     0.99948247     0.00051003
