#     Density Matrix: population Re; see the manual for detail orders
        0     0.00000000     0.00000000     1.00000000
        1     0.00000001     0.00000242     0.99999757
        2     0.00000000     0.00001992     0.99998008
        3     0.00000000     0.00004175     0.99995824
        4     0.00000001     0.00004601     0.99995398
        5     0.00000001     0.00003136     0.99996863
        6     0.00000009     0.00003202     0.99996789
        7     0.00000017     0.00010133     0.99989850
        8     0.00000039     0.00028038     0.99971923
        9     0.00000054     0.00058559     0.99941387
       10     0.00000078     0.00107087     0.99892835
       11     0.00000089     0.00201764     0.99798147
       12     0.00000108     0.00435995     0.99563897
       13     0.00000106     0.01083520     0.98916374
       14     0.00000119     0.02972120     0.97027761
       15     0.00000096     0.08605552     0.91394352
       16     0.00000089     0.22785703     0.77214208
       17     0.00000044     0.40895407     0.59104549
       18     0.00000055     0.44269877     0.55730069
       19     0.00000072     0.35369819     0.64630109
       20     0.00000095     0.25741352     0.74258554
       21     0.00000115     0.18781974     0.81217911
       22     0.00000104     0.14429541     0.85570356
       23     0.00000109     0.12019563     0.87980328
       24     0.00000099     0.10915370     0.89084532
       25     0.00000084     0.10616369     0.89383547
       26     0.00000090     0.10757182     0.89242727
       27     0.00000077     0.11079667     0.88920256
       28     0.00000065     0.11401365     0.88598570
       29     0.00000071     0.11589175     0.88410754
       30     0.00000060     0.11540820     0.88459120
       31     0.00000051     0.11172577     0.88827372
       32     0.00000059     0.10407383     0.89592558
       33     0.00000054     0.09206105     0.90793841
       34     0.00000047     0.07647508     0.92352445
       35     0.00000055     0.05801306     0.94198639
       36     0.00000056     0.03778754     0.96221190
       37     0.00000048     0.01800368     0.98199583
       38     0.00000000     0.00000000     1.00000000
       39     0.00000143     0.01042686     0.98957171
       40     0.00000207     0.04962070     0.95037723
       41     0.00000031     0.12316445     0.87683524
       42     0.00000058     0.22400614     0.77599328
       43     0.00000221     0.34067421     0.65932358
       44     0.00000116     0.47216624     0.52783261
       45     0.00000006     0.64207196     0.35792798
       46     0.00000218     0.81767340     0.18232442
       47     0.00000268     0.92526263     0.07473469
       48     0.00000035     0.97041255     0.02958710
       49     0.00000087     0.98675216     0.01324697
       50     0.00000000     1.00000000     0.00000000
       51     0.00000221     0.99909434     0.00090345
       52     0.00000375     0.99740852     0.00258773
       53     0.00000103     0.99575164     0.00424732
       54     0.00000043     0.99445519     0.00554438
       55     0.00000358     0.99366259     0.00633384
       56     0.00000339     0.99342488     0.00657172
       57     0.00000029     0.99371065     0.00628906
       58     0.00000149     0.99440849     0.00559003
       59     0.00000457     0.99533453     0.00466090
       60     0.00000267     0.99621300     0.00378433
       61     0.00000009     0.99664887     0.00335104
       62     0.00000295     0.99613602     0.00386104
       63     0.00000517     0.99408685     0.00590798
       64     0.00000181     0.98986389     0.01013431
       65     0.00000054     0.98285878     0.01714068
       66     0.00000459     0.97265460     0.02734081
       67     0.00000498     0.95924922     0.04074580
       68     0.00000083     0.94330878     0.05669040
       69     0.00000154     0.92641405     0.07358441
       70     0.00000525     0.91113797     0.08885678
       71     0.00000338     0.90069686     0.09929976
       72     0.00000012     0.89810286     0.10189702
       73     0.00000195     0.90502546     0.09497259
       74     0.00000403     0.92090554     0.07909042
       75     0.00000205     0.94278103     0.05721692
       76     0.00000001     0.96597702     0.03402297
       77     0.00000164     0.98530639     0.01469197
       78     0.00000000     1.00000000     0.00000000
       79     0.00000251     0.99622706     0.00377043
       80     0.00000464     0.98680188     0.01319348
       81     0.00000165     0.97606992     0.02392844
       82     0.00000015     0.96888957     0.03111027
       83     0.00000279     0.96848404     0.03151317
       84     0.00000344     0.97481890     0.02517765
       85     0.00000109     0.98452110     0.01547781
       86     0.00000000     1.00000000     0.00000000
       87     0.00000166     0.99873501     0.00126334
       88     0.00000310     0.99609143     0.00390547
       89     0.00000121     0.99409715     0.00590163
       90     0.00000005     0.99410833     0.00589163
       91     0.00000184     0.99595812     0.00404004
       92     0.00000293     0.99818547     0.00181160
       93     0.00000111     0.99920540     0.00079349
       94     0.00000010     0.99853826     0.00146164
       95     0.00000244     0.99709860     0.00289897
       96     0.00000340     0.99629285     0.00370375
       97     0.00000104     0.99674169     0.00325727
       98     0.00000025     0.99782273     0.00217703
       99     0.00000312     0.99843253     0.00156435
      100     0.00000451     0.99812821     0.00186728
      101     0.00000156     0.99745060     0.00254784
      102     0.00000067     0.99718403     0.00281531
      103     0.00000445     0.99748977     0.00250578
      104     0.00000637     0.99788511     0.00210853
      105     0.00000303     0.99794006     0.00205691
      106     0.00000153     0.99773833     0.00226014
      107     0.00000654     0.99760567     0.00238778
      108     0.00000998     0.99763181     0.00235820
      109     0.00000643     0.99767031     0.00232326
      110     0.00000333     0.99767271     0.00232395
      111     0.00000879     0.99773447     0.00225674
      112     0.00001586     0.99782103     0.00216311
      113     0.00001404     0.99775086     0.00223510
      114     0.00000827     0.99754613     0.00244560
      115     0.00001084     0.99750870     0.00248046
      116     0.00002195     0.99775391     0.00222414
      117     0.00002748     0.99793600     0.00203651
      118     0.00002203     0.99773729     0.00224068
      119     0.00001726     0.99741883     0.00256392
      120     0.00002491     0.99747459     0.00250050
