#     Density Matrix: population Re; see the manual for detail orders
        0     0.00000000     0.00000000     1.00000000
        1     0.00000002     0.00000056     0.99999942
        2     0.00000001     0.00000588     0.99999411
        3     0.00000001     0.00001607     0.99998392
        4     0.00000002     0.00002276     0.99997723
        5     0.00000000     0.00001965     0.99998035
        6     0.00000006     0.00001197     0.99998797
        7     0.00000008     0.00000836     0.99999155
        8     0.00000032     0.00000699     0.99999269
        9     0.00000051     0.00001300     0.99998648
       10     0.00000075     0.00006340     0.99993585
       11     0.00000087     0.00018840     0.99981073
       12     0.00000106     0.00039933     0.99959962
       13     0.00000102     0.00078687     0.99921211
       14     0.00000123     0.00188595     0.99811282
       15     0.00000102     0.00651812     0.99348086
       16     0.00000082     0.03600716     0.96399202
       17     0.00000074     0.35294602     0.64705325
       18     0.00000006     0.74886243     0.25113751
       19     0.00000151     0.33002499     0.66997350
       20     0.00000265     0.23317834     0.76681901
       21     0.00000059     0.20112371     0.79887570
       22     0.00000051     0.19088519     0.80911430
       23     0.00000007     0.18816378     0.81183615
       24     0.00000018     0.18690084     0.81309897
       25     0.00000030     0.18667683     0.81332287
       26     0.00000000     0.18708377     0.81291623
       27     0.00000025     0.18775440     0.81224535
       28     0.00000017     0.18840297     0.81159685
       29     0.00000001     0.18882655     0.81117344
       30     0.00000022     0.18891298     0.81108680
       31     0.00000009     0.18862175     0.81137816
       32     0.00000006     0.18796603     0.81203391
       33     0.00000036     0.18698869     0.81301095
       34     0.00000014     0.18576446     0.81423540
       35     0.00000005     0.18436573     0.81563421
       36     0.00000041     0.18286029     0.81713930
       37     0.00000020     0.18131088     0.81868892
       38     0.00000003     0.17977050     0.82022947
       39     0.00000045     0.17828483     0.82171472
       40     0.00000031     0.17689248     0.82310722
       41     0.00000000     0.17563141     0.82436859
       42     0.00000044     0.17453312     0.82546645
       43     0.00000049     0.17362462     0.82637489
       44     0.00000002     0.17294007     0.82705991
       45     0.00000031     0.17252872     0.82747097
       46     0.00000059     0.17249976     0.82749965
       47     0.00000012     0.17330214     0.82669774
       48     0.00000016     0.17937802     0.82062182
       49     0.00000058     0.38607641     0.61392300
       50     0.00000022     0.70800925     0.29199053
       51     0.00000014     0.73820716     0.26179270
       52     0.00000086     0.72947644     0.27052270
       53     0.00000061     0.71395938     0.28604001
       54     0.00000000     0.69521204     0.30478796
       55     0.00000055     0.67473774     0.32526171
       56     0.00000099     0.65386206     0.34613695
       57     0.00000026     0.63382810     0.36617164
       58     0.00000016     0.61572619     0.38427365
       59     0.00000110     0.60043920     0.39955971
       60     0.00000096     0.58852487     0.41147418
       61     0.00000010     0.58014444     0.41985546
       62     0.00000082     0.57508707     0.42491211
       63     0.00000176     0.57273513     0.42726310
       64     0.00000079     0.57214094     0.42785827
       65     0.00000046     0.57206603     0.42793351
       66     0.00000213     0.57095427     0.42904360
       67     0.00000219     0.56693521     0.43306260
       68     0.00000065     0.55798428     0.44201507
       69     0.00000178     0.54209947     0.45789875
       70     0.00000345     0.51764696     0.48234959
       71     0.00000167     0.48398294     0.51601540
       72     0.00000093     0.44203408     0.55796499
       73     0.00000269     0.39521679     0.60478052
       74     0.00000208     0.34980488     0.65019304
       75     0.00000034     0.31463880     0.68536085
       76     0.00000100     0.29970193     0.70029707
       77     0.00000118     0.31311015     0.68688867
       78     0.00000018     0.35724890     0.64275092
       79     0.00000019     0.42550092     0.57449888
       80     0.00000011     0.50160689     0.49839301
       81     0.00000050     0.56358026     0.43641924
       82     0.00000122     0.59162277     0.40837601
       83     0.00000031     0.57687365     0.42312604
       84     0.00000101     0.52666906     0.47332993
       85     0.00000181     0.46281593     0.53718226
       86     0.00000038     0.41249381     0.58750582
       87     0.00000048     0.39579831     0.60420121
       88     0.00000063     0.41600109     0.58399828
       89     0.00000009     0.45804052     0.54195939
       90     0.00000049     0.49689044     0.50310907
       91     0.00000003     0.51170323     0.48829674
       92     0.00000105     0.49770260     0.50229635
       93     0.00000116     0.46818535     0.53181349
       94     0.00000008     0.44488245     0.55511747
       95     0.00000066     0.44264195     0.55735739
       96     0.00000021     0.45943198     0.54056781
       97     0.00000045     0.47925876     0.52074079
       98     0.00000014     0.48593153     0.51406833
       99     0.00000080     0.47633273     0.52366647
      100     0.00000151     0.46170390     0.53829459
      101     0.00000016     0.45605373     0.54394611
      102     0.00000012     0.46283442     0.53716546
      103     0.00000035     0.47302933     0.52697032
      104     0.00000157     0.47586079     0.52413763
      105     0.00000088     0.47010853     0.52989059
      106     0.00000080     0.46378220     0.53621700
      107     0.00000143     0.46373531     0.53626326
      108     0.00000111     0.46828838     0.53171051
      109     0.00000094     0.47108249     0.52891657
      110     0.00000147     0.46963803     0.53036050
      111     0.00000378     0.46717325     0.53282297
      112     0.00000258     0.46681213     0.53318530
      113     0.00000102     0.46773563     0.53226336
      114     0.00000175     0.46807689     0.53192136
      115     0.00000595     0.46821868     0.53177537
      116     0.00000697     0.46890212     0.53109090
      117     0.00000321     0.46882219     0.53117460
      118     0.00000238     0.46710658     0.53289104
      119     0.00000690     0.46616522     0.53382787
      120     0.00001323     0.46820934     0.53177743
