#     Density Matrix: population Re; see the manual for detail orders
        0     0.00000000     0.00000000     1.00000000
        1     0.00000000     0.00000011     0.99999989
        2     0.00000001     0.00000154     0.99999845
        3     0.00000003     0.00000599     0.99999397
        4     0.00000007     0.00001366     0.99998627
        5     0.00000010     0.00002464     0.99997525
        6     0.00000015     0.00004345     0.99995640
        7     0.00000019     0.00008437     0.99991544
        8     0.00000024     0.00018129     0.99981848
        9     0.00000028     0.00042177     0.99957795
       10     0.00000031     0.00108025     0.99891943
       11     0.00000034     0.00323513     0.99676452
       12     0.00000037     0.01269593     0.98730371
       13     0.00000037     0.07917004     0.92082960
       14     0.00000015     0.75644061     0.24355924
       15     0.00000002     0.51674736     0.48325261
       16     0.00000081     0.15248372     0.84751548
       17     0.00000024     0.08048275     0.91951700
       18     0.00000045     0.05032977     0.94966978
       19     0.00000046     0.03755228     0.96244726
       20     0.00000037     0.03226551     0.96773412
       21     0.00000047     0.03009885     0.96990068
       22     0.00000046     0.02907637     0.97092317
       23     0.00000055     0.02834200     0.97165745
       24     0.00000066     0.02753659     0.97246275
       25     0.00000037     0.02652780     0.97347183
       26     0.00000048     0.02529159     0.97470794
       27     0.00000059     0.02381996     0.97617945
       28     0.00000039     0.02213335     0.97786626
       29     0.00000038     0.02024945     0.97975017
       30     0.00000047     0.01820270     0.98179683
       31     0.00000037     0.01613243     0.98386721
       32     0.00000031     0.01454915     0.98545054
       33     0.00000034     0.01548774     0.98451192
       34     0.00000036     0.02898546     0.97101418
       35     0.00000026     0.11589447     0.88410527
       36     0.00000028     0.41434632     0.58565340
       37     0.00000042     0.72954331     0.27045627
       38     0.00000032     0.85411099     0.14588869
       39     0.00000015     0.90046549     0.09953436
       40     0.00000019     0.92848691     0.07151290
       41     0.00000028     0.95146517     0.04853455
       42     0.00000033     0.97128985     0.02870982
       43     0.00000029     0.98507344     0.01492627
       44     0.00000031     0.99343825     0.00656144
       45     0.00000041     0.99746838     0.00253121
       46     0.00000038     0.99837208     0.00162753
       47     0.00000032     0.99725135     0.00274834
       48     0.00000041     0.99498102     0.00501857
       49     0.00000047     0.99219106     0.00780848
       50     0.00000042     0.98930574     0.01069383
       51     0.00000047     0.98660863     0.01339090
       52     0.00000059     0.98426527     0.01573413
       53     0.00000064     0.98236160     0.01763776
       54     0.00000063     0.98094826     0.01905111
       55     0.00000072     0.98003275     0.01996653
       56     0.00000086     0.97959800     0.02040115
       57     0.00000090     0.97958872     0.02041038
       58     0.00000097     0.97991583     0.02008320
       59     0.00000117     0.98047145     0.01952738
       60     0.00000137     0.98112279     0.01887584
       61     0.00000150     0.98171406     0.01828444
       62     0.00000168     0.98206577     0.01793255
       63     0.00000197     0.98199088     0.01800714
       64     0.00000226     0.98129901     0.01869873
       65     0.00000244     0.97982529     0.02017227
       66     0.00000265     0.97746882     0.02252853
       67     0.00000292     0.97418197     0.02581510
       68     0.00000318     0.97004764     0.02994918
       69     0.00000329     0.96530424     0.03469247
       70     0.00000338     0.96036107     0.03963555
       71     0.00000343     0.95581121     0.04418536
       72     0.00000337     0.95229642     0.04770021
       73     0.00000322     0.95053110     0.04946568
       74     0.00000308     0.95113801     0.04885891
       75     0.00000297     0.95445252     0.04554451
       76     0.00000287     0.96041401     0.03958311
       77     0.00000270     0.96847411     0.03152319
       78     0.00000257     0.97761786     0.02237957
       79     0.00000257     0.98651135     0.01348608
       80     0.00000267     0.99379745     0.00619988
       81     0.00000276     0.99840140     0.00159584
       82     0.00000287     0.99987200     0.00012513
       83     0.00000299     0.99854300     0.00145402
       84     0.00000285     0.99546541     0.00453174
       85     0.00000271     0.99208233     0.00791496
       86     0.00000268     0.98977104     0.01022629
       87     0.00000258     0.98938606     0.01061136
       88     0.00000237     0.99098349     0.00901414
       89     0.00000218     0.99386445     0.00613337
       90     0.00000211     0.99691625     0.00308164
       91     0.00000215     0.99912187     0.00087598
       92     0.00000230     0.99997325     0.00002445
       93     0.00000241     0.99964832     0.00034927
       94     0.00000228     0.99880841     0.00118932
       95     0.00000202     0.99817365     0.00182432
       96     0.00000202     0.99815094     0.00184704
       97     0.00000202     0.99868239     0.00131560
       98     0.00000197     0.99938637     0.00061166
       99     0.00000203     0.99986265     0.00013532
      100     0.00000223     0.99995346     0.00004432
      101     0.00000231     0.99978518     0.00021251
      102     0.00000227     0.99961386     0.00038387
      103     0.00000237     0.99960772     0.00038991
      104     0.00000263     0.99975145     0.00024592
      105     0.00000292     0.99991075     0.00008633
      106     0.00000318     0.99997502     0.00002180
      107     0.00000343     0.99994457     0.00005201
      108     0.00000379     0.99989834     0.00009787
      109     0.00000434     0.99989913     0.00009653
      110     0.00000504     0.99994141     0.00005355
      111     0.00000589     0.99997867     0.00001543
      112     0.00000682     0.99998353     0.00000965
      113     0.00000784     0.99996949     0.00002267
      114     0.00000923     0.99996355     0.00002722
      115     0.00001108     0.99997237     0.00001655
      116     0.00001331     0.99998218     0.00000451
      117     0.00001587     0.99998214     0.00000199
      118     0.00001889     0.99997600     0.00000511
      119     0.00002262     0.99997181     0.00000557
      120     0.00002728     0.99997017     0.00000255
