#     Density Matrix: population Re; see the manual for detail orders
        0     0.00000000     0.00000000     1.00000000
        1     0.00000000     0.00000528     0.99999472
        2     0.00000001     0.00004843     0.99995157
        3     0.00000001     0.00012587     0.99987412
        4     0.00000004     0.00019912     0.99980084
        5     0.00000007     0.00023087     0.99976906
        6     0.00000012     0.00023601     0.99976386
        7     0.00000017     0.00033053     0.99966930
        8     0.00000023     0.00078698     0.99921279
        9     0.00000030     0.00219617     0.99780353
       10     0.00000034     0.00617781     0.99382185
       11     0.00000042     0.01895648     0.98104310
       12     0.00000123     0.22191042     0.77808834
       13     0.00000054     0.77047369     0.22952577
       14     0.00000207     0.54260885     0.45738908
       15     0.00000186     0.39327441     0.60672373
       16     0.00000082     0.35126179     0.64873738
       17     0.00000263     0.32498889     0.67500848
       18     0.00000092     0.31183408     0.68816500
       19     0.00000169     0.30833284     0.69166547
       20     0.00000217     0.31119021     0.68880762
       21     0.00000066     0.31768449     0.68231484
       22     0.00000232     0.32568027     0.67431741
       23     0.00000137     0.33369828     0.66630035
       24     0.00000105     0.34088976     0.65910919
       25     0.00000257     0.34678525     0.65321218
       26     0.00000086     0.35122133     0.64877781
       27     0.00000148     0.35423876     0.64575977
       28     0.00000250     0.35599229     0.64400522
       29     0.00000068     0.35670389     0.64329543
       30     0.00000177     0.35661264     0.64338559
       31     0.00000250     0.35594200     0.64405550
       32     0.00000068     0.35489854     0.64510078
       33     0.00000170     0.35366238     0.64633592
       34     0.00000244     0.35238575     0.64761181
       35     0.00000083     0.35119475     0.64880442
       36     0.00000146     0.35019328     0.64980526
       37     0.00000236     0.34946694     0.65053070
       38     0.00000107     0.34909084     0.65090809
       39     0.00000120     0.34914179     0.65085701
       40     0.00000219     0.34971774     0.65028007
       41     0.00000122     0.35096814     0.64903064
       42     0.00000083     0.35151986     0.64847931
       43     0.00000183     0.34742022     0.65257795
       44     0.00000149     0.33302310     0.66697542
       45     0.00000078     0.30361272     0.69638650
       46     0.00000128     0.26608950     0.73390921
       47     0.00000144     0.22798402     0.77201454
       48     0.00000095     0.18881798     0.81118108
       49     0.00000106     0.14861328     0.85138567
       50     0.00000150     0.10708923     0.89290927
       51     0.00000118     0.06448044     0.93551838
       52     0.00000086     0.02594844     0.97405070
       53     0.00000135     0.02097813     0.97902052
       54     0.00000155     0.12921876     0.87077969
       55     0.00000085     0.36054292     0.63945623
       56     0.00000087     0.62984881     0.37015033
       57     0.00000167     0.95742691     0.04257141
       58     0.00000134     0.90334886     0.09664980
       59     0.00000051     0.77067571     0.22932378
       60     0.00000107     0.70206022     0.29793872
       61     0.00000151     0.66168818     0.33831031
       62     0.00000095     0.63255327     0.36744578
       63     0.00000081     0.60813898     0.39186021
       64     0.00000127     0.58597746     0.41402127
       65     0.00000117     0.56480704     0.43519179
       66     0.00000086     0.54393135     0.45606779
       67     0.00000104     0.52301930     0.47697966
       68     0.00000106     0.50186000     0.49813894
       69     0.00000085     0.48034047     0.51965868
       70     0.00000102     0.45853490     0.54146408
       71     0.00000107     0.43662344     0.56337549
       72     0.00000076     0.41485387     0.58514537
       73     0.00000093     0.39359754     0.60640153
       74     0.00000134     0.37330385     0.62669481
       75     0.00000096     0.35447785     0.64552119
       76     0.00000063     0.33764967     0.66234970
       77     0.00000126     0.32329801     0.67670073
       78     0.00000143     0.31179995     0.68819861
       79     0.00000067     0.30337434     0.69662499
       80     0.00000075     0.29803956     0.70195969
       81     0.00000155     0.29559669     0.70440176
       82     0.00000126     0.29565342     0.70434532
       83     0.00000051     0.29766147     0.70233802
       84     0.00000100     0.30097574     0.69902326
       85     0.00000164     0.30492516     0.69507320
       86     0.00000101     0.30884664     0.69115235
       87     0.00000051     0.31214709     0.68785239
       88     0.00000125     0.31433144     0.68566731
       89     0.00000158     0.31501287     0.68498555
       90     0.00000078     0.31391594     0.68608329
       91     0.00000063     0.31087884     0.68912053
       92     0.00000146     0.30586648     0.69413206
       93     0.00000137     0.29892074     0.70107789
       94     0.00000058     0.29023984     0.70975957
       95     0.00000091     0.28006919     0.71992990
       96     0.00000155     0.26865575     0.73134270
       97     0.00000101     0.25634957     0.74364942
       98     0.00000061     0.24351770     0.75648169
       99     0.00000129     0.23053516     0.76946356
      100     0.00000141     0.21776266     0.78223593
      101     0.00000066     0.20552337     0.79447598
      102     0.00000084     0.19406571     0.80593345
      103     0.00000156     0.18360579     0.81639265
      104     0.00000111     0.17431970     0.82567919
      105     0.00000048     0.16631208     0.83368744
      106     0.00000121     0.15961436     0.84038442
      107     0.00000175     0.15421161     0.84578664
      108     0.00000085     0.15004744     0.84995171
      109     0.00000048     0.14700953     0.85298999
      110     0.00000149     0.14494506     0.85505345
      111     0.00000169     0.14368076     0.85631755
      112     0.00000061     0.14302888     0.85697051
      113     0.00000054     0.14278779     0.85721167
      114     0.00000164     0.14275766     0.85724069
      115     0.00000160     0.14275201     0.85724639
      116     0.00000060     0.14260840     0.85739100
      117     0.00000072     0.14219565     0.85780363
      118     0.00000163     0.14142853     0.85856984
      119     0.00000140     0.14028010     0.85971850
      120     0.00000048     0.13877859     0.86122093
