#     Density Matrix: population Re; see the manual for detail orders
        0     0.00000000     0.00000000     1.00000000
        1     0.00000002     0.00000018     0.99999981
        2     0.00000001     0.00000050     0.99999949
        3     0.00000000     0.00000121     0.99999879
        4     0.00000006     0.00000686     0.99999308
        5     0.00000003     0.00001711     0.99998286
        6     0.00000019     0.00002458     0.99997523
        7     0.00000013     0.00002341     0.99997646
        8     0.00000039     0.00001720     0.99998241
        9     0.00000031     0.00001774     0.99998195
       10     0.00000063     0.00003774     0.99996163
       11     0.00000050     0.00008682     0.99991268
       12     0.00000085     0.00017855     0.99982060
       13     0.00000064     0.00036527     0.99963410
       14     0.00000095     0.00090803     0.99909102
       15     0.00000071     0.00367966     0.99631963
       16     0.00000089     0.05318775     0.94681136
       17     0.00000070     0.05075345     0.94924585
       18     0.00000060     0.21920581     0.78079359
       19     0.00000050     0.11822085     0.88177865
       20     0.00000087     0.10103826     0.89896087
       21     0.00000052     0.09819649     0.90180299
       22     0.00000072     0.09943059     0.90056869
       23     0.00000080     0.10163562     0.89836358
       24     0.00000047     0.10367919     0.89632034
       25     0.00000080     0.10518891     0.89481029
       26     0.00000063     0.10611751     0.89388186
       27     0.00000029     0.10657206     0.89342765
       28     0.00000068     0.10671260     0.89328672
       29     0.00000051     0.10667496     0.89332453
       30     0.00000024     0.10656606     0.89343370
       31     0.00000061     0.10646379     0.89353560
       32     0.00000057     0.10641738     0.89358205
       33     0.00000029     0.10644961     0.89355011
       34     0.00000045     0.10657252     0.89342703
       35     0.00000066     0.10680792     0.89319142
       36     0.00000038     0.10726209     0.89273753
       37     0.00000029     0.10894047     0.89105925
       38     0.00000045     0.32366701     0.67633254
       39     0.00000014     0.73795681     0.26204304
       40     0.00000027     0.78644390     0.21355583
       41     0.00000075     0.79152396     0.20847529
       42     0.00000049     0.79307022     0.20692929
       43     0.00000007     0.79364578     0.20635416
       44     0.00000042     0.79388169     0.20611789
       45     0.00000082     0.79399180     0.20600738
       46     0.00000045     0.79405792     0.20594162
       47     0.00000012     0.79409861     0.20590127
       48     0.00000058     0.79409854     0.20590089
       49     0.00000091     0.79402886     0.20597023
       50     0.00000044     0.79385184     0.20614773
       51     0.00000015     0.79352731     0.20647255
       52     0.00000071     0.79302192     0.20697737
       53     0.00000109     0.79231488     0.20768403
       54     0.00000058     0.79140145     0.20859797
       55     0.00000021     0.79029562     0.20970417
       56     0.00000077     0.78903366     0.21096557
       57     0.00000128     0.78767507     0.21232365
       58     0.00000083     0.78629663     0.21370254
       59     0.00000028     0.78498389     0.21501583
       60     0.00000068     0.78382449     0.21617483
       61     0.00000136     0.78290065     0.21709800
       62     0.00000115     0.78227878     0.21772007
       63     0.00000044     0.78199895     0.21800061
       64     0.00000048     0.78207057     0.21792895
       65     0.00000130     0.78247193     0.21752677
       66     0.00000160     0.78315139     0.21684702
       67     0.00000092     0.78403532     0.21596376
       68     0.00000036     0.78503276     0.21496688
       69     0.00000080     0.78604905     0.21395015
       70     0.00000164     0.78699930     0.21299906
       71     0.00000171     0.78781710     0.21218119
       72     0.00000097     0.78845916     0.21153988
       73     0.00000057     0.78890889     0.21109054
       74     0.00000123     0.78917507     0.21082371
       75     0.00000226     0.78928559     0.21071215
       76     0.00000238     0.78928067     0.21071695
       77     0.00000156     0.78920160     0.21079684
       78     0.00000124     0.78908167     0.21091709
       79     0.00000225     0.78894228     0.21105547
       80     0.00000345     0.78879230     0.21120424
       81     0.00000331     0.78862981     0.21136688
       82     0.00000216     0.78844919     0.21154865
       83     0.00000181     0.78824556     0.21175262
       84     0.00000280     0.78802825     0.21196895
       85     0.00000363     0.78783050     0.21216587
       86     0.00000308     0.78770489     0.21229204
       87     0.00000176     0.78771786     0.21228038
       88     0.00000115     0.78793877     0.21206008
       89     0.00000161     0.78842467     0.21157372
       90     0.00000222     0.78920057     0.21079720
       91     0.00000220     0.79024486     0.20975294
       92     0.00000156     0.79147942     0.20851902
       93     0.00000095     0.79277552     0.20722353
       94     0.00000106     0.79399947     0.20599947
       95     0.00000212     0.79493920     0.20505868
       96     0.00000336     0.79537616     0.20462049
       97     0.00000358     0.79516848     0.20482794
       98     0.00000272     0.79424137     0.20575591
       99     0.00000211     0.79262029     0.20737760
      100     0.00000290     0.79044227     0.20955482
      101     0.00000435     0.78794958     0.21204607
      102     0.00000462     0.78546303     0.21453235
      103     0.00000327     0.78333938     0.21665735
      104     0.00000176     0.78191963     0.21807861
      105     0.00000144     0.78147475     0.21852381
      106     0.00000183     0.78215607     0.21784210
      107     0.00000177     0.78395925     0.21603898
      108     0.00000115     0.78670534     0.21329351
      109     0.00000066     0.79004515     0.20995419
      110     0.00000048     0.79348936     0.20651016
      111     0.00000052     0.79646773     0.20353176
      112     0.00000139     0.79841148     0.20158713
      113     0.00000353     0.79885070     0.20114578
      114     0.00000564     0.79751820     0.20247617
      115     0.00000590     0.79444055     0.20555354
      116     0.00000477     0.78998875     0.21000647
      117     0.00000444     0.78490451     0.21509106
      118     0.00000573     0.78018996     0.21980431
      119     0.00000623     0.77693367     0.22306010
      120     0.00000419     0.77609329     0.22390253
