#     Density Matrix: population Re; see the manual for detail orders
        0     0.00000000     0.00000000     1.00000000
        1     0.00000004     0.00004595     0.99995401
        2     0.00000007     0.00045802     0.99954191
        3     0.00000012     0.00138072     0.99861916
        4     0.00000019     0.00273877     0.99726104
        5     0.00000022     0.00447321     0.99552657
        6     0.00000036     0.00728964     0.99271000
        7     0.00000032     0.01477574     0.98522394
        8     0.00000053     0.04019161     0.95980786
        9     0.00000035     0.12509176     0.87490789
       10     0.00000046     0.31985850     0.68014104
       11     0.00000016     0.47229223     0.52770761
       12     0.00000053     0.41602131     0.58397816
       13     0.00000051     0.29078014     0.70921935
       14     0.00000073     0.19272548     0.80727380
       15     0.00000074     0.13080913     0.86919013
       16     0.00000060     0.09605336     0.90394604
       17     0.00000101     0.07924138     0.92075762
       18     0.00000035     0.07348902     0.92651063
       19     0.00000054     0.07411562     0.92588383
       20     0.00000100     0.07806396     0.92193504
       21     0.00000006     0.08342096     0.91657897
       22     0.00000082     0.08904603     0.91095315
       23     0.00000095     0.09430276     0.90569629
       24     0.00000002     0.09885868     0.90114130
       25     0.00000086     0.10255992     0.89743922
       26     0.00000087     0.10539137     0.89460776
       27     0.00000000     0.10739067     0.89260932
       28     0.00000079     0.10860752     0.89139169
       29     0.00000091     0.10910271     0.89089638
       30     0.00000002     0.10892271     0.89107727
       31     0.00000067     0.10808681     0.89191253
       32     0.00000107     0.10657633     0.89342261
       33     0.00000013     0.10432219     0.89567768
       34     0.00000038     0.10126867     0.89873095
       35     0.00000123     0.09804486     0.90195390
       36     0.00000051     0.10475486     0.89524463
       37     0.00000007     0.25474109     0.74525884
       38     0.00000109     0.61295817     0.38704073
       39     0.00000118     0.78658681     0.21341201
       40     0.00000013     0.83141869     0.16858118
       41     0.00000043     0.84738091     0.15261867
       42     0.00000129     0.85443693     0.14556178
       43     0.00000064     0.85767255     0.14232681
       44     0.00000004     0.85887321     0.14112675
       45     0.00000097     0.85881968     0.14117935
       46     0.00000131     0.85791731     0.14208138
       47     0.00000028     0.85640969     0.14359003
       48     0.00000025     0.85446774     0.14553201
       49     0.00000129     0.85223054     0.14776818
       50     0.00000101     0.84982281     0.15017618
       51     0.00000008     0.84736714     0.15263278
       52     0.00000063     0.84497640     0.15502297
       53     0.00000133     0.84275998     0.15723869
       54     0.00000055     0.84082049     0.15917896
       55     0.00000005     0.83922980     0.16077014
       56     0.00000086     0.83802889     0.16197024
       57     0.00000106     0.83723395     0.16276498
       58     0.00000022     0.83681993     0.16317985
       59     0.00000014     0.83671554     0.16328432
       60     0.00000079     0.83681981     0.16317940
       61     0.00000064     0.83701776     0.16298159
       62     0.00000008     0.83718969     0.16281024
       63     0.00000017     0.83721897     0.16278086
       64     0.00000046     0.83703737     0.16296217
       65     0.00000042     0.83664081     0.16335877
       66     0.00000030     0.83606075     0.16393896
       67     0.00000009     0.83538071     0.16461920
       68     0.00000015     0.83471574     0.16528410
       69     0.00000089     0.83417275     0.16582636
       70     0.00000113     0.83383194     0.16616693
       71     0.00000031     0.83370425     0.16629545
       72     0.00000048     0.83372131     0.16627821
       73     0.00000214     0.83374276     0.16625510
       74     0.00000244     0.83358202     0.16641554
       75     0.00000097     0.83304488     0.16695415
       76     0.00000131     0.83198435     0.16801434
       77     0.00000344     0.83035954     0.16963702
       78     0.00000335     0.82828156     0.17171509
       79     0.00000133     0.82601941     0.17397925
       80     0.00000137     0.82398975     0.17600888
       81     0.00000297     0.82270790     0.17728914
       82     0.00000259     0.82269957     0.17729784
       83     0.00000072     0.82438592     0.17561336
       84     0.00000018     0.82796386     0.17203596
       85     0.00000082     0.83331076     0.16668843
       86     0.00000140     0.83993243     0.16006617
       87     0.00000172     0.84697628     0.15302200
       88     0.00000129     0.85333401     0.14666469
       89     0.00000065     0.85781469     0.14218466
       90     0.00000264     0.85939707     0.14060029
       91     0.00000656     0.85748566     0.14250778
       92     0.00000705     0.85210856     0.14788439
       93     0.00000438     0.84403195     0.15596368
       94     0.00000492     0.83470900     0.16528607
       95     0.00000868     0.82603228     0.17395904
       96     0.00000867     0.81994730     0.18004403
       97     0.00000447     0.81794760     0.18204793
       98     0.00000178     0.82062003     0.17937819
       99     0.00000172     0.82735714     0.17264114
      100     0.00000255     0.83639820     0.16359926
      101     0.00000429     0.84521363     0.15478208
      102     0.00000605     0.85119363     0.14880032
      103     0.00000625     0.85246934     0.14752441
      104     0.00000794     0.84862024     0.15137182
      105     0.00001403     0.84100190     0.15898408
      106     0.00001764     0.83237874     0.16760362
      107     0.00001401     0.82610119     0.17388480
      108     0.00000767     0.82484966     0.17514267
      109     0.00000442     0.82932349     0.17067210
      110     0.00000477     0.83770832     0.16228691
      111     0.00000910     0.84610926     0.15388164
      112     0.00001715     0.85018963     0.14979321
      113     0.00002320     0.84748508     0.15249172
      114     0.00002281     0.83910767     0.16086952
      115     0.00002061     0.82969762     0.17028178
      116     0.00002021     0.82506965     0.17491014
      117     0.00001975     0.82853480     0.17144545
      118     0.00002079     0.83818843     0.16179078
      119     0.00002731     0.84748493     0.15248776
      120     0.00003616     0.84954698     0.15041685
