#     Density Matrix: population Re; see the manual for detail orders
        0     0.00000000     0.00000000     1.00000000
        1     0.00000000     0.00000224     0.99999776
        2     0.00000001     0.00001108     0.99998891
        3     0.00000003     0.00001171     0.99998825
        4     0.00000006     0.00001660     0.99998334
        5     0.00000010     0.00004772     0.99995218
        6     0.00000013     0.00010909     0.99989077
        7     0.00000017     0.00018891     0.99981092
        8     0.00000021     0.00030002     0.99969976
        9     0.00000025     0.00055844     0.99944131
       10     0.00000028     0.00138053     0.99861920
       11     0.00000030     0.00435571     0.99564399
       12     0.00000032     0.01812856     0.98187112
       13     0.00000032     0.11988708     0.88011260
       14     0.00000010     0.80210529     0.19789461
       15     0.00000004     0.46596901     0.53403096
       16     0.00000073     0.14213476     0.85786451
       17     0.00000015     0.08250737     0.91749247
       18     0.00000038     0.05648470     0.94351492
       19     0.00000036     0.04514137     0.95485827
       20     0.00000026     0.04029983     0.95969991
       21     0.00000034     0.03820779     0.96179187
       22     0.00000026     0.03717242     0.96282732
       23     0.00000028     0.03650668     0.96349304
       24     0.00000032     0.03587665     0.96412303
       25     0.00000028     0.03515828     0.96484143
       26     0.00000033     0.03435633     0.96564335
       27     0.00000028     0.03353064     0.96646908
       28     0.00000021     0.03270951     0.96729028
       29     0.00000025     0.03190485     0.96809490
       30     0.00000023     0.03115874     0.96884103
       31     0.00000019     0.03048304     0.96951678
       32     0.00000020     0.02988924     0.97011057
       33     0.00000021     0.02939153     0.97060826
       34     0.00000020     0.02900034     0.97099947
       35     0.00000015     0.02875124     0.97124861
       36     0.00000020     0.02887674     0.97112306
       37     0.00000020     0.03249965     0.96750014
       38     0.00000008     0.31208294     0.68791698
       39     0.00000012     0.79577667     0.20422321
       40     0.00000024     0.84896468     0.15103507
       41     0.00000017     0.85898910     0.14101073
       42     0.00000009     0.86308903     0.13691088
       43     0.00000014     0.86523657     0.13476329
       44     0.00000017     0.86652295     0.13347688
       45     0.00000014     0.86723866     0.13276121
       46     0.00000010     0.86766397     0.13233594
       47     0.00000011     0.86789646     0.13210342
       48     0.00000013     0.86797931     0.13202055
       49     0.00000010     0.86798315     0.13201674
       50     0.00000008     0.86797986     0.13202005
       51     0.00000010     0.86803967     0.13196023
       52     0.00000010     0.86822924     0.13177066
       53     0.00000007     0.86860416     0.13139576
       54     0.00000006     0.86921249     0.13078745
       55     0.00000007     0.87008612     0.12991381
       56     0.00000007     0.87122241     0.12877752
       57     0.00000006     0.87261779     0.12738214
       58     0.00000003     0.87425847     0.12574150
       59     0.00000003     0.87608761     0.12391236
       60     0.00000004     0.87803118     0.12196877
       61     0.00000004     0.88003437     0.11996559
       62     0.00000003     0.88201496     0.11798501
       63     0.00000002     0.88387883     0.11612115
       64     0.00000002     0.88565653     0.11434346
       65     0.00000002     0.88727260     0.11272739
       66     0.00000002     0.88867922     0.11132077
       67     0.00000002     0.89007430     0.10992568
       68     0.00000002     0.89142529     0.10857469
       69     0.00000003     0.89283006     0.10716991
       70     0.00000007     0.89436593     0.10563400
       71     0.00000012     0.89603085     0.10396904
       72     0.00000014     0.89793287     0.10206700
       73     0.00000016     0.90006052     0.09993932
       74     0.00000025     0.90236381     0.09763595
       75     0.00000037     0.90474899     0.09525064
       76     0.00000044     0.90711708     0.09288249
       77     0.00000044     0.90926988     0.09072968
       78     0.00000037     0.91125381     0.08874582
       79     0.00000042     0.91315700     0.08684258
       80     0.00000059     0.91492974     0.08506967
       81     0.00000064     0.91669914     0.08330023
       82     0.00000053     0.91863916     0.08136031
       83     0.00000045     0.92094744     0.07905210
       84     0.00000066     0.92381159     0.07618776
       85     0.00000111     0.92733957     0.07265932
       86     0.00000101     0.93152284     0.06847615
       87     0.00000048     0.93628042     0.06371911
       88     0.00000058     0.94130159     0.05869783
       89     0.00000143     0.94625866     0.05373991
       90     0.00000203     0.95085301     0.04914496
       91     0.00000150     0.95473661     0.04526189
       92     0.00000076     0.95767209     0.04232715
       93     0.00000136     0.95959089     0.04040775
       94     0.00000302     0.96058014     0.03941684
       95     0.00000387     0.96088689     0.03910924
       96     0.00000328     0.96087073     0.03912599
       97     0.00000303     0.96090100     0.03909597
       98     0.00000519     0.96139348     0.03860133
       99     0.00000726     0.96265640     0.03733634
      100     0.00000696     0.96478059     0.03521244
      101     0.00000485     0.96770810     0.03228705
      102     0.00000308     0.97123697     0.02875995
      103     0.00000463     0.97499563     0.02499975
      104     0.00000718     0.97863185     0.02136097
      105     0.00000736     0.98182212     0.01817052
      106     0.00000581     0.98433481     0.01565938
      107     0.00000492     0.98613744     0.01385764
      108     0.00000646     0.98728552     0.01270803
      109     0.00000957     0.98793397     0.01205646
      110     0.00001168     0.98828992     0.01169840
      111     0.00001140     0.98856761     0.01142100
      112     0.00000983     0.98895146     0.01103871
      113     0.00000894     0.98958048     0.01041059
      114     0.00000942     0.99052538     0.00946520
      115     0.00001051     0.99177598     0.00821351
      116     0.00001120     0.99322594     0.00676287
      117     0.00001143     0.99469193     0.00529664
      118     0.00001191     0.99590067     0.00408742
      119     0.00001190     0.99660069     0.00338741
      120     0.00001193     0.99667756     0.00331051
