#     Density Matrix: population Re; see the manual for detail orders
        0     0.00000000     0.00000000     1.00000000
        1     0.00000026     0.00001246     0.99998728
        2     0.00000024     0.00008229     0.99991747
        3     0.00000052     0.00013111     0.99986837
        4     0.00000037     0.00012420     0.99987543
        5     0.00000078     0.00010603     0.99989318
        6     0.00000053     0.00012434     0.99987513
        7     0.00000098     0.00016905     0.99982997
        8     0.00000082     0.00019098     0.99980820
        9     0.00000113     0.00019121     0.99980767
       10     0.00000093     0.00041557     0.99958350
       11     0.00000057     0.00223819     0.99776124
       12     0.00000129     0.01865073     0.98134798
       13     0.00000017     0.54019802     0.45980181
       14     0.00000010     0.65394908     0.34605082
       15     0.00000146     0.20192032     0.79807821
       16     0.00000079     0.16708239     0.83291683
       17     0.00000052     0.15242549     0.84757399
       18     0.00000196     0.14699942     0.85299862
       19     0.00000011     0.14622102     0.85377887
       20     0.00000144     0.14785824     0.85214032
       21     0.00000167     0.15077868     0.84921964
       22     0.00000004     0.15440909     0.84559087
       23     0.00000160     0.15855769     0.84144071
       24     0.00000119     0.16325831     0.83674050
       25     0.00000011     0.16857496     0.83142493
       26     0.00000176     0.17461499     0.82538324
       27     0.00000129     0.18159189     0.81840682
       28     0.00000011     0.18987319     0.81012669
       29     0.00000160     0.19975257     0.80024582
       30     0.00000142     0.21268457     0.78731401
       31     0.00000012     0.23144157     0.76855832
       32     0.00000127     0.26183995     0.73815878
       33     0.00000161     0.32199702     0.67800137
       34     0.00000025     0.46117811     0.53882164
       35     0.00000080     0.70196134     0.29803785
       36     0.00000186     0.83903218     0.16096596
       37     0.00000073     0.85569223     0.14430705
       38     0.00000026     0.85058259     0.14941714
       39     0.00000152     0.84351648     0.15648201
       40     0.00000137     0.83677034     0.16322830
       41     0.00000020     0.83048775     0.16951205
       42     0.00000084     0.82458032     0.17541884
       43     0.00000168     0.81914989     0.18084843
       44     0.00000077     0.81406895     0.18593028
       45     0.00000032     0.80920460     0.19079509
       46     0.00000127     0.80480021     0.19519853
       47     0.00000137     0.80095274     0.19904589
       48     0.00000045     0.79776531     0.20223424
       49     0.00000060     0.79531314     0.20468626
       50     0.00000141     0.79364830     0.20635029
       51     0.00000106     0.79280193     0.20719700
       52     0.00000038     0.79274197     0.20725765
       53     0.00000081     0.79337652     0.20662267
       54     0.00000132     0.79459756     0.20540112
       55     0.00000078     0.79625732     0.20374190
       56     0.00000037     0.79816205     0.20183758
       57     0.00000092     0.80004277     0.19995631
       58     0.00000130     0.80171850     0.19828021
       59     0.00000068     0.80314080     0.19685853
       60     0.00000038     0.80413603     0.19586359
       61     0.00000101     0.80454491     0.19545409
       62     0.00000123     0.80432592     0.19567285
       63     0.00000066     0.80354143     0.19645790
       64     0.00000048     0.80226140     0.19773813
       65     0.00000114     0.80063715     0.19936171
       66     0.00000140     0.79887457     0.20112403
       67     0.00000075     0.79718811     0.20281114
       68     0.00000042     0.79578901     0.20421056
       69     0.00000105     0.79476564     0.20523331
       70     0.00000152     0.79430156     0.20569692
       71     0.00000093     0.79441279     0.20558628
       72     0.00000032     0.79502114     0.20497853
       73     0.00000089     0.79594678     0.20405233
       74     0.00000175     0.79692224     0.20307601
       75     0.00000129     0.79766199     0.20233672
       76     0.00000023     0.79785937     0.20214040
       77     0.00000065     0.79724853     0.20275082
       78     0.00000202     0.79567866     0.20431932
       79     0.00000188     0.79312418     0.20687394
       80     0.00000038     0.78969886     0.21030076
       81     0.00000029     0.78566693     0.21433278
       82     0.00000187     0.78139726     0.21860087
       83     0.00000240     0.77727997     0.22271763
       84     0.00000089     0.77371696     0.22628214
       85     0.00000002     0.77098059     0.22901939
       86     0.00000134     0.76916974     0.23082892
       87     0.00000256     0.76829922     0.23169821
       88     0.00000167     0.76822758     0.23177075
       89     0.00000017     0.76868062     0.23131921
       90     0.00000039     0.76932362     0.23067599
       91     0.00000185     0.76983890     0.23015925
       92     0.00000242     0.76997880     0.23001879
       93     0.00000140     0.76962000     0.23037860
       94     0.00000015     0.76876976     0.23123009
       95     0.00000036     0.76759038     0.23240926
       96     0.00000215     0.76644568     0.23355217
       97     0.00000355     0.76556951     0.23442694
       98     0.00000261     0.76512071     0.23487668
       99     0.00000066     0.76528344     0.23471591
      100     0.00000114     0.76609698     0.23390188
      101     0.00000436     0.76737193     0.23262371
      102     0.00000618     0.76893331     0.23106051
      103     0.00000411     0.77063688     0.22935901
      104     0.00000130     0.77219636     0.22780234
      105     0.00000192     0.77312337     0.22687470
      106     0.00000495     0.77350280     0.22649225
      107     0.00000602     0.77352959     0.22646439
      108     0.00000378     0.77349532     0.22650090
      109     0.00000104     0.77380338     0.22619558
      110     0.00000060     0.77482573     0.22517367
      111     0.00000232     0.77680638     0.22319130
      112     0.00000418     0.77971222     0.22028360
      113     0.00000450     0.78317515     0.21682035
      114     0.00000297     0.78661645     0.21338057
      115     0.00000105     0.78924418     0.21075477
      116     0.00000131     0.79031253     0.20968616
      117     0.00000439     0.78936713     0.21062848
      118     0.00000767     0.78633865     0.21365368
      119     0.00000758     0.78162507     0.21836735
      120     0.00000420     0.77602428     0.22397152
