#     Density Matrix: population Re; see the manual for detail orders
        0     0.00000000     0.00000000     1.00000000
        1     0.00000001     0.00000041     0.99999958
        2     0.00000005     0.00000406     0.99999589
        3     0.00000014     0.00001531     0.99998455
        4     0.00000021     0.00004139     0.99995840
        5     0.00000034     0.00008399     0.99991567
        6     0.00000044     0.00015196     0.99984760
        7     0.00000058     0.00028837     0.99971105
        8     0.00000067     0.00062270     0.99937664
        9     0.00000079     0.00150700     0.99849221
       10     0.00000082     0.00400763     0.99599155
       11     0.00000089     0.01212185     0.98787726
       12     0.00000083     0.04549635     0.95450282
       13     0.00000072     0.21401443     0.78598485
       14     0.00000025     0.59091823     0.40908152
       15     0.00000057     0.53318706     0.46681237
       16     0.00000175     0.30118778     0.69881046
       17     0.00000108     0.21088692     0.78911200
       18     0.00000154     0.16798022     0.83201824
       19     0.00000120     0.14432963     0.85566917
       20     0.00000071     0.12884756     0.87115172
       21     0.00000112     0.11615568     0.88384320
       22     0.00000059     0.10368940     0.89631002
       23     0.00000049     0.09060826     0.90939125
       24     0.00000085     0.07709505     0.92290410
       25     0.00000027     0.06372498     0.93627475
       26     0.00000023     0.05123494     0.94876483
       27     0.00000051     0.04021217     0.95978732
       28     0.00000013     0.03100673     0.96899314
       29     0.00000011     0.02362816     0.97637174
       30     0.00000027     0.01793862     0.98206110
       31     0.00000005     0.01373385     0.98626610
       32     0.00000005     0.01078125     0.98921870
       33     0.00000000     1.00000000     0.00000000
       34     0.00000005     0.99991966     0.00008030
       35     0.00000007     0.99963358     0.00036635
       36     0.00000001     0.99904676     0.00095322
       37     0.00000001     0.99805936     0.00194062
       38     0.00000007     0.99658053     0.00341940
       39     0.00000004     0.99452500     0.00547496
       40     0.00000000     0.99184766     0.00815234
       41     0.00000005     0.98853866     0.01146129
       42     0.00000006     0.98462401     0.01537593
       43     0.00000000     0.98013195     0.01986804
       44     0.00000004     0.97494728     0.02505268
       45     0.00000008     0.96843917     0.03156075
       46     0.00000002     0.95878476     0.04121522
       47     0.00000002     0.94217768     0.05782230
       48     0.00000015     0.91352996     0.08646989
       49     0.00000013     0.87258973     0.12741014
       50     0.00000004     0.83472304     0.16527692
       51     0.00000023     0.82597181     0.17402796
       52     0.00000023     0.85492662     0.14507315
       53     0.00000001     0.90379236     0.09620764
       54     0.00000009     0.95012068     0.04987923
       55     0.00000007     0.98192499     0.01807494
       56     0.00000000     1.00000000     0.00000000
       57     0.00000000     0.99629108     0.00370892
       58     0.00000001     0.98977582     0.01022416
       59     0.00000001     0.98567214     0.01432785
       60     0.00000001     0.98596276     0.01403724
       61     0.00000000     0.98945962     0.01054038
       62     0.00000000     1.00000000     0.00000000
       63     0.00000001     0.99968004     0.00031995
       64     0.00000001     0.99912594     0.00087405
       65     0.00000000     0.99886197     0.00113803
       66     0.00000001     0.99904820     0.00095179
       67     0.00000002     0.99945276     0.00054722
       68     0.00000001     0.99972423     0.00027576
       69     0.00000001     0.99970671     0.00029328
       70     0.00000004     0.99952448     0.00047548
       71     0.00000002     0.99939849     0.00060149
       72     0.00000002     0.99941222     0.00058776
       73     0.00000005     0.99946798     0.00053197
       74     0.00000005     0.99949241     0.00050754
       75     0.00000005     0.99950010     0.00049985
       76     0.00000008     0.99955683     0.00044309
       77     0.00000010     0.99961124     0.00038866
       78     0.00000010     0.99955367     0.00044623
       79     0.00000016     0.99940390     0.00059594
       80     0.00000018     0.99932040     0.00067942
       81     0.00000018     0.99945970     0.00054012
       82     0.00000027     0.99970110     0.00029863
       83     0.00000032     0.99974370     0.00025598
       84     0.00000029     0.99942714     0.00057257
       85     0.00000041     0.99904702     0.00095257
       86     0.00000052     0.99905465     0.00094483
       87     0.00000048     0.99949913     0.00050038
       88     0.00000059     0.99988801     0.00011139
       89     0.00000076     0.99970808     0.00029116
       90     0.00000074     0.99904756     0.00095170
       91     0.00000081     0.99857092     0.00142828
       92     0.00000103     0.99881061     0.00118835
       93     0.00000106     0.99954620     0.00045274
       94     0.00000105     0.99998694     0.00001201
       95     0.00000126     0.99960427     0.00039447
       96     0.00000136     0.99871916     0.00127948
       97     0.00000129     0.99816472     0.00183399
       98     0.00000143     0.99847124     0.00152733
       99     0.00000162     0.99934631     0.00065206
      100     0.00000156     0.99996550     0.00003295
      101     0.00000155     0.99975670     0.00024175
      102     0.00000180     0.99890400     0.00109420
      103     0.00000182     0.99818857     0.00180960
      104     0.00000160     0.99821982     0.00177858
      105     0.00000172     0.99892717     0.00107110
      106     0.00000197     0.99970406     0.00029397
      107     0.00000181     0.99996701     0.00003118
      108     0.00000162     0.99961330     0.00038508
      109     0.00000186     0.99902562     0.00097252
      110     0.00000200     0.99871794     0.00128006
      111     0.00000173     0.99888692     0.00111135
      112     0.00000162     0.99932759     0.00067079
      113     0.00000187     0.99967850     0.00031964
      114     0.00000188     0.99973734     0.00026078
      115     0.00000156     0.99957455     0.00042389
      116     0.00000148     0.99939836     0.00060016
      117     0.00000174     0.99934368     0.00065458
      118     0.00000179     0.99938560     0.00061261
      119     0.00000151     0.99942517     0.00057333
      120     0.00000139     0.99942373     0.00057488
