#     Density Matrix: population Re; see the manual for detail orders
        0     0.00000000     0.00000000     1.00000000
        1     0.00000003     0.00000957     0.99999040
        2     0.00000004     0.00006331     0.99993665
        3     0.00000013     0.00009945     0.99990042
        4     0.00000011     0.00008644     0.99991345
        5     0.00000029     0.00005636     0.99994335
        6     0.00000024     0.00004587     0.99995388
        7     0.00000049     0.00004752     0.99995199
        8     0.00000042     0.00003185     0.99996773
        9     0.00000071     0.00000635     0.99999294
       10     0.00000059     0.00004861     0.99995080
       11     0.00000087     0.00030715     0.99969199
       12     0.00000070     0.00105302     0.99894628
       13     0.00000090     0.00311480     0.99688430
       14     0.00000079     0.01128912     0.98871010
       15     0.00000078     0.09258933     0.90740989
       16     0.00000116     0.08940234     0.91059651
       17     0.00000267     0.33508366     0.66491367
       18     0.00000017     0.20673817     0.79326166
       19     0.00000199     0.17349272     0.82650528
       20     0.00000164     0.16176117     0.83823719
       21     0.00000010     0.15842125     0.84157865
       22     0.00000196     0.15916659     0.84083145
       23     0.00000100     0.16208411     0.83791489
       24     0.00000013     0.16610207     0.83389780
       25     0.00000157     0.17049422     0.82950421
       26     0.00000079     0.17470890     0.82529031
       27     0.00000009     0.17823106     0.82176885
       28     0.00000111     0.18088482     0.81911407
       29     0.00000074     0.18257405     0.81742521
       30     0.00000008     0.18317193     0.81682799
       31     0.00000069     0.18288417     0.81711514
       32     0.00000059     0.18201713     0.81798228
       33     0.00000017     0.18077923     0.81922061
       34     0.00000058     0.17953105     0.82046838
       35     0.00000057     0.17857526     0.82142417
       36     0.00000026     0.17809682     0.82190292
       37     0.00000042     0.17823334     0.82176624
       38     0.00000047     0.17903958     0.82095996
       39     0.00000042     0.18054158     0.81945801
       40     0.00000040     0.18245597     0.81754363
       41     0.00000032     0.18471531     0.81528437
       42     0.00000060     0.18721620     0.81278320
       43     0.00000052     0.18966710     0.81033238
       44     0.00000017     0.19207680     0.80792302
       45     0.00000084     0.19429677     0.80570240
       46     0.00000082     0.19606930     0.80392988
       47     0.00000014     0.19671273     0.80328713
       48     0.00000100     0.19431703     0.80568198
       49     0.00000082     0.18202204     0.81797714
       50     0.00000014     0.10094518     0.89905468
       51     0.00000141     0.18616085     0.81383774
       52     0.00000068     0.34498168     0.65501764
       53     0.00000039     0.30671185     0.69328776
       54     0.00000161     0.30471723     0.69528116
       55     0.00000031     0.30824996     0.69174973
       56     0.00000086     0.31212671     0.68787244
       57     0.00000129     0.31479146     0.68520724
       58     0.00000012     0.31595601     0.68404386
       59     0.00000146     0.31599161     0.68400693
       60     0.00000050     0.31547591     0.68452359
       61     0.00000071     0.31491860     0.68508070
       62     0.00000128     0.31459936     0.68539935
       63     0.00000017     0.31455489     0.68544495
       64     0.00000129     0.31468845     0.68531026
       65     0.00000032     0.31485759     0.68514209
       66     0.00000098     0.31494544     0.68505358
       67     0.00000072     0.31494157     0.68505772
       68     0.00000049     0.31488791     0.68511161
       69     0.00000109     0.31484673     0.68515218
       70     0.00000025     0.31483976     0.68515999
       71     0.00000098     0.31484093     0.68515809
       72     0.00000033     0.31481993     0.68517974
       73     0.00000091     0.31479017     0.68520892
       74     0.00000043     0.31482226     0.68517732
       75     0.00000071     0.31495636     0.68504293
       76     0.00000068     0.31509797     0.68490135
       77     0.00000050     0.31505761     0.68494189
       78     0.00000067     0.31474945     0.68524988
       79     0.00000054     0.31439401     0.68560544
       80     0.00000074     0.31440418     0.68559507
       81     0.00000042     0.31487324     0.68512634
       82     0.00000076     0.31542731     0.68457193
       83     0.00000058     0.31548484     0.68451458
       84     0.00000057     0.31485704     0.68514239
       85     0.00000055     0.31405063     0.68594882
       86     0.00000072     0.31386123     0.68613804
       87     0.00000057     0.31458364     0.68541578
       88     0.00000050     0.31563620     0.68436331
       89     0.00000071     0.31604131     0.68395798
       90     0.00000063     0.31534523     0.68465414
       91     0.00000052     0.31409139     0.68590809
       92     0.00000056     0.31337345     0.68662600
       93     0.00000074     0.31386494     0.68613433
       94     0.00000054     0.31521877     0.68478069
       95     0.00000047     0.31633615     0.68366338
       96     0.00000066     0.31626781     0.68373152
       97     0.00000060     0.31503292     0.68496648
       98     0.00000054     0.31355784     0.68644162
       99     0.00000043     0.31298639     0.68701318
      100     0.00000072     0.31380176     0.68619751
      101     0.00000058     0.31548114     0.68451827
      102     0.00000039     0.31682985     0.68316976
      103     0.00000069     0.31686364     0.68313566
      104     0.00000062     0.31545853     0.68454084
      105     0.00000067     0.31347112     0.68652821
      106     0.00000049     0.31221284     0.68778667
      107     0.00000055     0.31259187     0.68740758
      108     0.00000095     0.31449412     0.68550493
      109     0.00000041     0.31681486     0.68318473
      110     0.00000059     0.31812202     0.68187739
      111     0.00000077     0.31751086     0.68248837
      112     0.00000044     0.31520559     0.68479398
      113     0.00000075     0.31251277     0.68748648
      114     0.00000048     0.31101085     0.68898868
      115     0.00000046     0.31160636     0.68839318
      116     0.00000091     0.31402449     0.68597460
      117     0.00000038     0.31690734     0.68309228
      118     0.00000058     0.31862600     0.68137342
      119     0.00000079     0.31825995     0.68173926
      120     0.00000032     0.31612245     0.68387724
