#     Density Matrix: population Re; see the manual for detail orders
        0     0.00000000     0.00000000     1.00000000
        1     0.00000005     0.00000013     0.99999982
        2     0.00000008     0.00000256     0.99999736
        3     0.00000017     0.00001556     0.99998427
        4     0.00000020     0.00005584     0.99994396
        5     0.00000035     0.00015499     0.99984466
        6     0.00000040     0.00039040     0.99960920
        7     0.00000054     0.00100187     0.99899759
        8     0.00000066     0.00284380     0.99715554
        9     0.00000066     0.00957540     0.99042394
       10     0.00000088     0.04251652     0.95748260
       11     0.00000140     0.48578591     0.51421269
       12     0.00000028     0.74987256     0.25012717
       13     0.00000281     0.45387356     0.54612363
       14     0.00000116     0.33354134     0.66645749
       15     0.00000007     0.29981362     0.70018631
       16     0.00000018     0.29788211     0.70211771
       17     0.00000001     0.29671068     0.70328931
       18     0.00000021     0.29072585     0.70927394
       19     0.00000013     0.27904345     0.72095642
       20     0.00000005     0.26319971     0.73680024
       21     0.00000032     0.24498758     0.75501210
       22     0.00000004     0.22564787     0.77435209
       23     0.00000019     0.20585548     0.79414433
       24     0.00000032     0.18611081     0.81388887
       25     0.00000001     0.16678923     0.83321077
       26     0.00000035     0.14832458     0.85167507
       27     0.00000020     0.13120026     0.86879953
       28     0.00000005     0.11573698     0.88426298
       29     0.00000041     0.10224751     0.89775208
       30     0.00000012     0.09085382     0.90914606
       31     0.00000011     0.08156535     0.91843455
       32     0.00000036     0.07432051     0.92567913
       33     0.00000006     0.06892353     0.93107641
       34     0.00000018     0.06512622     0.93487361
       35     0.00000035     0.06261268     0.93738698
       36     0.00000003     0.06113188     0.93886810
       37     0.00000021     0.06037388     0.93962591
       38     0.00000035     0.06007682     0.93992283
       39     0.00000002     0.06000530     0.93999468
       40     0.00000022     0.05996284     0.94003694
       41     0.00000040     0.05978213     0.94021747
       42     0.00000005     0.05931416     0.94068579
       43     0.00000017     0.05843903     0.94156080
       44     0.00000045     0.05707693     0.94292262
       45     0.00000011     0.05518144     0.94481845
       46     0.00000011     0.05273266     0.94726723
       47     0.00000046     0.04954059     0.95045895
       48     0.00000021     0.04618456     0.95381523
       49     0.00000004     0.04290929     0.95709067
       50     0.00000042     0.03985190     0.96014767
       51     0.00000037     0.03713940     0.96286022
       52     0.00000003     0.03493815     0.96506183
       53     0.00000029     0.03352952     0.96647018
       54     0.00000054     0.03357951     0.96641995
       55     0.00000016     0.03736067     0.96263917
       56     0.00000011     0.06043053     0.93956936
       57     0.00000036     0.38389701     0.61610263
       58     0.00000016     0.85966589     0.14033396
       59     0.00000010     0.93614409     0.06385581
       60     0.00000051     0.93945301     0.06054648
       61     0.00000050     0.93407255     0.06592695
       62     0.00000011     0.92545068     0.07454921
       63     0.00000028     0.91507087     0.08492885
       64     0.00000071     0.90374215     0.09625714
       65     0.00000050     0.89212731     0.10787220
       66     0.00000014     0.88092984     0.11907002
       67     0.00000048     0.87115146     0.12884806
       68     0.00000089     0.86419450     0.13580461
       69     0.00000057     0.86091461     0.13908483
       70     0.00000026     0.86105222     0.13894752
       71     0.00000077     0.86450389     0.13549534
       72     0.00000126     0.87090354     0.12909520
       73     0.00000085     0.87966965     0.12032950
       74     0.00000057     0.89007070     0.10992873
       75     0.00000136     0.90128375     0.09871488
       76     0.00000201     0.91251873     0.08747926
       77     0.00000146     0.92303039     0.07696815
       78     0.00000116     0.93217551     0.06782334
       79     0.00000220     0.93946205     0.06053575
       80     0.00000316     0.94456509     0.05543175
       81     0.00000259     0.94733616     0.05266125
       82     0.00000201     0.94788425     0.05211374
       83     0.00000312     0.94666118     0.05333570
       84     0.00000438     0.94442223     0.05557340
       85     0.00000379     0.94212819     0.05786802
       86     0.00000276     0.94072448     0.05927276
       87     0.00000347     0.94089217     0.05910436
       88     0.00000481     0.94291881     0.05707638
       89     0.00000446     0.94672333     0.05327221
       90     0.00000305     0.95197691     0.04802004
       91     0.00000294     0.95823793     0.04175913
       92     0.00000413     0.96505718     0.03493869
       93     0.00000455     0.97203246     0.02796299
       94     0.00000351     0.97881728     0.02117920
       95     0.00000244     0.98509267     0.01490488
       96     0.00000000     1.00000000     0.00000000
       97     0.00000601     0.99849295     0.00150104
       98     0.00001414     0.99451311     0.00547275
       99     0.00001074     0.98932949     0.01065977
      100     0.00000162     0.98456761     0.01543077
      101     0.00000152     0.98176257     0.01823591
      102     0.00000909     0.98187142     0.01811950
      103     0.00001143     0.98487291     0.01511566
      104     0.00000559     0.98966986     0.01032456
      105     0.00000000     1.00000000     0.00000000
      106     0.00000328     0.99929973     0.00069699
      107     0.00000752     0.99764949     0.00234299
      108     0.00000574     0.99599505     0.00399921
      109     0.00000112     0.99524877     0.00475011
      110     0.00000063     0.99580490     0.00419447
      111     0.00000415     0.99731727     0.00267859
      112     0.00000618     0.99888134     0.00111249
      113     0.00000384     0.99958256     0.00041360
      114     0.00000052     0.99909663     0.00090285
      115     0.00000136     0.99792200     0.00207664
      116     0.00000493     0.99702143     0.00297364
      117     0.00000562     0.99708519     0.00290919
      118     0.00000270     0.99798522     0.00201208
      119     0.00000030     0.99890573     0.00109397
      120     0.00000195     0.99907751     0.00092054
