#     Density Matrix: population Re; see the manual for detail orders
        0     0.00000000     0.00000000     1.00000000
        1     0.00000000     0.00000001     0.99999999
        2     0.00000001     0.00000006     0.99999993
        3     0.00000015     0.00000019     0.99999967
        4     0.00000024     0.00000012     0.99999964
        5     0.00000046     0.00000394     0.99999560
        6     0.00000049     0.00002253     0.99997699
        7     0.00000080     0.00006104     0.99993816
        8     0.00000074     0.00012098     0.99987828
        9     0.00000106     0.00022750     0.99977144
       10     0.00000094     0.00051223     0.99948683
       11     0.00000113     0.00152286     0.99847601
       12     0.00000102     0.00605555     0.99394343
       13     0.00000097     0.04010887     0.95989016
       14     0.00000079     0.52547232     0.47452689
       15     0.00000003     0.66535164     0.33464833
       16     0.00000128     0.24468501     0.75531371
       17     0.00000022     0.18907606     0.81092372
       18     0.00000085     0.16434514     0.83565401
       19     0.00000101     0.15445598     0.84554300
       20     0.00000010     0.15225202     0.84774788
       21     0.00000118     0.15394818     0.84605064
       22     0.00000054     0.15744368     0.84255578
       23     0.00000027     0.16159069     0.83840903
       24     0.00000106     0.16580892     0.83419002
       25     0.00000022     0.16984010     0.83015968
       26     0.00000030     0.17360488     0.82639482
       27     0.00000080     0.17709378     0.82290542
       28     0.00000013     0.18029124     0.81970864
       29     0.00000030     0.18315060     0.81684910
       30     0.00000088     0.18551274     0.81448638
       31     0.00000023     0.18702560     0.81297417
       32     0.00000017     0.18714915     0.81285068
       33     0.00000076     0.18356600     0.81643324
       34     0.00000038     0.17454130     0.82545832
       35     0.00000005     0.15511411     0.84488584
       36     0.00000052     0.11371722     0.88628226
       37     0.00000048     0.32521570     0.67478383
       38     0.00000002     0.65157225     0.34842773
       39     0.00000031     0.70688085     0.29311884
       40     0.00000058     0.72517244     0.27482699
       41     0.00000015     0.73491078     0.26508907
       42     0.00000009     0.74208038     0.25791953
       43     0.00000056     0.74945775     0.25054169
       44     0.00000043     0.75906399     0.24093558
       45     0.00000001     0.77025576     0.22974423
       46     0.00000034     0.78263097     0.21736869
       47     0.00000067     0.79565877     0.20434056
       48     0.00000022     0.80881177     0.19118802
       49     0.00000005     0.82164956     0.17835039
       50     0.00000056     0.83386086     0.16613858
       51     0.00000056     0.84526776     0.15473168
       52     0.00000005     0.85580514     0.14419481
       53     0.00000019     0.86549099     0.13450882
       54     0.00000063     0.87439743     0.12560194
       55     0.00000037     0.88262339     0.11737625
       56     0.00000001     0.89027090     0.10972909
       57     0.00000031     0.89742987     0.10256982
       58     0.00000054     0.90416931     0.09583015
       59     0.00000021     0.91053240     0.08946740
       60     0.00000004     0.91653604     0.08346392
       61     0.00000032     0.92217638     0.07782330
       62     0.00000040     0.92743756     0.07256203
       63     0.00000015     0.93229970     0.06770015
       64     0.00000008     0.93674614     0.06325379
       65     0.00000026     0.94077129     0.05922845
       66     0.00000033     0.94438598     0.05561369
       67     0.00000019     0.94761816     0.05238165
       68     0.00000008     0.95051144     0.04948848
       69     0.00000019     0.95312308     0.04687673
       70     0.00000039     0.95551968     0.04447994
       71     0.00000031     0.95776949     0.04223019
       72     0.00000004     0.95993545     0.04006451
       73     0.00000018     0.96206783     0.03793199
       74     0.00000064     0.96419782     0.03580153
       75     0.00000055     0.96633929     0.03366016
       76     0.00000004     0.96847865     0.03152131
       77     0.00000034     0.97058260     0.02941707
       78     0.00000114     0.97260411     0.02739475
       79     0.00000096     0.97449078     0.02550826
       80     0.00000019     0.97620095     0.02379886
       81     0.00000060     0.97768772     0.02231168
       82     0.00000174     0.97893263     0.02106564
       83     0.00000154     0.97997553     0.02002292
       84     0.00000046     0.98086373     0.01913582
       85     0.00000071     0.98166485     0.01833444
       86     0.00000200     0.98247661     0.01752139
       87     0.00000205     0.98340216     0.01659579
       88     0.00000084     0.98452640     0.01547276
       89     0.00000054     0.98589584     0.01410362
       90     0.00000177     0.98750772     0.01249051
       91     0.00000267     0.98930380     0.01069353
       92     0.00000000     1.00000000     0.00000000
       93     0.00000387     0.99992714     0.00006899
       94     0.00000956     0.99969439     0.00029605
       95     0.00000774     0.99929882     0.00069344
       96     0.00000135     0.99875712     0.00124153
       97     0.00000176     0.99811151     0.00188673
       98     0.00000967     0.99744910     0.00254123
       99     0.00001303     0.99689684     0.00309013
      100     0.00000665     0.99657619     0.00341716
      101     0.00000081     0.99656677     0.00343241
      102     0.00000513     0.99689212     0.00310275
      103     0.00001396     0.99751415     0.00247189
      104     0.00001502     0.99832327     0.00166171
      105     0.00000706     0.99913876     0.00085417
      106     0.00000173     0.99974875     0.00024952
      107     0.00000771     0.99998527     0.00000702
      108     0.00001833     0.99979387     0.00018780
      109     0.00001998     0.99925461     0.00072541
      110     0.00001078     0.99855397     0.00143524
      111     0.00000354     0.99794228     0.00205418
      112     0.00000839     0.99764972     0.00234189
      113     0.00001988     0.99780815     0.00217196
      114     0.00002478     0.99837939     0.00159582
      115     0.00001808     0.99913828     0.00084365
      116     0.00000798     0.99975793     0.00023410
      117     0.00000696     0.99994777     0.00004527
      118     0.00001814     0.99962182     0.00036004
      119     0.00003120     0.99895813     0.00101067
      120     0.00003339     0.99832880     0.00163781
