#     Density Matrix: population Re; see the manual for detail orders
        0     0.00000000     0.00000000     1.00000000
        1     0.00000009     0.00002370     0.99997621
        2     0.00000012     0.00021542     0.99978446
        3     0.00000016     0.00057840     0.99942145
        4     0.00000019     0.00105728     0.99894254
        5     0.00000022     0.00178818     0.99821161
        6     0.00000024     0.00352940     0.99647036
        7     0.00000026     0.00887639     0.99112335
        8     0.00000028     0.02726615     0.97273358
        9     0.00000026     0.09377498     0.90622476
       10     0.00000020     0.26279648     0.73720332
       11     0.00000006     0.72046674     0.27953320
       12     0.00000012     0.76471556     0.23528432
       13     0.00000042     0.69524544     0.30475414
       14     0.00000046     0.69414849     0.30585105
       15     0.00000119     0.64180441     0.35819440
       16     0.00000059     0.61921513     0.38078428
       17     0.00000035     0.60618186     0.39381778
       18     0.00000054     0.59048995     0.40950952
       19     0.00000025     0.57211036     0.42788939
       20     0.00000027     0.55161425     0.44838548
       21     0.00000023     0.52976076     0.47023901
       22     0.00000005     0.50734594     0.49265401
       23     0.00000007     0.60553354     0.39446639
       24     0.00000003     0.68180728     0.31819269
       25     0.00000004     0.73821584     0.26178412
       26     0.00000003     0.77704850     0.22295147
       27     0.00000001     0.80397887     0.19602112
       28     0.00000001     0.82301888     0.17698111
       29     0.00000000     0.83710511     0.16289489
       30     0.00000000     0.84835478     0.15164522
       31     0.00000000     0.85832705     0.14167295
       32     0.00000000     0.86801756     0.13198244
       33     0.00000000     0.87784879     0.12215121
       34     0.00000000     0.88758075     0.11241925
       35     0.00000000     0.89627159     0.10372841
       36     0.00000000     0.90245610     0.09754390
       37     0.00000000     0.90453200     0.09546800
       38     0.00000000     0.90119546     0.09880454
       39     0.00000000     0.89224236     0.10775764
       40     0.00000000     0.87932349     0.12067651
       41     0.00000000     0.86647214     0.13352786
       42     0.00000000     0.86010631     0.13989369
       43     0.00000000     0.86763087     0.13236912
       44     0.00000000     0.89238573     0.10761427
       45     0.00000000     0.92155129     0.07844871
       46     0.00000000     0.92045232     0.07954767
       47     0.00000001     0.87657339     0.12342660
       48     0.00000002     0.83875781     0.16124217
       49     0.00000002     0.84653520     0.15346479
       50     0.00000001     0.88763861     0.11236137
       51     0.00000001     0.93444616     0.06555383
       52     0.00000000     0.96969477     0.03030523
       53     0.00000000     0.98853188     0.01146812
       54     0.00000000     0.99386585     0.00613415
       55     0.00000000     0.99179289     0.00820711
       56     0.00000000     0.98822177     0.01177823
       57     0.00000000     0.98680949     0.01319051
       58     0.00000000     0.98836454     0.01163546
       59     0.00000000     0.99163091     0.00836909
       60     0.00000000     0.99478371     0.00521629
       61     0.00000000     0.99668696     0.00331304
       62     0.00000000     0.99729357     0.00270643
       63     0.00000001     0.99725088     0.00274911
       64     0.00000001     0.99724144     0.00275855
       65     0.00000001     0.99755804     0.00244196
       66     0.00000000     0.99808798     0.00191202
       67     0.00000001     0.99856478     0.00143521
       68     0.00000001     0.99882631     0.00117368
       69     0.00000002     0.99890176     0.00109823
       70     0.00000002     0.99892077     0.00107921
       71     0.00000002     0.99896942     0.00103055
       72     0.00000002     0.99903474     0.00096524
       73     0.00000003     0.99907158     0.00092839
       74     0.00000003     0.99909259     0.00090737
       75     0.00000004     0.99916104     0.00083892
       76     0.00000005     0.99929228     0.00070767
       77     0.00000006     0.99939948     0.00060046
       78     0.00000006     0.99938191     0.00061802
       79     0.00000008     0.99926777     0.00073216
       80     0.00000009     0.99922146     0.00077845
       81     0.00000010     0.99936888     0.00063102
       82     0.00000012     0.99962443     0.00037546
       83     0.00000014     0.99975759     0.00024228
       84     0.00000016     0.99964127     0.00035857
       85     0.00000018     0.99941187     0.00058795
       86     0.00000021     0.99934310     0.00065669
       87     0.00000023     0.99955247     0.00044730
       88     0.00000026     0.99986012     0.00013962
       89     0.00000029     0.99996298     0.00003672
       90     0.00000033     0.99974894     0.00025073
       91     0.00000036     0.99942263     0.00057701
       92     0.00000039     0.99930683     0.00069278
       93     0.00000042     0.99951893     0.00048065
       94     0.00000045     0.99985177     0.00014778
       95     0.00000048     0.99997882     0.00002069
       96     0.00000051     0.99977278     0.00022671
       97     0.00000054     0.99941928     0.00058018
       98     0.00000056     0.99922813     0.00077131
       99     0.00000059     0.99934461     0.00065480
      100     0.00000062     0.99963700     0.00036239
      101     0.00000064     0.99983947     0.00015989
      102     0.00000067     0.99979181     0.00020752
      103     0.00000068     0.99955768     0.00044164
      104     0.00000071     0.99934318     0.00065611
      105     0.00000074     0.99931511     0.00068415
      106     0.00000076     0.99947935     0.00051989
      107     0.00000078     0.99970168     0.00029754
      108     0.00000080     0.99983055     0.00016865
      109     0.00000083     0.99981133     0.00018784
      110     0.00000084     0.99970875     0.00029041
      111     0.00000086     0.99963646     0.00036269
      112     0.00000088     0.99966368     0.00033545
      113     0.00000089     0.99977326     0.00022585
      114     0.00000090     0.99989276     0.00010634
      115     0.00000090     0.99995979     0.00003931
      116     0.00000091     0.99996424     0.00003485
      117     0.00000091     0.99994054     0.00005855
      118     0.00000091     0.99992846     0.00007063
      119     0.00000090     0.99994191     0.00005719
      120     0.00000089     0.99996795     0.00003116
