#     Density Matrix: population Re; see the manual for detail orders
        0     0.00000000     0.00000000     1.00000000
        1     0.00000014     0.00000058     0.99999928
        2     0.00000013     0.00000693     0.99999294
        3     0.00000036     0.00002493     0.99997471
        4     0.00000025     0.00005660     0.99994316
        5     0.00000065     0.00010417     0.99989519
        6     0.00000042     0.00018877     0.99981080
        7     0.00000091     0.00038407     0.99961503
        8     0.00000062     0.00088163     0.99911776
        9     0.00000104     0.00218076     0.99781820
       10     0.00000080     0.00580778     0.99419142
       11     0.00000095     0.01759261     0.98240644
       12     0.00000090     0.06575510     0.93424400
       13     0.00000050     0.27376262     0.72623689
       14     0.00000057     0.63536552     0.36463391
       15     0.00000068     0.52577025     0.47422907
       16     0.00000280     0.39024191     0.60975529
       17     0.00000075     0.32474948     0.67524977
       18     0.00000155     0.29362960     0.70636885
       19     0.00000206     0.28030032     0.71969762
       20     0.00000024     0.27605429     0.72394548
       21     0.00000112     0.27580431     0.72419457
       22     0.00000119     0.27649051     0.72350830
       23     0.00000003     0.27634751     0.72365246
       24     0.00000067     0.27448319     0.72551614
       25     0.00000072     0.27059674     0.72940255
       26     0.00000003     0.26476652     0.73523345
       27     0.00000037     0.25728951     0.74271011
       28     0.00000044     0.24855479     0.75144477
       29     0.00000011     0.23897252     0.76102737
       30     0.00000027     0.22893877     0.77106096
       31     0.00000027     0.21884231     0.78115742
       32     0.00000019     0.20911050     0.79088931
       33     0.00000029     0.20027776     0.79972195
       34     0.00000018     0.19306431     0.80693551
       35     0.00000023     0.18845926     0.81154050
       36     0.00000033     0.18776896     0.81223070
       37     0.00000014     0.19261517     0.80738469
       38     0.00000027     0.20482584     0.79517389
       39     0.00000032     0.22614893     0.77385075
       40     0.00000011     0.25772447     0.74227542
       41     0.00000039     0.29920852     0.70079109
       42     0.00000029     0.34752595     0.65247376
       43     0.00000008     0.39539809     0.60460183
       44     0.00000065     0.43025872     0.56974063
       45     0.00000030     0.43504241     0.56495729
       46     0.00000016     0.39335232     0.60664752
       47     0.00000104     0.30089927     0.69909970
       48     0.00000029     0.17891410     0.82108561
       49     0.00000042     0.07405136     0.92594822
       50     0.00000121     0.03238758     0.96761120
       51     0.00000010     0.06550577     0.93449413
       52     0.00000070     0.14398457     0.85601473
       53     0.00000073     0.22203898     0.77796029
       54     0.00000007     0.26574909     0.73425084
       55     0.00000109     0.26560560     0.73439332
       56     0.00000017     0.23360696     0.76639286
       57     0.00000067     0.19234895     0.80765038
       58     0.00000084     0.16272721     0.83727195
       59     0.00000006     0.15510055     0.84489938
       60     0.00000098     0.16671061     0.83328841
       61     0.00000006     0.18572102     0.81427892
       62     0.00000070     0.19922316     0.80077614
       63     0.00000036     0.20063983     0.79935981
       64     0.00000033     0.19234238     0.80765728
       65     0.00000071     0.18234280     0.81765649
       66     0.00000004     0.17782345     0.82217651
       67     0.00000067     0.18032730     0.81967203
       68     0.00000004     0.18590716     0.81409280
       69     0.00000059     0.18943769     0.81056172
       70     0.00000007     0.18897430     0.81102563
       71     0.00000052     0.18644848     0.81355101
       72     0.00000029     0.18475494     0.81524477
       73     0.00000021     0.18472334     0.81527645
       74     0.00000026     0.18509275     0.81490699
       75     0.00000029     0.18491023     0.81508948
       76     0.00000031     0.18497936     0.81502033
       77     0.00000012     0.18641303     0.81358685
       78     0.00000053     0.18831795     0.81168153
       79     0.00000018     0.18813755     0.81186227
       80     0.00000015     0.18491011     0.81508974
       81     0.00000027     0.18146430     0.81853544
       82     0.00000054     0.18202640     0.81797307
       83     0.00000008     0.18716095     0.81283898
       84     0.00000029     0.19202123     0.80797849
       85     0.00000054     0.19092674     0.80907273
       86     0.00000025     0.18391634     0.81608341
       87     0.00000004     0.17774314     0.82225682
       88     0.00000056     0.17929640     0.82070304
       89     0.00000071     0.18799316     0.81200612
       90     0.00000003     0.19556133     0.80443864
       91     0.00000031     0.19410159     0.80589810
       92     0.00000061     0.18433529     0.81566410
       93     0.00000051     0.17536147     0.82463801
       94     0.00000001     0.17590741     0.82409258
       95     0.00000073     0.18578326     0.81421601
       96     0.00000109     0.19600130     0.80399760
       97     0.00000013     0.19729267     0.80270720
       98     0.00000009     0.18865132     0.81134859
       99     0.00000040     0.17792697     0.82207263
      100     0.00000118     0.17438447     0.82561435
      101     0.00000053     0.18052826     0.81947121
      102     0.00000030     0.19049995     0.80949975
      103     0.00000119     0.19582283     0.80417597
      104     0.00000053     0.19274526     0.80725421
      105     0.00000024     0.18475729     0.81524247
      106     0.00000001     0.17879148     0.82120851
      107     0.00000084     0.17913338     0.82086578
      108     0.00000193     0.18440738     0.81559069
      109     0.00000056     0.18963595     0.81036349
      110     0.00000015     0.19085773     0.80914212
      111     0.00000042     0.18807327     0.81192631
      112     0.00000051     0.18439423     0.81560525
      113     0.00000126     0.18282933     0.81716941
      114     0.00000052     0.18388179     0.81611769
      115     0.00000058     0.18583486     0.81416456
      116     0.00000152     0.18686566     0.81313282
      117     0.00000067     0.18665168     0.81334765
      118     0.00000034     0.18609135     0.81390831
      119     0.00000023     0.18589966     0.81410011
      120     0.00000039     0.18585767     0.81414194
