#     Density Matrix: population Re; see the manual for detail orders
        0     0.00000000     0.00000000     1.00000000
        1     0.00000004     0.00000016     0.99999980
        2     0.00000003     0.00000091     0.99999906
        3     0.00000013     0.00000114     0.99999873
        4     0.00000011     0.00000115     0.99999874
        5     0.00000027     0.00000225     0.99999748
        6     0.00000026     0.00000438     0.99999536
        7     0.00000046     0.00000649     0.99999306
        8     0.00000048     0.00001124     0.99998828
        9     0.00000066     0.00002989     0.99996946
       10     0.00000066     0.00008364     0.99991569
       11     0.00000080     0.00020751     0.99979168
       12     0.00000072     0.00047799     0.99952129
       13     0.00000087     0.00112742     0.99887171
       14     0.00000067     0.00302649     0.99697284
       15     0.00000084     0.01036824     0.98963092
       16     0.00000059     0.05433676     0.94566266
       17     0.00000055     0.40092690     0.59907255
       18     0.00000005     0.75033656     0.24966339
       19     0.00000067     0.45730232     0.54269702
       20     0.00000075     0.35713420     0.64286504
       21     0.00000002     0.32080737     0.67919261
       22     0.00000089     0.29940848     0.70059063
       23     0.00000040     0.28785206     0.71214754
       24     0.00000017     0.28255392     0.71744592
       25     0.00000094     0.28102285     0.71897621
       26     0.00000025     0.28156437     0.71843538
       27     0.00000025     0.28305255     0.71694720
       28     0.00000092     0.28475592     0.71524316
       29     0.00000025     0.28619994     0.71379981
       30     0.00000019     0.28706508     0.71293473
       31     0.00000086     0.28710845     0.71289069
       32     0.00000035     0.28609972     0.71389993
       33     0.00000009     0.28375767     0.71624224
       34     0.00000073     0.27966692     0.72033236
       35     0.00000051     0.27312939     0.72687010
       36     0.00000004     0.26282917     0.73717079
       37     0.00000051     0.24590459     0.75409490
       38     0.00000067     0.21457244     0.78542690
       39     0.00000012     0.13762659     0.86237328
       40     0.00000016     0.00384291     0.99615693
       41     0.00000051     0.30455633     0.69544316
       42     0.00000033     0.52664092     0.47335876
       43     0.00000003     0.61441056     0.38558941
       44     0.00000022     0.70063962     0.29936016
       45     0.00000031     0.84127626     0.15872342
       46     0.00000016     0.99443825     0.00556159
       47     0.00000016     0.92658957     0.07341027
       48     0.00000037     0.81055344     0.18944620
       49     0.00000032     0.75240040     0.24759927
       50     0.00000022     0.71730835     0.28269143
       51     0.00000026     0.69284930     0.30715044
       52     0.00000029     0.67398116     0.32601855
       53     0.00000026     0.65828318     0.34171657
       54     0.00000027     0.64443424     0.35556549
       55     0.00000028     0.63164900     0.36835072
       56     0.00000025     0.61943489     0.38056485
       57     0.00000024     0.60748065     0.39251911
       58     0.00000031     0.59559868     0.40440102
       59     0.00000030     0.58369341     0.41630629
       60     0.00000021     0.57174233     0.42825746
       61     0.00000024     0.55978428     0.44021547
       62     0.00000037     0.54791818     0.45208146
       63     0.00000030     0.53628804     0.46371165
       64     0.00000015     0.52508562     0.47491423
       65     0.00000028     0.51453529     0.48546443
       66     0.00000046     0.50489041     0.49510912
       67     0.00000027     0.49641739     0.50358234
       68     0.00000010     0.48937549     0.51062441
       69     0.00000040     0.48398235     0.51601726
       70     0.00000056     0.48037812     0.51962132
       71     0.00000020     0.47858243     0.52141737
       72     0.00000011     0.47844267     0.52155722
       73     0.00000055     0.47961145     0.52038799
       74     0.00000060     0.48152404     0.51847536
       75     0.00000012     0.48342090     0.51657897
       76     0.00000016     0.48439348     0.51560635
       77     0.00000069     0.48345739     0.51654193
       78     0.00000058     0.47964819     0.52035123
       79     0.00000006     0.47214236     0.52785758
       80     0.00000027     0.46040746     0.53959227
       81     0.00000077     0.44434824     0.55565099
       82     0.00000047     0.42439233     0.57560720
       83     0.00000002     0.40145075     0.59854923
       84     0.00000043     0.37675051     0.62324906
       85     0.00000079     0.35158033     0.64841888
       86     0.00000029     0.32706886     0.67293085
       87     0.00000005     0.30404503     0.69595492
       88     0.00000062     0.28303982     0.71695955
       89     0.00000072     0.26433643     0.73566285
       90     0.00000012     0.24805363     0.75194625
       91     0.00000019     0.23421879     0.76578102
       92     0.00000079     0.22282029     0.77717892
       93     0.00000058     0.21383716     0.78616226
       94     0.00000002     0.20725242     0.79274756
       95     0.00000038     0.20305685     0.79694276
       96     0.00000089     0.20124428     0.79875483
       97     0.00000043     0.20180537     0.79819420
       98     0.00000001     0.20472036     0.79527963
       99     0.00000059     0.20995087     0.79004854
      100     0.00000094     0.21743379     0.78256527
      101     0.00000031     0.22707844     0.77292125
      102     0.00000005     0.23876584     0.76123411
      103     0.00000076     0.25234706     0.74765218
      104     0.00000095     0.26764638     0.73235266
      105     0.00000023     0.28446502     0.71553475
      106     0.00000010     0.30257709     0.69742281
      107     0.00000082     0.32173314     0.67826603
      108     0.00000090     0.34165477     0.65834433
      109     0.00000018     0.36203155     0.63796828
      110     0.00000012     0.38251386     0.61748602
      111     0.00000075     0.40269607     0.59730318
      112     0.00000074     0.42209968     0.57789958
      113     0.00000014     0.44016920     0.55983066
      114     0.00000014     0.45624567     0.54375419
      115     0.00000059     0.46951162     0.53048779
      116     0.00000048     0.47883919     0.52116033
      117     0.00000011     0.48234330     0.51765658
      118     0.00000026     0.47609874     0.52390100
      119     0.00000045     0.45008665     0.54991290
      120     0.00000022     0.38254836     0.61745141
