#     Density Matrix: population Re; see the manual for detail orders
        0     0.00000000     0.00000000     1.00000000
        1     0.00000001     0.00000431     0.99999569
        2     0.00000002     0.00004343     0.99995655
        3     0.00000005     0.00012828     0.99987167
        4     0.00000008     0.00023819     0.99976172
        5     0.00000012     0.00035767     0.99964221
        6     0.00000016     0.00055157     0.99944827
        7     0.00000019     0.00106518     0.99893464
        8     0.00000021     0.00256659     0.99743320
        9     0.00000023     0.00718672     0.99281305
       10     0.00000025     0.02388653     0.97611321
       11     0.00000025     0.09798600     0.90201375
       12     0.00000009     0.68336106     0.31663885
       13     0.00000005     0.54183613     0.45816382
       14     0.00000058     0.18171851     0.81828090
       15     0.00000020     0.08958891     0.91041090
       16     0.00000039     0.04842905     0.95157055
       17     0.00000034     0.03104380     0.96895586
       18     0.00000025     0.02460583     0.97539392
       19     0.00000032     0.02292560     0.97707408
       20     0.00000025     0.02299190     0.97700785
       21     0.00000018     0.02341468     0.97658514
       22     0.00000023     0.02358755     0.97641223
       23     0.00000020     0.02334448     0.97665532
       24     0.00000020     0.02275872     0.97724108
       25     0.00000020     0.02190368     0.97809612
       26     0.00000018     0.02088477     0.97911505
       27     0.00000013     0.01980614     0.98019373
       28     0.00000015     0.01878322     0.98121663
       29     0.00000018     0.01788367     0.98211616
       30     0.00000020     0.01714996     0.98284983
       31     0.00000020     0.01661542     0.98338438
       32     0.00000020     0.01631483     0.98368496
       33     0.00000022     0.01629737     0.98370241
       34     0.00000024     0.01660980     0.98338995
       35     0.00000031     0.01742713     0.98257256
       36     0.00000030     0.01911196     0.98088774
       37     0.00000029     0.02226842     0.97773129
       38     0.00000034     0.02844014     0.97155952
       39     0.00000036     0.04203235     0.95796729
       40     0.00000034     0.07952711     0.92047255
       41     0.00000037     0.21950001     0.78049962
       42     0.00000038     0.57837728     0.42162234
       43     0.00000036     0.87293663     0.12706301
       44     0.00000027     0.95741949     0.04258024
       45     0.00000024     0.97861608     0.02138368
       46     0.00000028     0.98544403     0.01455569
       47     0.00000031     0.98809705     0.01190264
       48     0.00000046     0.98922390     0.01077565
       49     0.00000043     0.98973239     0.01026718
       50     0.00000033     0.98982613     0.01017354
       51     0.00000039     0.98965939     0.01034022
       52     0.00000046     0.98932013     0.01067942
       53     0.00000038     0.98886814     0.01113148
       54     0.00000034     0.98835025     0.01164942
       55     0.00000041     0.98780783     0.01219176
       56     0.00000042     0.98727893     0.01272065
       57     0.00000035     0.98679939     0.01320026
       58     0.00000036     0.98639737     0.01360228
       59     0.00000040     0.98609553     0.01390408
       60     0.00000037     0.98591070     0.01408892
       61     0.00000034     0.98584975     0.01414991
       62     0.00000037     0.98590984     0.01408979
       63     0.00000039     0.98608073     0.01391887
       64     0.00000037     0.98634598     0.01365364
       65     0.00000036     0.98668597     0.01331367
       66     0.00000040     0.98708374     0.01291586
       67     0.00000043     0.98752885     0.01247072
       68     0.00000044     0.98801682     0.01198274
       69     0.00000041     0.98866148     0.01133811
       70     0.00000033     0.98936063     0.01063903
       71     0.00000044     0.98999655     0.01000301
       72     0.00000067     0.99068978     0.00930954
       73     0.00000081     0.99142182     0.00857737
       74     0.00000089     0.99215302     0.00784609
       75     0.00000114     0.99281605     0.00718281
       76     0.00000154     0.99332258     0.00667588
       77     0.00000183     0.99357686     0.00642131
       78     0.00000201     0.99344097     0.00655703
       79     0.00000227     0.99281102     0.00718671
       80     0.00000267     0.99187594     0.00812139
       81     0.00000292     0.99078744     0.00920964
       82     0.00000291     0.98964686     0.01035023
       83     0.00000290     0.98869639     0.01130071
       84     0.00000311     0.98819431     0.01180258
       85     0.00000320     0.98836610     0.01163070
       86     0.00000307     0.98931873     0.01067820
       87     0.00000298     0.99100748     0.00898954
       88     0.00000297     0.99324090     0.00675613
       89     0.00000300     0.99565529     0.00434171
       90     0.00000345     0.99776718     0.00222936
       91     0.00000389     0.99923170     0.00076441
       92     0.00000399     0.99985752     0.00013849
       93     0.00000412     0.99963666     0.00035922
       94     0.00000445     0.99879796     0.00119759
       95     0.00000478     0.99774057     0.00225465
       96     0.00000490     0.99690519     0.00308992
       97     0.00000490     0.99661941     0.00337569
       98     0.00000498     0.99698093     0.00301410
       99     0.00000518     0.99782824     0.00216658
      100     0.00000542     0.99881949     0.00117508
      101     0.00000565     0.99959305     0.00040130
      102     0.00000612     0.99992788     0.00006600
      103     0.00000688     0.99982554     0.00016758
      104     0.00000750     0.99949415     0.00049835
      105     0.00000803     0.99920554     0.00078644
      106     0.00000869     0.99914348     0.00084783
      107     0.00000960     0.99931816     0.00067224
      108     0.00001073     0.99959300     0.00039627
      109     0.00001207     0.99979883     0.00018911
      110     0.00001365     0.99985029     0.00013606
      111     0.00001557     0.99978514     0.00019929
      112     0.00001793     0.99970872     0.00027335
      113     0.00002086     0.99969982     0.00027931
      114     0.00002455     0.99975775     0.00021770
      115     0.00002918     0.99982554     0.00014527
      116     0.00003472     0.99985369     0.00011159
      117     0.00004120     0.99984035     0.00011845
      118     0.00004946     0.99982197     0.00012857
      119     0.00006020     0.99982385     0.00011595
      120     0.00007473     0.99983577     0.00008950
