#     Density Matrix: population Re; see the manual for detail orders
        0     0.00000000     0.00000000     1.00000000
        1     0.00000001     0.00000034     0.99999965
        2     0.00000003     0.00000304     0.99999693
        3     0.00000007     0.00001050     0.99998943
        4     0.00000010     0.00002697     0.99997293
        5     0.00000014     0.00005334     0.99994652
        6     0.00000017     0.00009818     0.99990165
        7     0.00000021     0.00019163     0.99980816
        8     0.00000024     0.00041191     0.99958785
        9     0.00000028     0.00097080     0.99902892
       10     0.00000031     0.00254130     0.99745839
       11     0.00000033     0.00775550     0.99224417
       12     0.00000034     0.02995328     0.97004638
       13     0.00000017     0.57570355     0.42429628
       14     0.00000007     0.55303660     0.44696333
       15     0.00000051     0.13104322     0.86895626
       16     0.00000030     0.04370341     0.95629629
       17     0.00000039     0.01437972     0.98561989
       18     0.00000042     0.00404522     0.99595436
       19     0.00000038     0.00070888     0.99929075
       20     0.00000042     0.00001957     0.99998001
       21     0.00000042     0.00023822     0.99976136
       22     0.00000043     0.00066154     0.99933804
       23     0.00000041     0.00102689     0.99897270
       24     0.00000050     0.00126749     0.99873201
       25     0.00000054     0.00138605     0.99861341
       26     0.00000033     0.00140117     0.99859850
       27     0.00000041     0.00135345     0.99864614
       28     0.00000047     0.00129074     0.99870879
       29     0.00000044     0.00125235     0.99874721
       30     0.00000037     0.00128841     0.99871122
       31     0.00000030     0.00147792     0.99852178
       32     0.00000035     0.00193910     0.99806055
       33     0.00000037     0.00286622     0.99713341
       34     0.00000021     0.00483848     0.99516130
       35     0.00000025     0.00889161     0.99110814
       36     0.00000035     0.01819833     0.98180131
       37     0.00000021     0.04710767     0.95289213
       38     0.00000016     0.13144642     0.86855342
       39     0.00000031     0.35841598     0.64158371
       40     0.00000018     0.64005384     0.35994598
       41     0.00000004     0.79864634     0.20135362
       42     0.00000013     0.86384550     0.13615436
       43     0.00000015     0.89309092     0.10690893
       44     0.00000004     0.90949648     0.09050349
       45     0.00000004     0.91985955     0.08014041
       46     0.00000009     0.92642144     0.07357847
       47     0.00000005     0.93088683     0.06911312
       48     0.00000001     0.93421471     0.06578528
       49     0.00000005     0.93667454     0.06332541
       50     0.00000006     0.93854101     0.06145893
       51     0.00000002     0.93999439     0.06000559
       52     0.00000001     0.94115200     0.05884799
       53     0.00000005     0.94209867     0.05790128
       54     0.00000005     0.94289042     0.05710954
       55     0.00000001     0.94357118     0.05642881
       56     0.00000002     0.94417301     0.05582697
       57     0.00000006     0.94472136     0.05527859
       58     0.00000004     0.94523917     0.05476079
       59     0.00000001     0.94574337     0.05425662
       60     0.00000005     0.94623499     0.05376496
       61     0.00000009     0.94672325     0.05327666
       62     0.00000005     0.94727173     0.05272822
       63     0.00000003     0.94789783     0.05210214
       64     0.00000008     0.94853298     0.05146694
       65     0.00000011     0.94917551     0.05082438
       66     0.00000006     0.94986646     0.05013349
       67     0.00000004     0.95065723     0.04934273
       68     0.00000010     0.95152786     0.04847204
       69     0.00000011     0.95232443     0.04767546
       70     0.00000007     0.95302795     0.04697198
       71     0.00000004     0.95370395     0.04629601
       72     0.00000008     0.95429091     0.04570901
       73     0.00000011     0.95471519     0.04528471
       74     0.00000010     0.95498048     0.04501943
       75     0.00000007     0.95505885     0.04494107
       76     0.00000007     0.95497773     0.04502220
       77     0.00000009     0.95477069     0.04522922
       78     0.00000008     0.95448725     0.04551266
       79     0.00000005     0.95428277     0.04571717
       80     0.00000004     0.95423673     0.04576323
       81     0.00000009     0.95418497     0.04581494
       82     0.00000014     0.95415978     0.04584008
       83     0.00000012     0.95430363     0.04569625
       84     0.00000009     0.95462060     0.04537931
       85     0.00000014     0.95508746     0.04491240
       86     0.00000024     0.95568402     0.04431575
       87     0.00000019     0.95629248     0.04370733
       88     0.00000014     0.95683284     0.04316703
       89     0.00000028     0.95723766     0.04276207
       90     0.00000045     0.95743622     0.04256333
       91     0.00000042     0.95739755     0.04260204
       92     0.00000037     0.95713490     0.04286473
       93     0.00000056     0.95672005     0.04327939
       94     0.00000075     0.95627830     0.04372095
       95     0.00000080     0.95590201     0.04409719
       96     0.00000088     0.95580864     0.04419048
       97     0.00000076     0.95634097     0.04365827
       98     0.00000072     0.95762881     0.04237047
       99     0.00000081     0.95969078     0.04030840
      100     0.00000085     0.96251088     0.03748828
      101     0.00000076     0.96596107     0.03403817
      102     0.00000069     0.96980976     0.03018955
      103     0.00000089     0.97385409     0.02614502
      104     0.00000133     0.97779098     0.02220769
      105     0.00000144     0.98116620     0.01883236
      106     0.00000155     0.98381447     0.01618398
      107     0.00000248     0.98584453     0.01415299
      108     0.00000356     0.98729931     0.01269713
      109     0.00000393     0.98829319     0.01170288
      110     0.00000388     0.98898423     0.01101189
      111     0.00000423     0.98953209     0.01046368
      112     0.00000488     0.99007985     0.00991528
      113     0.00000510     0.99075697     0.00923793
      114     0.00000487     0.99168002     0.00831511
      115     0.00000467     0.99291251     0.00708282
      116     0.00000477     0.99442500     0.00557023
      117     0.00000505     0.99607233     0.00392262
      118     0.00000548     0.99760645     0.00238807
      119     0.00000606     0.99874012     0.00125383
      120     0.00000639     0.99923238     0.00076123
