#     Density Matrix: population Re; see the manual for detail orders
        0     0.00000000     0.00000000     1.00000000
        1     0.00000001     0.00000039     0.99999960
        2     0.00000002     0.00000137     0.99999861
        3     0.00000008     0.00000276     0.99999716
        4     0.00000012     0.00002267     0.99997721
        5     0.00000026     0.00008924     0.99991049
        6     0.00000034     0.00022466     0.99977500
        7     0.00000054     0.00047379     0.99952567
        8     0.00000060     0.00102926     0.99897014
        9     0.00000079     0.00257690     0.99742232
       10     0.00000079     0.00750202     0.99249720
       11     0.00000090     0.02548228     0.97451682
       12     0.00000077     0.10331976     0.89667947
       13     0.00000055     0.37585845     0.62414100
       14     0.00000037     0.61663323     0.38336641
       15     0.00000088     0.45922696     0.54077216
       16     0.00000162     0.33509207     0.66490631
       17     0.00000062     0.28193573     0.71806364
       18     0.00000012     0.25964632     0.74035355
       19     0.00000111     0.24542342     0.75457547
       20     0.00000022     0.23816327     0.76183652
       21     0.00000047     0.23646745     0.76353208
       22     0.00000107     0.23902968     0.76096925
       23     0.00000004     0.24478844     0.75521152
       24     0.00000074     0.25297707     0.74702219
       25     0.00000094     0.26308332     0.73691574
       26     0.00000000     0.27477435     0.72522564
       27     0.00000083     0.28785625     0.71214292
       28     0.00000085     0.30219579     0.69780336
       29     0.00000000     0.31765665     0.68234335
       30     0.00000076     0.33402986     0.66596938
       31     0.00000085     0.35095370     0.64904545
       32     0.00000001     0.36778269     0.63221729
       33     0.00000058     0.38342575     0.61657367
       34     0.00000088     0.39608836     0.60391076
       35     0.00000010     0.40251956     0.59748035
       36     0.00000034     0.39713966     0.60286000
       37     0.00000095     0.37716945     0.62282960
       38     0.00000033     0.34001482     0.65998485
       39     0.00000009     0.28237039     0.71762951
       40     0.00000093     0.20350730     0.79649177
       41     0.00000076     0.12845062     0.87154862
       42     0.00000001     0.13006360     0.86993638
       43     0.00000069     0.21861856     0.78138076
       44     0.00000123     0.32224947     0.67774930
       45     0.00000031     0.42824721     0.57175248
       46     0.00000013     0.55647731     0.44352256
       47     0.00000091     0.77538094     0.22461815
       48     0.00000078     0.88040395     0.11959527
       49     0.00000006     0.91203035     0.08796959
       50     0.00000063     0.92241057     0.07758879
       51     0.00000130     0.92674562     0.07325308
       52     0.00000052     0.92905861     0.07094087
       53     0.00000019     0.93041116     0.06958865
       54     0.00000121     0.93089939     0.06909941
       55     0.00000124     0.93019642     0.06980234
       56     0.00000023     0.92777184     0.07222793
       57     0.00000058     0.92309236     0.07690706
       58     0.00000148     0.91580344     0.08419509
       59     0.00000081     0.90524383     0.09475536
       60     0.00000015     0.89172113     0.10827872
       61     0.00000101     0.87652490     0.12347408
       62     0.00000124     0.86203413     0.13796462
       63     0.00000027     0.85139176     0.14860796
       64     0.00000028     0.84768806     0.15231165
       65     0.00000094     0.85285945     0.14713961
       66     0.00000059     0.86657368     0.13342574
       67     0.00000002     0.88567795     0.11432203
       68     0.00000034     0.90508766     0.09491200
       69     0.00000063     0.92052502     0.07947435
       70     0.00000024     0.93136027     0.06863949
       71     0.00000001     0.94029856     0.05970143
       72     0.00000034     0.95020742     0.04979224
       73     0.00000039     0.96180317     0.03819644
       74     0.00000008     0.97395840     0.02604152
       75     0.00000005     0.98498165     0.01501830
       76     0.00000000     1.00000000     0.00000000
       77     0.00000013     0.99757239     0.00242747
       78     0.00000020     0.99294919     0.00705060
       79     0.00000003     0.98960053     0.01039945
       80     0.00000005     0.98927431     0.01072564
       81     0.00000000     1.00000000     0.00000000
       82     0.00000011     0.99959637     0.00040352
       83     0.00000017     0.99886580     0.00113403
       84     0.00000003     0.99845104     0.00154894
       85     0.00000005     0.99859862     0.00140133
       86     0.00000019     0.99909012     0.00090969
       87     0.00000013     0.99950988     0.00048999
       88     0.00000001     0.99960502     0.00039496
       89     0.00000023     0.99944183     0.00055794
       90     0.00000030     0.99926083     0.00073886
       91     0.00000007     0.99921331     0.00078661
       92     0.00000021     0.99925440     0.00074540
       93     0.00000050     0.99927190     0.00072759
       94     0.00000030     0.99925884     0.00074085
       95     0.00000024     0.99930573     0.00069403
       96     0.00000075     0.99943343     0.00056582
       97     0.00000073     0.99950476     0.00049451
       98     0.00000039     0.99937047     0.00062913
       99     0.00000090     0.99909760     0.00090150
      100     0.00000134     0.99896729     0.00103137
      101     0.00000088     0.99917139     0.00082773
      102     0.00000108     0.99954037     0.00045855
      103     0.00000196     0.99966838     0.00032966
      104     0.00000174     0.99935455     0.00064371
      105     0.00000138     0.99887271     0.00112592
      106     0.00000236     0.99872482     0.00127282
      107     0.00000292     0.99909979     0.00089728
      108     0.00000221     0.99962876     0.00036903
      109     0.00000250     0.99974670     0.00025080
      110     0.00000376     0.99929769     0.00069856
      111     0.00000363     0.99872004     0.00127633
      112     0.00000295     0.99859725     0.00139980
      113     0.00000390     0.99905406     0.00094204
      114     0.00000503     0.99963290     0.00036207
      115     0.00000437     0.99976451     0.00023112
      116     0.00000381     0.99933719     0.00065900
      117     0.00000504     0.99878920     0.00120576
      118     0.00000606     0.99865353     0.00134042
      119     0.00000528     0.99903617     0.00095854
      120     0.00000472     0.99954636     0.00044892
