#     Density Matrix: population Re; see the manual for detail orders
        0     0.00000000     0.00000000     1.00000000
        1     0.00000001     0.00000002     0.99999997
        2     0.00000002     0.00000003     0.99999995
        3     0.00000006     0.00000056     0.99999937
        4     0.00000007     0.00000315     0.99999678
        5     0.00000019     0.00000779     0.99999202
        6     0.00000023     0.00001281     0.99998696
        7     0.00000043     0.00001887     0.99998070
        8     0.00000052     0.00003464     0.99996484
        9     0.00000075     0.00008033     0.99991893
       10     0.00000081     0.00019165     0.99980754
       11     0.00000099     0.00044158     0.99955742
       12     0.00000097     0.00103270     0.99896634
       13     0.00000110     0.00266412     0.99733477
       14     0.00000095     0.00828845     0.99171060
       15     0.00000103     0.03496389     0.96503508
       16     0.00000093     0.21787353     0.78212553
       17     0.00000034     0.67315761     0.32684205
       18     0.00000105     0.53846408     0.46153487
       19     0.00000267     0.30720646     0.69279087
       20     0.00000042     0.22934604     0.77065355
       21     0.00000193     0.19218656     0.80781151
       22     0.00000158     0.16969875     0.83029967
       23     0.00000015     0.15236855     0.84763130
       24     0.00000179     0.13611139     0.86388683
       25     0.00000085     0.11925844     0.88074070
       26     0.00000011     0.10162830     0.89837159
       27     0.00000116     0.08390692     0.91609192
       28     0.00000051     0.06703943     0.93296006
       29     0.00000011     0.05195264     0.94804724
       30     0.00000086     0.03926210     0.96073705
       31     0.00000043     0.02915461     0.97084495
       32     0.00000008     0.02139962     0.97860030
       33     0.00000059     0.01559612     0.98440329
       34     0.00000040     0.01128684     0.98871276
       35     0.00000000     1.00000000     0.00000000
       36     0.00000011     0.99995734     0.00004254
       37     0.00000017     0.99982332     0.00017651
       38     0.00000003     0.99957800     0.00042197
       39     0.00000005     0.99918352     0.00081643
       40     0.00000020     0.99857905     0.00142075
       41     0.00000011     0.99769720     0.00230269
       42     0.00000000     0.99644485     0.00355515
       43     0.00000015     0.99468784     0.00531201
       44     0.00000020     0.99230265     0.00769716
       45     0.00000002     0.98915791     0.01084207
       46     0.00000006     0.98509775     0.01490219
       47     0.00000019     0.97994652     0.02005329
       48     0.00000008     0.97347349     0.02652643
       49     0.00000001     0.96526180     0.03473820
       50     0.00000014     0.95444618     0.04555368
       51     0.00000010     0.93935018     0.06064972
       52     0.00000000     0.91750076     0.08249924
       53     0.00000015     0.88777521     0.11222463
       54     0.00000020     0.85633857     0.14366123
       55     0.00000003     0.83940062     0.16059936
       56     0.00000012     0.85039517     0.14960471
       57     0.00000020     0.88506448     0.11493532
       58     0.00000003     0.92746225     0.07253771
       59     0.00000003     0.96387217     0.03612780
       60     0.00000005     0.98769670     0.01230325
       61     0.00000000     1.00000000     0.00000000
       62     0.00000002     0.99723339     0.00276659
       63     0.00000003     0.99232120     0.00767877
       64     0.00000000     0.98918439     0.01081561
       65     0.00000002     0.98935672     0.01064327
       66     0.00000000     1.00000000     0.00000000
       67     0.00000002     0.99965180     0.00034818
       68     0.00000003     0.99904723     0.00095274
       69     0.00000000     0.99874294     0.00125705
       70     0.00000002     0.99891212     0.00108786
       71     0.00000005     0.99932607     0.00067389
       72     0.00000002     0.99962968     0.00037030
       73     0.00000003     0.99965481     0.00034516
       74     0.00000009     0.99950662     0.00049329
       75     0.00000006     0.99938775     0.00061220
       76     0.00000005     0.99937697     0.00062299
       77     0.00000014     0.99939851     0.00060135
       78     0.00000013     0.99937973     0.00062014
       79     0.00000010     0.99937097     0.00062893
       80     0.00000025     0.99946170     0.00053805
       81     0.00000027     0.99960547     0.00039426
       82     0.00000020     0.99961436     0.00038544
       83     0.00000039     0.99938710     0.00061251
       84     0.00000048     0.99910194     0.00089758
       85     0.00000038     0.99908054     0.00091909
       86     0.00000059     0.99941293     0.00058648
       87     0.00000078     0.99977830     0.00022093
       88     0.00000065     0.99973562     0.00026373
       89     0.00000084     0.99922360     0.00077556
       90     0.00000115     0.99870476     0.00129408
       91     0.00000103     0.99872336     0.00127561
       92     0.00000115     0.99930848     0.00069038
       93     0.00000159     0.99988112     0.00011729
       94     0.00000155     0.99981119     0.00018726
       95     0.00000153     0.99907322     0.00092526
       96     0.00000205     0.99831654     0.00168141
       97     0.00000220     0.99825129     0.00174651
       98     0.00000202     0.99895175     0.00104623
       99     0.00000247     0.99977176     0.00022577
      100     0.00000289     0.99995022     0.00004689
      101     0.00000267     0.99931238     0.00068495
      102     0.00000283     0.99841308     0.00158409
      103     0.00000348     0.99802292     0.00197359
      104     0.00000350     0.99845248     0.00154402
      105     0.00000331     0.99931976     0.00067693
      106     0.00000385     0.99992169     0.00007446
      107     0.00000427     0.99983643     0.00015930
      108     0.00000396     0.99922733     0.00076871
      109     0.00000403     0.99864111     0.00135486
      110     0.00000475     0.99853373     0.00146151
      111     0.00000492     0.99893474     0.00106034
      112     0.00000455     0.99949234     0.00050310
      113     0.00000483     0.99980351     0.00019166
      114     0.00000546     0.99972496     0.00026958
      115     0.00000538     0.99942489     0.00056973
      116     0.00000509     0.99918556     0.00080935
      117     0.00000561     0.99916402     0.00083038
      118     0.00000636     0.99930840     0.00068524
      119     0.00000628     0.99946041     0.00053331
      120     0.00000596     0.99951660     0.00047744
