#     Density Matrix: population Re; see the manual for detail orders
        0     0.00000000     0.00000000     1.00000000
        1     0.00000002     0.00000302     0.99999696
        2     0.00000002     0.00002005     0.99997993
        3     0.00000001     0.00003365     0.99996634
        4     0.00000003     0.00003308     0.99996689
        5     0.00000002     0.00001972     0.99998026
        6     0.00000010     0.00000468     0.99999522
        7     0.00000008     0.00000175     0.99999817
        8     0.00000022     0.00001695     0.99998283
        9     0.00000020     0.00004282     0.99995698
       10     0.00000039     0.00006315     0.99993646
       11     0.00000040     0.00006476     0.99993484
       12     0.00000056     0.00004765     0.99995179
       13     0.00000066     0.00002988     0.99996946
       14     0.00000067     0.00005394     0.99994539
       15     0.00000093     0.00022390     0.99977517
       16     0.00000070     0.00095199     0.99904731
       17     0.00000108     0.00606170     0.99393722
       18     0.00000068     0.19405154     0.80594778
       19     0.00000032     0.30265499     0.69734469
       20     0.00000235     0.10883861     0.89115903
       21     0.00000086     0.11411432     0.88588482
       22     0.00000073     0.12043228     0.87956698
       23     0.00000249     0.12598394     0.87401357
       24     0.00000020     0.13055942     0.86944038
       25     0.00000139     0.13433440     0.86566420
       26     0.00000207     0.13760126     0.86239667
       27     0.00000002     0.14068469     0.85931529
       28     0.00000165     0.14388772     0.85611063
       29     0.00000193     0.14749312     0.85250495
       30     0.00000002     0.15175343     0.84824655
       31     0.00000158     0.15688552     0.84311290
       32     0.00000215     0.16306991     0.83692794
       33     0.00000013     0.17045889     0.82954097
       34     0.00000106     0.17913541     0.82086353
       35     0.00000234     0.18908457     0.81091308
       36     0.00000061     0.20014270     0.79985669
       37     0.00000031     0.21183658     0.78816311
       38     0.00000203     0.22327010     0.77672787
       39     0.00000147     0.23237631     0.76762222
       40     0.00000002     0.23756510     0.76243488
       41     0.00000106     0.33834670     0.66165225
       42     0.00000177     0.79239550     0.20760273
       43     0.00000057     0.93307267     0.06692676
       44     0.00000015     0.93155925     0.06844060
       45     0.00000131     0.93078893     0.06920976
       46     0.00000157     0.93034304     0.06965539
       47     0.00000040     0.93013946     0.06986014
       48     0.00000028     0.93015792     0.06984180
       49     0.00000154     0.93040503     0.06959343
       50     0.00000169     0.93090376     0.06909455
       51     0.00000047     0.93172987     0.06826967
       52     0.00000035     0.93314029     0.06685936
       53     0.00000171     0.93476941     0.06522888
       54     0.00000203     0.93648924     0.06350873
       55     0.00000074     0.93818934     0.06180992
       56     0.00000034     0.93978560     0.06021406
       57     0.00000172     0.94122860     0.05876968
       58     0.00000246     0.94250497     0.05749258
       59     0.00000127     0.94363104     0.05636770
       60     0.00000034     0.94464700     0.05535266
       61     0.00000143     0.94561419     0.05438438
       62     0.00000272     0.94660931     0.05338797
       63     0.00000203     0.94771199     0.05228597
       64     0.00000058     0.94899158     0.05100784
       65     0.00000088     0.95049978     0.04949934
       66     0.00000248     0.95226737     0.04773015
       67     0.00000280     0.95430147     0.04569573
       68     0.00000135     0.95658277     0.04341588
       69     0.00000048     0.95907001     0.04092951
       70     0.00000158     0.96171087     0.03828756
       71     0.00000295     0.96445214     0.03554491
       72     0.00000257     0.96724390     0.03275353
       73     0.00000104     0.97004047     0.02995849
       74     0.00000064     0.97280118     0.02719819
       75     0.00000201     0.97549176     0.02450623
       76     0.00000338     0.97808167     0.02191495
       77     0.00000302     0.98053544     0.01946155
       78     0.00000151     0.98280316     0.01719532
       79     0.00000114     0.98481668     0.01518218
       80     0.00000295     0.98649181     0.01350524
       81     0.00000520     0.98773457     0.01226022
       82     0.00000535     0.98845064     0.01154401
       83     0.00000353     0.98856473     0.01143174
       84     0.00000284     0.98805255     0.01194461
       85     0.00000517     0.98697942     0.01301541
       86     0.00000822     0.98552525     0.01446653
       87     0.00000834     0.98397671     0.01601495
       88     0.00000565     0.98267918     0.01731517
       89     0.00000389     0.98195995     0.01803616
       90     0.00000529     0.98205127     0.01794344
       91     0.00000776     0.98304168     0.01695056
       92     0.00000801     0.98486679     0.01512520
       93     0.00000567     0.98733228     0.01266205
       94     0.00000000     1.00000000     0.00000000
       95     0.00000684     0.99977072     0.00022244
       96     0.00001955     0.99912137     0.00085907
       97     0.00002324     0.99818629     0.00179047
       98     0.00001355     0.99717397     0.00281248
       99     0.00000194     0.99632188     0.00367618
      100     0.00000163     0.99584765     0.00415071
      101     0.00001222     0.99589647     0.00409131
      102     0.00002150     0.99648721     0.00349129
      103     0.00001976     0.99748021     0.00250003
      104     0.00000913     0.99859392     0.00139694
      105     0.00000055     0.99948381     0.00051565
      106     0.00000334     0.99986378     0.00013289
      107     0.00001572     0.99962127     0.00036301
      108     0.00002511     0.99887361     0.00110127
      109     0.00002117     0.99793622     0.00204262
      110     0.00000814     0.99720706     0.00278481
      111     0.00000021     0.99700607     0.00299373
      112     0.00000561     0.99743143     0.00256296
      113     0.00001927     0.99829452     0.00168621
      114     0.00002890     0.99918181     0.00078929
      115     0.00002551     0.99964180     0.00033269
      116     0.00001171     0.99942601     0.00056228
      117     0.00000155     0.99865735     0.00134109
      118     0.00000695     0.99780201     0.00219104
      119     0.00002410     0.99741298     0.00256292
      120     0.00003782     0.99776774     0.00219444
