#     Density Matrix: population Re; see the manual for detail orders
        0     0.00000000     0.00000000     1.00000000
        1     0.00000002     0.00000005     0.99999993
        2     0.00000004     0.00000014     0.99999983
        3     0.00000006     0.00000658     0.99999337
        4     0.00000008     0.00003908     0.99996084
        5     0.00000010     0.00012179     0.99987812
        6     0.00000012     0.00028872     0.99971116
        7     0.00000013     0.00064531     0.99935456
        8     0.00000016     0.00160132     0.99839852
        9     0.00000017     0.00496287     0.99503696
       10     0.00000020     0.02185617     0.97814363
       11     0.00000009     0.56242331     0.43757660
       12     0.00000010     0.56285786     0.43714204
       13     0.00000032     0.08398944     0.91601024
       14     0.00000025     0.03418263     0.96581712
       15     0.00000019     0.01490464     0.98509517
       16     0.00000032     0.00634862     0.99365107
       17     0.00000023     0.00255317     0.99744660
       18     0.00000031     0.00107431     0.99892538
       19     0.00000030     0.00073851     0.99926120
       20     0.00000024     0.00093952     0.99906025
       21     0.00000028     0.00135802     0.99864170
       22     0.00000026     0.00183063     0.99816911
       23     0.00000025     0.00228120     0.99771855
       24     0.00000028     0.00268329     0.99731643
       25     0.00000028     0.00303624     0.99696348
       26     0.00000028     0.00335234     0.99664737
       27     0.00000030     0.00365022     0.99634948
       28     0.00000029     0.00395047     0.99604923
       29     0.00000030     0.00427817     0.99572153
       30     0.00000030     0.00466420     0.99533550
       31     0.00000030     0.00515458     0.99484512
       32     0.00000029     0.00582418     0.99417553
       33     0.00000029     0.00681320     0.99318651
       34     0.00000027     0.00841056     0.99158916
       35     0.00000026     0.01129782     0.98870193
       36     0.00000024     0.01742197     0.98257779
       37     0.00000022     0.03433894     0.96566084
       38     0.00000019     0.11072212     0.88927769
       39     0.00000015     0.45692227     0.54307758
       40     0.00000014     0.84137794     0.15862192
       41     0.00000018     0.94363531     0.05636451
       42     0.00000015     0.96598209     0.03401776
       43     0.00000010     0.97398128     0.02601862
       44     0.00000012     0.97778957     0.02221032
       45     0.00000012     0.97993230     0.02006757
       46     0.00000009     0.98127376     0.01872614
       47     0.00000008     0.98217276     0.01782716
       48     0.00000010     0.98279680     0.01720311
       49     0.00000009     0.98323205     0.01676786
       50     0.00000007     0.98352736     0.01647257
       51     0.00000007     0.98371245     0.01628748
       52     0.00000008     0.98381044     0.01618947
       53     0.00000008     0.98384081     0.01615911
       54     0.00000007     0.98382430     0.01617563
       55     0.00000008     0.98378059     0.01621934
       56     0.00000009     0.98373253     0.01626738
       57     0.00000009     0.98370126     0.01629865
       58     0.00000009     0.98370701     0.01629290
       59     0.00000011     0.98376629     0.01623360
       60     0.00000012     0.98388941     0.01611047
       61     0.00000013     0.98407960     0.01592027
       62     0.00000014     0.98433088     0.01566898
       63     0.00000017     0.98463004     0.01536979
       64     0.00000019     0.98495630     0.01504351
       65     0.00000019     0.98528535     0.01471445
       66     0.00000021     0.98559273     0.01440705
       67     0.00000024     0.98585664     0.01414311
       68     0.00000026     0.98606295     0.01393679
       69     0.00000027     0.98620751     0.01379222
       70     0.00000028     0.98629746     0.01370226
       71     0.00000031     0.98635055     0.01364914
       72     0.00000033     0.98639250     0.01360718
       73     0.00000034     0.98645272     0.01354695
       74     0.00000036     0.98655808     0.01344157
       75     0.00000039     0.98672849     0.01327112
       76     0.00000043     0.98697071     0.01302886
       77     0.00000046     0.98727678     0.01272276
       78     0.00000050     0.98762448     0.01237501
       79     0.00000057     0.98798054     0.01201889
       80     0.00000064     0.98830378     0.01169558
       81     0.00000070     0.98855254     0.01144676
       82     0.00000077     0.98869371     0.01130552
       83     0.00000085     0.98870666     0.01129249
       84     0.00000094     0.98858889     0.01141016
       85     0.00000102     0.98835966     0.01163932
       86     0.00000108     0.98805878     0.01194014
       87     0.00000115     0.98774482     0.01225403
       88     0.00000122     0.98748954     0.01250925
       89     0.00000127     0.98737130     0.01262743
       90     0.00000130     0.98746339     0.01253531
       91     0.00000133     0.98782319     0.01217548
       92     0.00000138     0.98847937     0.01151926
       93     0.00000142     0.98942280     0.01057577
       94     0.00000148     0.99060204     0.00939647
       95     0.00000157     0.99192725     0.00807118
       96     0.00000172     0.99327800     0.00672029
       97     0.00000192     0.99452495     0.00547314
       98     0.00000218     0.99554811     0.00444971
       99     0.00000249     0.99625956     0.00373795
      100     0.00000285     0.99661847     0.00337868
      101     0.00000325     0.99663835     0.00335840
      102     0.00000364     0.99638502     0.00361133
      103     0.00000399     0.99596772     0.00402829
      104     0.00000427     0.99552273     0.00447300
      105     0.00000445     0.99519559     0.00479995
      106     0.00000456     0.99511700     0.00487844
      107     0.00000460     0.99537767     0.00461773
      108     0.00000463     0.99600220     0.00399317
      109     0.00000468     0.99692795     0.00306737
      110     0.00000478     0.99800164     0.00199358
      111     0.00000496     0.99900129     0.00099375
      112     0.00000520     0.99969211     0.00030269
      113     0.00000549     0.99990116     0.00009335
      114     0.00000578     0.99958672     0.00040751
      115     0.00000603     0.99886854     0.00112543
      116     0.00000622     0.99799892     0.00199485
      117     0.00000635     0.99727859     0.00271506
      118     0.00000644     0.99694907     0.00304448
      119     0.00000655     0.99710919     0.00288426
      120     0.00000672     0.99768715     0.00230614
