#     Density Matrix: population Re; see the manual for detail orders
        0     0.00000000     0.00000000     1.00000000
        1     0.00000001     0.00001094     0.99998905
        2     0.00000003     0.00008008     0.99991989
        3     0.00000010     0.00014660     0.99985330
        4     0.00000015     0.00014480     0.99985505
        5     0.00000033     0.00007808     0.99992159
        6     0.00000042     0.00001384     0.99998574
        7     0.00000066     0.00004604     0.99995331
        8     0.00000072     0.00027378     0.99972550
        9     0.00000093     0.00083102     0.99916806
       10     0.00000090     0.00212691     0.99787219
       11     0.00000102     0.00641031     0.99358867
       12     0.00000089     0.03359939     0.96639972
       13     0.00000075     0.38101099     0.61898826
       14     0.00000004     0.75286869     0.24713127
       15     0.00000194     0.33675390     0.66324416
       16     0.00000224     0.24738692     0.75261083
       17     0.00000009     0.22133150     0.77866841
       18     0.00000067     0.21315630     0.78684303
       19     0.00000058     0.20930354     0.79069588
       20     0.00000008     0.20852482     0.79147510
       21     0.00000082     0.20988041     0.79011877
       22     0.00000026     0.21273043     0.78726932
       23     0.00000022     0.21669243     0.78330734
       24     0.00000072     0.22161296     0.77838632
       25     0.00000009     0.22751016     0.77248975
       26     0.00000032     0.23452587     0.76547381
       27     0.00000063     0.24286187     0.75713750
       28     0.00000004     0.25280788     0.74719208
       29     0.00000033     0.26464255     0.73535712
       30     0.00000059     0.27864054     0.72135887
       31     0.00000005     0.29491660     0.70508334
       32     0.00000026     0.31345876     0.68654098
       33     0.00000058     0.33387008     0.66612934
       34     0.00000011     0.35514125     0.64485864
       35     0.00000014     0.37509960     0.62490027
       36     0.00000055     0.38907252     0.61092693
       37     0.00000024     0.39438644     0.60561332
       38     0.00000002     0.39044146     0.60955851
       39     0.00000046     0.37769040     0.62230915
       40     0.00000043     0.35782015     0.64217942
       41     0.00000001     0.33503956     0.66496043
       42     0.00000028     0.35220542     0.64779430
       43     0.00000056     0.51420530     0.48579413
       44     0.00000028     0.58905045     0.41094927
       45     0.00000003     0.53174747     0.46825250
       46     0.00000020     0.46793905     0.53206074
       47     0.00000026     0.42255201     0.57744773
       48     0.00000006     0.41259343     0.58740651
       49     0.00000003     0.43464302     0.56535695
       50     0.00000005     0.44572219     0.55427776
       51     0.00000002     0.41820666     0.58179332
       52     0.00000009     0.36756411     0.63243580
       53     0.00000010     0.31367463     0.68632527
       54     0.00000002     0.26579980     0.73420018
       55     0.00000005     0.22623014     0.77376982
       56     0.00000011     0.19439677     0.80560312
       57     0.00000006     0.16893440     0.83106554
       58     0.00000002     0.14847461     0.85152537
       59     0.00000007     0.13187747     0.86812246
       60     0.00000008     0.11824886     0.88175106
       61     0.00000003     0.10690405     0.89309592
       62     0.00000004     0.09731987     0.90268009
       63     0.00000008     0.08909373     0.91090620
       64     0.00000005     0.08191208     0.91808786
       65     0.00000003     0.07552650     0.92447347
       66     0.00000006     0.06973612     0.93026382
       67     0.00000007     0.06437556     0.93562437
       68     0.00000004     0.05930682     0.94069314
       69     0.00000005     0.05441376     0.94558619
       70     0.00000008     0.04960088     0.95039904
       71     0.00000004     0.04479666     0.95520330
       72     0.00000003     0.03995968     0.96004029
       73     0.00000009     0.03508995     0.96490996
       74     0.00000008     0.03024301     0.96975691
       75     0.00000001     0.02554398     0.97445601
       76     0.00000008     0.02119443     0.97880549
       77     0.00000015     0.01746445     0.98253540
       78     0.00000004     0.01465632     0.98534364
       79     0.00000002     0.01303363     0.98696634
       80     0.00000019     0.01273543     0.98726438
       81     0.00000016     0.01370218     0.98629766
       82     0.00000001     0.01565655     0.98434345
       83     0.00000013     0.01815975     0.98184012
       84     0.00000029     0.02072211     0.97927760
       85     0.00000011     0.02291899     0.97708090
       86     0.00000004     0.02446459     0.97553537
       87     0.00000030     0.02523000     0.97476970
       88     0.00000031     0.02521857     0.97478112
       89     0.00000005     0.02452324     0.97547671
       90     0.00000017     0.02328458     0.97671525
       91     0.00000044     0.02165832     0.97834124
       92     0.00000026     0.01979352     0.98020623
       93     0.00000007     0.01782038     0.98217955
       94     0.00000037     0.01584525     0.98415438
       95     0.00000052     0.01394965     0.98604983
       96     0.00000019     0.01219212     0.98780768
       97     0.00000018     0.01061113     0.98938869
       98     0.00000000     0.00000000     1.00000000
       99     0.00000075     0.00002555     0.99997369
      100     0.00000137     0.00009570     0.99990293
      101     0.00000049     0.00019534     0.99980417
      102     0.00000007     0.00030282     0.99969712
      103     0.00000111     0.00039101     0.99960788
      104     0.00000141     0.00042952     0.99956907
      105     0.00000032     0.00038984     0.99960984
      106     0.00000020     0.00025958     0.99974023
      107     0.00000135     0.00008349     0.99991517
      108     0.00000138     0.00009176     0.99990686
      109     0.00000024     0.00115457     0.99884519
      110     0.00000028     0.00676106     0.99323866
      111     0.00000140     0.03479280     0.96520580
      112     0.00000128     0.19497519     0.80502353
      113     0.00000018     0.60151120     0.39848862
      114     0.00000029     0.87648926     0.12351045
      115     0.00000136     0.94212914     0.05786950
      116     0.00000125     0.95508028     0.04491846
      117     0.00000019     0.95364629     0.04635352
      118     0.00000022     0.94515749     0.05484229
      119     0.00000116     0.93093087     0.06906797
      120     0.00000114     0.91073171     0.08926715
