#     Density Matrix: population Re; see the manual for detail orders
        0     0.00000000     0.00000000     1.00000000
        1     0.00000002     0.00003688     0.99996310
        2     0.00000004     0.00032687     0.99967309
        3     0.00000008     0.00083358     0.99916634
        4     0.00000013     0.00134243     0.99865744
        5     0.00000017     0.00162298     0.99837686
        6     0.00000026     0.00165435     0.99834539
        7     0.00000027     0.00187869     0.99812104
        8     0.00000041     0.00345620     0.99654339
        9     0.00000036     0.00861961     0.99138003
       10     0.00000053     0.02149403     0.97850544
       11     0.00000041     0.04988906     0.95011053
       12     0.00000053     0.10634672     0.89365275
       13     0.00000038     0.19584202     0.80415760
       14     0.00000052     0.28253332     0.71746616
       15     0.00000039     0.30976886     0.69023074
       16     0.00000038     0.27635689     0.72364273
       17     0.00000089     0.21918434     0.78081477
       18     0.00000038     0.16398627     0.83601335
       19     0.00000088     0.12068897     0.87931015
       20     0.00000082     0.09132941     0.90866978
       21     0.00000040     0.07457876     0.92542085
       22     0.00000092     0.06783268     0.93216639
       23     0.00000061     0.06831462     0.93168477
       24     0.00000057     0.07367553     0.92632390
       25     0.00000101     0.08218603     0.91781295
       26     0.00000025     0.09266951     0.90733023
       27     0.00000068     0.10440702     0.89559230
       28     0.00000102     0.11702275     0.88297623
       29     0.00000016     0.13020445     0.86979539
       30     0.00000059     0.14344939     0.85655002
       31     0.00000117     0.15586053     0.84413830
       32     0.00000034     0.16529431     0.83470535
       33     0.00000042     0.16852795     0.83147163
       34     0.00000128     0.16533701     0.83466170
       35     0.00000075     0.15324601     0.84675325
       36     0.00000014     0.12403846     0.87596140
       37     0.00000097     0.04079314     0.95920589
       38     0.00000101     0.14881719     0.85118180
       39     0.00000016     0.51162809     0.48837175
       40     0.00000060     0.55944618     0.44055322
       41     0.00000114     0.53960655     0.46039231
       42     0.00000050     0.50273298     0.49726652
       43     0.00000001     0.46344696     0.53655303
       44     0.00000037     0.43609114     0.56390849
       45     0.00000045     0.45159497     0.54840459
       46     0.00000022     0.57813352     0.42186626
       47     0.00000021     0.89309049     0.10690930
       48     0.00000000     1.00000000     0.00000000
       49     0.00000007     0.99032913     0.00967080
       50     0.00000013     0.98145480     0.01854506
       51     0.00000005     0.97676542     0.02323453
       52     0.00000000     0.97461391     0.02538609
       53     0.00000008     0.97384942     0.02615050
       54     0.00000011     0.97384221     0.02615768
       55     0.00000003     0.97423474     0.02576523
       56     0.00000001     0.97482963     0.02517036
       57     0.00000007     0.97546909     0.02453084
       58     0.00000008     0.97604053     0.02395938
       59     0.00000003     0.97648810     0.02351188
       60     0.00000001     0.97679059     0.02320941
       61     0.00000008     0.97694453     0.02305540
       62     0.00000011     0.97694592     0.02305398
       63     0.00000002     0.97672671     0.02327326
       64     0.00000002     0.97586461     0.02413537
       65     0.00000011     0.96330448     0.03669542
       66     0.00000009     0.96810388     0.03189603
       67     0.00000000     0.97698849     0.02301150
       68     0.00000003     0.97784349     0.02215648
       69     0.00000005     0.97892178     0.02107818
       70     0.00000000     0.97994053     0.02005947
       71     0.00000005     0.98086395     0.01913600
       72     0.00000004     0.98171706     0.01828289
       73     0.00000000     0.98254336     0.01745664
       74     0.00000006     0.98337374     0.01662620
       75     0.00000003     0.98420880     0.01579117
       76     0.00000001     0.98502087     0.01497911
       77     0.00000003     0.98578291     0.01421705
       78     0.00000000     0.98648685     0.01351315
       79     0.00000003     0.98714630     0.01285367
       80     0.00000003     0.98778162     0.01221835
       81     0.00000000     0.98838666     0.01161334
       82     0.00000002     0.98893745     0.01106254
       83     0.00000000     0.98941044     0.01058956
       84     0.00000002     0.98982509     0.01017489
       85     0.00000000     1.00000000     0.00000000
       86     0.00000000     0.99999964     0.00000036
       87     0.00000000     0.99999862     0.00000138
       88     0.00000000     0.99999754     0.00000246
       89     0.00000000     0.99999722     0.00000278
       90     0.00000000     0.99999800     0.00000200
       91     0.00000000     0.99999925     0.00000074
       92     0.00000000     0.99999979     0.00000021
       93     0.00000000     0.99999885     0.00000115
       94     0.00000000     0.99999699     0.00000301
       95     0.00000000     0.99999572     0.00000428
       96     0.00000000     0.99999614     0.00000386
       97     0.00000000     0.99999788     0.00000212
       98     0.00000000     0.99999927     0.00000073
       99     0.00000000     0.99999886     0.00000114
      100     0.00000000     0.99999679     0.00000321
      101     0.00000000     0.99999475     0.00000525
      102     0.00000000     0.99999432     0.00000568
      103     0.00000000     0.99999543     0.00000457
      104     0.00000000     0.99999731     0.00000269
      105     0.00000000     0.99999855     0.00000145
      106     0.00000000     0.99999801     0.00000199
      107     0.00000000     0.99999600     0.00000400
      108     0.00000000     0.99999409     0.00000591
      109     0.00000000     0.99999361     0.00000639
      110     0.00000000     0.99999474     0.00000525
      111     0.00000000     0.99999642     0.00000358
      112     0.00000000     0.99999705     0.00000295
      113     0.00000000     0.99999556     0.00000444
      114     0.00000000     0.99999241     0.00000759
      115     0.00000000     0.99998923     0.00001077
      116     0.00000000     0.99998767     0.00001232
      117     0.00000000     0.99998829     0.00001170
      118     0.00000000     0.99999013     0.00000986
      119     0.00000000     0.99999128     0.00000872
      120     0.00000000     0.99999002     0.00000997
