#     Density Matrix: population Re; see the manual for detail orders
        0     0.00000000     0.00000000     1.00000000
        1     0.00000000     0.00000347     0.99999652
        2     0.00000001     0.00002190     0.99997809
        3     0.00000002     0.00003027     0.99996970
        4     0.00000005     0.00002097     0.99997898
        5     0.00000009     0.00001368     0.99998623
        6     0.00000013     0.00002038     0.99997949
        7     0.00000017     0.00003740     0.99996242
        8     0.00000021     0.00007477     0.99992502
        9     0.00000025     0.00018166     0.99981809
       10     0.00000029     0.00048277     0.99951694
       11     0.00000032     0.00134439     0.99865529
       12     0.00000035     0.00419294     0.99580671
       13     0.00000036     0.01677453     0.98322511
       14     0.00000036     0.10240738     0.89759227
       15     0.00000014     0.78127080     0.21872906
       16     0.00000002     0.76453356     0.23546642
       17     0.00000042     0.59687586     0.40312372
       18     0.00000038     0.62960605     0.37039357
       19     0.00000026     0.68289554     0.31710421
       20     0.00000022     0.72986366     0.27013613
       21     0.00000015     0.76694351     0.23305633
       22     0.00000012     0.79513680     0.20486308
       23     0.00000009     0.81613025     0.18386966
       24     0.00000008     0.83156709     0.16843283
       25     0.00000005     0.84276217     0.15723779
       26     0.00000003     0.85083525     0.14916472
       27     0.00000002     0.85659557     0.14340441
       28     0.00000002     0.86060733     0.13939265
       29     0.00000001     0.86341054     0.13658945
       30     0.00000000     0.86540416     0.13459583
       31     0.00000001     0.86691814     0.13308185
       32     0.00000000     0.86827763     0.13172237
       33     0.00000000     0.86979854     0.13020145
       34     0.00000001     0.87180558     0.12819442
       35     0.00000000     0.87463349     0.12536650
       36     0.00000000     0.87862018     0.12137981
       37     0.00000000     0.88406764     0.11593236
       38     0.00000000     0.89120425     0.10879575
       39     0.00000000     0.90007280     0.09992720
       40     0.00000000     0.91048594     0.08951406
       41     0.00000000     0.92197279     0.07802720
       42     0.00000000     0.93357420     0.06642580
       43     0.00000001     0.94379724     0.05620275
       44     0.00000000     0.95069519     0.04930481
       45     0.00000001     0.95191387     0.04808612
       46     0.00000002     0.94492348     0.05507650
       47     0.00000002     0.92736758     0.07263240
       48     0.00000003     0.89755045     0.10244952
       49     0.00000004     0.85537565     0.14462431
       50     0.00000007     0.80436544     0.19563449
       51     0.00000010     0.75767603     0.24232387
       52     0.00000015     0.74477257     0.25522728
       53     0.00000018     0.78382672     0.21617310
       54     0.00000013     0.84986563     0.15013424
       55     0.00000005     0.91199287     0.08800708
       56     0.00000003     0.95741505     0.04258492
       57     0.00000001     0.98446028     0.01553971
       58     0.00000000     0.99664746     0.00335254
       59     0.00000000     0.99940437     0.00059563
       60     0.00000000     0.99792616     0.00207384
       61     0.00000000     0.99592190     0.00407810
       62     0.00000000     0.99519365     0.00480635
       63     0.00000000     0.99591322     0.00408678
       64     0.00000000     0.99732974     0.00267026
       65     0.00000000     0.99855969     0.00144031
       66     0.00000000     0.99913161     0.00086839
       67     0.00000000     0.99911104     0.00088896
       68     0.00000000     0.99887948     0.00112052
       69     0.00000000     0.99879071     0.00120929
       70     0.00000000     0.99892851     0.00107148
       71     0.00000000     0.99916739     0.00083261
       72     0.00000000     0.99933530     0.00066470
       73     0.00000000     0.99938345     0.00061655
       74     0.00000001     0.99938221     0.00061778
       75     0.00000001     0.99940529     0.00059470
       76     0.00000001     0.99942761     0.00057238
       77     0.00000002     0.99940616     0.00059382
       78     0.00000003     0.99936907     0.00063090
       79     0.00000002     0.99940408     0.00059590
       80     0.00000004     0.99953308     0.00046687
       81     0.00000005     0.99965107     0.00034887
       82     0.00000004     0.99960640     0.00039356
       83     0.00000007     0.99942281     0.00057712
       84     0.00000010     0.99930812     0.00069178
       85     0.00000007     0.99943676     0.00056317
       86     0.00000011     0.99972501     0.00027488
       87     0.00000015     0.99987851     0.00012134
       88     0.00000013     0.99971315     0.00028671
       89     0.00000016     0.99938709     0.00061275
       90     0.00000021     0.99924565     0.00075414
       91     0.00000020     0.99945899     0.00054081
       92     0.00000022     0.99983402     0.00016576
       93     0.00000028     0.99999839     0.00000133
       94     0.00000028     0.99976603     0.00023369
       95     0.00000029     0.99932162     0.00067809
       96     0.00000034     0.99904234     0.00095731
       97     0.00000036     0.99914613     0.00085351
       98     0.00000036     0.99950465     0.00049499
       99     0.00000040     0.99977250     0.00022710
      100     0.00000043     0.99969015     0.00030942
      101     0.00000044     0.99928723     0.00071233
      102     0.00000046     0.99883834     0.00116120
      103     0.00000049     0.99863419     0.00136532
      104     0.00000051     0.99876743     0.00123206
      105     0.00000054     0.99909026     0.00090919
      106     0.00000055     0.99936047     0.00063898
      107     0.00000053     0.99941900     0.00058047
      108     0.00000053     0.99928249     0.00071698
      109     0.00000057     0.99909227     0.00090716
      110     0.00000055     0.99901595     0.00098351
      111     0.00000053     0.99912043     0.00087904
      112     0.00000054     0.99936236     0.00063710
      113     0.00000055     0.99962335     0.00037610
      114     0.00000052     0.99980778     0.00019170
      115     0.00000050     0.99988244     0.00011706
      116     0.00000050     0.99988361     0.00011589
      117     0.00000048     0.99987286     0.00012666
      118     0.00000044     0.99988451     0.00011505
      119     0.00000044     0.99991947     0.00008009
      120     0.00000042     0.99995389     0.00004569
