#     Density Matrix: population Re; see the manual for detail orders
        0     0.00000000     0.00000000     1.00000000
        1     0.00000008     0.00000002     0.99999990
        2     0.00000005     0.00000168     0.99999827
        3     0.00000003     0.00001621     0.99998376
        4     0.00000004     0.00005866     0.99994130
        5     0.00000001     0.00013183     0.99986816
        6     0.00000013     0.00022983     0.99977005
        7     0.00000004     0.00037272     0.99962724
        8     0.00000028     0.00066869     0.99933103
        9     0.00000014     0.00141638     0.99858348
       10     0.00000047     0.00335920     0.99664034
       11     0.00000031     0.00856735     0.99143234
       12     0.00000059     0.02394978     0.97604963
       13     0.00000051     0.07577255     0.92422695
       14     0.00000046     0.24123395     0.75876559
       15     0.00000029     0.48483669     0.51516301
       16     0.00000033     0.49413036     0.50586931
       17     0.00000061     0.35619874     0.64380065
       18     0.00000044     0.24426908     0.75573048
       19     0.00000110     0.17542185     0.82457705
       20     0.00000051     0.13792474     0.86207476
       21     0.00000090     0.12139627     0.87860283
       22     0.00000090     0.11860780     0.88139130
       23     0.00000040     0.12474898     0.87525062
       24     0.00000097     0.13672793     0.86327109
       25     0.00000058     0.15264449     0.84735493
       26     0.00000043     0.17138522     0.82861435
       27     0.00000093     0.19233808     0.80766099
       28     0.00000045     0.21517319     0.78482636
       29     0.00000045     0.23967783     0.76032172
       30     0.00000085     0.26559763     0.73440152
       31     0.00000039     0.29243801     0.70756161
       32     0.00000035     0.31924351     0.68075613
       33     0.00000072     0.34432809     0.65567119
       34     0.00000037     0.36438004     0.63561959
       35     0.00000022     0.37105305     0.62894674
       36     0.00000059     0.37219680     0.62780261
       37     0.00000042     0.36982753     0.63017205
       38     0.00000013     0.36592449     0.63407538
       39     0.00000040     0.36207228     0.63792731
       40     0.00000048     0.35924230     0.64075722
       41     0.00000011     0.36666287     0.63333703
       42     0.00000013     0.49134008     0.50865979
       43     0.00000064     0.61065965     0.38933970
       44     0.00000054     0.62678847     0.37321099
       45     0.00000003     0.63194766     0.36805231
       46     0.00000021     0.63002450     0.36997529
       47     0.00000050     0.62007201     0.37992750
       48     0.00000021     0.60092228     0.39907751
       49     0.00000003     0.57289554     0.42710443
       50     0.00000023     0.54041111     0.45958866
       51     0.00000024     0.51754328     0.48245648
       52     0.00000016     0.52624700     0.47375284
       53     0.00000022     0.53474852     0.46525126
       54     0.00000015     0.60651508     0.39348477
       55     0.00000010     0.63786354     0.36213636
       56     0.00000015     0.65285816     0.34714169
       57     0.00000010     0.66327737     0.33672253
       58     0.00000014     0.67309285     0.32690702
       59     0.00000021     0.68433630     0.31566349
       60     0.00000008     0.69848650     0.30151341
       61     0.00000010     0.71784496     0.28215495
       62     0.00000030     0.74077556     0.25922414
       63     0.00000014     0.76472092     0.23527894
       64     0.00000005     0.78828351     0.21171644
       65     0.00000034     0.81042077     0.18957889
       66     0.00000019     0.83063260     0.16936721
       67     0.00000003     0.84910681     0.15089316
       68     0.00000033     0.86688646     0.13311321
       69     0.00000020     0.88624410     0.11375570
       70     0.00000003     0.91176394     0.08823603
       71     0.00000028     0.95239827     0.04760145
       72     0.00000033     0.92554697     0.07445270
       73     0.00000058     0.40489552     0.59510390
       74     0.00000080     0.52908962     0.47090958
       75     0.00000027     0.79183587     0.20816386
       76     0.00000005     0.89256132     0.10743864
       77     0.00000027     0.93421868     0.06578104
       78     0.00000004     0.95149393     0.04850603
       79     0.00000020     0.95781341     0.04218639
       80     0.00000012     0.96023578     0.03976410
       81     0.00000009     0.96257383     0.03742608
       82     0.00000021     0.96612401     0.03387578
       83     0.00000005     0.97048868     0.02951127
       84     0.00000018     0.97463867     0.02536116
       85     0.00000006     0.97778738     0.02221256
       86     0.00000019     0.97980722     0.02019259
       87     0.00000008     0.98113277     0.01886715
       88     0.00000012     0.98231529     0.01768459
       89     0.00000016     0.98361207     0.01638777
       90     0.00000010     0.98492937     0.01507054
       91     0.00000009     0.98607189     0.01392802
       92     0.00000013     0.98698501     0.01301485
       93     0.00000017     0.98776034     0.01223949
       94     0.00000005     0.98847496     0.01152499
       95     0.00000015     0.98910610     0.01089375
       96     0.00000014     0.98961870     0.01038116
       97     0.00000000     1.00000000     0.00000000
       98     0.00000003     0.99999968     0.00000029
       99     0.00000003     0.99999897     0.00000100
      100     0.00000000     0.99999857     0.00000142
      101     0.00000002     0.99999892     0.00000106
      102     0.00000004     0.99999958     0.00000038
      103     0.00000001     0.99999951     0.00000048
      104     0.00000002     0.99999829     0.00000170
      105     0.00000005     0.99999695     0.00000300
      106     0.00000001     0.99999688     0.00000311
      107     0.00000001     0.99999788     0.00000211
      108     0.00000006     0.99999828     0.00000166
      109     0.00000003     0.99999680     0.00000317
      110     0.00000001     0.99999399     0.00000601
      111     0.00000006     0.99999201     0.00000794
      112     0.00000004     0.99999229     0.00000767
      113     0.00000000     0.99999345     0.00000655
      114     0.00000005     0.99999251     0.00000744
      115     0.00000006     0.99998828     0.00001166
      116     0.00000001     0.99998270     0.00001729
      117     0.00000003     0.99997898     0.00002099
      118     0.00000007     0.99997854     0.00002139
      119     0.00000002     0.99997917     0.00002081
      120     0.00000001     0.99997675     0.00002324
