#     Density Matrix: population Re; see the manual for detail orders
        0     0.00000000     0.00000000     1.00000000
        1     0.00000001     0.00002205     0.99997794
        2     0.00000003     0.00015929     0.99984069
        3     0.00000008     0.00028930     0.99971063
        4     0.00000011     0.00029161     0.99970828
        5     0.00000022     0.00017260     0.99982718
        6     0.00000026     0.00003701     0.99996272
        7     0.00000042     0.00001002     0.99998956
        8     0.00000045     0.00019321     0.99980634
        9     0.00000059     0.00066275     0.99933665
       10     0.00000061     0.00154021     0.99845918
       11     0.00000068     0.00344005     0.99655927
       12     0.00000071     0.01053975     0.98945954
       13     0.00000064     0.06573201     0.93426735
       14     0.00000045     0.54908759     0.45091196
       15     0.00000019     0.66890542     0.33109439
       16     0.00000148     0.32679119     0.67320734
       17     0.00000012     0.25896861     0.74103127
       18     0.00000117     0.22592006     0.77407877
       19     0.00000109     0.21095659     0.78904232
       20     0.00000009     0.20558207     0.79441785
       21     0.00000122     0.20487012     0.79512866
       22     0.00000062     0.20576460     0.79423478
       23     0.00000014     0.20632385     0.79367601
       24     0.00000123     0.20550777     0.79449100
       25     0.00000053     0.20246971     0.79752976
       26     0.00000017     0.19654764     0.80345219
       27     0.00000098     0.18781407     0.81218495
       28     0.00000031     0.17546357     0.82453611
       29     0.00000016     0.15857130     0.84142854
       30     0.00000095     0.13668437     0.86331468
       31     0.00000043     0.10883940     0.89116017
       32     0.00000007     0.07461341     0.92538652
       33     0.00000089     0.03731817     0.96268095
       34     0.00000068     0.01421770     0.98578162
       35     0.00000000     0.04666758     0.95333242
       36     0.00000070     0.15799419     0.84200511
       37     0.00000100     0.31155232     0.68844668
       38     0.00000014     0.45185056     0.54814931
       39     0.00000025     0.55096716     0.44903259
       40     0.00000081     0.62086308     0.37913611
       41     0.00000034     0.66987035     0.33012931
       42     0.00000004     0.70470977     0.29529019
       43     0.00000061     0.73159369     0.26840570
       44     0.00000057     0.75112632     0.24887311
       45     0.00000003     0.76521965     0.23478032
       46     0.00000030     0.77632189     0.22367780
       47     0.00000072     0.78501815     0.21498113
       48     0.00000027     0.79124892     0.20875081
       49     0.00000005     0.79545037     0.20454958
       50     0.00000062     0.79798720     0.20201218
       51     0.00000065     0.79917854     0.20082081
       52     0.00000007     0.79931661     0.20068332
       53     0.00000030     0.79867210     0.20132760
       54     0.00000086     0.79750499     0.20249415
       55     0.00000046     0.79605426     0.20394528
       56     0.00000004     0.79453985     0.20546010
       57     0.00000063     0.79315541     0.20684397
       58     0.00000089     0.79206598     0.20793312
       59     0.00000024     0.79140614     0.20859363
       60     0.00000016     0.79126510     0.20873474
       61     0.00000082     0.79169014     0.20830904
       62     0.00000070     0.79268661     0.20731270
       63     0.00000007     0.79422111     0.20577882
       64     0.00000028     0.79640869     0.20359102
       65     0.00000082     0.79895702     0.20104216
       66     0.00000053     0.80151710     0.19848237
       67     0.00000004     0.80420254     0.19579742
       68     0.00000011     0.80688576     0.19311412
       69     0.00000050     0.80949443     0.19050507
       70     0.00000071     0.81193510     0.18806419
       71     0.00000036     0.81414439     0.18585525
       72     0.00000013     0.81606660     0.18393327
       73     0.00000122     0.81761095     0.18238783
       74     0.00000236     0.81865484     0.18134281
       75     0.00000165     0.81901979     0.18097856
       76     0.00000140     0.81846543     0.18153317
       77     0.00000391     0.81672337     0.18327271
       78     0.00000547     0.81356357     0.18643096
       79     0.00000380     0.80887728     0.19111892
       80     0.00000353     0.80278122     0.19721526
       81     0.00000625     0.79534594     0.20464781
       82     0.00000657     0.78747353     0.21251991
       83     0.00000409     0.78097812     0.21901779
       84     0.00000291     0.77686899     0.22312810
       85     0.00000332     0.77631431     0.22368237
       86     0.00000337     0.78026675     0.21972988
       87     0.00000203     0.78894662     0.21105135
       88     0.00000072     0.80127608     0.19872320
       89     0.00000077     0.81530644     0.18469278
       90     0.00000196     0.82828842     0.17170962
       91     0.00000430     0.83715254     0.16284316
       92     0.00000589     0.83962525     0.16036885
       93     0.00000500     0.83458649     0.16540851
       94     0.00000603     0.82294958     0.17704439
       95     0.00001005     0.80746789     0.19252205
       96     0.00000998     0.79235522     0.20763480
       97     0.00000569     0.78227840     0.21771592
       98     0.00000282     0.78057868     0.21941850
       99     0.00000354     0.78799630     0.21200016
      100     0.00000497     0.80201317     0.19798186
      101     0.00000587     0.81752725     0.18246688
      102     0.00000519     0.82841928     0.17157553
      103     0.00000431     0.83014204     0.16985365
      104     0.00000906     0.82194421     0.17804674
      105     0.00001611     0.80768303     0.19230087
      106     0.00001499     0.79437236     0.20561265
      107     0.00000769     0.78888370     0.21110861
      108     0.00000372     0.79411671     0.20587957
      109     0.00000505     0.80682682     0.19316813
      110     0.00001120     0.81930750     0.18068130
      111     0.00001913     0.82374801     0.17623286
      112     0.00001999     0.81734810     0.18263191
      113     0.00001511     0.80495302     0.19503187
      114     0.00001433     0.79573900     0.20424667
      115     0.00001762     0.79673652     0.20324586
      116     0.00002181     0.80681795     0.19316024
      117     0.00002691     0.81717423     0.18279886
      118     0.00002978     0.81869903     0.18127119
      119     0.00002873     0.81041499     0.18955628
      120     0.00003147     0.80078610     0.19918243
