#     Density Matrix: population Re; see the manual for detail orders
        0     0.00000000     0.00000000     1.00000000
        1     0.00000000     0.00000221     0.99999779
        2     0.00000000     0.00001066     0.99998934
        3     0.00000001     0.00001188     0.99998811
        4     0.00000001     0.00001971     0.99998028
        5     0.00000002     0.00004298     0.99995700
        6     0.00000003     0.00005856     0.99994141
        7     0.00000007     0.00004435     0.99995558
        8     0.00000012     0.00002292     0.99997696
        9     0.00000024     0.00005020     0.99994956
       10     0.00000038     0.00016258     0.99983704
       11     0.00000057     0.00034910     0.99965033
       12     0.00000070     0.00058677     0.99941253
       13     0.00000085     0.00094419     0.99905497
       14     0.00000089     0.00179738     0.99820173
       15     0.00000099     0.00445732     0.99554169
       16     0.00000094     0.01385026     0.98614881
       17     0.00000099     0.05362041     0.94637860
       18     0.00000079     0.24164412     0.75835509
       19     0.00000036     0.59600166     0.40399799
       20     0.00000049     0.54426272     0.45573679
       21     0.00000113     0.35530592     0.64469294
       22     0.00000015     0.28346690     0.71653295
       23     0.00000144     0.23898432     0.76101424
       24     0.00000077     0.21372359     0.78627564
       25     0.00000033     0.20113508     0.79886459
       26     0.00000156     0.19649307     0.80350537
       27     0.00000058     0.19646009     0.80353933
       28     0.00000046     0.19865513     0.80134441
       29     0.00000137     0.20131236     0.79868626
       30     0.00000040     0.20298478     0.79701482
       31     0.00000038     0.20230653     0.79769308
       32     0.00000121     0.19781673     0.80218206
       33     0.00000039     0.18789672     0.81210289
       34     0.00000026     0.17083291     0.82916682
       35     0.00000113     0.14546140     0.85453747
       36     0.00000054     0.11279869     0.88720077
       37     0.00000014     0.07989465     0.92010521
       38     0.00000108     0.06227003     0.93772889
       39     0.00000084     0.07538109     0.92461807
       40     0.00000010     0.11726982     0.88273008
       41     0.00000091     0.16783825     0.83216083
       42     0.00000119     0.21015383     0.78984498
       43     0.00000025     0.29917022     0.70082954
       44     0.00000071     0.44035494     0.55964435
       45     0.00000150     0.61437971     0.38561879
       46     0.00000063     0.75424813     0.24575124
       47     0.00000036     0.83343521     0.16656443
       48     0.00000151     0.87270388     0.12729461
       49     0.00000131     0.89221492     0.10778377
       50     0.00000030     0.90203346     0.09796624
       51     0.00000103     0.90683875     0.09316022
       52     0.00000180     0.90902986     0.09096834
       53     0.00000078     0.91003299     0.08996624
       54     0.00000042     0.91085198     0.08914760
       55     0.00000158     0.91228499     0.08771343
       56     0.00000152     0.91504250     0.08495598
       57     0.00000039     0.91971442     0.08028519
       58     0.00000077     0.92648793     0.07351130
       59     0.00000176     0.93481729     0.06518094
       60     0.00000112     0.94436432     0.05563456
       61     0.00000029     0.95467231     0.04532740
       62     0.00000112     0.96522000     0.03477888
       63     0.00000184     0.97544845     0.02454971
       64     0.00000091     0.98474484     0.01525425
       65     0.00000000     1.00000000     0.00000000
       66     0.00000271     0.99851021     0.00148708
       67     0.00000494     0.99362052     0.00637454
       68     0.00000167     0.98502335     0.01497498
       69     0.00000031     0.97304388     0.02695581
       70     0.00000410     0.95886856     0.04112733
       71     0.00000444     0.94463392     0.05536164
       72     0.00000058     0.93326354     0.06673589
       73     0.00000105     0.92767681     0.07232215
       74     0.00000406     0.92988829     0.07010765
       75     0.00000298     0.94015859     0.05983843
       76     0.00000031     0.95629108     0.04370861
       77     0.00000089     0.97411019     0.02588892
       78     0.00000331     0.98886308     0.01113361
       79     0.00000000     1.00000000     0.00000000
       80     0.00000186     0.99732551     0.00267263
       81     0.00000343     0.99082770     0.00916887
       82     0.00000118     0.98379742     0.01620140
       83     0.00000013     0.97965425     0.02034562
       84     0.00000217     0.98034786     0.01964997
       85     0.00000266     0.98534566     0.01465168
       86     0.00000000     1.00000000     0.00000000
       87     0.00000152     0.99897574     0.00102274
       88     0.00000292     0.99678347     0.00321361
       89     0.00000119     0.99505855     0.00494026
       90     0.00000003     0.99501262     0.00498734
       91     0.00000168     0.99656307     0.00343525
       92     0.00000289     0.99849814     0.00149897
       93     0.00000120     0.99940819     0.00059061
       94     0.00000011     0.99886867     0.00113123
       95     0.00000214     0.99769109     0.00230678
       96     0.00000322     0.99702123     0.00297555
       97     0.00000117     0.99738986     0.00260898
       98     0.00000038     0.99829505     0.00170457
       99     0.00000296     0.99882603     0.00117101
      100     0.00000454     0.99857891     0.00141655
      101     0.00000210     0.99797315     0.00202475
      102     0.00000105     0.99771155     0.00228741
      103     0.00000444     0.99797049     0.00202507
      104     0.00000672     0.99833676     0.00165652
      105     0.00000413     0.99840723     0.00158864
      106     0.00000244     0.99823043     0.00176714
      107     0.00000674     0.99809971     0.00189355
      108     0.00001080     0.99811598     0.00187322
      109     0.00000859     0.99815291     0.00183851
      110     0.00000541     0.99815429     0.00184030
      111     0.00000947     0.99820520     0.00178534
      112     0.00001699     0.99828969     0.00169332
      113     0.00001771     0.99822733     0.00175496
      114     0.00001274     0.99798300     0.00200426
      115     0.00001312     0.99790743     0.00207945
      116     0.00002329     0.99812008     0.00185664
      117     0.00003251     0.99831511     0.00165238
      118     0.00003135     0.99816551     0.00180315
      119     0.00002598     0.99785685     0.00211716
      120     0.00002917     0.99786512     0.00210571
