#     Density Matrix: population Re; see the manual for detail orders
        0     0.00000000     0.00000000     1.00000000
        1     0.00000001     0.00000118     0.99999881
        2     0.00000003     0.00000926     0.99999072
        3     0.00000007     0.00001964     0.99998029
        4     0.00000012     0.00002511     0.99997477
        5     0.00000020     0.00002200     0.99997780
        6     0.00000027     0.00001392     0.99998581
        7     0.00000037     0.00001379     0.99998584
        8     0.00000045     0.00005045     0.99994910
        9     0.00000054     0.00020974     0.99978972
       10     0.00000062     0.00096987     0.99902951
       11     0.00000065     0.01216975     0.98782960
       12     0.00000174     0.01168508     0.98831318
       13     0.00000297     0.05190237     0.94809466
       14     0.00000087     0.03732315     0.96267598
       15     0.00000285     0.03517592     0.96482123
       16     0.00000091     0.03499105     0.96500804
       17     0.00000079     0.03497514     0.96502407
       18     0.00000249     0.03457060     0.96542691
       19     0.00000015     0.03362354     0.96637631
       20     0.00000121     0.03217058     0.96782820
       21     0.00000146     0.03034708     0.96965146
       22     0.00000004     0.02833755     0.97166240
       23     0.00000124     0.02634406     0.97365470
       24     0.00000089     0.02456861     0.97543050
       25     0.00000017     0.02320877     0.97679105
       26     0.00000112     0.02245994     0.97753894
       27     0.00000063     0.02251982     0.97747955
       28     0.00000022     0.02359241     0.97640737
       29     0.00000119     0.02586026     0.97413855
       30     0.00000057     0.02942729     0.97057214
       31     0.00000028     0.03427614     0.96572358
       32     0.00000075     0.04017817     0.95982108
       33     0.00000044     0.04661831     0.95338125
       34     0.00000032     0.05272682     0.94727286
       35     0.00000040     0.05722212     0.94277747
       36     0.00000053     0.05847154     0.94152793
       37     0.00000043     0.05471557     0.94528400
       38     0.00000036     0.04462783     0.95537181
       39     0.00000076     0.02848424     0.97151500
       40     0.00000030     0.01040655     0.98959316
       41     0.00000042     0.00229484     0.99770474
       42     0.00000104     0.02858207     0.97141690
       43     0.00000008     0.12164712     0.87835280
       44     0.00000082     0.27926933     0.72072985
       45     0.00000052     0.40788741     0.59211207
       46     0.00000039     0.40704169     0.59295791
       47     0.00000109     0.30304260     0.69695631
       48     0.00000001     0.18406611     0.81593388
       49     0.00000141     0.10384164     0.89615694
       50     0.00000054     0.07347923     0.92652023
       51     0.00000059     0.08084989     0.91914953
       52     0.00000131     0.10569600     0.89430269
       53     0.00000004     0.12938707     0.87061289
       54     0.00000151     0.14075464     0.85924385
       55     0.00000011     0.13803299     0.86196689
       56     0.00000122     0.12692357     0.87307521
       57     0.00000060     0.11592977     0.88406963
       58     0.00000062     0.11130131     0.88869807
       59     0.00000099     0.11404527     0.88595374
       60     0.00000024     0.12041788     0.87958187
       61     0.00000111     0.12522703     0.87477187
       62     0.00000010     0.12555713     0.87444278
       63     0.00000122     0.12234471     0.87765407
       64     0.00000005     0.11890965     0.88109030
       65     0.00000099     0.11789678     0.88210222
       66     0.00000016     0.11931998     0.88067986
       67     0.00000076     0.12121132     0.87878792
       68     0.00000015     0.12188809     0.87811176
       69     0.00000084     0.12141780     0.87858136
       70     0.00000023     0.12091958     0.87908020
       71     0.00000054     0.12086358     0.87913588
       72     0.00000043     0.12060766     0.87939191
       73     0.00000041     0.11973176     0.88026783
       74     0.00000030     0.11920227     0.88079743
       75     0.00000057     0.12034752     0.87965191
       76     0.00000040     0.12265521     0.87734439
       77     0.00000024     0.12351519     0.87648457
       78     0.00000075     0.12110239     0.87889686
       79     0.00000030     0.11730682     0.88269288
       80     0.00000040     0.11652874     0.88347086
       81     0.00000047     0.12069303     0.87930650
       82     0.00000060     0.12605978     0.87393962
       83     0.00000009     0.12642962     0.87357029
       84     0.00000098     0.12016848     0.87983054
       85     0.00000043     0.11314990     0.88684966
       86     0.00000029     0.11335537     0.88664434
       87     0.00000048     0.12202088     0.87797863
       88     0.00000077     0.13116290     0.86883633
       89     0.00000010     0.13098352     0.86901638
       90     0.00000082     0.12014514     0.87985405
       91     0.00000091     0.10824457     0.89175452
       92     0.00000011     0.10718840     0.89281150
       93     0.00000044     0.11942271     0.88057685
       94     0.00000095     0.13489126     0.86510779
       95     0.00000039     0.13971194     0.86028766
       96     0.00000024     0.12876360     0.87123617
       97     0.00000112     0.11052308     0.88947579
       98     0.00000058     0.09997354     0.90002588
       99     0.00000005     0.10587928     0.89412066
      100     0.00000115     0.12366211     0.87633674
      101     0.00000118     0.13966565     0.86033317
      102     0.00000005     0.14222451     0.85777544
      103     0.00000074     0.13044500     0.86955426
      104     0.00000121     0.11379893     0.88619985
      105     0.00000093     0.10389031     0.89610876
      106     0.00000003     0.10604617     0.89395380
      107     0.00000219     0.11663028     0.88336753
      108     0.00000164     0.12732576     0.87267261
      109     0.00000004     0.13157502     0.86842494
      110     0.00000113     0.12868123     0.87131764
      111     0.00000083     0.12269445     0.87730473
      112     0.00000120     0.11833012     0.88166868
      113     0.00000001     0.11734782     0.88265217
      114     0.00000258     0.11820335     0.88179407
      115     0.00000305     0.11853438     0.88146256
      116     0.00000008     0.11787592     0.88212400
      117     0.00000165     0.11788411     0.88211424
      118     0.00000081     0.12021803     0.87978115
      119     0.00000133     0.12427426     0.87572441
      120     0.00000054     0.12693588     0.87306358
