#     Density Matrix: population Re; see the manual for detail orders
        0     0.00000000     0.00000000     1.00000000
        1     0.00000001     0.00000223     0.99999776
        2     0.00000001     0.00002370     0.99997629
        3     0.00000000     0.00007166     0.99992834
        4     0.00000002     0.00013020     0.99986978
        5     0.00000004     0.00018125     0.99981871
        6     0.00000007     0.00023748     0.99976244
        7     0.00000011     0.00036007     0.99963982
        8     0.00000015     0.00065939     0.99934047
        9     0.00000018     0.00131686     0.99868296
       10     0.00000021     0.00271699     0.99728280
       11     0.00000024     0.00592726     0.99407250
       12     0.00000011     0.50521474     0.49478516
       13     0.00000015     0.76508478     0.23491507
       14     0.00000015     0.30924463     0.69075522
       15     0.00000065     0.01612787     0.98387148
       16     0.00000013     0.02858195     0.97141792
       17     0.00000035     0.06266547     0.93733418
       18     0.00000027     0.07990986     0.92008986
       19     0.00000027     0.08082050     0.91917923
       20     0.00000032     0.07223295     0.92776673
       21     0.00000035     0.05978313     0.94021652
       22     0.00000044     0.04699904     0.95300052
       23     0.00000038     0.03570843     0.96429119
       24     0.00000039     0.02663344     0.97336617
       25     0.00000045     0.01985449     0.98014507
       26     0.00000040     0.01509380     0.98490580
       27     0.00000037     0.01196135     0.98803828
       28     0.00000038     0.01005001     0.98994961
       29     0.00000037     0.00899053     0.99100910
       30     0.00000043     0.00848443     0.99151514
       31     0.00000054     0.00830478     0.99169468
       32     0.00000043     0.00827626     0.99172331
       33     0.00000035     0.00828114     0.99171851
       34     0.00000048     0.00823732     0.99176221
       35     0.00000046     0.00809502     0.99190452
       36     0.00000041     0.00781912     0.99218047
       37     0.00000048     0.00738318     0.99261634
       38     0.00000051     0.00676804     0.99323145
       39     0.00000051     0.00594633     0.99405316
       40     0.00000051     0.00488607     0.99511343
       41     0.00000051     0.00357103     0.99642846
       42     0.00000051     0.00207917     0.99792032
       43     0.00000050     0.00107848     0.99892101
       44     0.00000050     0.00590538     0.99409411
       45     0.00000048     0.09108689     0.90891263
       46     0.00000044     0.50321276     0.49678680
       47     0.00000053     0.84438307     0.15561640
       48     0.00000055     0.91161817     0.08838128
       49     0.00000044     0.93118626     0.06881330
       50     0.00000044     0.93982438     0.06017518
       51     0.00000052     0.94443621     0.05556327
       52     0.00000049     0.94714391     0.05285560
       53     0.00000043     0.94880442     0.05119516
       54     0.00000047     0.94983174     0.05016778
       55     0.00000052     0.95045712     0.04954236
       56     0.00000049     0.95082699     0.04917252
       57     0.00000047     0.95105042     0.04894911
       58     0.00000053     0.95121396     0.04878552
       59     0.00000056     0.95139857     0.04860087
       60     0.00000053     0.95167371     0.04832576
       61     0.00000053     0.95209982     0.04789965
       62     0.00000057     0.95272256     0.04727687
       63     0.00000061     0.95357047     0.04642891
       64     0.00000060     0.95465246     0.04534694
       65     0.00000060     0.95595227     0.04404713
       66     0.00000063     0.95743373     0.04256564
       67     0.00000066     0.95905353     0.04094580
       68     0.00000070     0.96074663     0.03925267
       69     0.00000070     0.96245044     0.03754886
       70     0.00000073     0.96412012     0.03587915
       71     0.00000085     0.96571028     0.03428887
       72     0.00000095     0.96718565     0.03281340
       73     0.00000097     0.96851273     0.03148629
       74     0.00000103     0.96969393     0.03030504
       75     0.00000123     0.97073289     0.02926588
       76     0.00000143     0.97161368     0.02838489
       77     0.00000146     0.97233059     0.02766794
       78     0.00000154     0.97287756     0.02712090
       79     0.00000182     0.97324829     0.02674989
       80     0.00000205     0.97345058     0.02654737
       81     0.00000205     0.97350288     0.02649507
       82     0.00000200     0.97345011     0.02654790
       83     0.00000209     0.97335863     0.02663928
       84     0.00000218     0.97332707     0.02667076
       85     0.00000208     0.97346400     0.02653391
       86     0.00000191     0.97388253     0.02611557
       87     0.00000180     0.97468997     0.02530824
       88     0.00000174     0.97595392     0.02404434
       89     0.00000165     0.97767950     0.02231885
       90     0.00000154     0.97980718     0.02019128
       91     0.00000148     0.98221481     0.01778371
       92     0.00000150     0.98470188     0.01529662
       93     0.00000162     0.98704820     0.01295018
       94     0.00000179     0.98903007     0.01096814
       95     0.00000199     0.99044769     0.00955032
       96     0.00000230     0.99119959     0.00879811
       97     0.00000263     0.99128739     0.00870998
       98     0.00000287     0.99083042     0.00916671
       99     0.00000308     0.99005823     0.00993869
      100     0.00000325     0.98925296     0.01074379
      101     0.00000335     0.98872662     0.01127003
      102     0.00000336     0.98873782     0.01125882
      103     0.00000330     0.98942482     0.01057188
      104     0.00000326     0.99077404     0.00922270
      105     0.00000330     0.99260520     0.00739149
      106     0.00000349     0.99460533     0.00539118
      107     0.00000382     0.99639445     0.00360173
      108     0.00000428     0.99763846     0.00235726
      109     0.00000487     0.99813813     0.00185700
      110     0.00000550     0.99789388     0.00210061
      111     0.00000603     0.99712064     0.00287333
      112     0.00000631     0.99618295     0.00381074
      113     0.00000644     0.99547880     0.00451476
      114     0.00000663     0.99531736     0.00467601
      115     0.00000683     0.99581045     0.00418272
      116     0.00000694     0.99683257     0.00316050
      117     0.00000699     0.99807068     0.00192233
      118     0.00000729     0.99914302     0.00084969
      119     0.00000793     0.99974486     0.00024720
      120     0.00000879     0.99976803     0.00022318
