#     Density Matrix: population Re; see the manual for detail orders
        0     0.00000000     0.00000000     1.00000000
        1     0.00000001     0.00000435     0.99999564
        2     0.00000000     0.00002629     0.99997371
        3     0.00000000     0.00003571     0.99996429
        4     0.00000001     0.00002930     0.99997069
        5     0.00000001     0.00002870     0.99997129
        6     0.00000013     0.00003696     0.99996291
        7     0.00000023     0.00003281     0.99996696
        8     0.00000050     0.00001294     0.99998657
        9     0.00000058     0.00001694     0.99998248
       10     0.00000084     0.00010679     0.99989237
       11     0.00000086     0.00034761     0.99965153
       12     0.00000109     0.00086317     0.99913575
       13     0.00000099     0.00221015     0.99778886
       14     0.00000151     0.00820052     0.99179797
       15     0.00000112     0.07741450     0.92258438
       16     0.00000268     0.08600108     0.91399623
       17     0.00000615     0.33178385     0.66821000
       18     0.00000075     0.21626620     0.78373305
       19     0.00000407     0.19580926     0.80418667
       20     0.00000219     0.18959728     0.81040052
       21     0.00000169     0.19114648     0.80885183
       22     0.00000485     0.19696794     0.80302721
       23     0.00000105     0.20501675     0.79498220
       24     0.00000259     0.21410100     0.78589641
       25     0.00000389     0.22360360     0.77639251
       26     0.00000031     0.22936425     0.77063543
       27     0.00000414     0.23471231     0.76528355
       28     0.00000363     0.23765340     0.76234297
       29     0.00000056     0.23798148     0.76201797
       30     0.00000312     0.23572873     0.76426815
       31     0.00000296     0.23111058     0.76888646
       32     0.00000089     0.22476856     0.77523055
       33     0.00000257     0.21746567     0.78253176
       34     0.00000293     0.21041320     0.78958387
       35     0.00000129     0.20519591     0.79480280
       36     0.00000211     0.20384894     0.79614895
       37     0.00000276     0.20957272     0.79042452
       38     0.00000168     0.22890906     0.77108926
       39     0.00000187     0.27421031     0.72578782
       40     0.00000245     0.32929192     0.67070563
       41     0.00000198     0.39329009     0.60670793
       42     0.00000191     0.46388462     0.53611347
       43     0.00000209     0.53731122     0.46268668
       44     0.00000202     0.60914132     0.39085666
       45     0.00000204     0.67542767     0.32457030
       46     0.00000207     0.73339466     0.26660326
       47     0.00000202     0.78211501     0.21788297
       48     0.00000216     0.82216872     0.17782912
       49     0.00000199     0.85479112     0.14520688
       50     0.00000200     0.88145059     0.11854742
       51     0.00000215     0.90358226     0.09641559
       52     0.00000189     0.92242121     0.07757690
       53     0.00000208     0.93884789     0.06115003
       54     0.00000216     0.95313209     0.04686574
       55     0.00000181     0.96402434     0.03597385
       56     0.00000223     0.96469915     0.03529862
       57     0.00000185     0.91468201     0.08531614
       58     0.00000223     0.48228421     0.51771356
       59     0.00000479     0.34209529     0.65789992
       60     0.00000336     0.77961738     0.22037926
       61     0.00000220     0.90285347     0.09714434
       62     0.00000316     0.94651889     0.05347795
       63     0.00000264     0.96482299     0.03517437
       64     0.00000284     0.97195772     0.02803944
       65     0.00000294     0.97408140     0.02591566
       66     0.00000242     0.97474167     0.02525592
       67     0.00000330     0.97584479     0.02415192
       68     0.00000256     0.97793507     0.02206237
       69     0.00000286     0.98063488     0.01936226
       70     0.00000278     0.98324541     0.01675182
       71     0.00000290     0.98522976     0.01476734
       72     0.00000280     0.98646179     0.01353541
       73     0.00000258     0.98720009     0.01279733
       74     0.00000316     0.98784338     0.01215347
       75     0.00000260     0.98863892     0.01135848
       76     0.00000280     0.98955738     0.01043982
       77     0.00000000     1.00000000     0.00000000
       78     0.00000001     0.99999942     0.00000057
       79     0.00000001     0.99999861     0.00000138
       80     0.00000000     0.99999851     0.00000149
       81     0.00000001     0.99999895     0.00000105
       82     0.00000002     0.99999925     0.00000073
       83     0.00000000     0.99999930     0.00000069
       84     0.00000001     0.99999942     0.00000058
       85     0.00000002     0.99999966     0.00000031
       86     0.00000001     0.99999946     0.00000053
       87     0.00000000     0.99999844     0.00000155
       88     0.00000003     0.99999751     0.00000246
       89     0.00000003     0.99999798     0.00000200
       90     0.00000001     0.99999946     0.00000053
       91     0.00000003     0.99999972     0.00000024
       92     0.00000005     0.99999740     0.00000255
       93     0.00000002     0.99999416     0.00000582
       94     0.00000004     0.99999329     0.00000667
       95     0.00000007     0.99999564     0.00000430
       96     0.00000004     0.99999767     0.00000230
       97     0.00000003     0.99999498     0.00000498
       98     0.00000008     0.99998810     0.00001182
       99     0.00000007     0.99998277     0.00001717
      100     0.00000003     0.99998338     0.00001658
      101     0.00000007     0.99998754     0.00001238
      102     0.00000009     0.99998790     0.00001201
      103     0.00000005     0.99997999     0.00001997
      104     0.00000006     0.99996773     0.00003221
      105     0.00000011     0.99996028     0.00003961
      106     0.00000008     0.99996226     0.00003767
      107     0.00000004     0.99996839     0.00003157
      108     0.00000009     0.99996859     0.00003133
      109     0.00000010     0.99995810     0.00004180
      110     0.00000005     0.99994230     0.00005765
      111     0.00000005     0.99993219     0.00006776
      112     0.00000010     0.99993425     0.00006565
      113     0.00000008     0.99994444     0.00005547
      114     0.00000004     0.99995195     0.00004801
      115     0.00000006     0.99994890     0.00005105
      116     0.00000010     0.99993702     0.00006288
      117     0.00000007     0.99992636     0.00007357
      118     0.00000003     0.99992640     0.00007357
      119     0.00000006     0.99993809     0.00006185
      120     0.00000009     0.99995392     0.00004599
