#     Density Matrix: population Re; see the manual for detail orders
        0     0.00000000     0.00000000     1.00000000
        1     0.00000000     0.00000048     0.99999952
        2     0.00000001     0.00000556     0.99999443
        3     0.00000002     0.00001782     0.99998216
        4     0.00000008     0.00003226     0.99996766
        5     0.00000010     0.00004087     0.99995903
        6     0.00000023     0.00004387     0.99995590
        7     0.00000025     0.00005754     0.99994221
        8     0.00000045     0.00011286     0.99988668
        9     0.00000047     0.00024900     0.99975053
       10     0.00000071     0.00051662     0.99948267
       11     0.00000069     0.00101594     0.99898336
       12     0.00000093     0.00201696     0.99798211
       13     0.00000089     0.00428591     0.99571320
       14     0.00000104     0.01002092     0.98997804
       15     0.00000100     0.02575500     0.97424400
       16     0.00000097     0.07075848     0.92924056
       17     0.00000091     0.18570866     0.81429043
       18     0.00000053     0.36409322     0.63590625
       19     0.00000043     0.45990269     0.54009688
       20     0.00000043     0.42439472     0.57560485
       21     0.00000067     0.34696352     0.65303581
       22     0.00000074     0.27826521     0.72173405
       23     0.00000083     0.22888820     0.77111097
       24     0.00000096     0.19753276     0.80246628
       25     0.00000089     0.18047742     0.81952169
       26     0.00000089     0.17400230     0.82599680
       27     0.00000089     0.17496014     0.82503896
       28     0.00000087     0.18081658     0.81918255
       29     0.00000069     0.18952172     0.81047759
       30     0.00000063     0.19928939     0.80070998
       31     0.00000066     0.20832804     0.79167130
       32     0.00000054     0.21449433     0.78550512
       33     0.00000047     0.21492166     0.78507787
       34     0.00000056     0.20438964     0.79560980
       35     0.00000059     0.18139597     0.81860344
       36     0.00000041     0.14730796     0.85269163
       37     0.00000041     0.12472282     0.87527677
       38     0.00000054     0.19350540     0.80649406
       39     0.00000045     0.32986449     0.67013506
       40     0.00000038     0.38732250     0.61267712
       41     0.00000058     0.47896020     0.52103922
       42     0.00000089     0.54077685     0.45922226
       43     0.00000074     0.57834643     0.42165283
       44     0.00000052     0.60259521     0.39740427
       45     0.00000073     0.61999399     0.38000527
       46     0.00000098     0.63467141     0.36532761
       47     0.00000077     0.64992105     0.35007818
       48     0.00000059     0.66932545     0.33067396
       49     0.00000087     0.69754848     0.30245065
       50     0.00000108     0.72782733     0.27217159
       51     0.00000083     0.75844320     0.24155596
       52     0.00000064     0.78807246     0.21192690
       53     0.00000088     0.81586816     0.18413096
       54     0.00000108     0.84138887     0.15861004
       55     0.00000088     0.86446788     0.13553124
       56     0.00000061     0.88511049     0.11488889
       57     0.00000077     0.90340259     0.09659664
       58     0.00000108     0.91947224     0.08052668
       59     0.00000106     0.93347606     0.06652288
       60     0.00000081     0.94556013     0.05443906
       61     0.00000085     0.95586770     0.04413146
       62     0.00000127     0.96453889     0.03545985
       63     0.00000157     0.97169660     0.02830183
       64     0.00000144     0.97743636     0.02256220
       65     0.00000130     0.98182961     0.01816910
       66     0.00000173     0.98492274     0.01507553
       67     0.00000250     0.98674455     0.01325295
       68     0.00000281     0.98733554     0.01266165
       69     0.00000261     0.98678240     0.01321499
       70     0.00000278     0.98526164     0.01473558
       71     0.00000370     0.98306962     0.01692668
       72     0.00000449     0.98061900     0.01937651
       73     0.00000438     0.97841771     0.02157792
       74     0.00000395     0.97692078     0.02307527
       75     0.00000425     0.97642490     0.02357085
       76     0.00000498     0.97706106     0.02293396
       77     0.00000501     0.97877747     0.02121753
       78     0.00000428     0.98138790     0.01860781
       79     0.00000376     0.98463147     0.01536476
       80     0.00000406     0.98820959     0.01178634
       81     0.00000000     1.00000000     0.00000000
       82     0.00000686     0.99955674     0.00043641
       83     0.00001831     0.99830608     0.00167560
       84     0.00001867     0.99651631     0.00346502
       85     0.00000744     0.99461251     0.00538005
       86     0.00000002     0.99309480     0.00690518
       87     0.00000581     0.99241115     0.00758304
       88     0.00001617     0.99281048     0.00717334
       89     0.00001769     0.99423266     0.00574966
       90     0.00000906     0.99626509     0.00372585
       91     0.00000078     0.99824158     0.00175764
       92     0.00000255     0.99949308     0.00050436
       93     0.00001239     0.99960774     0.00037987
       94     0.00001832     0.99861337     0.00136831
       95     0.00001273     0.99699691     0.00299036
       96     0.00000276     0.99551759     0.00447965
       97     0.00000062     0.99487554     0.00512384
       98     0.00000766     0.99537769     0.00461466
       99     0.00001579     0.99675475     0.00322946
      100     0.00001604     0.99827956     0.00170440
      101     0.00000820     0.99912410     0.00086770
      102     0.00000075     0.99885818     0.00114106
      103     0.00000301     0.99772667     0.00227032
      104     0.00001292     0.99651866     0.00346841
      105     0.00001870     0.99606389     0.00391741
      106     0.00001422     0.99665760     0.00332818
      107     0.00000477     0.99782533     0.00216990
      108     0.00000009     0.99866620     0.00133371
      109     0.00000662     0.99855840     0.00143498
      110     0.00001942     0.99766760     0.00231297
      111     0.00002441     0.99681862     0.00315697
      112     0.00001656     0.99677148     0.00321197
      113     0.00000442     0.99752034     0.00247525
      114     0.00000035     0.99830122     0.00169842
      115     0.00001042     0.99835135     0.00163824
      116     0.00002755     0.99768774     0.00228471
      117     0.00003575     0.99708016     0.00288410
      118     0.00002770     0.99718848     0.00278382
      119     0.00001166     0.99782598     0.00216235
      120     0.00000304     0.99821033     0.00178663
