#     Density Matrix: population Re; see the manual for detail orders
        0     0.00000000     0.00000000     1.00000000
        1     0.00000001     0.00000004     0.99999994
        2     0.00000001     0.00000007     0.99999992
        3     0.00000001     0.00000349     0.99999650
        4     0.00000005     0.00002320     0.99997675
        5     0.00000005     0.00007284     0.99992711
        6     0.00000015     0.00015591     0.99984393
        7     0.00000016     0.00027484     0.99972500
        8     0.00000030     0.00047092     0.99952878
        9     0.00000032     0.00089962     0.99910006
       10     0.00000045     0.00198747     0.99801208
       11     0.00000050     0.00490973     0.99508977
       12     0.00000053     0.01344089     0.98655858
       13     0.00000066     0.04224475     0.95775460
       14     0.00000045     0.15107113     0.84892842
       15     0.00000042     0.42169288     0.57830670
       16     0.00000009     0.55076827     0.44923164
       17     0.00000047     0.41083718     0.58916235
       18     0.00000036     0.27145402     0.72854562
       19     0.00000069     0.18634731     0.81365199
       20     0.00000055     0.13962082     0.86037863
       21     0.00000032     0.11640836     0.88359132
       22     0.00000048     0.10690911     0.89309041
       23     0.00000044     0.10489945     0.89510011
       24     0.00000010     0.10650601     0.89349388
       25     0.00000040     0.10938777     0.89061183
       26     0.00000028     0.11220462     0.88779511
       27     0.00000013     0.11443250     0.88556737
       28     0.00000053     0.11583779     0.88416168
       29     0.00000021     0.11633983     0.88365995
       30     0.00000009     0.11591772     0.88408219
       31     0.00000046     0.11469172     0.88530782
       32     0.00000023     0.11297081     0.88702896
       33     0.00000010     0.11089529     0.88910461
       34     0.00000044     0.10872260     0.89127696
       35     0.00000025     0.10653176     0.89346799
       36     0.00000004     0.10424591     0.89575405
       37     0.00000043     0.10178526     0.89821430
       38     0.00000044     0.09925912     0.90074044
       39     0.00000006     0.09692643     0.90307351
       40     0.00000029     0.09512431     0.90487540
       41     0.00000060     0.09481195     0.90518745
       42     0.00000024     0.09876840     0.90123136
       43     0.00000011     0.11924555     0.88075434
       44     0.00000056     0.21095005     0.78904940
       45     0.00000059     0.44437416     0.55562525
       46     0.00000017     0.68269678     0.31730304
       47     0.00000034     0.80800414     0.19199552
       48     0.00000090     0.86363055     0.13636854
       49     0.00000061     0.88675114     0.11324825
       50     0.00000016     0.89761641     0.10238343
       51     0.00000064     0.90303649     0.09696287
       52     0.00000102     0.90592891     0.09407007
       53     0.00000049     0.90765254     0.09234697
       54     0.00000032     0.90840040     0.09159928
       55     0.00000106     0.90844332     0.09155562
       56     0.00000122     0.90794644     0.09205234
       57     0.00000052     0.90702516     0.09297431
       58     0.00000071     0.90577185     0.09422744
       59     0.00000164     0.90426737     0.09573099
       60     0.00000145     0.90258364     0.09741491
       61     0.00000070     0.90078781     0.09921149
       62     0.00000134     0.89894018     0.10105848
       63     0.00000229     0.89708876     0.10290895
       64     0.00000167     0.89527205     0.10472628
       65     0.00000102     0.89351650     0.10648248
       66     0.00000203     0.89184660     0.10815137
       67     0.00000272     0.89030039     0.10969690
       68     0.00000169     0.88892977     0.11106855
       69     0.00000119     0.88781474     0.11218407
       70     0.00000220     0.88708550     0.11291231
       71     0.00000251     0.88692209     0.11307540
       72     0.00000137     0.88773860     0.11226003
       73     0.00000079     0.88984519     0.11015402
       74     0.00000163     0.89321195     0.10678642
       75     0.00000200     0.89782841     0.10216959
       76     0.00000124     0.90392425     0.09607451
       77     0.00000060     0.91118011     0.08881929
       78     0.00000130     0.91892142     0.08107727
       79     0.00000298     0.92611858     0.07387844
       80     0.00000348     0.93146123     0.06853529
       81     0.00000266     0.93356426     0.06643308
       82     0.00000356     0.93124257     0.06875387
       83     0.00000586     0.92383958     0.07615456
       84     0.00000653     0.91197533     0.08801814
       85     0.00000469     0.89770349     0.10229182
       86     0.00000401     0.88378032     0.11621567
       87     0.00000514     0.87331104     0.12668381
       88     0.00000495     0.86926154     0.13073351
       89     0.00000307     0.87339034     0.12660659
       90     0.00000161     0.88505693     0.11494146
       91     0.00000172     0.90112374     0.09887455
       92     0.00000295     0.91651037     0.08348669
       93     0.00000408     0.92582651     0.07416941
       94     0.00000388     0.92550867     0.07448745
       95     0.00000350     0.91566274     0.08433375
       96     0.00000467     0.90057300     0.09942232
       97     0.00000565     0.88722354     0.11277080
       98     0.00000418     0.88210907     0.11788675
       99     0.00000210     0.88772278     0.11227511
      100     0.00000168     0.90071398     0.09928434
      101     0.00000272     0.91321719     0.08678009
      102     0.00000401     0.91768351     0.08231248
      103     0.00000431     0.91183944     0.08815625
      104     0.00000380     0.90035940     0.09963681
      105     0.00000373     0.89197673     0.10801954
      106     0.00000403     0.89293533     0.10706064
      107     0.00000438     0.90181344     0.09818217
      108     0.00000496     0.91048428     0.08951076
      109     0.00000546     0.91127102     0.08872353
      110     0.00000619     0.90416722     0.09582659
      111     0.00000758     0.89689190     0.10310052
      112     0.00000889     0.89694530     0.10304582
      113     0.00000999     0.90354725     0.09644276
      114     0.00001138     0.90863998     0.09134864
      115     0.00001314     0.90647221     0.09351465
      116     0.00001571     0.90050292     0.09948137
      117     0.00001929     0.89870295     0.10127776
      118     0.00002416     0.90291740     0.09705844
      119     0.00003068     0.90669374     0.09327558
      120     0.00003760     0.90482427     0.09513814
