#     Density Matrix: population Re; see the manual for detail orders
        0     0.00000000     0.00000000     1.00000000
        1     0.00000001     0.00000193     0.99999806
        2     0.00000001     0.00001137     0.99998862
        3     0.00000003     0.00001476     0.99998521
        4     0.00000003     0.00001271     0.99998726
        5     0.00000009     0.00001762     0.99998229
        6     0.00000014     0.00002973     0.99997012
        7     0.00000030     0.00003812     0.99996158
        8     0.00000046     0.00006547     0.99993407
        9     0.00000063     0.00021526     0.99978411
       10     0.00000080     0.00068236     0.99931684
       11     0.00000091     0.00181418     0.99818491
       12     0.00000100     0.00452404     0.99547496
       13     0.00000104     0.01209291     0.98790606
       14     0.00000099     0.03842689     0.96157212
       15     0.00000093     0.14340018     0.85659889
       16     0.00000050     0.41537579     0.58462371
       17     0.00000052     0.57044349     0.42955599
       18     0.00000084     0.44044211     0.55955705
       19     0.00000084     0.34801206     0.65198710
       20     0.00000016     0.30365633     0.69634351
       21     0.00000096     0.27295799     0.72704104
       22     0.00000052     0.25434188     0.74565760
       23     0.00000020     0.24517505     0.75482475
       24     0.00000078     0.24252736     0.75747186
       25     0.00000036     0.24404319     0.75595645
       26     0.00000020     0.24816281     0.75183699
       27     0.00000065     0.25366964     0.74632971
       28     0.00000022     0.25975821     0.74024158
       29     0.00000014     0.26593706     0.73406280
       30     0.00000046     0.27190310     0.72809644
       31     0.00000016     0.27747424     0.72252560
       32     0.00000010     0.28245444     0.71754546
       33     0.00000041     0.28658990     0.71340969
       34     0.00000020     0.28949457     0.71050523
       35     0.00000006     0.29048967     0.70951027
       36     0.00000040     0.28832879     0.71167081
       37     0.00000034     0.28053426     0.71946540
       38     0.00000006     0.26447836     0.73552158
       39     0.00000036     0.24072783     0.75927181
       40     0.00000056     0.21027783     0.78972161
       41     0.00000020     0.17486771     0.82513209
       42     0.00000029     0.13398447     0.86601524
       43     0.00000075     0.08095042     0.91904883
       44     0.00000052     0.04517691     0.95482257
       45     0.00000024     0.31542155     0.68457821
       46     0.00000094     0.67603130     0.32396776
       47     0.00000124     0.78319441     0.21680435
       48     0.00000052     0.82332444     0.17667504
       49     0.00000069     0.84578023     0.15421908
       50     0.00000170     0.86117960     0.13881870
       51     0.00000144     0.87289339     0.12710516
       52     0.00000071     0.88229034     0.11770895
       53     0.00000155     0.89002716     0.10997129
       54     0.00000242     0.89647194     0.10352564
       55     0.00000159     0.90184930     0.09814912
       56     0.00000118     0.90644537     0.09355346
       57     0.00000241     0.91057625     0.08942134
       58     0.00000273     0.91375741     0.08623987
       59     0.00000168     0.91673430     0.08326402
       60     0.00000170     0.91948706     0.08051124
       61     0.00000270     0.92229730     0.07770001
       62     0.00000254     0.92564178     0.07435568
       63     0.00000157     0.92959791     0.07040053
       64     0.00000177     0.93436483     0.06563340
       65     0.00000259     0.94000858     0.05998883
       66     0.00000222     0.94645050     0.05354729
       67     0.00000129     0.95349050     0.04650820
       68     0.00000147     0.96084283     0.03915570
       69     0.00000218     0.96817835     0.03181946
       70     0.00000189     0.97514830     0.02484981
       71     0.00000107     0.98139099     0.01860795
       72     0.00000115     0.98655204     0.01344681
       73     0.00000000     1.00000000     0.00000000
       74     0.00000306     0.99710324     0.00289369
       75     0.00000600     0.98909757     0.01089643
       76     0.00000299     0.97805892     0.02193809
       77     0.00000001     0.96713568     0.03286431
       78     0.00000256     0.95973048     0.04026696
       79     0.00000528     0.95835178     0.04164295
       80     0.00000330     0.96358867     0.03640803
       81     0.00000041     0.97352556     0.02647402
       82     0.00000099     0.98451340     0.01548561
       83     0.00000000     1.00000000     0.00000000
       84     0.00000143     0.99869045     0.00130812
       85     0.00000291     0.99571001     0.00428708
       86     0.00000170     0.99286357     0.00713473
       87     0.00000007     0.99178905     0.00821088
       88     0.00000070     0.99301049     0.00698882
       89     0.00000208     0.99568884     0.00430908
       90     0.00000184     0.99815490     0.00184326
       91     0.00000045     0.99898416     0.00101539
       92     0.00000024     0.99797704     0.00202271
       93     0.00000176     0.99614291     0.00385532
       94     0.00000222     0.99501556     0.00498222
       95     0.00000088     0.99539530     0.00460382
       96     0.00000009     0.99678502     0.00321489
       97     0.00000114     0.99791017     0.00208869
       98     0.00000243     0.99789767     0.00209990
       99     0.00000165     0.99701734     0.00298101
      100     0.00000011     0.99623009     0.00376981
      101     0.00000070     0.99629557     0.00370373
      102     0.00000266     0.99698519     0.00301215
      103     0.00000306     0.99749071     0.00250624
      104     0.00000111     0.99735576     0.00264313
      105     0.00000015     0.99689155     0.00310830
      106     0.00000250     0.99667980     0.00331770
      107     0.00000498     0.99686553     0.00312949
      108     0.00000412     0.99711538     0.00288050
      109     0.00000128     0.99714433     0.00285439
      110     0.00000147     0.99706666     0.00293187
      111     0.00000573     0.99704050     0.00295377
      112     0.00000895     0.99701652     0.00297452
      113     0.00000732     0.99694694     0.00304574
      114     0.00000376     0.99694540     0.00305084
      115     0.00000469     0.99706597     0.00292934
      116     0.00001119     0.99716176     0.00282706
      117     0.00001691     0.99702618     0.00295691
      118     0.00001666     0.99679793     0.00318541
      119     0.00001224     0.99684140     0.00314637
      120     0.00001113     0.99714919     0.00283968
