#     Density Matrix: population Re; see the manual for detail orders
        0     0.00000000     0.00000000     1.00000000
        1     0.00000004     0.00000866     0.99999131
        2     0.00000006     0.00007041     0.99992953
        3     0.00000012     0.00015732     0.99984256
        4     0.00000016     0.00022486     0.99977499
        5     0.00000021     0.00028781     0.99971197
        6     0.00000025     0.00045814     0.99954162
        7     0.00000029     0.00097937     0.99902035
        8     0.00000032     0.00241609     0.99758359
        9     0.00000034     0.00651147     0.99348819
       10     0.00000035     0.02008754     0.97991211
       11     0.00000034     0.07363294     0.92636672
       12     0.00000015     0.64003850     0.35996135
       13     0.00000006     0.54706623     0.45293371
       14     0.00000061     0.18759284     0.81240655
       15     0.00000025     0.07790881     0.92209094
       16     0.00000041     0.03128095     0.96871863
       17     0.00000038     0.01344070     0.98655892
       18     0.00000032     0.00814692     0.99185276
       19     0.00000047     0.00786511     0.99213442
       20     0.00000050     0.00915412     0.99084538
       21     0.00000027     0.01050126     0.98949847
       22     0.00000038     0.01132683     0.98867279
       23     0.00000038     0.01151493     0.98848469
       24     0.00000027     0.01112276     0.98887698
       25     0.00000030     0.01028725     0.98971245
       26     0.00000028     0.00917824     0.99082147
       27     0.00000023     0.00801084     0.99198893
       28     0.00000024     0.00710274     0.99289702
       29     0.00000023     0.00701414     0.99298563
       30     0.00000020     0.00888089     0.99111891
       31     0.00000020     0.01523308     0.98476671
       32     0.00000022     0.03210723     0.96789255
       33     0.00000018     0.08122971     0.91877011
       34     0.00000020     0.19576970     0.80423010
       35     0.00000025     0.39470825     0.60529149
       36     0.00000015     0.59040708     0.40959277
       37     0.00000011     0.71596526     0.28403463
       38     0.00000016     0.78524677     0.21475307
       39     0.00000011     0.82458280     0.17541709
       40     0.00000006     0.84856589     0.15143405
       41     0.00000011     0.86416183     0.13583806
       42     0.00000013     0.87483850     0.12516137
       43     0.00000010     0.88245546     0.11754444
       44     0.00000010     0.88806443     0.11193548
       45     0.00000011     0.89229718     0.10770271
       46     0.00000009     0.89556825     0.10443165
       47     0.00000008     0.89814292     0.10185700
       48     0.00000011     0.90020771     0.09979218
       49     0.00000011     0.90189327     0.09810662
       50     0.00000008     0.90329244     0.09670748
       51     0.00000009     0.90447464     0.09552527
       52     0.00000013     0.90548337     0.09451650
       53     0.00000012     0.90635615     0.09364373
       54     0.00000010     0.90711777     0.09288213
       55     0.00000011     0.90778926     0.09221064
       56     0.00000014     0.90838873     0.09161113
       57     0.00000014     0.90893499     0.09106487
       58     0.00000012     0.90945232     0.09054756
       59     0.00000014     0.90996541     0.09003446
       60     0.00000015     0.91049580     0.08950405
       61     0.00000013     0.91106322     0.08893665
       62     0.00000012     0.91169110     0.08830878
       63     0.00000013     0.91239008     0.08760979
       64     0.00000013     0.91315655     0.08684331
       65     0.00000010     0.91398068     0.08601922
       66     0.00000009     0.91483616     0.08516374
       67     0.00000012     0.91569146     0.08430842
       68     0.00000010     0.91651332     0.08348658
       69     0.00000004     0.91727035     0.08272960
       70     0.00000004     0.91794220     0.08205776
       71     0.00000006     0.91852450     0.08147544
       72     0.00000004     0.91903510     0.08096485
       73     0.00000002     0.91950147     0.08049851
       74     0.00000001     0.91997696     0.08002303
       75     0.00000003     0.92053311     0.07946685
       76     0.00000009     0.92122680     0.07877311
       77     0.00000013     0.92210741     0.07789246
       78     0.00000018     0.92318984     0.07680998
       79     0.00000030     0.92445253     0.07554716
       80     0.00000047     0.92584561     0.07415393
       81     0.00000059     0.92729597     0.07270345
       82     0.00000071     0.92871358     0.07128571
       83     0.00000090     0.93002265     0.06997645
       84     0.00000112     0.93119095     0.06880793
       85     0.00000122     0.93221830     0.06778048
       86     0.00000132     0.93316188     0.06683679
       87     0.00000145     0.93418667     0.06581188
       88     0.00000148     0.93552777     0.06447075
       89     0.00000137     0.93742520     0.06257343
       90     0.00000129     0.94010306     0.05989565
       91     0.00000121     0.94373469     0.05626410
       92     0.00000106     0.94835030     0.05164864
       93     0.00000095     0.95381228     0.04618677
       94     0.00000099     0.95984157     0.04015745
       95     0.00000116     0.96597696     0.03402188
       96     0.00000148     0.97166047     0.02833805
       97     0.00000197     0.97636068     0.02363735
       98     0.00000266     0.97971294     0.02028440
       99     0.00000347     0.98158482     0.01841171
      100     0.00000429     0.98213704     0.01785866
      101     0.00000504     0.98182146     0.01817350
      102     0.00000563     0.98129070     0.01870366
      103     0.00000602     0.98119872     0.01879526
      104     0.00000610     0.98204719     0.01794671
      105     0.00000606     0.98404455     0.01594939
      106     0.00000604     0.98702113     0.01297283
      107     0.00000618     0.99049518     0.00949864
      108     0.00000660     0.99383015     0.00616326
      109     0.00000735     0.99642264     0.00357001
      110     0.00000836     0.99790842     0.00208322
      111     0.00000947     0.99826867     0.00172186
      112     0.00001052     0.99780597     0.00218350
      113     0.00001124     0.99703366     0.00295510
      114     0.00001167     0.99647660     0.00351173
      115     0.00001200     0.99649184     0.00349616
      116     0.00001231     0.99714226     0.00284543
      117     0.00001284     0.99818957     0.00179759
      118     0.00001360     0.99922169     0.00076471
      119     0.00001477     0.99985102     0.00013421
      120     0.00001600     0.99991246     0.00007154
