#     Density Matrix: population Re; see the manual for detail orders
        0     0.00000000     0.00000000     1.00000000
        1     0.00000001     0.00000865     0.99999135
        2     0.00000001     0.00008458     0.99991541
        3     0.00000000     0.00024199     0.99975800
        4     0.00000001     0.00043944     0.99956056
        5     0.00000002     0.00064285     0.99935713
        6     0.00000003     0.00092443     0.99907554
        7     0.00000005     0.00156897     0.99843098
        8     0.00000007     0.00324697     0.99675296
        9     0.00000010     0.00751684     0.99248307
       10     0.00000012     0.01841751     0.98158238
       11     0.00000014     0.04691628     0.95308359
       12     0.00000015     0.11643120     0.88356866
       13     0.00000014     0.23297075     0.76702911
       14     0.00000012     0.31287713     0.68712275
       15     0.00000015     0.28841167     0.71158818
       16     0.00000020     0.21128702     0.78871278
       17     0.00000025     0.13682998     0.86316977
       18     0.00000028     0.08198162     0.91801810
       19     0.00000029     0.04640038     0.95359933
       20     0.00000028     0.02538473     0.97461499
       21     0.00000027     0.01416672     0.98583300
       22     0.00000031     0.00902902     0.99097067
       23     0.00000032     0.00738880     0.99261088
       24     0.00000032     0.00759232     0.99240737
       25     0.00000033     0.00864592     0.99135375
       26     0.00000035     0.00999440     0.99000525
       27     0.00000036     0.01134946     0.98865018
       28     0.00000036     0.01257602     0.98742361
       29     0.00000036     0.01361941     0.98638023
       30     0.00000037     0.01447068     0.98552895
       31     0.00000037     0.01513239     0.98486724
       32     0.00000042     0.01560622     0.98439336
       33     0.00000047     0.01591314     0.98408639
       34     0.00000029     0.01606856     0.98393115
       35     0.00000036     0.01606525     0.98393439
       36     0.00000049     0.01591550     0.98408400
       37     0.00000029     0.01562964     0.98437007
       38     0.00000034     0.01524270     0.98475696
       39     0.00000041     0.01502535     0.98497424
       40     0.00000024     0.01645312     0.98354665
       41     0.00000021     0.03262745     0.96737234
       42     0.00000027     0.21661102     0.78338871
       43     0.00000024     0.63870572     0.36129404
       44     0.00000022     0.83532679     0.16467298
       45     0.00000027     0.87457327     0.12542647
       46     0.00000027     0.88739140     0.11260834
       47     0.00000022     0.89212046     0.10787932
       48     0.00000022     0.89364827     0.10635151
       49     0.00000026     0.89378385     0.10621589
       50     0.00000026     0.89353152     0.10646822
       51     0.00000023     0.89310998     0.10688980
       52     0.00000026     0.89265445     0.10734529
       53     0.00000032     0.89258036     0.10741931
       54     0.00000031     0.89307620     0.10692350
       55     0.00000023     0.89416471     0.10583507
       56     0.00000038     0.89571285     0.10428677
       57     0.00000057     0.89764594     0.10235348
       58     0.00000053     0.89984715     0.10015232
       59     0.00000043     0.90212216     0.09787741
       60     0.00000055     0.90427334     0.09572611
       61     0.00000073     0.90611256     0.09388671
       62     0.00000062     0.90749115     0.09250823
       63     0.00000070     0.90834717     0.09165213
       64     0.00000104     0.90869573     0.09130322
       65     0.00000121     0.90860974     0.09138905
       66     0.00000109     0.90824113     0.09175778
       67     0.00000106     0.90777598     0.09222295
       68     0.00000133     0.90741174     0.09258693
       69     0.00000158     0.90732251     0.09267591
       70     0.00000153     0.90762922     0.09236924
       71     0.00000140     0.90838976     0.09160884
       72     0.00000153     0.90956511     0.09043336
       73     0.00000190     0.91113822     0.08885988
       74     0.00000196     0.91301087     0.08698717
       75     0.00000161     0.91504821     0.08495018
       76     0.00000132     0.91717971     0.08281897
       77     0.00000162     0.91921697     0.08078140
       78     0.00000202     0.92106094     0.07893704
       79     0.00000199     0.92279243     0.07720558
       80     0.00000166     0.92446053     0.07553781
       81     0.00000155     0.92614011     0.07385834
       82     0.00000193     0.92790736     0.07209071
       83     0.00000255     0.92981776     0.07017969
       84     0.00000299     0.93187156     0.06812546
       85     0.00000309     0.93401159     0.06598532
       86     0.00000325     0.93612551     0.06387124
       87     0.00000383     0.93806888     0.06192728
       88     0.00000463     0.93971243     0.06028294
       89     0.00000504     0.94098803     0.05900693
       90     0.00000492     0.94189170     0.05810339
       91     0.00000468     0.94254105     0.05745427
       92     0.00000465     0.94318282     0.05681253
       93     0.00000464     0.94416981     0.05582554
       94     0.00000432     0.94588024     0.05411544
       95     0.00000379     0.94861778     0.05137843
       96     0.00000354     0.95255176     0.04744470
       97     0.00000343     0.95756671     0.04242986
       98     0.00000306     0.96316348     0.03683346
       99     0.00000287     0.96875215     0.03124499
      100     0.00000332     0.97367729     0.02631939
      101     0.00000428     0.97731448     0.02268124
      102     0.00000554     0.97929937     0.02069509
      103     0.00000645     0.97963000     0.02036355
      104     0.00000719     0.97873385     0.02125896
      105     0.00000781     0.97736310     0.02262909
      106     0.00000816     0.97637253     0.02361931
      107     0.00000794     0.97653181     0.02346024
      108     0.00000729     0.97823240     0.02176031
      109     0.00000676     0.98138395     0.01860928
      110     0.00000665     0.98541748     0.01457587
      111     0.00000704     0.98946949     0.01052347
      112     0.00000790     0.99267512     0.00731698
      113     0.00000901     0.99447496     0.00551603
      114     0.00001012     0.99481017     0.00517971
      115     0.00001098     0.99413047     0.00585855
      116     0.00001130     0.99319303     0.00679567
      117     0.00001083     0.99275251     0.00723666
      118     0.00001021     0.99325602     0.00673377
      119     0.00001000     0.99466850     0.00532150
      120     0.00001028     0.99652081     0.00346891
