#     Density Matrix: population Re; see the manual for detail orders
        0     0.00000000     0.00000000     1.00000000
        1     0.00000000     0.00000012     0.99999987
        2     0.00000000     0.00000272     0.99999728
        3     0.00000001     0.00001444     0.99998556
        4     0.00000003     0.00003628     0.99996369
        5     0.00000003     0.00005799     0.99994197
        6     0.00000007     0.00007054     0.99992939
        7     0.00000007     0.00008267     0.99991725
        8     0.00000011     0.00012006     0.99987983
        9     0.00000012     0.00021187     0.99978801
       10     0.00000014     0.00039205     0.99960780
       11     0.00000016     0.00073910     0.99926074
       12     0.00000018     0.00149049     0.99850933
       13     0.00000019     0.00339889     0.99660092
       14     0.00000020     0.00912962     0.99087018
       15     0.00000020     0.02980683     0.97019297
       16     0.00000018     0.11327230     0.88672752
       17     0.00000006     0.66670390     0.33329604
       18     0.00000003     0.80839135     0.19160862
       19     0.00000054     0.45214756     0.54785190
       20     0.00000044     0.29727781     0.70272175
       21     0.00000001     0.23635666     0.76364333
       22     0.00000026     0.19801442     0.80198532
       23     0.00000010     0.17427988     0.82572002
       24     0.00000005     0.15940015     0.84059980
       25     0.00000014     0.14956410     0.85043576
       26     0.00000007     0.14237698     0.85762295
       27     0.00000009     0.13647155     0.86352836
       28     0.00000012     0.13115501     0.86884487
       29     0.00000009     0.12614294     0.87385697
       30     0.00000011     0.12137228     0.87862761
       31     0.00000012     0.11688892     0.88311096
       32     0.00000011     0.11274042     0.88725947
       33     0.00000012     0.10899336     0.89100652
       34     0.00000012     0.10565294     0.89434694
       35     0.00000011     0.10271415     0.89728574
       36     0.00000011     0.10013514     0.89986475
       37     0.00000011     0.09782738     0.90217251
       38     0.00000010     0.09569997     0.90429993
       39     0.00000010     0.09364330     0.90635660
       40     0.00000010     0.09153003     0.90846988
       41     0.00000009     0.08920526     0.91079465
       42     0.00000008     0.08647726     0.91352265
       43     0.00000008     0.08309582     0.91690410
       44     0.00000008     0.07870820     0.92129172
       45     0.00000007     0.07276476     0.92723517
       46     0.00000007     0.06439705     0.93560288
       47     0.00000007     0.05220794     0.94779199
       48     0.00000006     0.03486419     0.96513575
       49     0.00000005     0.02935247     0.97064748
       50     0.00000003     0.21026109     0.78973888
       51     0.00000001     0.56368213     0.43631785
       52     0.00000008     0.72148429     0.27851563
       53     0.00000012     0.77260918     0.22739070
       54     0.00000006     0.79289668     0.20710326
       55     0.00000004     0.80223669     0.19776327
       56     0.00000010     0.80692389     0.19307601
       57     0.00000013     0.80945042     0.19054946
       58     0.00000009     0.81097141     0.18902850
       59     0.00000009     0.81208274     0.18791717
       60     0.00000017     0.81310079     0.18689904
       61     0.00000022     0.81420213     0.18579765
       62     0.00000020     0.81547978     0.18452002
       63     0.00000025     0.81697741     0.18302235
       64     0.00000038     0.81871063     0.18128898
       65     0.00000049     0.82067919     0.17932032
       66     0.00000054     0.82287280     0.17712666
       67     0.00000068     0.82528129     0.17471804
       68     0.00000092     0.82787301     0.17212607
       69     0.00000114     0.83061188     0.16938698
       70     0.00000132     0.83341104     0.16658764
       71     0.00000160     0.83615758     0.16384082
       72     0.00000199     0.83868913     0.16130889
       73     0.00000234     0.84078755     0.15921011
       74     0.00000266     0.84222118     0.15777616
       75     0.00000304     0.84272919     0.15726778
       76     0.00000347     0.84213475     0.15786177
       77     0.00000384     0.84032774     0.15966842
       78     0.00000411     0.83741188     0.16258401
       79     0.00000435     0.83370472     0.16629093
       80     0.00000455     0.82978706     0.17020839
       81     0.00000462     0.82652908     0.17346630
       82     0.00000454     0.82503993     0.17495554
       83     0.00000436     0.82650471     0.17349093
       84     0.00000411     0.83203758     0.16795831
       85     0.00000378     0.84241349     0.15758273
       86     0.00000342     0.85784826     0.14214832
       87     0.00000309     0.87778331     0.12221360
       88     0.00000286     0.90077973     0.09921740
       89     0.00000276     0.92465897     0.07533827
       90     0.00000281     0.94682125     0.05317594
       91     0.00000299     0.96473632     0.03526069
       92     0.00000326     0.97656063     0.02343611
       93     0.00000355     0.98163256     0.01836389
       94     0.00000376     0.98073930     0.01925694
       95     0.00000384     0.97598556     0.02401060
       96     0.00000375     0.97024776     0.02974849
       97     0.00000348     0.96635278     0.03364374
       98     0.00000311     0.96624142     0.03375547
       99     0.00000271     0.97037210     0.02962519
      100     0.00000237     0.97764503     0.02235260
      101     0.00000217     0.98590612     0.01409172
      102     0.00000212     0.99285108     0.00714680
      103     0.00000219     0.99694535     0.00305246
      104     0.00000229     0.99795741     0.00204030
      105     0.00000236     0.99687750     0.00312014
      106     0.00000234     0.99529390     0.00470375
      107     0.00000226     0.99456848     0.00542926
      108     0.00000215     0.99523198     0.00476587
      109     0.00000208     0.99689179     0.00310613
      110     0.00000208     0.99863957     0.00135834
      111     0.00000216     0.99968472     0.00031312
      112     0.00000228     0.99980678     0.00019094
      113     0.00000239     0.99937550     0.00062211
      114     0.00000247     0.99898585     0.00101168
      115     0.00000255     0.99901044     0.00098701
      116     0.00000266     0.99939680     0.00060055
      117     0.00000283     0.99981653     0.00018064
      118     0.00000306     0.99999219     0.00000476
      119     0.00000333     0.99991026     0.00008642
      120     0.00000363     0.99976601     0.00023036
