#     Density Matrix: population Re; see the manual for detail orders
        0     0.00000000     0.00000000     1.00000000
        1     0.00000002     0.00000620     0.99999378
        2     0.00000005     0.00006319     0.99993677
        3     0.00000008     0.00019168     0.99980824
        4     0.00000013     0.00038068     0.99961920
        5     0.00000016     0.00065093     0.99934891
        6     0.00000020     0.00118733     0.99881246
        7     0.00000023     0.00263000     0.99736978
        8     0.00000025     0.00710661     0.99289314
        9     0.00000026     0.02316098     0.97683877
       10     0.00000025     0.09114275     0.90885700
       11     0.00000010     0.66291632     0.33708358
       12     0.00000005     0.54380990     0.45619005
       13     0.00000045     0.18344905     0.81655050
       14     0.00000019     0.08439891     0.91560090
       15     0.00000031     0.04058146     0.95941822
       16     0.00000029     0.02212416     0.97787556
       17     0.00000023     0.01522819     0.98477158
       18     0.00000026     0.01344865     0.98655109
       19     0.00000027     0.01374365     0.98625608
       20     0.00000028     0.01470057     0.98529915
       21     0.00000023     0.01569103     0.98430874
       22     0.00000018     0.01647724     0.98352257
       23     0.00000030     0.01699250     0.98300720
       24     0.00000025     0.01724961     0.98275014
       25     0.00000019     0.01730153     0.98269828
       26     0.00000022     0.01720118     0.98279860
       27     0.00000021     0.01699980     0.98299999
       28     0.00000017     0.01673235     0.98326748
       29     0.00000013     0.01642264     0.98357723
       30     0.00000015     0.01609545     0.98390440
       31     0.00000020     0.01575397     0.98424583
       32     0.00000016     0.01538740     0.98461244
       33     0.00000013     0.01496457     0.98503530
       34     0.00000012     0.01439517     0.98560470
       35     0.00000018     0.01344063     0.98655919
       36     0.00000019     0.07236275     0.92763706
       37     0.00000020     0.63624244     0.36375736
       38     0.00000033     0.94436461     0.05563506
       39     0.00000025     0.95373397     0.04626578
       40     0.00000019     0.95730261     0.04269719
       41     0.00000039     0.95923908     0.04076053
       42     0.00000042     0.96043538     0.03956420
       43     0.00000027     0.96120023     0.03879950
       44     0.00000033     0.96166638     0.03833329
       45     0.00000048     0.96191013     0.03808939
       46     0.00000042     0.96197858     0.03802100
       47     0.00000035     0.96190760     0.03809206
       48     0.00000046     0.96172630     0.03827324
       49     0.00000054     0.96146181     0.03853765
       50     0.00000046     0.96114182     0.03885772
       51     0.00000046     0.96079243     0.03920711
       52     0.00000058     0.96044047     0.03955895
       53     0.00000061     0.96011531     0.03988408
       54     0.00000057     0.95984658     0.04015285
       55     0.00000060     0.95966813     0.04033127
       56     0.00000069     0.95961821     0.04038110
       57     0.00000076     0.95973858     0.04026066
       58     0.00000069     0.96007492     0.03992438
       59     0.00000064     0.96067522     0.03932415
       60     0.00000067     0.96158500     0.03841433
       61     0.00000066     0.96284624     0.03715311
       62     0.00000057     0.96449318     0.03550625
       63     0.00000056     0.96652943     0.03347002
       64     0.00000061     0.96892088     0.03107851
       65     0.00000063     0.97161076     0.02838861
       66     0.00000061     0.97450116     0.02549824
       67     0.00000061     0.97745999     0.02253940
       68     0.00000075     0.98032663     0.01967262
       69     0.00000109     0.98291890     0.01708002
       70     0.00000130     0.98506006     0.01493864
       71     0.00000150     0.98659478     0.01340372
       72     0.00000176     0.98741136     0.01258689
       73     0.00000215     0.98746517     0.01253268
       74     0.00000264     0.98679549     0.01320188
       75     0.00000315     0.98554058     0.01445627
       76     0.00000335     0.98394200     0.01605465
       77     0.00000325     0.98232550     0.01767125
       78     0.00000336     0.98106834     0.01892829
       79     0.00000373     0.98053560     0.01946068
       80     0.00000394     0.98101630     0.01897976
       81     0.00000374     0.98264079     0.01735547
       82     0.00000350     0.98531886     0.01467764
       83     0.00000356     0.98873022     0.01126622
       84     0.00000380     0.99235767     0.00763853
       85     0.00000403     0.99559491     0.00440107
       86     0.00000431     0.99790581     0.00208987
       87     0.00000474     0.99895851     0.00103676
       88     0.00000518     0.99874357     0.00125125
       89     0.00000554     0.99758949     0.00240497
       90     0.00000578     0.99606840     0.00392582
       91     0.00000593     0.99482276     0.00517131
       92     0.00000599     0.99435234     0.00564167
       93     0.00000598     0.99484877     0.00514525
       94     0.00000605     0.99613527     0.00385868
       95     0.00000635     0.99774854     0.00224511
       96     0.00000676     0.99913659     0.00085665
       97     0.00000713     0.99989409     0.00009879
       98     0.00000747     0.99992388     0.00006866
       99     0.00000791     0.99945294     0.00053915
      100     0.00000845     0.99889047     0.00110108
      101     0.00000895     0.99860452     0.00138653
      102     0.00000946     0.99873842     0.00125212
      103     0.00001011     0.99917038     0.00081951
      104     0.00001090     0.99962949     0.00035961
      105     0.00001192     0.99988399     0.00010409
      106     0.00001316     0.99987695     0.00010990
      107     0.00001464     0.99972677     0.00025859
      108     0.00001674     0.99960855     0.00037471
      109     0.00001917     0.99961947     0.00036136
      110     0.00002170     0.99973182     0.00024648
      111     0.00002419     0.99984653     0.00012928
      112     0.00002669     0.99989071     0.00008260
      113     0.00003074     0.99986770     0.00010157
      114     0.00003737     0.99983265     0.00012999
      115     0.00004580     0.99982893     0.00012527
      116     0.00005536     0.99985327     0.00009136
      117     0.00006639     0.99987364     0.00005997
      118     0.00007988     0.99986961     0.00005051
      119     0.00009738     0.99984831     0.00005431
      120     0.00012064     0.99982605     0.00005331
