#     Density Matrix: population Re; see the manual for detail orders
        0     0.00000000     0.00000000     1.00000000
        1     0.00000002     0.00000056     0.99999942
        2     0.00000001     0.00000588     0.99999411
        3     0.00000001     0.00001607     0.99998392
        4     0.00000002     0.00002276     0.99997723
        5     0.00000000     0.00001965     0.99998035
        6     0.00000006     0.00001197     0.99998797
        7     0.00000008     0.00000836     0.99999155
        8     0.00000032     0.00000699     0.99999269
        9     0.00000051     0.00001300     0.99998648
       10     0.00000075     0.00006340     0.99993585
       11     0.00000087     0.00018840     0.99981073
       12     0.00000106     0.00039933     0.99959962
       13     0.00000102     0.00078687     0.99921211
       14     0.00000123     0.00188595     0.99811282
       15     0.00000102     0.00651812     0.99348086
       16     0.00000082     0.03600716     0.96399202
       17     0.00000074     0.35294602     0.64705325
       18     0.00000006     0.74886243     0.25113751
       19     0.00000151     0.32950323     0.67049526
       20     0.00000180     0.23965867     0.76033953
       21     0.00000011     0.21379513     0.78620476
       22     0.00000207     0.19981059     0.80018735
       23     0.00000072     0.19358451     0.80641477
       24     0.00000052     0.19207661     0.80792287
       25     0.00000155     0.19308336     0.80691509
       26     0.00000023     0.19507516     0.80492461
       27     0.00000089     0.19710620     0.80289291
       28     0.00000136     0.19860310     0.80139554
       29     0.00000017     0.19927239     0.80072744
       30     0.00000102     0.19891552     0.80108346
       31     0.00000120     0.19733687     0.80266193
       32     0.00000017     0.19428299     0.80571684
       33     0.00000102     0.18930284     0.81069614
       34     0.00000125     0.18172163     0.81827712
       35     0.00000019     0.17052279     0.82947703
       36     0.00000089     0.15400971     0.84598941
       37     0.00000146     0.12978415     0.87021440
       38     0.00000032     0.09702992     0.90296976
       39     0.00000061     0.05875489     0.94124450
       40     0.00000173     0.04036237     0.95963590
       41     0.00000071     0.11046149     0.88953780
       42     0.00000024     0.26712671     0.73287305
       43     0.00000181     0.44266809     0.55733011
       44     0.00000146     0.58259152     0.41740702
       45     0.00000005     0.67581289     0.32418706
       46     0.00000128     0.73586775     0.26413097
       47     0.00000205     0.77649085     0.22350709
       48     0.00000042     0.80590060     0.19409897
       49     0.00000052     0.82855589     0.17144359
       50     0.00000231     0.84689945     0.15309824
       51     0.00000139     0.86236362     0.13763500
       52     0.00000002     0.87583513     0.12416484
       53     0.00000177     0.88784231     0.11215592
       54     0.00000255     0.89883479     0.10116266
       55     0.00000044     0.90942985     0.09056970
       56     0.00000065     0.91898016     0.08101919
       57     0.00000293     0.92749818     0.07249889
       58     0.00000189     0.93503483     0.06496328
       59     0.00000000     0.94164644     0.05835355
       60     0.00000203     0.94738991     0.05260806
       61     0.00000341     0.95232742     0.04766916
       62     0.00000088     0.95652656     0.04347256
       63     0.00000050     0.96006309     0.03993641
       64     0.00000339     0.96302712     0.03696949
       65     0.00000303     0.96552735     0.03446962
       66     0.00000029     0.96769458     0.03230512
       67     0.00000159     0.96966792     0.03033049
       68     0.00000415     0.97159605     0.02839980
       69     0.00000234     0.97362872     0.02636894
       70     0.00000024     0.97588409     0.02411567
       71     0.00000271     0.97844028     0.02155702
       72     0.00000464     0.98133597     0.01865938
       73     0.00000199     0.98455264     0.01544537
       74     0.00000051     0.98799222     0.01200728
       75     0.00000000     1.00000000     0.00000000
       76     0.00000561     0.99950043     0.00049395
       77     0.00001085     0.99783811     0.00215104
       78     0.00000452     0.99487035     0.00512513
       79     0.00000025     0.99065061     0.00934914
       80     0.00000769     0.98553547     0.01445684
       81     0.00001122     0.98024035     0.01974843
       82     0.00000349     0.97575232     0.02424419
       83     0.00000053     0.97314016     0.02685931
       84     0.00000757     0.97328103     0.02671140
       85     0.00000987     0.97651189     0.02347823
       86     0.00000323     0.98232225     0.01767452
       87     0.00000024     0.98932123     0.01067853
       88     0.00000000     1.00000000     0.00000000
       89     0.00000537     0.99846479     0.00152985
       90     0.00001102     0.99450396     0.00548502
       91     0.00000591     0.98979398     0.01020011
       92     0.00000006     0.98642355     0.01357639
       93     0.00000419     0.98599312     0.01400269
       94     0.00001007     0.98877028     0.01121965
       95     0.00000000     1.00000000     0.00000000
       96     0.00000377     0.99901340     0.00098283
       97     0.00000821     0.99680472     0.00318707
       98     0.00000522     0.99492362     0.00507116
       99     0.00000033     0.99465704     0.00534263
      100     0.00000208     0.99615469     0.00384323
      101     0.00000740     0.99830430     0.00168829
      102     0.00000753     0.99954608     0.00044639
      103     0.00000216     0.99909300     0.00090484
      104     0.00000052     0.99757956     0.00241992
      105     0.00000595     0.99649989     0.00349415
      106     0.00000997     0.99683594     0.00315409
      107     0.00000652     0.99814297     0.00185051
      108     0.00000108     0.99904868     0.00095024
      109     0.00000293     0.99871763     0.00127944
      110     0.00001107     0.99771666     0.00227227
      111     0.00001449     0.99728403     0.00270148
      112     0.00000884     0.99784797     0.00214319
      113     0.00000295     0.99859313     0.00140393
      114     0.00000719     0.99859405     0.00139877
      115     0.00001941     0.99800260     0.00197798
      116     0.00002625     0.99770650     0.00226725
      117     0.00002110     0.99804234     0.00193656
      118     0.00001286     0.99842482     0.00156232
      119     0.00001592     0.99832244     0.00166163
      120     0.00003391     0.99800088     0.00196521
