#     Density Matrix: population Re; see the manual for detail orders
        0     0.00000000     0.00000000     1.00000000
        1     0.00000000     0.00000120     0.99999880
        2     0.00000001     0.00001659     0.99998340
        3     0.00000001     0.00006825     0.99993173
        4     0.00000004     0.00016769     0.99983227
        5     0.00000008     0.00031187     0.99968805
        6     0.00000012     0.00051295     0.99948693
        7     0.00000021     0.00087218     0.99912761
        8     0.00000024     0.00172333     0.99827643
        9     0.00000039     0.00396262     0.99603699
       10     0.00000037     0.01002132     0.98997832
       11     0.00000057     0.02717889     0.97282054
       12     0.00000046     0.07812987     0.92186967
       13     0.00000057     0.21206652     0.78793291
       14     0.00000029     0.40466045     0.59533926
       15     0.00000085     0.46193863     0.53806051
       16     0.00000110     0.37299567     0.62700323
       17     0.00000052     0.30342144     0.69657804
       18     0.00000025     0.26441732     0.73558243
       19     0.00000105     0.23304887     0.76695007
       20     0.00000030     0.21062656     0.78937314
       21     0.00000034     0.19656698     0.80343267
       22     0.00000088     0.18977363     0.81022549
       23     0.00000012     0.18917483     0.81082505
       24     0.00000069     0.19396059     0.80603871
       25     0.00000075     0.20360420     0.79639505
       26     0.00000002     0.21787785     0.78212214
       27     0.00000074     0.23679668     0.76320258
       28     0.00000065     0.26065905     0.73934031
       29     0.00000004     0.28996355     0.71003641
       30     0.00000098     0.32535170     0.67464732
       31     0.00000081     0.36750440     0.63249479
       32     0.00000002     0.41700843     0.58299154
       33     0.00000083     0.47398982     0.52600934
       34     0.00000092     0.53759425     0.46240482
       35     0.00000003     0.60556033     0.39443964
       36     0.00000058     0.67391009     0.32608933
       37     0.00000108     0.73738451     0.26261441
       38     0.00000026     0.79045095     0.20954879
       39     0.00000025     0.81021047     0.18978928
       40     0.00000148     0.83624486     0.16375367
       41     0.00000109     0.86457379     0.13542512
       42     0.00000003     0.88659198     0.11340800
       43     0.00000070     0.89174429     0.10825501
       44     0.00000158     0.88047723     0.11952120
       45     0.00000071     0.86421451     0.13578479
       46     0.00000002     0.85192821     0.14807177
       47     0.00000117     0.84567286     0.15432597
       48     0.00000177     0.84408064     0.15591759
       49     0.00000051     0.84520854     0.15479095
       50     0.00000017     0.84748964     0.15251019
       51     0.00000169     0.84983773     0.15016057
       52     0.00000193     0.85152263     0.14847544
       53     0.00000037     0.85205640     0.14794323
       54     0.00000046     0.85102533     0.14897420
       55     0.00000226     0.84819395     0.15180378
       56     0.00000204     0.84345364     0.15654432
       57     0.00000028     0.83693928     0.16306043
       58     0.00000093     0.82917318     0.17082589
       59     0.00000285     0.82134971     0.17864744
       60     0.00000200     0.81521730     0.18478070
       61     0.00000024     0.81507354     0.18492623
       62     0.00000141     0.81863189     0.18136669
       63     0.00000303     0.82583356     0.17416341
       64     0.00000168     0.83717424     0.16282409
       65     0.00000015     0.85257979     0.14742006
       66     0.00000134     0.87126698     0.12873167
       67     0.00000258     0.89177624     0.10822118
       68     0.00000138     0.91223556     0.08776307
       69     0.00000006     0.93082545     0.06917449
       70     0.00000093     0.94625456     0.05374451
       71     0.00000210     0.95807583     0.04192206
       72     0.00000126     0.96667138     0.03332735
       73     0.00000004     0.97296696     0.02703300
       74     0.00000065     0.97800446     0.02199489
       75     0.00000163     0.98255575     0.01744262
       76     0.00000100     0.98694441     0.01305458
       77     0.00000000     1.00000000     0.00000000
       78     0.00000065     0.99742797     0.00257138
       79     0.00000119     0.99197122     0.00802760
       80     0.00000042     0.98712705     0.01287253
       81     0.00000005     0.98537239     0.01462757
       82     0.00000055     0.98720770     0.01279176
       83     0.00000000     1.00000000     0.00000000
       84     0.00000024     0.99949921     0.00050056
       85     0.00000042     0.99852760     0.00147198
       86     0.00000014     0.99788214     0.00211772
       87     0.00000002     0.99797417     0.00202581
       88     0.00000023     0.99862907     0.00137070
       89     0.00000033     0.99930802     0.00069165
       90     0.00000011     0.99956277     0.00043711
       91     0.00000003     0.99935631     0.00064366
       92     0.00000034     0.99900571     0.00099394
       93     0.00000038     0.99884150     0.00115812
       94     0.00000006     0.99892543     0.00107452
       95     0.00000009     0.99908067     0.00091924
       96     0.00000052     0.99914697     0.00085251
       97     0.00000051     0.99914454     0.00085496
       98     0.00000007     0.99917437     0.00082556
       99     0.00000031     0.99922504     0.00077465
      100     0.00000089     0.99917073     0.00082838
      101     0.00000067     0.99897805     0.00102128
      102     0.00000017     0.99882962     0.00117021
      103     0.00000071     0.99894282     0.00105647
      104     0.00000150     0.99926455     0.00073395
      105     0.00000103     0.99944865     0.00055032
      106     0.00000045     0.99922654     0.00077300
      107     0.00000127     0.99876915     0.00122958
      108     0.00000226     0.99856351     0.00143423
      109     0.00000169     0.99887385     0.00112445
      110     0.00000097     0.99939713     0.00060191
      111     0.00000194     0.99955678     0.00044128
      112     0.00000314     0.99914368     0.00085318
      113     0.00000262     0.99857540     0.00142198
      114     0.00000162     0.99845633     0.00154205
      115     0.00000242     0.99891801     0.00107957
      116     0.00000406     0.99947348     0.00052246
      117     0.00000395     0.99954318     0.00045287
      118     0.00000257     0.99907076     0.00092667
      119     0.00000252     0.99856520     0.00143228
      120     0.00000430     0.99854607     0.00144962
