#     Density Matrix: population Re; see the manual for detail orders
        0     0.00000000     0.00000000     1.00000000
        1     0.00000000     0.00000020     0.99999980
        2     0.00000001     0.00000070     0.99999929
        3     0.00000001     0.00000091     0.99999908
        4     0.00000004     0.00000554     0.99999442
        5     0.00000008     0.00002049     0.99997943
        6     0.00000013     0.00004833     0.99995154
        7     0.00000021     0.00009120     0.99990859
        8     0.00000025     0.00017063     0.99982912
        9     0.00000040     0.00040440     0.99959520
       10     0.00000037     0.00145338     0.99854624
       11     0.00000059     0.01022634     0.98977307
       12     0.00000040     0.26566287     0.73433673
       13     0.00000012     0.42963581     0.57036408
       14     0.00000176     0.15950148     0.84049675
       15     0.00000064     0.16651043     0.83348894
       16     0.00000075     0.17714101     0.82285824
       17     0.00000181     0.18750264     0.81249555
       18     0.00000000     0.19694642     0.80305357
       19     0.00000160     0.20554433     0.79445407
       20     0.00000096     0.21351913     0.78647992
       21     0.00000027     0.22111323     0.77888650
       22     0.00000180     0.22857911     0.77141908
       23     0.00000038     0.23616809     0.76383153
       24     0.00000076     0.24412900     0.75587024
       25     0.00000174     0.25270654     0.74729172
       26     0.00000020     0.26207787     0.73792194
       27     0.00000095     0.27230827     0.72769078
       28     0.00000144     0.28348551     0.71651306
       29     0.00000013     0.29567330     0.70432657
       30     0.00000087     0.30875142     0.69124771
       31     0.00000130     0.32244694     0.67755177
       32     0.00000026     0.33622446     0.66377529
       33     0.00000077     0.34906437     0.65093486
       34     0.00000142     0.35865846     0.64134012
       35     0.00000045     0.36276725     0.63723230
       36     0.00000050     0.36150573     0.63849377
       37     0.00000129     0.35414675     0.64585196
       38     0.00000072     0.33937720     0.66062208
       39     0.00000030     0.31467320     0.68532651
       40     0.00000105     0.27116837     0.72883058
       41     0.00000099     0.17466001     0.82533901
       42     0.00000031     0.25027290     0.74972679
       43     0.00000080     0.45194731     0.54805190
       44     0.00000146     0.44651485     0.55348369
       45     0.00000082     0.39600494     0.60399424
       46     0.00000043     0.34008132     0.65991825
       47     0.00000109     0.29170221     0.70829670
       48     0.00000116     0.25910627     0.74089257
       49     0.00000052     0.33351767     0.66648181
       50     0.00000077     0.54048028     0.45951895
       51     0.00000145     0.82311390     0.17688465
       52     0.00000087     0.93409332     0.06590581
       53     0.00000025     0.94508664     0.05491312
       54     0.00000117     0.94395078     0.05604805
       55     0.00000153     0.94231722     0.05768124
       56     0.00000046     0.94153305     0.05846649
       57     0.00000035     0.94158697     0.05841268
       58     0.00000148     0.94210114     0.05789739
       59     0.00000128     0.94266072     0.05733800
       60     0.00000018     0.94265854     0.05734128
       61     0.00000098     0.94143260     0.05856642
       62     0.00000196     0.93848301     0.06151502
       63     0.00000078     0.93274573     0.06725349
       64     0.00000027     0.92365917     0.07634056
       65     0.00000197     0.91140668     0.08859136
       66     0.00000164     0.89719009     0.10280827
       67     0.00000013     0.88331862     0.11668124
       68     0.00000115     0.87285555     0.12714329
       69     0.00000177     0.86898465     0.13101358
       70     0.00000051     0.87292287     0.12707662
       71     0.00000067     0.88128396     0.11871537
       72     0.00000184     0.88547174     0.11452642
       73     0.00000135     0.88024603     0.11975262
       74     0.00000029     0.87648968     0.12351003
       75     0.00000101     0.88837876     0.11162023
       76     0.00000154     0.91429892     0.08569954
       77     0.00000074     0.94400169     0.05599758
       78     0.00000075     0.96978457     0.03021468
       79     0.00000100     0.98795825     0.01204075
       80     0.00000000     1.00000000     0.00000000
       81     0.00000002     0.99798746     0.00201252
       82     0.00000003     0.99457129     0.00542869
       83     0.00000000     0.99276980     0.00723020
       84     0.00000001     0.99350324     0.00649675
       85     0.00000000     0.99565500     0.00434500
       86     0.00000000     0.99742788     0.00257211
       87     0.00000000     0.99770920     0.00229080
       88     0.00000001     0.99684950     0.00315050
       89     0.00000002     0.99597376     0.00402622
       90     0.00000001     0.99582576     0.00417423
       91     0.00000002     0.99627039     0.00372959
       92     0.00000002     0.99665357     0.00334641
       93     0.00000004     0.99670332     0.00329664
       94     0.00000008     0.99659336     0.00340656
       95     0.00000011     0.99657571     0.00342418
       96     0.00000007     0.99656010     0.00343983
       97     0.00000013     0.99633482     0.00366505
       98     0.00000022     0.99609491     0.00390487
       99     0.00000022     0.99625710     0.00374268
      100     0.00000027     0.99680507     0.00319466
      101     0.00000035     0.99706538     0.00293427
      102     0.00000038     0.99650744     0.00349218
      103     0.00000043     0.99567499     0.00432458
      104     0.00000058     0.99563774     0.00436168
      105     0.00000067     0.99659576     0.00340357
      106     0.00000069     0.99743195     0.00256736
      107     0.00000083     0.99701144     0.00298773
      108     0.00000096     0.99569384     0.00430520
      109     0.00000099     0.99505289     0.00494611
      110     0.00000113     0.99593305     0.00406582
      111     0.00000134     0.99737964     0.00261902
      112     0.00000135     0.99764281     0.00235584
      113     0.00000137     0.99632838     0.00367024
      114     0.00000159     0.99489609     0.00510232
      115     0.00000173     0.99498284     0.00501543
      116     0.00000170     0.99651788     0.00348041
      117     0.00000180     0.99780634     0.00219186
      118     0.00000192     0.99745310     0.00254498
      119     0.00000184     0.99588626     0.00411190
      120     0.00000191     0.99477099     0.00522710
