#     Density Matrix: population Re; see the manual for detail orders
        0     0.00000000     0.00000000     1.00000000
        1     0.00000001     0.00000243     0.99999755
        2     0.00000001     0.00001742     0.99998256
        3     0.00000003     0.00003021     0.99996975
        4     0.00000004     0.00002778     0.99997218
        5     0.00000008     0.00001749     0.99998243
        6     0.00000013     0.00001963     0.99998024
        7     0.00000018     0.00005440     0.99994542
        8     0.00000022     0.00014034     0.99985944
        9     0.00000024     0.00031256     0.99968720
       10     0.00000025     0.00068627     0.99931348
       11     0.00000026     0.00165605     0.99834370
       12     0.00000026     0.00468132     0.99531842
       13     0.00000026     0.01638475     0.98361499
       14     0.00000024     0.07419219     0.92580757
       15     0.00000011     0.68091324     0.31908665
       16     0.00000002     0.55036710     0.44963288
       17     0.00000050     0.17532245     0.82467705
       18     0.00000017     0.07793214     0.92206769
       19     0.00000028     0.03757408     0.96242563
       20     0.00000027     0.02167387     0.97832586
       21     0.00000021     0.01624310     0.98375670
       22     0.00000024     0.01501562     0.98498414
       23     0.00000023     0.01514113     0.98485864
       24     0.00000024     0.01535529     0.98464447
       25     0.00000022     0.01514387     0.98485591
       26     0.00000018     0.01435436     0.98564546
       27     0.00000020     0.01299754     0.98700227
       28     0.00000020     0.01116158     0.98883823
       29     0.00000019     0.00898528     0.99101453
       30     0.00000020     0.00667357     0.99332623
       31     0.00000021     0.00457602     0.99542378
       32     0.00000021     0.00336975     0.99663004
       33     0.00000022     0.00448683     0.99551295
       34     0.00000023     0.01114717     0.98885260
       35     0.00000024     0.03082977     0.96916999
       36     0.00000025     0.08007374     0.91992601
       37     0.00000025     0.18928655     0.81071321
       38     0.00000027     0.37588228     0.62411744
       39     0.00000030     0.58478413     0.41521558
       40     0.00000022     0.73045301     0.26954677
       41     0.00000019     0.81082392     0.18917590
       42     0.00000022     0.85462347     0.14537631
       43     0.00000020     0.88012031     0.11987949
       44     0.00000015     0.89605465     0.10394520
       45     0.00000015     0.90662481     0.09337503
       46     0.00000016     0.91398138     0.08601846
       47     0.00000013     0.91931275     0.08068712
       48     0.00000011     0.92332014     0.07667976
       49     0.00000012     0.92643279     0.07356709
       50     0.00000011     0.92893244     0.07106745
       51     0.00000008     0.93100322     0.06899670
       52     0.00000008     0.93276574     0.06723418
       53     0.00000009     0.93430644     0.06569347
       54     0.00000008     0.93567483     0.06432510
       55     0.00000007     0.93690407     0.06309586
       56     0.00000007     0.93800983     0.06199010
       57     0.00000007     0.93899715     0.06100277
       58     0.00000007     0.93986606     0.06013387
       59     0.00000007     0.94060745     0.05939248
       60     0.00000007     0.94122060     0.05877932
       61     0.00000008     0.94169747     0.05830245
       62     0.00000008     0.94203811     0.05796181
       63     0.00000008     0.94225057     0.05774935
       64     0.00000009     0.94234873     0.05765117
       65     0.00000010     0.94235154     0.05764836
       66     0.00000010     0.94229329     0.05770661
       67     0.00000011     0.94220823     0.05779166
       68     0.00000013     0.94214074     0.05785913
       69     0.00000015     0.94213135     0.05786850
       70     0.00000017     0.94222363     0.05777620
       71     0.00000021     0.94245130     0.05754849
       72     0.00000026     0.94284162     0.05715812
       73     0.00000033     0.94340303     0.05659664
       74     0.00000041     0.94413236     0.05586722
       75     0.00000052     0.94501070     0.05498877
       76     0.00000066     0.94600430     0.05399504
       77     0.00000083     0.94706536     0.05293381
       78     0.00000101     0.94814129     0.05185769
       79     0.00000122     0.94917371     0.05082507
       80     0.00000145     0.95010353     0.04989502
       81     0.00000170     0.95088258     0.04911572
       82     0.00000195     0.95147556     0.04852250
       83     0.00000218     0.95186156     0.04813625
       84     0.00000241     0.95205148     0.04794611
       85     0.00000262     0.95208482     0.04791256
       86     0.00000279     0.95203667     0.04796054
       87     0.00000293     0.95201974     0.04797733
       88     0.00000302     0.95218468     0.04781230
       89     0.00000308     0.95270241     0.04729451
       90     0.00000310     0.95375800     0.04623891
       91     0.00000309     0.95551998     0.04447693
       92     0.00000307     0.95810605     0.04189088
       93     0.00000306     0.96155513     0.03844181
       94     0.00000308     0.96579584     0.03420108
       95     0.00000318     0.97062767     0.02936915
       96     0.00000336     0.97572779     0.02426885
       97     0.00000366     0.98068437     0.01931197
       98     0.00000410     0.98504321     0.01495269
       99     0.00000466     0.98839306     0.01160228
      100     0.00000533     0.99043925     0.00955542
      101     0.00000605     0.99108582     0.00890813
      102     0.00000675     0.99046695     0.00952629
      103     0.00000737     0.98895207     0.01104056
      104     0.00000783     0.98708336     0.01290881
      105     0.00000808     0.98547784     0.01451408
      106     0.00000813     0.98468945     0.01530242
      107     0.00000802     0.98508069     0.01491128
      108     0.00000784     0.98672430     0.01326786
      109     0.00000770     0.98936919     0.01062311
      110     0.00000771     0.99249753     0.00749476
      111     0.00000794     0.99545671     0.00453535
      112     0.00000840     0.99764621     0.00234540
      113     0.00000900     0.99870010     0.00129090
      114     0.00000964     0.99860652     0.00138384
      115     0.00001016     0.99771242     0.00227742
      116     0.00001049     0.99659792     0.00339159
      117     0.00001061     0.99585877     0.00413062
      118     0.00001061     0.99587671     0.00411268
      119     0.00001062     0.99667386     0.00331552
      120     0.00001081     0.99792471     0.00206447
