#     Density Matrix: population Re; see the manual for detail orders
        0     0.00000000     0.00000000     1.00000000
        1     0.00000000     0.00000003     0.99999997
        2     0.00000001     0.00000005     0.99999994
        3     0.00000002     0.00000164     0.99999834
        4     0.00000008     0.00000782     0.99999210
        5     0.00000010     0.00001749     0.99998241
        6     0.00000022     0.00002577     0.99997401
        7     0.00000025     0.00003023     0.99996952
        8     0.00000043     0.00003753     0.99996204
        9     0.00000045     0.00006775     0.99993180
       10     0.00000065     0.00016212     0.99983723
       11     0.00000065     0.00042026     0.99957909
       12     0.00000083     0.00119435     0.99880482
       13     0.00000082     0.00445132     0.99554786
       14     0.00000092     0.03539421     0.96460487
       15     0.00000207     0.05438272     0.94561521
       16     0.00000277     0.21644364     0.78355359
       17     0.00000006     0.12928884     0.87071110
       18     0.00000131     0.11814530     0.88185338
       19     0.00000065     0.11646235     0.88353701
       20     0.00000046     0.11872740     0.88127214
       21     0.00000153     0.12238438     0.87761408
       22     0.00000016     0.12625800     0.87374184
       23     0.00000112     0.12992798     0.87007089
       24     0.00000123     0.13339085     0.86660792
       25     0.00000012     0.13685770     0.86314218
       26     0.00000150     0.14064172     0.85935679
       27     0.00000099     0.14506261     0.85493640
       28     0.00000019     0.15041475     0.84958506
       29     0.00000155     0.15695282     0.84304564
       30     0.00000087     0.16489780     0.83510133
       31     0.00000018     0.17440791     0.82559192
       32     0.00000144     0.18560761     0.81439095
       33     0.00000093     0.19849720     0.80150186
       34     0.00000008     0.21290622     0.78709370
       35     0.00000115     0.22838303     0.77161581
       36     0.00000109     0.24374146     0.75625745
       37     0.00000005     0.25609759     0.74390236
       38     0.00000073     0.26494518     0.73505409
       39     0.00000125     0.27262350     0.72737526
       40     0.00000026     0.29784874     0.70215099
       41     0.00000028     0.73550897     0.26449075
       42     0.00000189     0.97215129     0.02784682
       43     0.00000148     0.96672504     0.03327348
       44     0.00000003     0.96484458     0.03515539
       45     0.00000097     0.96407864     0.03592039
       46     0.00000204     0.96377756     0.03622041
       47     0.00000076     0.96376927     0.03622998
       48     0.00000008     0.96394824     0.03605168
       49     0.00000152     0.96425688     0.03574160
       50     0.00000185     0.96466129     0.03533686
       51     0.00000036     0.96513502     0.03486463
       52     0.00000031     0.96565446     0.03434523
       53     0.00000182     0.96620473     0.03379344
       54     0.00000170     0.96677929     0.03321902
       55     0.00000021     0.96737318     0.03262661
       56     0.00000047     0.96798353     0.03201600
       57     0.00000199     0.96861529     0.03138272
       58     0.00000174     0.96927919     0.03071908
       59     0.00000023     0.96998427     0.03001550
       60     0.00000047     0.97073737     0.02926217
       61     0.00000206     0.97154718     0.02845075
       62     0.00000200     0.97242201     0.02757598
       63     0.00000041     0.97336289     0.02663670
       64     0.00000031     0.97436299     0.02563670
       65     0.00000197     0.97541302     0.02458501
       66     0.00000242     0.97650222     0.02349536
       67     0.00000087     0.97761418     0.02238494
       68     0.00000010     0.97872676     0.02127313
       69     0.00000151     0.97981870     0.02017979
       70     0.00000272     0.98087416     0.01912313
       71     0.00000171     0.98188030     0.01811799
       72     0.00000019     0.98282495     0.01717485
       73     0.00000071     0.98370015     0.01629913
       74     0.00000249     0.98450640     0.01549111
       75     0.00000273     0.98525043     0.01474684
       76     0.00000109     0.98593896     0.01405995
       77     0.00000016     0.98657659     0.01342325
       78     0.00000149     0.98716844     0.01283007
       79     0.00000315     0.98772112     0.01227572
       80     0.00000268     0.98823901     0.01175831
       81     0.00000081     0.98872098     0.01127821
       82     0.00000037     0.98916281     0.01083682
       83     0.00000209     0.98956276     0.01043515
       84     0.00000352     0.98992406     0.01007243
       85     0.00000000     1.00000000     0.00000000
       86     0.00000188     0.99999785     0.00000027
       87     0.00000496     0.99999376     0.00000128
       88     0.00000511     0.99999157     0.00000332
       89     0.00000217     0.99999119     0.00000664
       90     0.00000003     0.99998863     0.00001134
       91     0.00000144     0.99998119     0.00001737
       92     0.00000459     0.99997098     0.00002443
       93     0.00000554     0.99996242     0.00003204
       94     0.00000315     0.99995733     0.00003952
       95     0.00000038     0.99995356     0.00004606
       96     0.00000055     0.99994856     0.00005090
       97     0.00000342     0.99994320     0.00005339
       98     0.00000564     0.99994125     0.00005312
       99     0.00000469     0.99994529     0.00005002
      100     0.00000169     0.99995389     0.00004442
      101     0.00000001     0.99996297     0.00003702
      102     0.00000145     0.99996964     0.00002891
      103     0.00000443     0.99997422     0.00002134
      104     0.00000576     0.99997856     0.00001569
      105     0.00000408     0.99998276     0.00001316
      106     0.00000117     0.99998410     0.00001473
      107     0.00000003     0.99997912     0.00002085
      108     0.00000177     0.99996680     0.00003143
      109     0.00000463     0.99994967     0.00004571
      110     0.00000577     0.99993192     0.00006231
      111     0.00000413     0.99991651     0.00007936
      112     0.00000132     0.99990396     0.00009472
      113     0.00000000     0.99989363     0.00010636
      114     0.00000137     0.99988584     0.00011279
      115     0.00000408     0.99988252     0.00011340
      116     0.00000563     0.99988565     0.00010873
      117     0.00000465     0.99989479     0.00010056
      118     0.00000206     0.99990609     0.00009185
      119     0.00000015     0.99991351     0.00008634
      120     0.00000053     0.99991156     0.00008791
