#     Density Matrix: population Re; see the manual for detail orders
        0     0.00000000     0.00000000     1.00000000
        1     0.00000000     0.00000036     0.99999963
        2     0.00000001     0.00000085     0.99999914
        3     0.00000001     0.00000396     0.99999603
        4     0.00000008     0.00002269     0.99997723
        5     0.00000007     0.00005356     0.99994637
        6     0.00000023     0.00007356     0.99992621
        7     0.00000022     0.00007011     0.99992967
        8     0.00000050     0.00006447     0.99993503
        9     0.00000047     0.00010138     0.99989816
       10     0.00000078     0.00022378     0.99977544
       11     0.00000076     0.00046453     0.99953472
       12     0.00000110     0.00088836     0.99911053
       13     0.00000105     0.00174734     0.99825161
       14     0.00000135     0.00405761     0.99594104
       15     0.00000130     0.01249350     0.98750521
       16     0.00000137     0.05649235     0.94350628
       17     0.00000119     0.33183090     0.66816791
       18     0.00000019     0.71543416     0.28456565
       19     0.00000047     0.55824210     0.44175743
       20     0.00000114     0.39757941     0.60241945
       21     0.00000074     0.31813472     0.68186454
       22     0.00000157     0.27959091     0.72040752
       23     0.00000143     0.26293052     0.73706806
       24     0.00000094     0.25883156     0.74116750
       25     0.00000124     0.26213252     0.73786623
       26     0.00000089     0.26968967     0.73030944
       27     0.00000062     0.27935975     0.72063963
       28     0.00000089     0.28938681     0.71061230
       29     0.00000068     0.29799492     0.70200440
       30     0.00000048     0.30308029     0.69691923
       31     0.00000075     0.30188640     0.69811285
       32     0.00000064     0.29046696     0.70953239
       33     0.00000042     0.26215179     0.73784779
       34     0.00000066     0.21106473     0.78893461
       35     0.00000070     0.13599943     0.86399987
       36     0.00000040     0.08613529     0.91386430
       37     0.00000049     0.17085710     0.82914242
       38     0.00000081     0.29665745     0.70334174
       39     0.00000061     0.34839478     0.65160461
       40     0.00000034     0.34841141     0.65158825
       41     0.00000047     0.32839125     0.67160828
       42     0.00000041     0.30794611     0.69205348
       43     0.00000013     0.29878983     0.70121004
       44     0.00000006     0.30459837     0.69540157
       45     0.00000008     0.31518798     0.68481194
       46     0.00000006     0.31032473     0.68967520
       47     0.00000006     0.28227082     0.71772913
       48     0.00000001     0.24229465     0.75770534
       49     0.00000007     0.20354295     0.79645698
       50     0.00000017     0.17159078     0.82840905
       51     0.00000011     0.14686528     0.85313462
       52     0.00000004     0.12810217     0.87189779
       53     0.00000015     0.11386839     0.88613146
       54     0.00000019     0.10299645     0.89700336
       55     0.00000007     0.09461804     0.90538189
       56     0.00000007     0.08809051     0.91190942
       57     0.00000019     0.08294564     0.91705417
       58     0.00000014     0.07884504     0.92115483
       59     0.00000003     0.07554642     0.92445354
       60     0.00000011     0.07288480     0.92711510
       61     0.00000016     0.07074282     0.92925702
       62     0.00000006     0.06903993     0.93096002
       63     0.00000003     0.06773202     0.93226795
       64     0.00000012     0.06677417     0.93322571
       65     0.00000010     0.06610169     0.93389821
       66     0.00000001     0.06559468     0.93440531
       67     0.00000005     0.06504442     0.93495554
       68     0.00000010     0.06413475     0.93586515
       69     0.00000004     0.06243094     0.93756903
       70     0.00000001     0.05947297     0.94052702
       71     0.00000006     0.05488079     0.94511915
       72     0.00000006     0.04847718     0.95152276
       73     0.00000000     0.04045620     0.95954380
       74     0.00000003     0.03150816     0.96849181
       75     0.00000007     0.02285437     0.97714557
       76     0.00000003     0.01610301     0.98389696
       77     0.00000000     0.01278961     0.98721039
       78     0.00000005     0.01365782     0.98634212
       79     0.00000005     0.01810486     0.98189508
       80     0.00000001     0.02435443     0.97564556
       81     0.00000002     0.03633966     0.96366032
       82     0.00000005     0.05139809     0.94860186
       83     0.00000004     0.06528853     0.93471142
       84     0.00000009     0.07889774     0.92110217
       85     0.00000005     0.09474613     0.90525382
       86     0.00000001     0.11676572     0.88323426
       87     0.00000020     0.15110870     0.84889111
       88     0.00000026     0.20823425     0.79176549
       89     0.00000007     0.30748697     0.69251296
       90     0.00000013     0.45228716     0.54771272
       91     0.00000029     0.59626714     0.40373256
       92     0.00000013     0.70081777     0.29918210
       93     0.00000008     0.71653681     0.28346311
       94     0.00000036     0.55661582     0.44338382
       95     0.00000035     0.28585067     0.71414898
       96     0.00000058     0.11625783     0.88374159
       97     0.00000108     0.07775473     0.92224419
       98     0.00000077     0.15761220     0.84238703
       99     0.00000035     0.36332281     0.63667684
      100     0.00000046     0.57975133     0.42024821
      101     0.00000030     0.72294910     0.27705061
      102     0.00000007     0.80492621     0.19507373
      103     0.00000018     0.85023314     0.14976668
      104     0.00000014     0.87491050     0.12508937
      105     0.00000001     0.88890521     0.11109478
      106     0.00000011     0.89853633     0.10146357
      107     0.00000007     0.90744171     0.09255823
      108     0.00000002     0.91706487     0.08293511
      109     0.00000012     0.92726754     0.07273234
      110     0.00000005     0.93710934     0.06289061
      111     0.00000002     0.94559289     0.05440709
      112     0.00000008     0.95218167     0.04781825
      113     0.00000001     0.95698477     0.04301522
      114     0.00000004     0.96059503     0.03940493
      115     0.00000004     0.96370158     0.03629838
      116     0.00000000     0.96672152     0.03327848
      117     0.00000005     0.96968116     0.03031878
      118     0.00000002     0.97238532     0.02761466
      119     0.00000002     0.97469841     0.02530156
      120     0.00000003     0.97670082     0.02329915
