#     Density Matrix: population Re; see the manual for detail orders
        0     0.00000000     0.00000000     1.00000000
        1     0.00000002     0.00002130     0.99997868
        2     0.00000002     0.00018821     0.99981178
        3     0.00000001     0.00047677     0.99952322
        4     0.00000003     0.00075824     0.99924172
        5     0.00000006     0.00089734     0.99910260
        6     0.00000010     0.00088825     0.99911165
        7     0.00000018     0.00099804     0.99900178
        8     0.00000018     0.00190213     0.99809769
        9     0.00000035     0.00493181     0.99506784
       10     0.00000025     0.01294523     0.98705452
       11     0.00000050     0.03363112     0.96636838
       12     0.00000029     0.09074918     0.90925054
       13     0.00000048     0.23600731     0.76399221
       14     0.00000016     0.42375661     0.57624323
       15     0.00000033     0.43637300     0.56362667
       16     0.00000033     0.31729578     0.68270389
       17     0.00000055     0.20563193     0.79436752
       18     0.00000062     0.13158067     0.86841871
       19     0.00000048     0.08904481     0.91095472
       20     0.00000071     0.06828054     0.93171875
       21     0.00000049     0.06128921     0.93871031
       22     0.00000048     0.06224229     0.93775724
       23     0.00000056     0.06713024     0.93286920
       24     0.00000039     0.07334668     0.92665294
       25     0.00000045     0.07932036     0.92067919
       26     0.00000039     0.08422037     0.91577924
       27     0.00000042     0.08771315     0.91228643
       28     0.00000032     0.08979132     0.91020837
       29     0.00000032     0.09065453     0.90934514
       30     0.00000039     0.09061696     0.90938265
       31     0.00000029     0.09005586     0.90994385
       32     0.00000029     0.08938962     0.91061009
       33     0.00000036     0.08908325     0.91091639
       34     0.00000027     0.08968637     0.91031335
       35     0.00000025     0.09191794     0.90808181
       36     0.00000039     0.09684035     0.90315926
       37     0.00000031     0.10620406     0.89379563
       38     0.00000020     0.12313053     0.87686928
       39     0.00000029     0.15352617     0.84647354
       40     0.00000026     0.20850892     0.79149082
       41     0.00000016     0.30506606     0.69493378
       42     0.00000023     0.45177224     0.54822753
       43     0.00000030     0.63043896     0.36956074
       44     0.00000025     0.77982842     0.22017134
       45     0.00000019     0.86562483     0.13437498
       46     0.00000028     0.90938002     0.09061970
       47     0.00000031     0.93258791     0.06741178
       48     0.00000024     0.94599033     0.05400944
       49     0.00000025     0.95439212     0.04560763
       50     0.00000035     0.96002187     0.03997778
       51     0.00000033     0.96398645     0.03601322
       52     0.00000026     0.96687563     0.03312411
       53     0.00000033     0.96902463     0.03097504
       54     0.00000041     0.97063595     0.02936364
       55     0.00000035     0.97183949     0.02816015
       56     0.00000031     0.97272380     0.02727589
       57     0.00000041     0.97335377     0.02664582
       58     0.00000049     0.97378176     0.02621775
       59     0.00000040     0.97405175     0.02594785
       60     0.00000035     0.97420039     0.02579926
       61     0.00000045     0.97426426     0.02573529
       62     0.00000049     0.97427629     0.02572322
       63     0.00000040     0.97426251     0.02573709
       64     0.00000036     0.97424451     0.02575513
       65     0.00000045     0.97423745     0.02576210
       66     0.00000049     0.97424951     0.02575001
       67     0.00000038     0.97428141     0.02571820
       68     0.00000034     0.97432705     0.02567261
       69     0.00000043     0.97437547     0.02562411
       70     0.00000047     0.97441344     0.02558610
       71     0.00000038     0.97442807     0.02557155
       72     0.00000033     0.97440955     0.02559012
       73     0.00000042     0.97435506     0.02564452
       74     0.00000053     0.97426795     0.02573151
       75     0.00000048     0.97415797     0.02584155
       76     0.00000038     0.97404072     0.02595890
       77     0.00000042     0.97393604     0.02606355
       78     0.00000056     0.97386274     0.02613669
       79     0.00000061     0.97383289     0.02616650
       80     0.00000053     0.97384910     0.02615037
       81     0.00000054     0.97390183     0.02609763
       82     0.00000072     0.97396963     0.02602966
       83     0.00000083     0.97402185     0.02597733
       84     0.00000075     0.97402380     0.02597545
       85     0.00000072     0.97394419     0.02605509
       86     0.00000092     0.97376636     0.02623271
       87     0.00000107     0.97349754     0.02650139
       88     0.00000093     0.97317270     0.02682638
       89     0.00000077     0.97285586     0.02714336
       90     0.00000086     0.97263506     0.02736408
       91     0.00000101     0.97260861     0.02739038
       92     0.00000097     0.97286671     0.02713233
       93     0.00000079     0.97346850     0.02653071
       94     0.00000078     0.97441939     0.02557983
       95     0.00000095     0.97565513     0.02434392
       96     0.00000109     0.97704466     0.02295425
       97     0.00000106     0.97840349     0.02159544
       98     0.00000103     0.97952448     0.02047449
       99     0.00000121     0.98022646     0.01977233
      100     0.00000157     0.98040007     0.01959836
      101     0.00000179     0.98004871     0.01994950
      102     0.00000174     0.97929878     0.02069948
      103     0.00000168     0.97837152     0.02162680
      104     0.00000189     0.97751866     0.02247944
      105     0.00000225     0.97693970     0.02305805
      106     0.00000231     0.97670170     0.02329599
      107     0.00000201     0.97669797     0.02330002
      108     0.00000174     0.97667985     0.02331840
      109     0.00000180     0.97635849     0.02363971
      110     0.00000201     0.97554585     0.02445214
      111     0.00000209     0.97427056     0.02572735
      112     0.00000198     0.97280087     0.02719715
      113     0.00000190     0.97154539     0.02845271
      114     0.00000208     0.97086258     0.02913534
      115     0.00000260     0.97087871     0.02911869
      116     0.00000317     0.97141913     0.02857770
      117     0.00000338     0.97209446     0.02790216
      118     0.00000318     0.97250806     0.02748876
      119     0.00000298     0.97247023     0.02752678
      120     0.00000293     0.97211722     0.02787985
