#     Density Matrix: population Re; see the manual for detail orders
        0     0.00000000     0.00000000     1.00000000
        1     0.00000012     0.00000386     0.99999602
        2     0.00000008     0.00003078     0.99996914
        3     0.00000005     0.00006709     0.99993286
        4     0.00000006     0.00008765     0.99991229
        5     0.00000002     0.00007808     0.99992189
        6     0.00000016     0.00005802     0.99994182
        7     0.00000006     0.00009203     0.99990790
        8     0.00000036     0.00027843     0.99972121
        9     0.00000018     0.00073766     0.99926216
       10     0.00000058     0.00167072     0.99832870
       11     0.00000037     0.00368079     0.99631884
       12     0.00000073     0.00913376     0.99086551
       13     0.00000061     0.02882458     0.97117481
       14     0.00000063     0.11888290     0.88111647
       15     0.00000048     0.42425024     0.57574928
       16     0.00000051     0.60745937     0.39254012
       17     0.00000050     0.41494493     0.58505457
       18     0.00000045     0.31917647     0.68082308
       19     0.00000117     0.25888472     0.74111411
       20     0.00000013     0.22615547     0.77384440
       21     0.00000095     0.21231384     0.78768521
       22     0.00000055     0.21088834     0.78911111
       23     0.00000020     0.21750007     0.78249973
       24     0.00000088     0.22936830     0.77063082
       25     0.00000012     0.24483735     0.75516252
       26     0.00000042     0.26302644     0.73697313
       27     0.00000065     0.28353067     0.71646867
       28     0.00000001     0.30632387     0.69367612
       29     0.00000054     0.33157579     0.66842367
       30     0.00000050     0.35958672     0.64041277
       31     0.00000001     0.39073940     0.60926060
       32     0.00000055     0.42533422     0.57466524
       33     0.00000046     0.46345600     0.53654354
       34     0.00000000     0.50472042     0.49527957
       35     0.00000044     0.54803062     0.45196894
       36     0.00000046     0.59110916     0.40889038
       37     0.00000001     0.62614944     0.37385054
       38     0.00000026     0.65702413     0.34297561
       39     0.00000047     0.68671667     0.31328286
       40     0.00000011     0.71861744     0.28138245
       41     0.00000008     0.75643273     0.24356720
       42     0.00000039     0.80303901     0.19696060
       43     0.00000028     0.85262052     0.14737920
       44     0.00000002     0.87060148     0.12939851
       45     0.00000021     0.81798212     0.18201767
       46     0.00000049     0.72237741     0.27762210
       47     0.00000027     0.62581131     0.37418842
       48     0.00000000     0.53472376     0.46527624
       49     0.00000037     0.44424758     0.55575205
       50     0.00000060     0.35204284     0.64795656
       51     0.00000015     0.25995334     0.74004650
       52     0.00000006     0.18134563     0.81865430
       53     0.00000044     0.16004702     0.83995253
       54     0.00000035     0.21008890     0.78991075
       55     0.00000006     0.25562533     0.74437461
       56     0.00000014     0.26070734     0.73929252
       57     0.00000027     0.24171383     0.75828590
       58     0.00000016     0.21512540     0.78487444
       59     0.00000009     0.18891844     0.81108147
       60     0.00000021     0.16593088     0.83406892
       61     0.00000022     0.14668803     0.85331175
       62     0.00000009     0.13085263     0.86914728
       63     0.00000016     0.11785617     0.88214368
       64     0.00000026     0.10713768     0.89286206
       65     0.00000012     0.09821823     0.90178165
       66     0.00000011     0.09071236     0.90928753
       67     0.00000027     0.08431816     0.91568157
       68     0.00000015     0.07880240     0.92119744
       69     0.00000008     0.07398649     0.92601342
       70     0.00000025     0.06973442     0.93026533
       71     0.00000019     0.06594295     0.93405686
       72     0.00000008     0.06253226     0.93746766
       73     0.00000022     0.05943970     0.94056008
       74     0.00000020     0.05661374     0.94338606
       75     0.00000008     0.05401105     0.94598887
       76     0.00000020     0.05159255     0.94840725
       77     0.00000020     0.04932100     0.95067880
       78     0.00000010     0.04715933     0.95284057
       79     0.00000018     0.04506968     0.95493013
       80     0.00000019     0.04301366     0.95698615
       81     0.00000011     0.04095258     0.95904731
       82     0.00000018     0.03884900     0.96115081
       83     0.00000017     0.03666818     0.96333165
       84     0.00000012     0.03437844     0.96562144
       85     0.00000019     0.03195683     0.96804299
       86     0.00000016     0.02938968     0.97061017
       87     0.00000012     0.02667656     0.97332331
       88     0.00000020     0.02383296     0.97616684
       89     0.00000014     0.02089212     0.97910774
       90     0.00000012     0.01790482     0.98209506
       91     0.00000023     0.01493586     0.98506391
       92     0.00000013     0.01206091     0.98793896
       93     0.00000000     0.00000000     1.00000000
       94     0.00000006     0.00018663     0.99981330
       95     0.00000008     0.00073953     0.99926039
       96     0.00000000     0.00163699     0.99836301
       97     0.00000006     0.00284083     0.99715911
       98     0.00000010     0.00429576     0.99570414
       99     0.00000001     0.00593104     0.99406894
      100     0.00000005     0.00766425     0.99233570
      101     0.00000012     0.00940669     0.99059319
      102     0.00000003     0.01107122     0.98892876
      103     0.00000004     0.01257976     0.98742020
      104     0.00000013     0.01386977     0.98613010
      105     0.00000005     0.01489999     0.98509996
      106     0.00000003     0.01565243     0.98434754
      107     0.00000015     0.01613082     0.98386903
      108     0.00000009     0.01635630     0.98364361
      109     0.00000002     0.01636527     0.98363470
      110     0.00000016     0.01620324     0.98379660
      111     0.00000016     0.01592304     0.98407680
      112     0.00000003     0.01558168     0.98441828
      113     0.00000016     0.01524158     0.98475827
      114     0.00000024     0.01497302     0.98502674
      115     0.00000008     0.01486373     0.98513619
      116     0.00000013     0.01503225     0.98496762
      117     0.00000032     0.01565270     0.98434698
      118     0.00000020     0.01700052     0.98299928
      119     0.00000011     0.01953334     0.98046655
      120     0.00000034     0.02404610     0.97595356
