#      REAL   NALLORB   NKPOINT
          T        24         1
#   IKPOINT
          1
# MATRIX
   1.000000000000000E+00   0.000000000000000E+00   0.000000000000000E+00   0.000000000000000E+00   1.088315774154824E-01   1.029651604926998E-02  -1.438088682339469E-01   6.502019053063241E-04   4.178654642760996E-01   3.259974232220227E-02   3.351370606051007E-02   4.182845746469430E-01  -3.154376464321093E-01  -6.340365881969837E-02  -2.060918712783065E-02   8.934074054167336E-03   1.086946176215976E-01   1.037198627130767E-02  -1.436485919884105E-01   6.420920930819990E-04   4.174502267844253E-01   3.305512354513149E-02   3.378054667449040E-02   4.169166369452144E-01
   0.000000000000000E+00   1.000000000000000E+00   0.000000000000000E+00   0.000000000000000E+00  -1.140906767539567E-02   4.787942503352513E-02   1.739619304681616E-02  -7.865327085194637E-05   1.340321551299712E-01   6.226040490804604E-03   9.764878572308079E-03   1.542608189653487E-01  -2.083512569848885E-01   3.466261712638597E-01   1.126698957120902E-01  -4.884235296247127E-02  -1.149228275560291E-02   4.778708340428205E-02   1.752428564865195E-02  -7.833146915089557E-05   1.365790642163340E-01   6.442641267504436E-03   1.004414412124183E-02   1.558238701526780E-01
   0.000000000000000E+00   0.000000000000000E+00   1.000000000000000E+00   0.000000000000000E+00   1.593475989501794E-01   1.739619304681616E-02  -1.938433154097889E-01   1.098530591317676E-03  -1.591515168232390E-01   4.636699888169941E-02   4.720899832548583E-02  -1.757012485247102E-01  -6.772401030879067E-02   1.126698957120902E-01   3.662304364810910E-02  -1.587607419990708E-02   1.591643291258343E-01   1.752428564865195E-02  -1.936531765830296E-01   1.084865035257236E-03  -1.573603994215188E-01   4.695656828269171E-02   4.752002788290018E-02  -1.738338742249798E-01
   0.000000000000000E+00   0.000000000000000E+00   0.000000000000000E+00   1.000000000000000E+00  -7.204570463265589E-04  -7.865327085194637E-05   1.098530591317676E-03   4.912000161555486E-02   3.873679292503220E-01   1.876878270613087E-02  -1.870476257744973E-02  -3.727364388713815E-01   2.935833032089201E-02  -4.884235296247127E-02  -1.587607419990708E-02   6.882271567124895E-03  -7.114455896695761E-04  -7.833146915089557E-05   1.084865035257236E-03   4.904755567480520E-02   3.868872841297491E-01   1.898385545784001E-02  -1.882179569722047E-02  -3.718567069357981E-01
   1.088315774154824E-01  -1.140906767539567E-02   1.593475989501794E-01  -7.204570463265589E-04   1.000000000000000E+00   0.000000000000000E+00   0.000000000000000E+00   0.000000000000000E+00   1.648027016554516E-02   4.105980546133445E-01   3.948943058300219E-01   1.522706659854360E-02   1.087673840310947E-01  -1.131389711674452E-02   1.592712270507803E-01  -7.323352194137291E-04  -2.208063525024765E+00  -4.348035089802184E-01   1.772615356767751E-01   3.505264002897097E-02   1.659353783892124E-02   4.120665559991163E-01   3.938608322393993E-01   1.526221084311874E-02
   1.029651604926998E-02   4.787942503352513E-02   1.739619304681616E-02  -7.865327085194637E-05   0.000000000000000E+00   1.000000000000000E+00   0.000000000000000E+00   0.000000000000000E+00   4.939200679185161E-03   1.580751340856682E-01   2.053121071830896E-01   5.035309216595791E-03   1.021079665078237E-02   4.786540451472511E-02   1.725266915106496E-02  -7.932843541281513E-05  -1.428811196765248E+00   2.328738643569920E+00  -9.493846752001134E-01  -1.877363813968765E-01   5.049020781409021E-03   1.609227733330382E-01   2.077952574455037E-01   5.102489128397661E-03
  -1.438088682339469E-01   1.739619304681616E-02  -1.938433154097889E-01   1.098530591317676E-03   0.000000000000000E+00   0.000000000000000E+00   1.000000000000000E+00   0.000000000000000E+00  -2.293626944933130E-02   1.483486059686380E-01   1.320601817649581E-01  -2.148719996021172E-02  -1.437423458031282E-01   1.725266915106496E-02  -1.937832516196762E-01   1.116744930402299E-03   5.825005127598950E-01  -9.493846752001134E-01   3.870469809884283E-01   7.653673114750580E-02  -2.306107141381091E-02   1.470568277963353E-01   1.300805949530311E-01  -2.151180441471258E-02
   6.502019053063241E-04  -7.865327085194637E-05   1.098530591317676E-03   4.912000161555486E-02   0.000000000000000E+00   0.000000000000000E+00   0.000000000000000E+00   1.000000000000000E+00   1.049841595048015E-02   3.347206413597316E-01  -3.027149568227764E-01  -9.122044520845855E-03   6.609328269896212E-04  -7.932843541281513E-05   1.116744930402299E-03   4.908582012726239E-02   1.151867533613995E-01  -1.877363813968765E-01   7.653673114750580E-02   1.513478079530795E-02   1.057553875069665E-02   3.350137273195562E-01  -3.010178655274757E-01  -9.161194120491271E-03
   4.178654642760996E-01   1.340321551299712E-01  -1.591515168232390E-01   3.873679292503220E-01   1.648027016554516E-02   4.939200679185161E-03  -2.293626944933130E-02   1.049841595048015E-02   1.000000000000000E+00   1.674781369350038E-02   3.152052195285354E-03   8.331739100237746E-02   4.178285544412538E-01   1.343990633683969E-01  -1.590094277980119E-01   3.872704839446710E-01   1.645151857064105E-02   4.941639017530787E-03  -2.289839620617726E-02   1.047797712360480E-02   3.201545385051278-321   1.698788073842269E-02   3.194040674437334E-03   8.297416269362833E-02
   3.259974232220227E-02   6.226040490804604E-03   4.636699888169941E-02   1.876878270613087E-02   4.105980546133445E-01   1.580751340856682E-01   1.483486059686380E-01   3.347206413597316E-01   1.674781369350038E-02   1.000000000000000E+00   1.317793739625067E-01   2.715270724537954E-03   3.256833169504675E-02   6.240430904247591E-03   4.632544265753673E-02   1.874627130402677E-02   4.104732197524379E-01   1.584334242607478E-01   1.481217139314833E-01   3.345597822131539E-01   1.693155068520140E-02   3.201545385051278-321   1.320864942377415E-01   2.725183154231437E-03
   3.351370606051007E-02   9.764878572308079E-03   4.720899832548583E-02  -1.870476257744973E-02   3.948943058300219E-01   2.053121071830896E-01   1.320601817649581E-01  -3.027149568227764E-01   3.152052195285354E-03   1.317793739625067E-01   1.000000000000000E+00   1.603526397852313E-02   3.346706732188253E-02   9.771674342811216E-03   4.714486978471641E-02  -1.867961475499175E-02   3.945821450375959E-01   2.055090295011107E-01   1.317683086382279E-01  -3.024502005197899E-01   3.185583616278915E-03   1.327986245104177E-01   3.201545385051278-321   1.616775143024439E-02
   4.182845746469430E-01   1.542608189653487E-01  -1.757012485247102E-01  -3.727364388713815E-01   1.522706659854360E-02   5.035309216595791E-03  -2.148719996021172E-02  -9.122044520845855E-03   8.331739100237746E-02   2.715270724537954E-03   1.603526397852313E-02   1.000000000000000E+00   4.180866005607460E-01   1.545500344366950E-01  -1.754709588235991E-01  -3.725653871752907E-01   1.519592147736509E-02   5.035015579665692E-03  -2.144475591200361E-02  -9.103038849912542E-03   8.332752403893340E-02   2.766666499186562E-03   1.621824352355171E-02   3.201545385051278-321
  -3.154376464321093E-01  -2.083512569848885E-01  -6.772401030879067E-02   2.935833032089201E-02   1.087673840310947E-01   1.021079665078237E-02  -1.437423458031282E-01   6.609328269896212E-04   4.178285544412538E-01   3.256833169504675E-02   3.346706732188253E-02   4.180866005607460E-01   1.000000000000000E+00   0.000000000000000E+00   0.000000000000000E+00   0.000000000000000E+00   1.086306448568896E-01   1.028634134403520E-02  -1.435823411894271E-01   6.528138891016403E-04   4.174090834294271E-01   3.302309885514963E-02   3.373325998863354E-02   4.167158052768962E-01
  -6.340365881969837E-02   3.466261712638597E-01   1.126698957120902E-01  -4.884235296247127E-02  -1.131389711674452E-02   4.786540451472511E-02   1.725266915106496E-02  -7.932843541281513E-05   1.343990633683969E-01   6.240430904247591E-03   9.771674342811216E-03   1.545500344366950E-01   0.000000000000000E+00   1.000000000000000E+00   0.000000000000000E+00   0.000000000000000E+00  -1.139719729167616E-02   4.777333879590320E-02   1.738089680152987E-02  -7.902427793757479E-05   1.369434194991404E-01   6.457083258251124E-03   1.005061359821080E-02   1.561089412077553E-01
  -2.060918712783065E-02   1.126698957120902E-01   3.662304364810910E-02  -1.587607419990708E-02   1.592712270507803E-01   1.725266915106496E-02  -1.937832516196762E-01   1.116744930402299E-03  -1.590094277980119E-01   4.632544265753673E-02   4.714486978471641E-02  -1.754709588235991E-01   0.000000000000000E+00   0.000000000000000E+00   1.000000000000000E+00   0.000000000000000E+00   1.590882720497692E-01   1.738089680152987E-02  -1.935934821927319E-01   1.103063806419426E-03  -1.572166231121018E-01   4.691422058980675E-02   4.745506121491998E-02  -1.736034406106441E-01
   8.934074054167336E-03  -4.884235296247127E-02  -1.587607419990708E-02   6.882271567124895E-03  -7.323352194137291E-04  -7.932843541281513E-05   1.116744930402299E-03   4.908582012726239E-02   3.872704839446710E-01   1.874627130402677E-02  -1.867961475499175E-02  -3.725653871752907E-01   0.000000000000000E+00   0.000000000000000E+00   0.000000000000000E+00   1.000000000000000E+00  -7.233134153332581E-04  -7.902427793757479E-05   1.103063806419426E-03   4.901350343256748E-02   3.867849269824414E-01   1.896096236647261E-02  -1.879632744112258E-02  -3.716821324400225E-01
   1.086946176215976E-01  -1.149228275560291E-02   1.591643291258343E-01  -7.114455896695761E-04  -2.208063525024765E+00  -1.428811196765248E+00   5.825005127598950E-01   1.151867533613995E-01   1.645151857064105E-02   4.104732197524379E-01   3.945821450375959E-01   1.519592147736509E-02   1.086306448568896E-01  -1.139719729167616E-02   1.590882720497692E-01  -7.233134153332581E-04   1.000000000000000E+00   0.000000000000000E+00   0.000000000000000E+00   0.000000000000000E+00   1.656446220862887E-02   4.119358953839568E-01   3.935429549735646E-01   1.523089581718083E-02
   1.037198627130767E-02   4.778708340428205E-02   1.752428564865195E-02  -7.833146915089557E-05  -4.348035089802184E-01   2.328738643569920E+00  -9.493846752001134E-01  -1.877363813968765E-01   4.941639017530787E-03   1.584334242607478E-01   2.055090295011107E-01   5.035015579665692E-03   1.028634134403520E-02   4.777333879590320E-02   1.738089680152987E-02  -7.902427793757479E-05   0.000000000000000E+00   1.000000000000000E+00   0.000000000000000E+00   0.000000000000000E+00   5.051298970042660E-03   1.612791796815860E-01   2.079842615220889E-01   5.102040461128956E-03
  -1.436485919884105E-01   1.752428564865195E-02  -1.936531765830296E-01   1.084865035257236E-03   1.772615356767751E-01  -9.493846752001134E-01   3.870469809884283E-01   7.653673114750580E-02  -2.289839620617726E-02   1.481217139314833E-01   1.317683086382279E-01  -2.144475591200361E-02  -1.435823411894271E-01   1.738089680152987E-02  -1.935934821927319E-01   1.103063806419426E-03   0.000000000000000E+00   0.000000000000000E+00   1.000000000000000E+00   0.000000000000000E+00  -2.302281340066726E-02   1.468272303477275E-01   1.297885750878080E-01  -2.146917038402187E-02
   6.420920930819990E-04  -7.833146915089557E-05   1.084865035257236E-03   4.904755567480520E-02   3.505264002897097E-02  -1.877363813968765E-01   7.653673114750580E-02   1.513478079530795E-02   1.047797712360480E-02   3.345597822131539E-01  -3.024502005197899E-01  -9.103038849912542E-03   6.528138891016403E-04  -7.902427793757479E-05   1.103063806419426E-03   4.901350343256748E-02   0.000000000000000E+00   0.000000000000000E+00   0.000000000000000E+00   1.000000000000000E+00   1.055486380060224E-02   3.348470565276844E-01  -3.007486097420778E-01  -9.142042668801380E-03
   4.174502267844253E-01   1.365790642163340E-01  -1.573603994215188E-01   3.868872841297491E-01   1.659353783892124E-02   5.049020781409021E-03  -2.306107141381091E-02   1.057553875069665E-02   3.201545385051278-321   1.693155068520140E-02   3.185583616278915E-03   8.332752403893340E-02   4.174090834294271E-01   1.369434194991404E-01  -1.572166231121018E-01   3.867849269824414E-01   1.656446220862887E-02   5.051298970042660E-03  -2.302281340066726E-02   1.055486380060224E-02   1.000000000000000E+00   1.717470916659029E-02   3.228204839321351E-03   8.298919528680479E-02
   3.305512354513149E-02   6.442641267504436E-03   4.695656828269171E-02   1.898385545784001E-02   4.120665559991163E-01   1.609227733330382E-01   1.470568277963353E-01   3.350137273195562E-01   1.698788073842269E-02   3.201545385051278-321   1.327986245104177E-01   2.766666499186562E-03   3.302309885514963E-02   6.457083258251124E-03   4.691422058980675E-02   1.896096236647261E-02   4.119358953839568E-01   1.612791796815860E-01   1.468272303477275E-01   3.348470565276844E-01   1.717470916659029E-02   1.000000000000000E+00   1.331187332709945E-01   2.776848814700979E-03
   3.378054667449040E-02   1.004414412124183E-02   4.752002788290018E-02  -1.882179569722047E-02   3.938608322393993E-01   2.077952574455037E-01   1.300805949530311E-01  -3.010178655274757E-01   3.194040674437334E-03   1.320864942377415E-01   3.201545385051278-321   1.621824352355171E-02   3.373325998863354E-02   1.005061359821080E-02   4.745506121491998E-02  -1.879632744112258E-02   3.935429549735646E-01   2.079842615220889E-01   1.297885750878080E-01  -3.007486097420778E-01   3.228204839321351E-03   1.331187332709945E-01   1.000000000000000E+00   1.635290619491543E-02
   4.169166369452144E-01   1.558238701526780E-01  -1.738338742249798E-01  -3.718567069357981E-01   1.526221084311874E-02   5.102489128397661E-03  -2.151180441471258E-02  -9.161194120491271E-03   8.297416269362833E-02   2.725183154231437E-03   1.616775143024439E-02   3.201545385051278-321   4.167158052768962E-01   1.561089412077553E-01  -1.736034406106441E-01  -3.716821324400225E-01   1.523089581718083E-02   5.102040461128956E-03  -2.146917038402187E-02  -9.142042668801380E-03   8.298919528680479E-02   2.776848814700979E-03   1.635290619491543E-02   1.000000000000000E+00
