#     Density Matrix: population Re; see the manual for detail orders
        0     0.00000000     0.00000000     1.00000000
        1     0.00000001     0.00000011     0.99999988
        2     0.00000001     0.00000087     0.99999912
        3     0.00000000     0.00000202     0.99999798
        4     0.00000003     0.00000328     0.99999669
        5     0.00000003     0.00000487     0.99999510
        6     0.00000009     0.00000894     0.99999097
        7     0.00000010     0.00002082     0.99997908
        8     0.00000019     0.00005034     0.99994948
        9     0.00000022     0.00011754     0.99988224
       10     0.00000029     0.00027913     0.99972058
       11     0.00000037     0.00075135     0.99924828
       12     0.00000036     0.00269235     0.99730729
       13     0.00000052     0.01842514     0.98157434
       14     0.00000031     0.24590648     0.75409321
       15     0.00000042     0.45022513     0.54977445
       16     0.00000105     0.15363395     0.84636499
       17     0.00000019     0.15615345     0.84384636
       18     0.00000055     0.16514698     0.83485247
       19     0.00000071     0.17379968     0.82619961
       20     0.00000005     0.18055319     0.81944677
       21     0.00000087     0.18523531     0.81476382
       22     0.00000028     0.18811812     0.81188159
       23     0.00000029     0.18961758     0.81038213
       24     0.00000091     0.19017959     0.80981951
       25     0.00000011     0.19023577     0.80976412
       26     0.00000046     0.19017875     0.80982078
       27     0.00000084     0.19034774     0.80965142
       28     0.00000006     0.19102530     0.80897464
       29     0.00000045     0.19244132     0.80755822
       30     0.00000076     0.19478450     0.80521473
       31     0.00000007     0.19821985     0.80178008
       32     0.00000032     0.20291328     0.79708640
       33     0.00000069     0.20906641     0.79093290
       34     0.00000013     0.21696649     0.78303338
       35     0.00000015     0.22706643     0.77293342
       36     0.00000059     0.24012725     0.75987217
       37     0.00000025     0.25750743     0.74249232
       38     0.00000003     0.28181289     0.71818708
       39     0.00000041     0.31853344     0.68146614
       40     0.00000036     0.38769144     0.61230820
       41     0.00000002     0.51387184     0.48612814
       42     0.00000017     0.68421632     0.31578351
       43     0.00000040     0.82686517     0.17313443
       44     0.00000019     0.89961490     0.10038491
       45     0.00000001     0.92715849     0.07284150
       46     0.00000029     0.93646097     0.06353874
       47     0.00000044     0.93909739     0.06090216
       48     0.00000012     0.93919831     0.06080156
       49     0.00000005     0.93825515     0.06174480
       50     0.00000047     0.93683127     0.06316827
       51     0.00000052     0.93514613     0.06485336
       52     0.00000008     0.93328871     0.06671120
       53     0.00000018     0.93129624     0.06870358
       54     0.00000077     0.92919279     0.07080644
       55     0.00000066     0.92700089     0.07299844
       56     0.00000012     0.92474718     0.07525270
       57     0.00000049     0.92246306     0.07753645
       58     0.00000127     0.92018649     0.07981224
       59     0.00000094     0.91795850     0.08204056
       60     0.00000032     0.91581796     0.08418171
       61     0.00000106     0.91379850     0.08620044
       62     0.00000202     0.91192737     0.08807061
       63     0.00000143     0.91022180     0.08977677
       64     0.00000075     0.90868365     0.09131560
       65     0.00000183     0.90730201     0.09269616
       66     0.00000291     0.90606013     0.09393696
       67     0.00000204     0.90494039     0.09505757
       68     0.00000122     0.90393205     0.09606674
       69     0.00000239     0.90304709     0.09695052
       70     0.00000346     0.90233965     0.09765689
       71     0.00000244     0.90191760     0.09807996
       72     0.00000131     0.90194535     0.09805334
       73     0.00000207     0.90263938     0.09735854
       74     0.00000312     0.90425078     0.09574609
       75     0.00000250     0.90702034     0.09297716
       76     0.00000122     0.91110951     0.08888926
       77     0.00000126     0.91652098     0.08347776
       78     0.00000257     0.92302624     0.07697119
       79     0.00000343     0.93010697     0.06988960
       80     0.00000283     0.93693853     0.06305864
       81     0.00000216     0.94244710     0.05755074
       82     0.00000358     0.94546026     0.05453616
       83     0.00000616     0.94494037     0.05505347
       84     0.00000661     0.94026794     0.05972545
       85     0.00000494     0.93151199     0.06848307
       86     0.00000484     0.91962495     0.08037022
       87     0.00000695     0.90645546     0.09353759
       88     0.00000747     0.89450659     0.10548593
       89     0.00000505     0.88643222     0.11356273
       90     0.00000287     0.88435246     0.11564467
       91     0.00000292     0.88913692     0.11086016
       92     0.00000374     0.89990049     0.10009577
       93     0.00000385     0.91394505     0.08605110
       94     0.00000316     0.92730471     0.07269213
       95     0.00000258     0.93587182     0.06412560
       96     0.00000378     0.93682990     0.06316631
       97     0.00000653     0.92988947     0.07010400
       98     0.00000750     0.91773748     0.08225502
       99     0.00000545     0.90530929     0.09468526
      100     0.00000348     0.89790933     0.10208720
      101     0.00000356     0.89881519     0.10118125
      102     0.00000443     0.90746357     0.09253201
      103     0.00000499     0.91935031     0.08064471
      104     0.00000487     0.92807634     0.07191879
      105     0.00000440     0.92883225     0.07116335
      106     0.00000539     0.92144392     0.07855069
      107     0.00000776     0.91087343     0.08911881
      108     0.00000837     0.90430664     0.09568500
      109     0.00000650     0.90624342     0.09375008
      110     0.00000470     0.91496595     0.08502935
      111     0.00000493     0.92346177     0.07653330
      112     0.00000790     0.92483487     0.07515723
      113     0.00001171     0.91823359     0.08175470
      114     0.00001251     0.90994276     0.09004473
      115     0.00001017     0.90782896     0.09216087
      116     0.00000843     0.91368585     0.08630572
      117     0.00000998     0.92115429     0.07883573
      118     0.00001511     0.92222241     0.07776248
      119     0.00002064     0.91607138     0.08390798
      120     0.00002232     0.91019586     0.08978182
