#     Density Matrix: population Re; see the manual for detail orders
        0     0.00000000     0.00000000     1.00000000
        1     0.00000008     0.00000157     0.99999834
        2     0.00000009     0.00001121     0.99998871
        3     0.00000016     0.00002080     0.99997904
        4     0.00000015     0.00002399     0.99997586
        5     0.00000020     0.00002615     0.99997365
        6     0.00000021     0.00004659     0.99995320
        7     0.00000024     0.00011796     0.99988180
        8     0.00000026     0.00030016     0.99969959
        9     0.00000028     0.00074900     0.99925072
       10     0.00000030     0.00197187     0.99802782
       11     0.00000032     0.00593081     0.99406887
       12     0.00000032     0.02227087     0.97772881
       13     0.00000017     0.53439931     0.46560052
       14     0.00000004     0.84702527     0.15297469
       15     0.00000062     0.29197968     0.70801970
       16     0.00000099     0.10102879     0.89897023
       17     0.00000002     0.05859562     0.94140436
       18     0.00000050     0.04112892     0.95887058
       19     0.00000026     0.03576277     0.96423697
       20     0.00000015     0.03564227     0.96435758
       21     0.00000031     0.03719512     0.96280457
       22     0.00000018     0.03872763     0.96127219
       23     0.00000022     0.03959065     0.96040912
       24     0.00000027     0.03968296     0.96031677
       25     0.00000022     0.03914479     0.96085499
       26     0.00000023     0.03819307     0.96180669
       27     0.00000023     0.03704128     0.96295848
       28     0.00000023     0.03585635     0.96414343
       29     0.00000024     0.03475755     0.96524221
       30     0.00000024     0.03382973     0.96617003
       31     0.00000024     0.03314081     0.96685895
       32     0.00000025     0.03279070     0.96720905
       33     0.00000025     0.03295790     0.96704184
       34     0.00000025     0.03405864     0.96594110
       35     0.00000026     0.03726795     0.96273179
       36     0.00000025     0.05146566     0.94853409
       37     0.00000028     0.10522864     0.89477108
       38     0.00000029     0.38314473     0.61685499
       39     0.00000019     0.75873569     0.24126413
       40     0.00000027     0.88502418     0.11497555
       41     0.00000034     0.91247141     0.08752824
       42     0.00000025     0.92035066     0.07964909
       43     0.00000022     0.92174011     0.07825967
       44     0.00000030     0.92007451     0.07992519
       45     0.00000029     0.91664724     0.08335247
       46     0.00000023     0.91209479     0.08790498
       47     0.00000024     0.90681663     0.09318312
       48     0.00000028     0.90112258     0.09887713
       49     0.00000026     0.89527364     0.10472610
       50     0.00000022     0.88951680     0.11048297
       51     0.00000025     0.88408147     0.11591829
       52     0.00000028     0.87916889     0.12083084
       53     0.00000027     0.87497025     0.12502948
       54     0.00000026     0.87162299     0.12837675
       55     0.00000029     0.86922901     0.13077070
       56     0.00000035     0.86784177     0.13215788
       57     0.00000038     0.86744658     0.13255305
       58     0.00000041     0.86798482     0.13201477
       59     0.00000050     0.86931985     0.13067965
       60     0.00000062     0.87128512     0.12871426
       61     0.00000074     0.87366919     0.12633008
       62     0.00000087     0.87622259     0.12377654
       63     0.00000106     0.87869743     0.12130151
       64     0.00000130     0.88086015     0.11913855
       65     0.00000153     0.88249323     0.11750524
       66     0.00000178     0.88343915     0.11655906
       67     0.00000208     0.88359806     0.11639986
       68     0.00000241     0.88297267     0.11702492
       69     0.00000271     0.88166167     0.11833562
       70     0.00000297     0.87989756     0.12009948
       71     0.00000320     0.87803861     0.12195819
       72     0.00000340     0.87655254     0.12344407
       73     0.00000350     0.87599374     0.12400277
       74     0.00000348     0.87695868     0.12303784
       75     0.00000339     0.87999673     0.11999988
       76     0.00000324     0.88552203     0.11447473
       77     0.00000304     0.89371906     0.10627790
       78     0.00000284     0.90444494     0.09555222
       79     0.00000270     0.91715848     0.08283882
       80     0.00000269     0.93095007     0.06904723
       81     0.00000288     0.94461223     0.05538489
       82     0.00000326     0.95679750     0.04319924
       83     0.00000383     0.96628679     0.03370938
       84     0.00000452     0.97223564     0.02775985
       85     0.00000523     0.97440757     0.02558720
       86     0.00000585     0.97329727     0.02669688
       87     0.00000624     0.97009041     0.02990334
       88     0.00000633     0.96643301     0.03356066
       89     0.00000611     0.96404760     0.03594629
       90     0.00000566     0.96426375     0.03573059
       91     0.00000510     0.96762614     0.03236877
       92     0.00000459     0.97368930     0.02630612
       93     0.00000427     0.98114223     0.01885349
       94     0.00000424     0.98824601     0.01174975
       95     0.00000447     0.99344191     0.00655362
       96     0.00000485     0.99592252     0.00407263
       97     0.00000523     0.99589442     0.00410035
       98     0.00000546     0.99442618     0.00556836
       99     0.00000550     0.99293479     0.00705971
      100     0.00000537     0.99254406     0.00745057
      101     0.00000519     0.99362244     0.00637238
      102     0.00000510     0.99571631     0.00427859
      103     0.00000520     0.99789739     0.00209740
      104     0.00000550     0.99931827     0.00067623
      105     0.00000591     0.99966030     0.00033379
      106     0.00000633     0.99922531     0.00076836
      107     0.00000668     0.99865440     0.00133892
      108     0.00000698     0.99848384     0.00150918
      109     0.00000730     0.99883682     0.00115588
      110     0.00000775     0.99943603     0.00055622
      111     0.00000839     0.99988440     0.00010721
      112     0.00000918     0.99997744     0.00001338
      113     0.00001007     0.99981192     0.00017801
      114     0.00001103     0.99964269     0.00034628
      115     0.00001211     0.99964487     0.00034302
      116     0.00001340     0.99979347     0.00019312
      117     0.00001499     0.99993919     0.00004582
      118     0.00001691     0.99997435     0.00000874
      119     0.00001920     0.99992005     0.00006075
      120     0.00002191     0.99987073     0.00010736
