#     Density Matrix: population Re; see the manual for detail orders
        0     0.00000000     0.00000000     1.00000000
        1     0.00000000     0.00000195     0.99999805
        2     0.00000001     0.00001447     0.99998552
        3     0.00000002     0.00002672     0.99997326
        4     0.00000007     0.00002682     0.99997311
        5     0.00000009     0.00002034     0.99997957
        6     0.00000014     0.00002959     0.99997027
        7     0.00000017     0.00007269     0.99992713
        8     0.00000022     0.00015286     0.99984692
        9     0.00000025     0.00027939     0.99972036
       10     0.00000028     0.00050898     0.99949075
       11     0.00000030     0.00100830     0.99899139
       12     0.00000033     0.00221257     0.99778711
       13     0.00000034     0.00535921     0.99464045
       14     0.00000034     0.01446123     0.98553843
       15     0.00000033     0.04387709     0.95612258
       16     0.00000016     0.56820721     0.43179263
       17     0.00000005     0.82410555     0.17589440
       18     0.00000022     0.63767040     0.36232938
       19     0.00000045     0.56180903     0.43819052
       20     0.00000034     0.58960881     0.41039085
       21     0.00000024     0.64367553     0.35632423
       22     0.00000016     0.69764480     0.30235504
       23     0.00000010     0.74337700     0.25662290
       24     0.00000006     0.77934488     0.22065506
       25     0.00000003     0.80624453     0.19375544
       26     0.00000000     0.82555453     0.17444546
       27     0.00000000     0.83881729     0.16118271
       28     0.00000000     0.84744237     0.15255763
       29     0.00000000     0.85270216     0.14729784
       30     0.00000001     0.85574815     0.14425184
       31     0.00000001     0.85765204     0.14234796
       32     0.00000000     0.85947543     0.14052456
       33     0.00000002     0.86224583     0.13775415
       34     0.00000002     0.86693807     0.13306192
       35     0.00000001     0.87436891     0.12563108
       36     0.00000001     0.88506161     0.11493838
       37     0.00000002     0.89903142     0.10096856
       38     0.00000001     0.91558111     0.08441887
       39     0.00000001     0.93311866     0.06688133
       40     0.00000002     0.94908083     0.05091915
       41     0.00000002     0.96006283     0.03993715
       42     0.00000002     0.96222978     0.03777019
       43     0.00000004     0.95216734     0.04783262
       44     0.00000005     0.92812812     0.07187183
       45     0.00000005     0.89169694     0.10830301
       46     0.00000006     0.84942574     0.15057420
       47     0.00000006     0.81355293     0.18644701
       48     0.00000006     0.79959944     0.20040050
       49     0.00000003     0.81873914     0.18126082
       50     0.00000004     0.86732631     0.13267365
       51     0.00000002     0.92499277     0.07500721
       52     0.00000001     0.96870928     0.03129071
       53     0.00000001     0.98887190     0.01112809
       54     0.00000001     0.99083240     0.00916759
       55     0.00000001     0.98564911     0.01435088
       56     0.00000001     0.98189274     0.01810726
       57     0.00000001     0.98286911     0.01713089
       58     0.00000001     0.98765924     0.01234076
       59     0.00000000     0.99349876     0.00650124
       60     0.00000000     0.99791095     0.00208905
       61     0.00000000     0.99984935     0.00015064
       62     0.00000000     0.99974091     0.00025909
       63     0.00000000     0.99879657     0.00120343
       64     0.00000000     0.99814366     0.00185634
       65     0.00000000     0.99826016     0.00173984
       66     0.00000000     0.99893022     0.00106978
       67     0.00000000     0.99961593     0.00038407
       68     0.00000000     0.99992126     0.00007874
       69     0.00000000     0.99983035     0.00016965
       70     0.00000000     0.99961094     0.00038906
       71     0.00000000     0.99952973     0.00047026
       72     0.00000000     0.99964305     0.00035695
       73     0.00000000     0.99981659     0.00018341
       74     0.00000001     0.99990406     0.00009593
       75     0.00000002     0.99988514     0.00011484
       76     0.00000002     0.99984108     0.00015890
       77     0.00000002     0.99983682     0.00016315
       78     0.00000003     0.99986133     0.00013864
       79     0.00000004     0.99987695     0.00012301
       80     0.00000005     0.99988481     0.00011514
       81     0.00000006     0.99991053     0.00008941
       82     0.00000008     0.99994359     0.00005633
       83     0.00000010     0.99993924     0.00006066
       84     0.00000010     0.99988905     0.00011085
       85     0.00000012     0.99985350     0.00014638
       86     0.00000015     0.99989065     0.00010920
       87     0.00000016     0.99996871     0.00003113
       88     0.00000018     0.99999259     0.00000723
       89     0.00000021     0.99992411     0.00007569
       90     0.00000023     0.99983893     0.00016084
       91     0.00000025     0.99983825     0.00016150
       92     0.00000028     0.99992202     0.00007770
       93     0.00000031     0.99998806     0.00001163
       94     0.00000034     0.99995709     0.00004257
       95     0.00000036     0.99986350     0.00013614
       96     0.00000039     0.99980942     0.00019018
       97     0.00000043     0.99984576     0.00015382
       98     0.00000046     0.99992173     0.00007781
       99     0.00000049     0.99995108     0.00004843
      100     0.00000051     0.99990707     0.00009242
      101     0.00000054     0.99984180     0.00015765
      102     0.00000057     0.99982211     0.00017732
      103     0.00000059     0.99986134     0.00013807
      104     0.00000061     0.99991559     0.00008380
      105     0.00000063     0.99993528     0.00006410
      106     0.00000065     0.99991246     0.00008689
      107     0.00000065     0.99988190     0.00011745
      108     0.00000064     0.99987869     0.00012068
      109     0.00000063     0.99990808     0.00009129
      110     0.00000064     0.99994501     0.00005435
      111     0.00000064     0.99996298     0.00003638
      112     0.00000062     0.99995785     0.00004153
      113     0.00000059     0.99994631     0.00005310
      114     0.00000058     0.99994634     0.00005308
      115     0.00000057     0.99996103     0.00003839
      116     0.00000056     0.99997938     0.00002007
      117     0.00000053     0.99998936     0.00001011
      118     0.00000051     0.99998876     0.00001073
      119     0.00000049     0.99998454     0.00001497
      120     0.00000048     0.99998426     0.00001525
