#     Density Matrix: population Re; see the manual for detail orders
        0     0.00000000     0.00000000     1.00000000
        1     0.00000002     0.00000127     0.99999871
        2     0.00000004     0.00001868     0.99998127
        3     0.00000009     0.00008295     0.99991696
        4     0.00000014     0.00022139     0.99977847
        5     0.00000020     0.00045324     0.99954655
        6     0.00000028     0.00083187     0.99916785
        7     0.00000032     0.00158100     0.99841868
        8     0.00000044     0.00348808     0.99651148
        9     0.00000042     0.00932211     0.99067747
       10     0.00000057     0.03050844     0.96949099
       11     0.00000043     0.12309314     0.87690643
       12     0.00000039     0.42694048     0.57305912
       13     0.00000026     0.61062982     0.38936992
       14     0.00000079     0.40158302     0.59841619
       15     0.00000067     0.30180201     0.69819731
       16     0.00000006     0.26172303     0.73827691
       17     0.00000085     0.23480070     0.76519845
       18     0.00000027     0.21907785     0.78092189
       19     0.00000030     0.21176978     0.78822992
       20     0.00000078     0.21020205     0.78979716
       21     0.00000005     0.21214152     0.78785842
       22     0.00000057     0.21587190     0.78412754
       23     0.00000068     0.22016930     0.77983002
       24     0.00000003     0.22422781     0.77577216
       25     0.00000068     0.22756327     0.77243605
       26     0.00000059     0.22991845     0.77008096
       27     0.00000003     0.23118058     0.76881939
       28     0.00000069     0.23131499     0.76868432
       29     0.00000060     0.23031369     0.76968570
       30     0.00000003     0.22815277     0.77184720
       31     0.00000062     0.22475063     0.77524875
       32     0.00000070     0.21991774     0.78008156
       33     0.00000005     0.21327812     0.78672183
       34     0.00000045     0.20415789     0.79584166
       35     0.00000083     0.19164092     0.80835825
       36     0.00000019     0.17767105     0.82232876
       37     0.00000019     0.20346828     0.79653153
       38     0.00000080     0.37590633     0.62409287
       39     0.00000055     0.56502858     0.43497087
       40     0.00000007     0.65201737     0.34798256
       41     0.00000073     0.69504269     0.30495658
       42     0.00000097     0.71805132     0.28194771
       43     0.00000021     0.73204482     0.26795497
       44     0.00000031     0.74148626     0.25851343
       45     0.00000104     0.74841743     0.25158152
       46     0.00000068     0.75388287     0.24611645
       47     0.00000008     0.75845868     0.24154123
       48     0.00000067     0.76248094     0.23751839
       49     0.00000113     0.76614998     0.23384889
       50     0.00000044     0.76957834     0.23042123
       51     0.00000018     0.77281722     0.22718261
       52     0.00000099     0.77587657     0.22412243
       53     0.00000113     0.77873846     0.22126040
       54     0.00000031     0.78136343     0.21863626
       55     0.00000036     0.78369906     0.21630058
       56     0.00000124     0.78569347     0.21430529
       57     0.00000112     0.78730522     0.21269367
       58     0.00000026     0.78850975     0.21148999
       59     0.00000050     0.78930961     0.21068989
       60     0.00000134     0.78974553     0.21025313
       61     0.00000106     0.78990142     0.21009752
       62     0.00000023     0.78990217     0.21009760
       63     0.00000045     0.78990814     0.21009141
       64     0.00000117     0.79010557     0.20989327
       65     0.00000095     0.79068751     0.20931154
       66     0.00000021     0.79182684     0.20817295
       67     0.00000019     0.79364748     0.20635233
       68     0.00000077     0.79619971     0.20379952
       69     0.00000096     0.79943956     0.20055949
       70     0.00000050     0.80321369     0.19678582
       71     0.00000009     0.80726129     0.19273861
       72     0.00000050     0.81123558     0.18876392
       73     0.00000144     0.81474157     0.18525699
       74     0.00000166     0.81738436     0.18261398
       75     0.00000092     0.81882222     0.18117686
       76     0.00000089     0.81882177     0.18117734
       77     0.00000248     0.81730112     0.18269640
       78     0.00000372     0.81435049     0.18564580
       79     0.00000293     0.81022781     0.18976926
       80     0.00000195     0.80532866     0.19466939
       81     0.00000311     0.80014064     0.19985625
       82     0.00000497     0.79518375     0.20481127
       83     0.00000464     0.79094550     0.20904986
       84     0.00000271     0.78782047     0.21217683
       85     0.00000209     0.78607031     0.21392760
       86     0.00000316     0.78580132     0.21419552
       87     0.00000363     0.78696217     0.21303420
       88     0.00000253     0.78935647     0.21064101
       89     0.00000115     0.79266296     0.20733589
       90     0.00000070     0.79646626     0.20353304
       91     0.00000142     0.80029196     0.19970662
       92     0.00000308     0.80364462     0.19635230
       93     0.00000466     0.80604694     0.19394840
       94     0.00000484     0.80708907     0.19290609
       95     0.00000436     0.80649224     0.19350341
       96     0.00000575     0.80418450     0.19580975
       97     0.00000916     0.80037394     0.19961690
       98     0.00001107     0.79559096     0.20439797
       99     0.00000922     0.79067322     0.20931755
      100     0.00000606     0.78666605     0.21332788
      101     0.00000481     0.78462751     0.21536768
      102     0.00000499     0.78535489     0.21464012
      103     0.00000451     0.78909127     0.21090422
      104     0.00000342     0.79530349     0.20469309
      105     0.00000290     0.80264378     0.19735332
      106     0.00000304     0.80917441     0.19082255
      107     0.00000419     0.81286043     0.18713538
      108     0.00000777     0.81223598     0.18775625
      109     0.00001290     0.80702528     0.19296182
      110     0.00001541     0.79847959     0.20150500
      111     0.00001312     0.78919866     0.21078822
      112     0.00000898     0.78238352     0.21760750
      113     0.00000645     0.78069210     0.21930144
      114     0.00000536     0.78508590     0.21490875
      115     0.00000488     0.79419054     0.20580458
      116     0.00000638     0.80456355     0.19543006
      117     0.00001015     0.81193756     0.18805229
      118     0.00001371     0.81304195     0.18694433
      119     0.00001604     0.80722354     0.19276042
      120     0.00001881     0.79702720     0.20295399
