#     Density Matrix: population Re; see the manual for detail orders
        0     0.00000000     0.00000000     1.00000000
        1     0.00000006     0.00000132     0.99999862
        2     0.00000003     0.00000760     0.99999237
        3     0.00000005     0.00001044     0.99998952
        4     0.00000000     0.00000768     0.99999232
        5     0.00000015     0.00000141     0.99999843
        6     0.00000003     0.00000322     0.99999675
        7     0.00000037     0.00003350     0.99996613
        8     0.00000016     0.00010077     0.99989907
        9     0.00000063     0.00019059     0.99980877
       10     0.00000037     0.00029850     0.99970113
       11     0.00000092     0.00051079     0.99948829
       12     0.00000054     0.00114679     0.99885267
       13     0.00000116     0.00311365     0.99688518
       14     0.00000060     0.00924458     0.99075482
       15     0.00000122     0.03055594     0.96944284
       16     0.00000052     0.11699874     0.88300074
       17     0.00000065     0.38644329     0.61355606
       18     0.00000016     0.59365073     0.40634911
       19     0.00000102     0.43597047     0.56402851
       20     0.00000105     0.31348596     0.68651299
       21     0.00000081     0.24587371     0.75412548
       22     0.00000103     0.20591918     0.79407978
       23     0.00000053     0.18012011     0.81987936
       24     0.00000044     0.16104101     0.83895856
       25     0.00000051     0.14442748     0.85557200
       26     0.00000018     0.12802592     0.87197390
       27     0.00000016     0.11113672     0.88886312
       28     0.00000020     0.09393807     0.90606173
       29     0.00000003     0.07712344     0.92287653
       30     0.00000004     0.06151774     0.93848223
       31     0.00000006     0.04775460     0.95224534
       32     0.00000001     0.03608444     0.96391554
       33     0.00000001     0.02652716     0.97347283
       34     0.00000001     0.01891820     0.98108179
       35     0.00000003     0.01303792     0.98696204
       36     0.00000000     1.00000000     0.00000000
       37     0.00000018     0.99979546     0.00020435
       38     0.00000029     0.99908657     0.00091313
       39     0.00000007     0.99770750     0.00229243
       40     0.00000005     0.99547077     0.00452918
       41     0.00000030     0.99218960     0.00781011
       42     0.00000022     0.98771294     0.01228684
       43     0.00000000     0.98197885     0.01802115
       44     0.00000017     0.97507906     0.02492077
       45     0.00000032     0.96733612     0.03266356
       46     0.00000009     0.95936375     0.04063617
       47     0.00000003     0.95203130     0.04796867
       48     0.00000021     0.94628229     0.05371750
       49     0.00000016     0.94268224     0.05731760
       50     0.00000000     0.94084157     0.05915842
       51     0.00000009     0.93931135     0.06068857
       52     0.00000019     0.93670390     0.06329592
       53     0.00000007     0.93357878     0.06642115
       54     0.00000001     0.93306189     0.06693809
       55     0.00000015     0.93840503     0.06159482
       56     0.00000014     0.94999797     0.05000190
       57     0.00000002     0.96516076     0.03483922
       58     0.00000007     0.98006769     0.01993225
       59     0.00000000     1.00000000     0.00000000
       60     0.00000001     0.99606539     0.00393461
       61     0.00000001     0.98849746     0.01150253
       62     0.00000000     0.98296554     0.01703446
       63     0.00000001     0.98242004     0.01757994
       64     0.00000001     0.98627563     0.01372437
       65     0.00000000     1.00000000     0.00000000
       66     0.00000000     0.99948182     0.00051818
       67     0.00000001     0.99854129     0.00145870
       68     0.00000000     0.99804256     0.00195744
       69     0.00000000     0.99829885     0.00170115
       70     0.00000001     0.99899684     0.00100315
       71     0.00000000     0.99952972     0.00047028
       72     0.00000000     0.99957542     0.00042458
       73     0.00000000     0.99925282     0.00074718
       74     0.00000000     0.99896686     0.00103314
       75     0.00000000     0.99894908     0.00105091
       76     0.00000000     0.99909961     0.00090039
       77     0.00000000     0.99921460     0.00078540
       78     0.00000001     0.99922439     0.00077560
       79     0.00000002     0.99921279     0.00078718
       80     0.00000001     0.99923581     0.00076417
       81     0.00000003     0.99922298     0.00077699
       82     0.00000006     0.99910739     0.00089255
       83     0.00000006     0.99898698     0.00101296
       84     0.00000006     0.99904369     0.00095625
       85     0.00000012     0.99927942     0.00072046
       86     0.00000015     0.99943370     0.00056615
       87     0.00000013     0.99926661     0.00073326
       88     0.00000017     0.99889815     0.00110168
       89     0.00000026     0.99874065     0.00125909
       90     0.00000026     0.99902504     0.00097470
       91     0.00000025     0.99947062     0.00052912
       92     0.00000035     0.99955192     0.00044773
       93     0.00000042     0.99910976     0.00088982
       94     0.00000040     0.99858769     0.00141191
       95     0.00000042     0.99856796     0.00143162
       96     0.00000055     0.99910603     0.00089342
       97     0.00000060     0.99963255     0.00036686
       98     0.00000054     0.99956149     0.00043797
       99     0.00000058     0.99893680     0.00106262
      100     0.00000071     0.99839846     0.00160082
      101     0.00000075     0.99850401     0.00149524
      102     0.00000069     0.99914395     0.00085537
      103     0.00000071     0.99966672     0.00033257
      104     0.00000083     0.99955842     0.00044076
      105     0.00000084     0.99895250     0.00104666
      106     0.00000077     0.99846348     0.00153575
      107     0.00000078     0.99855646     0.00144277
      108     0.00000089     0.99910905     0.00089006
      109     0.00000093     0.99957563     0.00042344
      110     0.00000083     0.99954159     0.00045758
      111     0.00000077     0.99909935     0.00089988
      112     0.00000084     0.99870790     0.00129126
      113     0.00000094     0.99872453     0.00127453
      114     0.00000092     0.99908699     0.00091209
      115     0.00000082     0.99942567     0.00057351
      116     0.00000080     0.99944634     0.00055286
      117     0.00000088     0.99919754     0.00080158
      118     0.00000096     0.99896676     0.00103228
      119     0.00000094     0.99895756     0.00104150
      120     0.00000088     0.99913311     0.00086601
