#     Density Matrix: population Re; see the manual for detail orders
        0     0.00000000     0.00000000     1.00000000
        1     0.00000001     0.00000046     0.99999954
        2     0.00000002     0.00000514     0.99999484
        3     0.00000007     0.00001648     0.99998344
        4     0.00000012     0.00003089     0.99996899
        5     0.00000023     0.00004398     0.99995579
        6     0.00000031     0.00006266     0.99993703
        7     0.00000049     0.00011309     0.99988641
        8     0.00000061     0.00023981     0.99975959
        9     0.00000082     0.00050817     0.99949102
       10     0.00000092     0.00104166     0.99895742
       11     0.00000111     0.00215636     0.99784253
       12     0.00000114     0.00477140     0.99522746
       13     0.00000126     0.01175866     0.98824009
       14     0.00000116     0.03287486     0.96712397
       15     0.00000112     0.10124236     0.89875652
       16     0.00000077     0.27928357     0.72071566
       17     0.00000099     0.50455532     0.49544369
       18     0.00000081     0.50510954     0.49488965
       19     0.00000168     0.40883687     0.59116146
       20     0.00000191     0.33081190     0.66918618
       21     0.00000095     0.27426472     0.72573434
       22     0.00000173     0.23188811     0.76811016
       23     0.00000122     0.19773423     0.80226456
       24     0.00000053     0.16777278     0.83222670
       25     0.00000127     0.13989801     0.86010073
       26     0.00000073     0.11347603     0.88652324
       27     0.00000023     0.08880727     0.91119250
       28     0.00000076     0.06678214     0.93321710
       29     0.00000041     0.04819035     0.95180924
       30     0.00000006     0.03337561     0.96662434
       31     0.00000039     0.02210272     0.97789689
       32     0.00000023     0.01388011     0.98611966
       33     0.00000000     1.00000000     0.00000000
       34     0.00000018     0.99983036     0.00016947
       35     0.00000027     0.99925611     0.00074361
       36     0.00000006     0.99814755     0.00185239
       37     0.00000005     0.99641914     0.00358081
       38     0.00000031     0.99396980     0.00602989
       39     0.00000024     0.99068419     0.00931556
       40     0.00000001     0.98650640     0.01349360
       41     0.00000016     0.98144462     0.01855522
       42     0.00000032     0.97561313     0.02438655
       43     0.00000008     0.96927134     0.03072857
       44     0.00000004     0.96283811     0.03716184
       45     0.00000031     0.95686021     0.04313947
       46     0.00000027     0.95194252     0.04805721
       47     0.00000001     0.94855114     0.05144884
       48     0.00000016     0.94674016     0.05325968
       49     0.00000035     0.94595936     0.05404029
       50     0.00000013     0.94527160     0.05472828
       51     0.00000002     0.94411430     0.05588568
       52     0.00000025     0.94310344     0.05689631
       53     0.00000028     0.94401099     0.05598873
       54     0.00000004     0.94854545     0.05145450
       55     0.00000007     0.95705352     0.04294641
       56     0.00000023     0.96819075     0.03180901
       57     0.00000016     0.97972671     0.02027314
       58     0.00000002     0.98951975     0.01048023
       59     0.00000000     1.00000000     0.00000000
       60     0.00000011     0.99740485     0.00259503
       61     0.00000018     0.99215443     0.00784539
       62     0.00000002     0.98787701     0.01212297
       63     0.00000005     0.98679826     0.01320168
       64     0.00000014     0.98899635     0.01100351
       65     0.00000000     1.00000000     0.00000000
       66     0.00000012     0.99958561     0.00041427
       67     0.00000019     0.99880048     0.00119933
       68     0.00000003     0.99832082     0.00167915
       69     0.00000006     0.99843892     0.00156102
       70     0.00000023     0.99898248     0.00101729
       71     0.00000013     0.99950254     0.00049733
       72     0.00000001     0.99966686     0.00033313
       73     0.00000024     0.99949762     0.00050214
       74     0.00000028     0.99925581     0.00074391
       75     0.00000004     0.99915279     0.00084717
       76     0.00000019     0.99921669     0.00078311
       77     0.00000045     0.99930437     0.00069518
       78     0.00000021     0.99932697     0.00067282
       79     0.00000016     0.99934019     0.00065966
       80     0.00000062     0.99942023     0.00057915
       81     0.00000057     0.99950382     0.00049561
       82     0.00000023     0.99943153     0.00056824
       83     0.00000066     0.99917757     0.00082177
       84     0.00000107     0.99896766     0.00103127
       85     0.00000063     0.99907003     0.00092934
       86     0.00000068     0.99946667     0.00053264
       87     0.00000151     0.99975588     0.00024262
       88     0.00000141     0.99955028     0.00044831
       89     0.00000088     0.99896186     0.00103726
       90     0.00000158     0.99854237     0.00145605
       91     0.00000234     0.99874031     0.00125735
       92     0.00000173     0.99940091     0.00059736
       93     0.00000155     0.99987089     0.00012756
       94     0.00000269     0.99964436     0.00035295
       95     0.00000301     0.99889124     0.00110576
       96     0.00000215     0.99830910     0.00168875
       97     0.00000243     0.99844499     0.00155258
       98     0.00000376     0.99916908     0.00082717
       99     0.00000370     0.99981073     0.00018557
      100     0.00000271     0.99980471     0.00019258
      101     0.00000319     0.99921941     0.00077740
      102     0.00000455     0.99862528     0.00137017
      103     0.00000441     0.99854416     0.00145143
      104     0.00000329     0.99901278     0.00098393
      105     0.00000366     0.99958871     0.00040762
      106     0.00000507     0.99980159     0.00019335
      107     0.00000509     0.99955317     0.00044174
      108     0.00000388     0.99914201     0.00085412
      109     0.00000378     0.99894477     0.00105145
      110     0.00000523     0.99908780     0.00090697
      111     0.00000600     0.99939101     0.00060299
      112     0.00000501     0.99958177     0.00041322
      113     0.00000408     0.99954397     0.00045196
      114     0.00000485     0.99937890     0.00061624
      115     0.00000639     0.99926347     0.00073015
      116     0.00000668     0.99927677     0.00071655
      117     0.00000563     0.99936055     0.00063382
      118     0.00000513     0.99941738     0.00057749
      119     0.00000630     0.99941553     0.00057817
      120     0.00000800     0.99939306     0.00059895
