#     Density Matrix: population Re; see the manual for detail orders
        0     0.00000000     0.00000000     1.00000000
        1     0.00000008     0.00000589     0.99999404
        2     0.00000009     0.00005171     0.99994819
        3     0.00000020     0.00012831     0.99987149
        4     0.00000021     0.00019727     0.99980252
        5     0.00000036     0.00023296     0.99976668
        6     0.00000037     0.00028209     0.99971754
        7     0.00000050     0.00055297     0.99944653
        8     0.00000056     0.00165544     0.99834401
        9     0.00000054     0.00570729     0.99429218
       10     0.00000071     0.02375511     0.97624419
       11     0.00000043     0.15298205     0.84701753
       12     0.00000039     0.65122143     0.34877818
       13     0.00000037     0.56709168     0.43290795
       14     0.00000172     0.29800220     0.70199608
       15     0.00000026     0.23612257     0.76387717
       16     0.00000038     0.21725971     0.78273991
       17     0.00000083     0.20677058     0.79322860
       18     0.00000001     0.20199003     0.79800997
       19     0.00000064     0.20085374     0.79914563
       20     0.00000048     0.20189495     0.79810458
       21     0.00000005     0.20417008     0.79582988
       22     0.00000068     0.20714917     0.79285014
       23     0.00000025     0.21060129     0.78939846
       24     0.00000014     0.21450583     0.78549403
       25     0.00000062     0.21896603     0.78103334
       26     0.00000014     0.22422048     0.77577938
       27     0.00000019     0.23048132     0.76951849
       28     0.00000059     0.23803403     0.76196539
       29     0.00000013     0.24707226     0.75292762
       30     0.00000018     0.25772758     0.74227224
       31     0.00000058     0.27000088     0.72999854
       32     0.00000019     0.28351857     0.71648124
       33     0.00000010     0.29749201     0.70250789
       34     0.00000055     0.31050346     0.68949599
       35     0.00000033     0.32007779     0.67992188
       36     0.00000002     0.32180480     0.67819517
       37     0.00000042     0.31342485     0.68657473
       38     0.00000051     0.29589359     0.70410590
       39     0.00000006     0.27178933     0.72821061
       40     0.00000020     0.24522567     0.75477413
       41     0.00000061     0.22405474     0.77594465
       42     0.00000026     0.26177282     0.73822692
       43     0.00000005     0.48129648     0.51870347
       44     0.00000074     0.74148876     0.25851051
       45     0.00000081     0.79266876     0.20733042
       46     0.00000010     0.80726163     0.19273826
       47     0.00000028     0.81364192     0.18635780
       48     0.00000096     0.81727786     0.18272118
       49     0.00000056     0.82011442     0.17988502
       50     0.00000001     0.82362266     0.17637733
       51     0.00000061     0.82860522     0.17139417
       52     0.00000102     0.83477319     0.16522579
       53     0.00000030     0.84208250     0.15791721
       54     0.00000010     0.85044250     0.14955740
       55     0.00000093     0.85970867     0.14029040
       56     0.00000095     0.86967520     0.13032385
       57     0.00000010     0.88008014     0.11991976
       58     0.00000032     0.89062888     0.10937080
       59     0.00000121     0.90103067     0.09896812
       60     0.00000086     0.91103064     0.08896850
       61     0.00000002     0.92042878     0.07957120
       62     0.00000060     0.92908747     0.07091193
       63     0.00000151     0.93693003     0.06306846
       64     0.00000089     0.94392810     0.05607101
       65     0.00000004     0.95008513     0.04991482
       66     0.00000086     0.95542749     0.04457165
       67     0.00000191     0.96000180     0.03999629
       68     0.00000117     0.96387115     0.03612768
       69     0.00000015     0.96711167     0.03288819
       70     0.00000104     0.96981526     0.03018370
       71     0.00000242     0.97209369     0.02790389
       72     0.00000183     0.97407382     0.02592436
       73     0.00000044     0.97588365     0.02411592
       74     0.00000103     0.97764106     0.02235790
       75     0.00000294     0.97944498     0.02055208
       76     0.00000308     0.98136097     0.01863595
       77     0.00000135     0.98340443     0.01659421
       78     0.00000106     0.98553434     0.01446460
       79     0.00000335     0.98766032     0.01233634
       80     0.00000498     0.98965010     0.01034492
       81     0.00000000     1.00000000     0.00000000
       82     0.00000614     0.99989508     0.00009878
       83     0.00001491     0.99954096     0.00044413
       84     0.00001199     0.99889302     0.00109499
       85     0.00000212     0.99792125     0.00207664
       86     0.00000185     0.99663292     0.00336523
       87     0.00001242     0.99510898     0.00487860
       88     0.00001734     0.99350752     0.00647514
       89     0.00000894     0.99202905     0.00796201
       90     0.00000045     0.99088111     0.00911843
       91     0.00000498     0.99025979     0.00973523
       92     0.00001555     0.99032641     0.00965804
       93     0.00001651     0.99115436     0.00882913
       94     0.00000671     0.99267182     0.00732147
       95     0.00000024     0.99464745     0.00535231
       96     0.00000625     0.99673300     0.00326075
       97     0.00001676     0.99853597     0.00144727
       98     0.00001762     0.99969477     0.00028761
       99     0.00000756     0.99995826     0.00003418
      100     0.00000061     0.99927088     0.00072851
      101     0.00000720     0.99783441     0.00215839
      102     0.00001913     0.99609380     0.00388707
      103     0.00002049     0.99461978     0.00535974
      104     0.00000970     0.99392132     0.00606897
      105     0.00000115     0.99425921     0.00573964
      106     0.00000574     0.99553268     0.00446159
      107     0.00001813     0.99728664     0.00269523
      108     0.00002404     0.99885141     0.00112455
      109     0.00001655     0.99959659     0.00038686
      110     0.00000467     0.99922155     0.00077378
      111     0.00000383     0.99794659     0.00204958
      112     0.00001657     0.99646492     0.00351851
      113     0.00002856     0.99561329     0.00435814
      114     0.00002658     0.99589658     0.00407684
      115     0.00001363     0.99714453     0.00284184
      116     0.00000415     0.99856381     0.00143204
      117     0.00000942     0.99922567     0.00076491
      118     0.00002626     0.99871420     0.00125954
      119     0.00003863     0.99746845     0.00249293
      120     0.00003435     0.99649399     0.00347165
