#     Density Matrix: population Re; see the manual for detail orders
        0     0.00000000     0.00000000     1.00000000
        1     0.00000003     0.00004179     0.99995818
        2     0.00000006     0.00040233     0.99959762
        3     0.00000008     0.00115668     0.99884324
        4     0.00000013     0.00219598     0.99780389
        5     0.00000015     0.00351397     0.99648587
        6     0.00000021     0.00585379     0.99414600
        7     0.00000022     0.01224118     0.98775860
        8     0.00000025     0.03275018     0.96724956
        9     0.00000024     0.09767983     0.90231993
       10     0.00000009     0.60448033     0.39551958
       11     0.00000017     0.52932656     0.47067327
       12     0.00000045     0.23334147     0.76665808
       13     0.00000019     0.11374191     0.88625790
       14     0.00000043     0.05276167     0.94723790
       15     0.00000035     0.02515117     0.97484848
       16     0.00000036     0.01467488     0.98532476
       17     0.00000035     0.01242120     0.98757845
       18     0.00000030     0.01371895     0.98628075
       19     0.00000033     0.01620932     0.98379036
       20     0.00000028     0.01875657     0.98124314
       21     0.00000032     0.02086622     0.97913346
       22     0.00000027     0.02238015     0.97761958
       23     0.00000029     0.02329080     0.97670891
       24     0.00000029     0.02367983     0.97631988
       25     0.00000025     0.02366448     0.97633527
       26     0.00000024     0.02335201     0.97664775
       27     0.00000031     0.02284658     0.97715311
       28     0.00000028     0.02223860     0.97776112
       29     0.00000026     0.02161100     0.97838874
       30     0.00000030     0.02103930     0.97896041
       31     0.00000029     0.02060570     0.97939401
       32     0.00000028     0.02042083     0.97957889
       33     0.00000030     0.02068005     0.97931965
       34     0.00000030     0.02180775     0.97819196
       35     0.00000026     0.02493414     0.97506560
       36     0.00000020     0.03416456     0.96583524
       37     0.00000025     0.07454202     0.92545772
       38     0.00000029     0.34728514     0.65271457
       39     0.00000027     0.79189264     0.20810708
       40     0.00000031     0.93810920     0.06189049
       41     0.00000029     0.96226741     0.03773230
       42     0.00000026     0.96979332     0.03020642
       43     0.00000029     0.97296732     0.02703239
       44     0.00000031     0.97444962     0.02555008
       45     0.00000028     0.97510944     0.02489028
       46     0.00000028     0.97531322     0.02468650
       47     0.00000030     0.97525094     0.02474876
       48     0.00000029     0.97503793     0.02496178
       49     0.00000026     0.97473971     0.02526002
       50     0.00000025     0.97441202     0.02558773
       51     0.00000026     0.97410450     0.02589524
       52     0.00000025     0.97385105     0.02614870
       53     0.00000023     0.97367832     0.02632145
       54     0.00000022     0.97360703     0.02639275
       55     0.00000022     0.97364489     0.02635490
       56     0.00000020     0.97379089     0.02620891
       57     0.00000018     0.97403123     0.02596860
       58     0.00000017     0.97434030     0.02565953
       59     0.00000015     0.97468137     0.02531848
       60     0.00000012     0.97501381     0.02498607
       61     0.00000013     0.97529712     0.02470275
       62     0.00000014     0.97549621     0.02450365
       63     0.00000011     0.97558738     0.02441251
       64     0.00000009     0.97557548     0.02442443
       65     0.00000012     0.97548491     0.02451497
       66     0.00000016     0.97535145     0.02464839
       67     0.00000015     0.97522618     0.02477367
       68     0.00000013     0.97516720     0.02483268
       69     0.00000017     0.97522931     0.02477052
       70     0.00000029     0.97543890     0.02456081
       71     0.00000037     0.97579362     0.02420602
       72     0.00000036     0.97626740     0.02373224
       73     0.00000040     0.97680671     0.02319289
       74     0.00000052     0.97734125     0.02265823
       75     0.00000064     0.97779095     0.02220840
       76     0.00000070     0.97808893     0.02191037
       77     0.00000072     0.97821035     0.02178892
       78     0.00000080     0.97816007     0.02183913
       79     0.00000090     0.97799109     0.02200802
       80     0.00000092     0.97781229     0.02218678
       81     0.00000087     0.97776172     0.02223741
       82     0.00000087     0.97799895     0.02200018
       83     0.00000093     0.97866734     0.02133173
       84     0.00000093     0.97985721     0.02014185
       85     0.00000086     0.98158780     0.01841134
       86     0.00000083     0.98378522     0.01621395
       87     0.00000091     0.98628489     0.01371420
       88     0.00000104     0.98885011     0.01114885
       89     0.00000115     0.99121150     0.00878735
       90     0.00000126     0.99309773     0.00690100
       91     0.00000155     0.99429963     0.00569881
       92     0.00000199     0.99472515     0.00527286
       93     0.00000236     0.99441215     0.00558549
       94     0.00000260     0.99353977     0.00645763
       95     0.00000286     0.99239914     0.00759800
       96     0.00000320     0.99133440     0.00866240
       97     0.00000346     0.99066480     0.00933174
       98     0.00000352     0.99061526     0.00938122
       99     0.00000347     0.99125314     0.00874339
      100     0.00000359     0.99248224     0.00751417
      101     0.00000387     0.99407344     0.00592268
      102     0.00000411     0.99573131     0.00426458
      103     0.00000426     0.99717667     0.00281907
      104     0.00000472     0.99820000     0.00179528
      105     0.00000550     0.99871866     0.00127585
      106     0.00000614     0.99877531     0.00121854
      107     0.00000678     0.99851176     0.00148146
      108     0.00000716     0.99812896     0.00186389
      109     0.00000765     0.99783365     0.00215870
      110     0.00000803     0.99778652     0.00220544
      111     0.00000802     0.99805456     0.00193742
      112     0.00000803     0.99858512     0.00140685
      113     0.00000856     0.99921596     0.00077548
      114     0.00000935     0.99973330     0.00025735
      115     0.00001035     0.99995973     0.00002992
      116     0.00001137     0.99984098     0.00014765
      117     0.00001230     0.99947933     0.00050837
      118     0.00001319     0.99908821     0.00089860
      119     0.00001433     0.99888347     0.00110220
      120     0.00001578     0.99896813     0.00101609
