#     Density Matrix: population Re; see the manual for detail orders
        0     0.00000000     0.00000000     1.00000000
        1     0.00000001     0.00000266     0.99999733
        2     0.00000001     0.00002925     0.99997073
        3     0.00000001     0.00009224     0.99990776
        4     0.00000005     0.00017131     0.99982864
        5     0.00000005     0.00023280     0.99976715
        6     0.00000015     0.00027897     0.99972088
        7     0.00000014     0.00039268     0.99960718
        8     0.00000029     0.00075680     0.99924291
        9     0.00000029     0.00167951     0.99832020
       10     0.00000044     0.00374263     0.99625693
       11     0.00000048     0.00842133     0.99157819
       12     0.00000053     0.02043540     0.97956407
       13     0.00000064     0.05676663     0.94323272
       14     0.00000047     0.17115122     0.82884832
       15     0.00000112     0.48112286     0.51887602
       16     0.00000008     0.57412948     0.42587045
       17     0.00000181     0.44047813     0.55952005
       18     0.00000105     0.35728433     0.64271462
       19     0.00000039     0.32008375     0.67991586
       20     0.00000194     0.29237620     0.70762185
       21     0.00000029     0.27510907     0.72489064
       22     0.00000116     0.26723556     0.73276328
       23     0.00000158     0.26674171     0.73325671
       24     0.00000013     0.27132608     0.72867378
       25     0.00000172     0.27881206     0.72118622
       26     0.00000099     0.28738721     0.71261180
       27     0.00000038     0.29571105     0.70428857
       28     0.00000181     0.30295821     0.69703998
       29     0.00000050     0.30873117     0.69126833
       30     0.00000071     0.31287170     0.68712758
       31     0.00000203     0.31542842     0.68456955
       32     0.00000035     0.31663494     0.68336471
       33     0.00000084     0.31676935     0.68322981
       34     0.00000204     0.31612707     0.68387089
       35     0.00000038     0.31498844     0.68501118
       36     0.00000072     0.31360366     0.68639562
       37     0.00000197     0.31218647     0.68781156
       38     0.00000053     0.31091614     0.68908333
       39     0.00000050     0.30994597     0.69005353
       40     0.00000183     0.30941587     0.69058229
       41     0.00000079     0.30947264     0.69052657
       42     0.00000028     0.31030340     0.68969632
       43     0.00000159     0.31219401     0.68780441
       44     0.00000113     0.31565783     0.68434104
       45     0.00000017     0.32177039     0.67822944
       46     0.00000118     0.33326042     0.66673840
       47     0.00000147     0.35983964     0.64015889
       48     0.00000024     0.49929258     0.50070718
       49     0.00000075     0.92405229     0.07594696
       50     0.00000220     0.92866744     0.07133036
       51     0.00000104     0.89067338     0.10932558
       52     0.00000023     0.87810983     0.12188995
       53     0.00000169     0.87221305     0.12778526
       54     0.00000195     0.86905689     0.13094116
       55     0.00000039     0.86732838     0.13267123
       56     0.00000066     0.86645966     0.13353968
       57     0.00000217     0.86616545     0.13383237
       58     0.00000150     0.86628377     0.13371473
       59     0.00000014     0.86670266     0.13329720
       60     0.00000118     0.86733514     0.13266368
       61     0.00000243     0.86811337     0.13188420
       62     0.00000117     0.86897606     0.13102277
       63     0.00000010     0.86985912     0.13014079
       64     0.00000168     0.87070284     0.12929548
       65     0.00000277     0.87145808     0.12853915
       66     0.00000104     0.87207893     0.12792003
       67     0.00000011     0.87251986     0.12748003
       68     0.00000231     0.87274522     0.12725247
       69     0.00000344     0.87273336     0.12726320
       70     0.00000112     0.87246613     0.12753275
       71     0.00000023     0.87192546     0.12807431
       72     0.00000322     0.87110298     0.12889380
       73     0.00000443     0.87000258     0.12999300
       74     0.00000138     0.86863296     0.13136566
       75     0.00000049     0.86700910     0.13299041
       76     0.00000415     0.86516218     0.13483367
       77     0.00000535     0.86314701     0.13684763
       78     0.00000173     0.86103806     0.13896021
       79     0.00000059     0.85892865     0.14107077
       80     0.00000424     0.85694132     0.14305444
       81     0.00000550     0.85522877     0.14476573
       82     0.00000197     0.85395723     0.14604081
       83     0.00000024     0.85328670     0.14671307
       84     0.00000287     0.85336152     0.14663561
       85     0.00000443     0.85429480     0.14570077
       86     0.00000226     0.85613814     0.14385960
       87     0.00000010     0.85885265     0.14114724
       88     0.00000071     0.86229525     0.13770404
       89     0.00000260     0.86622135     0.13377605
       90     0.00000338     0.87029192     0.12970470
       91     0.00000206     0.87413102     0.12586692
       92     0.00000019     0.87720797     0.12279184
       93     0.00000137     0.87907239     0.12092624
       94     0.00000545     0.87942578     0.12056877
       95     0.00000681     0.87807806     0.12191514
       96     0.00000331     0.87505094     0.12494575
       97     0.00000146     0.87061315     0.12938539
       98     0.00000568     0.86535012     0.13464420
       99     0.00000969     0.86004839     0.13994192
      100     0.00000692     0.85558880     0.14440428
      101     0.00000183     0.85289000     0.14710817
      102     0.00000144     0.85268567     0.14731289
      103     0.00000408     0.85527943     0.14471649
      104     0.00000493     0.86044531     0.13954976
      105     0.00000397     0.86729475     0.13270128
      106     0.00000246     0.87437522     0.12562232
      107     0.00000094     0.87993561     0.12006345
      108     0.00000270     0.88234539     0.11765192
      109     0.00000958     0.88063153     0.11935889
      110     0.00001491     0.87487313     0.12511196
      111     0.00001170     0.86640141     0.13358689
      112     0.00000532     0.85755135     0.14244334
      113     0.00000494     0.85107077     0.14892429
      114     0.00000892     0.84923937     0.15075171
      115     0.00000968     0.85296371     0.14702661
      116     0.00000715     0.86123602     0.13875683
      117     0.00000504     0.87127970     0.12871526
      118     0.00000331     0.87943016     0.12056654
      119     0.00000366     0.88251806     0.11747828
      120     0.00001078     0.87923451     0.12075471
