#     Density Matrix: population Re; see the manual for detail orders
        0     0.00000000     0.00000000     1.00000000
        1     0.00000000     0.00000064     0.99999936
        2     0.00000001     0.00000432     0.99999568
        3     0.00000001     0.00000705     0.99999294
        4     0.00000006     0.00000592     0.99999401
        5     0.00000007     0.00000202     0.99999792
        6     0.00000018     0.00000050     0.99999931
        7     0.00000021     0.00000813     0.99999166
        8     0.00000038     0.00002775     0.99997187
        9     0.00000045     0.00005534     0.99994421
       10     0.00000064     0.00008765     0.99991172
       11     0.00000070     0.00014311     0.99985619
       12     0.00000087     0.00029651     0.99970262
       13     0.00000085     0.00075572     0.99924343
       14     0.00000098     0.00214603     0.99785299
       15     0.00000084     0.00695436     0.99304481
       16     0.00000094     0.03015686     0.96984220
       17     0.00000063     0.21604622     0.78395314
       18     0.00000044     0.74716058     0.25283899
       19     0.00000085     0.52721621     0.47278293
       20     0.00000363     0.39350114     0.60649523
       21     0.00000061     0.34876554     0.65123385
       22     0.00000089     0.33298150     0.66701761
       23     0.00000210     0.32385846     0.67613945
       24     0.00000021     0.31949705     0.68050274
       25     0.00000137     0.31816127     0.68183736
       26     0.00000166     0.31842504     0.68157330
       27     0.00000017     0.31920752     0.68079232
       28     0.00000153     0.31973686     0.68026161
       29     0.00000131     0.31948827     0.68051042
       30     0.00000021     0.31810501     0.68189478
       31     0.00000160     0.31532145     0.68467695
       32     0.00000130     0.31088978     0.68910892
       33     0.00000019     0.30450793     0.69549188
       34     0.00000152     0.29573478     0.70426371
       35     0.00000152     0.28387039     0.71612809
       36     0.00000018     0.26775709     0.73224273
       37     0.00000123     0.24540851     0.75459027
       38     0.00000184     0.21330234     0.78669581
       39     0.00000037     0.16533722     0.83466241
       40     0.00000071     0.09531012     0.90468917
       41     0.00000197     0.03568011     0.96431792
       42     0.00000088     0.10642803     0.89357109
       43     0.00000021     0.27669353     0.72330626
       44     0.00000183     0.41797587     0.58202230
       45     0.00000180     0.51901212     0.48098608
       46     0.00000021     0.58661574     0.41338405
       47     0.00000096     0.63312084     0.36687819
       48     0.00000218     0.66712682     0.33287099
       49     0.00000091     0.69357766     0.30642143
       50     0.00000021     0.71523578     0.28476401
       51     0.00000181     0.73366625     0.26633194
       52     0.00000198     0.74977223     0.25022579
       53     0.00000029     0.76407631     0.23592341
       54     0.00000074     0.77687454     0.22312472
       55     0.00000250     0.78833345     0.21166405
       56     0.00000157     0.79854551     0.20145292
       57     0.00000002     0.80755438     0.19244560
       58     0.00000160     0.81537984     0.18461855
       59     0.00000305     0.82203889     0.17795806
       60     0.00000113     0.82755141     0.17244746
       61     0.00000014     0.83194197     0.16805790
       62     0.00000263     0.83525334     0.16474403
       63     0.00000345     0.83755895     0.16243760
       64     0.00000081     0.83896155     0.16103764
       65     0.00000050     0.83959509     0.16040441
       66     0.00000350     0.83963904     0.16035745
       67     0.00000365     0.83932672     0.16066963
       68     0.00000066     0.83893733     0.16106201
       69     0.00000073     0.83878818     0.16121108
       70     0.00000373     0.83923476     0.16076151
       71     0.00000366     0.84065940     0.15933695
       72     0.00000073     0.84343065     0.15656862
       73     0.00000046     0.84786168     0.15213786
       74     0.00000305     0.85417080     0.14582615
       75     0.00000375     0.86242891     0.13756734
       76     0.00000148     0.87248475     0.12751376
       77     0.00000005     0.88390330     0.11609665
       78     0.00000205     0.89593780     0.10406015
       79     0.00000491     0.90753773     0.09245736
       80     0.00000416     0.91739771     0.08259813
       81     0.00000103     0.92407473     0.07592424
       82     0.00000215     0.92620212     0.07379573
       83     0.00000763     0.92277223     0.07722014
       84     0.00000870     0.91343557     0.08655573
       85     0.00000373     0.89875510     0.10124116
       86     0.00000275     0.88035514     0.11964211
       87     0.00000834     0.86088011     0.13911155
       88     0.00001010     0.84366328     0.15632662
       89     0.00000464     0.83209941     0.16789595
       90     0.00000108     0.82882269     0.17117624
       91     0.00000325     0.83488131     0.16511544
       92     0.00000556     0.84915577     0.15083867
       93     0.00000481     0.86828250     0.13171269
       94     0.00000226     0.88727474     0.11272300
       95     0.00000065     0.90082055     0.09917881
       96     0.00000377     0.90498022     0.09501601
       97     0.00000918     0.89871571     0.10127511
       98     0.00000847     0.88459547     0.11539607
       99     0.00000294     0.86817888     0.13181819
      100     0.00000209     0.85605297     0.14394495
      101     0.00000535     0.85311146     0.14688319
      102     0.00000591     0.86022689     0.13976719
      103     0.00000383     0.87354887     0.12644730
      104     0.00000143     0.88614796     0.11385062
      105     0.00000090     0.89152113     0.10847797
      106     0.00000511     0.88724045     0.11275444
      107     0.00000897     0.87653097     0.12346006
      108     0.00000594     0.86646941     0.13352465
      109     0.00000124     0.86351104     0.13648771
      110     0.00000068     0.86909814     0.13090118
      111     0.00000295     0.87857104     0.12142601
      112     0.00000664     0.88459303     0.11540033
      113     0.00000764     0.88284372     0.11714863
      114     0.00000363     0.87549871     0.12449766
      115     0.00000146     0.86931658     0.13068197
      116     0.00000376     0.86961133     0.13038492
      117     0.00000663     0.87543169     0.12456168
      118     0.00000876     0.88066578     0.11932546
      119     0.00000741     0.88026088     0.11973171
      120     0.00000373     0.87532263     0.12467364
