#     Density Matrix: population Re; see the manual for detail orders
        0     0.00000000     0.00000000     1.00000000
        1     0.00000001     0.00000524     0.99999475
        2     0.00000002     0.00005508     0.99994490
        3     0.00000004     0.00017387     0.99982609
        4     0.00000007     0.00035185     0.99964808
        5     0.00000010     0.00056944     0.99943046
        6     0.00000014     0.00086839     0.99913148
        7     0.00000016     0.00147833     0.99852151
        8     0.00000019     0.00308514     0.99691466
        9     0.00000021     0.00770201     0.99229777
       10     0.00000023     0.02230874     0.97769103
       11     0.00000009     0.49196020     0.50803971
       12     0.00000023     0.53940734     0.46059243
       13     0.00000012     0.24255170     0.75744817
       14     0.00000023     0.09714469     0.90285508
       15     0.00000025     0.03696499     0.96303477
       16     0.00000025     0.01292378     0.98707596
       17     0.00000026     0.00362816     0.99637158
       18     0.00000020     0.00056303     0.99943677
       19     0.00000020     0.00007030     0.99992950
       20     0.00000025     0.00056501     0.99943474
       21     0.00000010     0.00133326     0.99866664
       22     0.00000015     0.00206903     0.99793082
       23     0.00000024     0.00265687     0.99734289
       24     0.00000028     0.00306402     0.99693569
       25     0.00000023     0.00331413     0.99668565
       26     0.00000024     0.00344323     0.99655653
       27     0.00000026     0.00347682     0.99652292
       28     0.00000026     0.00344521     0.99655453
       29     0.00000022     0.00337466     0.99662512
       30     0.00000027     0.00328543     0.99671429
       31     0.00000020     0.00319424     0.99680556
       32     0.00000019     0.00311733     0.99688247
       33     0.00000024     0.00307496     0.99692480
       34     0.00000022     0.00311347     0.99688632
       35     0.00000020     0.00339551     0.99660429
       36     0.00000023     0.00505772     0.99494205
       37     0.00000020     0.16817635     0.83182344
       38     0.00000019     0.76327109     0.23672872
       39     0.00000036     0.95935566     0.04064398
       40     0.00000038     0.96779005     0.03220957
       41     0.00000024     0.96985068     0.03014908
       42     0.00000026     0.97023149     0.02976824
       43     0.00000036     0.96989003     0.03010961
       44     0.00000032     0.96915784     0.03084185
       45     0.00000024     0.96819285     0.03180691
       46     0.00000029     0.96709431     0.03290540
       47     0.00000034     0.96594346     0.03405620
       48     0.00000029     0.96480820     0.03519151
       49     0.00000026     0.96375633     0.03624341
       50     0.00000030     0.96284780     0.03715190
       51     0.00000033     0.96213787     0.03786181
       52     0.00000029     0.96166669     0.03833302
       53     0.00000027     0.96146353     0.03853620
       54     0.00000030     0.96153469     0.03846500
       55     0.00000037     0.96186444     0.03813519
       56     0.00000043     0.96242850     0.03757107
       57     0.00000035     0.96318321     0.03681644
       58     0.00000043     0.96407191     0.03592765
       59     0.00000060     0.96502736     0.03497204
       60     0.00000061     0.96599342     0.03400597
       61     0.00000046     0.96693728     0.03306226
       62     0.00000028     0.96779664     0.03220308
       63     0.00000046     0.96857653     0.03142302
       64     0.00000104     0.96926948     0.03072948
       65     0.00000111     0.96988498     0.03011392
       66     0.00000050     0.97044944     0.02955006
       67     0.00000023     0.97096610     0.02903367
       68     0.00000079     0.97151184     0.02848737
       69     0.00000137     0.97210753     0.02789110
       70     0.00000119     0.97275564     0.02724317
       71     0.00000068     0.97343645     0.02656287
       72     0.00000079     0.97410790     0.02589131
       73     0.00000152     0.97471790     0.02528057
       74     0.00000196     0.97521088     0.02478717
       75     0.00000166     0.97554237     0.02445597
       76     0.00000144     0.97566337     0.02433519
       77     0.00000223     0.97559105     0.02440672
       78     0.00000257     0.97543103     0.02456640
       79     0.00000209     0.97526329     0.02473462
       80     0.00000162     0.97518700     0.02481138
       81     0.00000187     0.97533236     0.02466577
       82     0.00000248     0.97582161     0.02417590
       83     0.00000267     0.97674459     0.02325275
       84     0.00000247     0.97813370     0.02186383
       85     0.00000259     0.97994967     0.02004774
       86     0.00000240     0.98208349     0.01791411
       87     0.00000213     0.98436525     0.01563262
       88     0.00000220     0.98657953     0.01341827
       89     0.00000264     0.98850933     0.01148803
       90     0.00000311     0.98996894     0.01002795
       91     0.00000328     0.99083751     0.00915921
       92     0.00000338     0.99108091     0.00891571
       93     0.00000429     0.99075795     0.00923776
       94     0.00000537     0.99001739     0.00997724
       95     0.00000541     0.98906106     0.01093353
       96     0.00000419     0.98810732     0.01188849
       97     0.00000378     0.98737556     0.01262066
       98     0.00000478     0.98701921     0.01297601
       99     0.00000589     0.98709336     0.01290075
      100     0.00000567     0.98757734     0.01241700
      101     0.00000415     0.98838879     0.01160706
      102     0.00000315     0.98938654     0.01061032
      103     0.00000313     0.99038899     0.00960788
      104     0.00000387     0.99127544     0.00872069
      105     0.00000470     0.99200506     0.00799023
      106     0.00000501     0.99256693     0.00742806
      107     0.00000474     0.99299051     0.00700475
      108     0.00000442     0.99332212     0.00667346
      109     0.00000462     0.99360443     0.00639095
      110     0.00000532     0.99386251     0.00613217
      111     0.00000589     0.99410638     0.00588773
      112     0.00000578     0.99434322     0.00565101
      113     0.00000504     0.99459248     0.00540248
      114     0.00000424     0.99489206     0.00510370
      115     0.00000382     0.99528599     0.00471019
      116     0.00000381     0.99579938     0.00419681
      117     0.00000399     0.99640867     0.00358735
      118     0.00000411     0.99702737     0.00296852
      119     0.00000408     0.99752245     0.00247347
      120     0.00000397     0.99776215     0.00223388
