#     Density Matrix: population Re; see the manual for detail orders
        0     0.00000000     0.00000000     1.00000000
        1     0.00000003     0.00000018     0.99999979
        2     0.00000006     0.00000020     0.99999974
        3     0.00000007     0.00000952     0.99999041
        4     0.00000011     0.00006254     0.99993735
        5     0.00000013     0.00020385     0.99979602
        6     0.00000016     0.00050481     0.99949502
        7     0.00000019     0.00116894     0.99883087
        8     0.00000022     0.00287495     0.99712484
        9     0.00000023     0.00809240     0.99190737
       10     0.00000012     0.49011536     0.50988453
       11     0.00000009     0.79812347     0.20187644
       12     0.00000031     0.30101869     0.69898101
       13     0.00000074     0.03048054     0.96951872
       14     0.00000006     0.00456734     0.99543260
       15     0.00000040     0.00168465     0.99831495
       16     0.00000026     0.00433531     0.99566443
       17     0.00000026     0.00726974     0.99273000
       18     0.00000039     0.00916167     0.99083794
       19     0.00000019     0.00994959     0.99005022
       20     0.00000025     0.00993653     0.99006321
       21     0.00000030     0.00943904     0.99056066
       22     0.00000027     0.00871349     0.99128624
       23     0.00000030     0.00793555     0.99206415
       24     0.00000029     0.00720503     0.99279468
       25     0.00000028     0.00657051     0.99342922
       26     0.00000030     0.00605581     0.99394389
       27     0.00000028     0.00567850     0.99432122
       28     0.00000025     0.00545193     0.99454782
       29     0.00000024     0.00540073     0.99459903
       30     0.00000020     0.00556576     0.99443404
       31     0.00000019     0.00600624     0.99399356
       32     0.00000019     0.00682346     0.99317634
       33     0.00000017     0.00819350     0.99180632
       34     0.00000016     0.01041029     0.98958955
       35     0.00000017     0.01403464     0.98596519
       36     0.00000016     0.02013937     0.97986047
       37     0.00000015     0.03092757     0.96907229
       38     0.00000015     0.05150147     0.94849838
       39     0.00000016     0.09534827     0.90465158
       40     0.00000016     0.20188067     0.79811918
       41     0.00000018     0.44742992     0.55256990
       42     0.00000019     0.77167111     0.22832871
       43     0.00000017     0.95728373     0.04271610
       44     0.00000017     0.99741147     0.00258836
       45     0.00000019     0.98918945     0.01081037
       46     0.00000020     0.97427578     0.02572402
       47     0.00000021     0.96058497     0.03941482
       48     0.00000023     0.94899711     0.05100266
       49     0.00000027     0.93931194     0.06068779
       50     0.00000029     0.93131178     0.06868793
       51     0.00000032     0.92486632     0.07513335
       52     0.00000037     0.91990388     0.08009575
       53     0.00000043     0.91640121     0.08359836
       54     0.00000048     0.91434030     0.08565921
       55     0.00000055     0.91369475     0.08630470
       56     0.00000064     0.91441177     0.08558758
       57     0.00000076     0.91638234     0.08361690
       58     0.00000089     0.91943221     0.08056691
       59     0.00000104     0.92329438     0.07670458
       60     0.00000124     0.92760269     0.07239607
       61     0.00000147     0.93189477     0.06810376
       62     0.00000173     0.93561090     0.06438737
       63     0.00000201     0.93814424     0.06185374
       64     0.00000232     0.93890141     0.06109626
       65     0.00000265     0.93738400     0.06261335
       66     0.00000295     0.93331668     0.06668037
       67     0.00000322     0.92675773     0.07323905
       68     0.00000342     0.91824931     0.08174727
       69     0.00000354     0.90883906     0.09115740
       70     0.00000356     0.90004610     0.09995034
       71     0.00000346     0.89368021     0.10631633
       72     0.00000325     0.89152312     0.10847363
       73     0.00000296     0.89492734     0.10506970
       74     0.00000264     0.90437099     0.09562637
       75     0.00000234     0.91920280     0.08079486
       76     0.00000212     0.93757143     0.06242645
       77     0.00000203     0.95675051     0.04324746
       78     0.00000209     0.97374543     0.02625248
       79     0.00000227     0.98605278     0.01394495
       80     0.00000253     0.99237544     0.00762203
       81     0.00000278     0.99297950     0.00701771
       82     0.00000294     0.98958947     0.01040759
       83     0.00000297     0.98481061     0.01518642
       84     0.00000285     0.98125282     0.01874432
       85     0.00000264     0.98065845     0.01933891
       86     0.00000239     0.98336215     0.01663545
       87     0.00000220     0.98831006     0.01168774
       88     0.00000210     0.99364190     0.00635599
       89     0.00000210     0.99758586     0.00241204
       90     0.00000215     0.99924617     0.00075168
       91     0.00000218     0.99889161     0.00110620
       92     0.00000217     0.99763302     0.00236481
       93     0.00000209     0.99670860     0.00328931
       94     0.00000199     0.99680615     0.00319186
       95     0.00000189     0.99780434     0.00219377
       96     0.00000185     0.99903297     0.00096518
       97     0.00000185     0.99981909     0.00017906
       98     0.00000188     0.99992687     0.00007125
       99     0.00000191     0.99961416     0.00038393
      100     0.00000194     0.99933373     0.00066433
      101     0.00000196     0.99936028     0.00063776
      102     0.00000202     0.99963555     0.00036243
      103     0.00000213     0.99990848     0.00008938
      104     0.00000229     0.99999628     0.00000143
      105     0.00000250     0.99992186     0.00007564
      106     0.00000275     0.99983620     0.00016105
      107     0.00000305     0.99984519     0.00015177
      108     0.00000343     0.99992545     0.00007112
      109     0.00000392     0.99998815     0.00000793
      110     0.00000455     0.99998924     0.00000621
      111     0.00000530     0.99996071     0.00003399
      112     0.00000622     0.99995163     0.00004215
      113     0.00000735     0.99996955     0.00002310
      114     0.00000873     0.99998763     0.00000363
      115     0.00001044     0.99998832     0.00000123
      116     0.00001252     0.99998009     0.00000739
      117     0.00001503     0.99997647     0.00000850
      118     0.00001809     0.99997763     0.00000428
      119     0.00002184     0.99997681     0.00000135
      120     0.00002642     0.99997255     0.00000103
