#     Density Matrix: population Re; see the manual for detail orders
        0     0.00000000     0.00000000     1.00000000
        1     0.00000002     0.00002116     0.99997881
        2     0.00000005     0.00017508     0.99982487
        3     0.00000014     0.00040596     0.99959390
        4     0.00000020     0.00059121     0.99940860
        5     0.00000034     0.00066818     0.99933148
        6     0.00000041     0.00081939     0.99918019
        7     0.00000056     0.00186215     0.99813729
        8     0.00000063     0.00657105     0.99342831
        9     0.00000070     0.02647336     0.97352594
       10     0.00000071     0.12637620     0.87362309
       11     0.00000085     0.61062488     0.38937428
       12     0.00000018     0.61172568     0.38827413
       13     0.00000220     0.41129313     0.58870467
       14     0.00000010     0.34018642     0.65981348
       15     0.00000177     0.29888007     0.70111816
       16     0.00000143     0.27953141     0.72046715
       17     0.00000023     0.27526988     0.72472989
       18     0.00000220     0.28097477     0.71902303
       19     0.00000052     0.29317017     0.70682931
       20     0.00000085     0.30974463     0.69025452
       21     0.00000243     0.31542027     0.68457730
       22     0.00000035     0.31774272     0.68225694
       23     0.00000070     0.31401390     0.68598540
       24     0.00000146     0.30591201     0.69408653
       25     0.00000012     0.29519509     0.70480479
       26     0.00000062     0.28353644     0.71646295
       27     0.00000109     0.27236010     0.72763882
       28     0.00000013     0.26267683     0.73732304
       29     0.00000049     0.25540276     0.74459675
       30     0.00000093     0.25121784     0.74878123
       31     0.00000021     0.25086726     0.74913253
       32     0.00000036     0.25563849     0.74436115
       33     0.00000077     0.26776559     0.73223363
       34     0.00000031     0.29057902     0.70942066
       35     0.00000030     0.32899164     0.67100807
       36     0.00000061     0.39156985     0.60842954
       37     0.00000040     0.48513794     0.51486166
       38     0.00000027     0.57891375     0.42108598
       39     0.00000045     0.66276970     0.33722985
       40     0.00000054     0.73226220     0.26773726
       41     0.00000038     0.78728694     0.21271268
       42     0.00000023     0.82938837     0.17061141
       43     0.00000055     0.86002360     0.13997585
       44     0.00000068     0.87993601     0.12006330
       45     0.00000017     0.88913081     0.11086902
       46     0.00000042     0.88756303     0.11243655
       47     0.00000093     0.87645183     0.12354725
       48     0.00000027     0.85953970     0.14046003
       49     0.00000030     0.84327741     0.15672229
       50     0.00000102     0.83546256     0.16453641
       51     0.00000043     0.84188295     0.15811662
       52     0.00000017     0.86303757     0.13696226
       53     0.00000076     0.89355439     0.10644484
       54     0.00000061     0.92446291     0.07553648
       55     0.00000019     0.94738689     0.05261292
       56     0.00000036     0.95867018     0.04132946
       57     0.00000067     0.96123988     0.03875945
       58     0.00000039     0.96193307     0.03806653
       59     0.00000022     0.96584571     0.03415407
       60     0.00000052     0.97362763     0.02637185
       61     0.00000044     0.98313673     0.01686283
       62     0.00000000     1.00000000     0.00000000
       63     0.00000001     0.99694954     0.00305044
       64     0.00000002     0.99130707     0.00869291
       65     0.00000000     0.98773520     0.01226480
       66     0.00000001     0.98831011     0.01168988
       67     0.00000000     1.00000000     0.00000000
       68     0.00000001     0.99944515     0.00055483
       69     0.00000002     0.99848402     0.00151596
       70     0.00000000     0.99805730     0.00194270
       71     0.00000001     0.99844049     0.00155949
       72     0.00000003     0.99917195     0.00082801
       73     0.00000002     0.99959746     0.00040252
       74     0.00000002     0.99948348     0.00051650
       75     0.00000007     0.99913056     0.00086937
       76     0.00000007     0.99895433     0.00104560
       77     0.00000004     0.99904989     0.00095007
       78     0.00000011     0.99920620     0.00079368
       79     0.00000017     0.99925273     0.00074710
       80     0.00000014     0.99924613     0.00075373
       81     0.00000022     0.99928341     0.00071638
       82     0.00000034     0.99929140     0.00070826
       83     0.00000031     0.99915131     0.00084837
       84     0.00000037     0.99897105     0.00102859
       85     0.00000060     0.99902269     0.00097671
       86     0.00000064     0.99933364     0.00066571
       87     0.00000064     0.99952726     0.00047211
       88     0.00000091     0.99926795     0.00073115
       89     0.00000110     0.99878150     0.00121741
       90     0.00000106     0.99867091     0.00132803
       91     0.00000129     0.99914405     0.00085466
       92     0.00000165     0.99965360     0.00034475
       93     0.00000165     0.99951879     0.00047957
       94     0.00000170     0.99880751     0.00119079
       95     0.00000213     0.99833004     0.00166783
       96     0.00000234     0.99867719     0.00132046
       97     0.00000222     0.99947285     0.00052493
       98     0.00000244     0.99978674     0.00021082
       99     0.00000287     0.99923046     0.00076668
      100     0.00000282     0.99841123     0.00158595
      101     0.00000270     0.99823148     0.00176583
      102     0.00000306     0.99887229     0.00112465
      103     0.00000337     0.99962848     0.00036815
      104     0.00000312     0.99971785     0.00027903
      105     0.00000295     0.99911016     0.00088688
      106     0.00000330     0.99848962     0.00150708
      107     0.00000357     0.99848364     0.00151278
      108     0.00000337     0.99903883     0.00095780
      109     0.00000316     0.99956316     0.00043368
      110     0.00000332     0.99958169     0.00041499
      111     0.00000353     0.99917691     0.00081956
      112     0.00000346     0.99881537     0.00118116
      113     0.00000332     0.99883279     0.00116389
      114     0.00000345     0.99914073     0.00085582
      115     0.00000370     0.99939965     0.00059665
      116     0.00000370     0.99939451     0.00060180
      117     0.00000350     0.99920809     0.00078841
      118     0.00000353     0.99906696     0.00092951
      119     0.00000388     0.99908533     0.00091079
      120     0.00000414     0.99919021     0.00080565
