#     Density Matrix: population Re; see the manual for detail orders
        0     0.00000000     0.00000000     1.00000000
        1     0.00000003     0.00000957     0.99999040
        2     0.00000004     0.00006331     0.99993665
        3     0.00000013     0.00009945     0.99990042
        4     0.00000011     0.00008644     0.99991345
        5     0.00000029     0.00005636     0.99994335
        6     0.00000024     0.00004587     0.99995388
        7     0.00000049     0.00004752     0.99995199
        8     0.00000042     0.00003185     0.99996773
        9     0.00000071     0.00000635     0.99999294
       10     0.00000059     0.00004861     0.99995080
       11     0.00000087     0.00030715     0.99969199
       12     0.00000070     0.00105302     0.99894628
       13     0.00000090     0.00311480     0.99688430
       14     0.00000079     0.01128912     0.98871010
       15     0.00000078     0.09258933     0.90740989
       16     0.00000056     0.12054172     0.87945773
       17     0.00000072     0.43303935     0.56695992
       18     0.00000032     0.20838351     0.79161617
       19     0.00000117     0.16606451     0.83393432
       20     0.00000058     0.15958864     0.84041078
       21     0.00000056     0.16497048     0.83502896
       22     0.00000115     0.17530685     0.82469199
       23     0.00000038     0.18811282     0.81188681
       24     0.00000073     0.20244723     0.79755203
       25     0.00000106     0.21795702     0.78204192
       26     0.00000028     0.23447574     0.76552397
       27     0.00000061     0.25180941     0.74818998
       28     0.00000092     0.26951250     0.73048658
       29     0.00000025     0.28663503     0.71336472
       30     0.00000040     0.30123301     0.69876659
       31     0.00000081     0.30882644     0.69117275
       32     0.00000031     0.30381798     0.69618170
       33     0.00000007     0.14056247     0.85943746
       34     0.00000017     0.19694903     0.80305081
       35     0.00000033     0.53153645     0.46846322
       36     0.00000046     0.53516255     0.46483699
       37     0.00000020     0.53494260     0.46505719
       38     0.00000014     0.53503775     0.46496211
       39     0.00000026     0.53301202     0.46698772
       40     0.00000009     0.52977294     0.47022697
       41     0.00000001     0.52356940     0.47643059
       42     0.00000013     0.51464274     0.48535713
       43     0.00000015     0.50395845     0.49604140
       44     0.00000004     0.49100383     0.50899613
       45     0.00000004     0.47078674     0.52921322
       46     0.00000010     0.42074575     0.57925415
       47     0.00000008     0.18067731     0.81932261
       48     0.00000007     0.01989810     0.98010183
       49     0.00000013     0.23951114     0.76048873
       50     0.00000018     0.31543739     0.68456243
       51     0.00000010     0.35377468     0.64622523
       52     0.00000006     0.38001096     0.61998898
       53     0.00000015     0.40016727     0.59983258
       54     0.00000017     0.41621634     0.58378349
       55     0.00000007     0.42884667     0.57115325
       56     0.00000008     0.43822981     0.56177012
       57     0.00000017     0.44428971     0.55571012
       58     0.00000014     0.44683186     0.55316801
       59     0.00000006     0.44557640     0.55442354
       60     0.00000012     0.44043523     0.55956466
       61     0.00000016     0.43136503     0.56863482
       62     0.00000009     0.41861227     0.58138764
       63     0.00000009     0.40260171     0.59739820
       64     0.00000015     0.38397718     0.61602268
       65     0.00000009     0.36354324     0.63645667
       66     0.00000009     0.34217952     0.65782039
       67     0.00000018     0.32074875     0.67925108
       68     0.00000011     0.29993003     0.70006986
       69     0.00000004     0.28034582     0.71965414
       70     0.00000020     0.26228625     0.73771355
       71     0.00000021     0.24589611     0.75410367
       72     0.00000002     0.23130143     0.76869855
       73     0.00000014     0.21839601     0.78160386
       74     0.00000033     0.20700841     0.79299126
       75     0.00000011     0.19684603     0.80315385
       76     0.00000003     0.18786290     0.81213707
       77     0.00000031     0.17982155     0.82017814
       78     0.00000027     0.17264528     0.82735445
       79     0.00000001     0.16626429     0.83373569
       80     0.00000017     0.16072285     0.83927698
       81     0.00000034     0.15585750     0.84414217
       82     0.00000010     0.15150443     0.84849546
       83     0.00000005     0.14735952     0.85264044
       84     0.00000028     0.14318868     0.85681104
       85     0.00000020     0.13876987     0.86122993
       86     0.00000002     0.13394444     0.86605554
       87     0.00000017     0.12864121     0.87135862
       88     0.00000025     0.12284084     0.87715891
       89     0.00000005     0.11656115     0.88343880
       90     0.00000010     0.10986057     0.89013933
       91     0.00000026     0.10286857     0.89713117
       92     0.00000012     0.09575233     0.90424756
       93     0.00000003     0.08868469     0.91131527
       94     0.00000025     0.08186789     0.91813186
       95     0.00000024     0.07550418     0.92449557
       96     0.00000002     0.06975226     0.93024772
       97     0.00000015     0.06474201     0.93525784
       98     0.00000036     0.06053813     0.93946151
       99     0.00000015     0.05714405     0.94285580
      100     0.00000002     0.05451393     0.94548605
      101     0.00000030     0.05255809     0.94744161
      102     0.00000036     0.05116062     0.94883902
      103     0.00000005     0.05019059     0.94980936
      104     0.00000010     0.04952449     0.95047541
      105     0.00000041     0.04906353     0.95093606
      106     0.00000028     0.04873099     0.95126872
      107     0.00000000     0.04846390     0.95153610
      108     0.00000021     0.04822407     0.95177572
      109     0.00000046     0.04797900     0.95202054
      110     0.00000020     0.04769850     0.95230130
      111     0.00000001     0.04734123     0.95265877
      112     0.00000030     0.04684593     0.95315377
      113     0.00000043     0.04611652     0.95388305
      114     0.00000012     0.04499358     0.95500630
      115     0.00000003     0.04342064     0.95657933
      116     0.00000033     0.04026118     0.95973849
      117     0.00000037     0.03470874     0.96529089
      118     0.00000007     0.02576063     0.97423929
      119     0.00000005     0.01276040     0.98723955
      120     0.00000000     0.00000000     1.00000000
