#     Density Matrix: population Re; see the manual for detail orders
        0     0.00000000     0.00000000     1.00000000
        1     0.00000001     0.00000000     0.99999999
        2     0.00000002     0.00000020     0.99999978
        3     0.00000007     0.00000228     0.99999764
        4     0.00000010     0.00000884     0.99999106
        5     0.00000021     0.00002048     0.99997931
        6     0.00000027     0.00003665     0.99996308
        7     0.00000044     0.00006247     0.99993709
        8     0.00000053     0.00011769     0.99988177
        9     0.00000072     0.00024641     0.99975287
       10     0.00000078     0.00053985     0.99945936
       11     0.00000093     0.00121735     0.99878172
       12     0.00000091     0.00292254     0.99707656
       13     0.00000100     0.00792531     0.99207369
       14     0.00000086     0.02611266     0.97388648
       15     0.00000083     0.11003042     0.88996875
       16     0.00000044     0.41159084     0.58840872
       17     0.00000030     0.64007563     0.35992406
       18     0.00000081     0.47917790     0.52082129
       19     0.00000135     0.37100286     0.62899580
       20     0.00000064     0.32398934     0.67601002
       21     0.00000007     0.30446830     0.69553163
       22     0.00000103     0.29165164     0.70834733
       23     0.00000049     0.28421818     0.71578133
       24     0.00000022     0.28061464     0.71938514
       25     0.00000103     0.27952160     0.72047736
       26     0.00000029     0.27967204     0.72032767
       27     0.00000015     0.28007449     0.71992536
       28     0.00000066     0.27993342     0.72006591
       29     0.00000021     0.27856886     0.72143093
       30     0.00000011     0.27553277     0.72446712
       31     0.00000054     0.27043309     0.72956637
       32     0.00000022     0.26289816     0.73710163
       33     0.00000007     0.25262730     0.74737263
       34     0.00000055     0.23927953     0.76071992
       35     0.00000035     0.22245439     0.77754526
       36     0.00000004     0.20164961     0.79835036
       37     0.00000052     0.17622148     0.82377800
       38     0.00000059     0.14535684     0.85464256
       39     0.00000009     0.10817086     0.89182905
       40     0.00000042     0.06454696     0.93545262
       41     0.00000092     0.02003260     0.97996649
       42     0.00000038     0.01575314     0.98424648
       43     0.00000020     0.19926214     0.80073766
       44     0.00000099     0.56637366     0.43362535
       45     0.00000101     0.79842585     0.20157315
       46     0.00000028     0.88430701     0.11569272
       47     0.00000072     0.92338694     0.07661235
       48     0.00000152     0.94571636     0.05428212
       49     0.00000092     0.96003428     0.03996479
       50     0.00000046     0.96964373     0.03035581
       51     0.00000147     0.97611438     0.02388415
       52     0.00000187     0.98030303     0.01969510
       53     0.00000087     0.98274499     0.01725414
       54     0.00000089     0.98377424     0.01622488
       55     0.00000213     0.98357163     0.01642624
       56     0.00000205     0.98222374     0.01777421
       57     0.00000093     0.97973832     0.02026075
       58     0.00000132     0.97607902     0.02391966
       59     0.00000248     0.97125423     0.02874329
       60     0.00000203     0.96535383     0.03464415
       61     0.00000096     0.95856484     0.04143419
       62     0.00000151     0.95126377     0.04873471
       63     0.00000247     0.94407219     0.05592534
       64     0.00000179     0.93785695     0.06214126
       65     0.00000077     0.93363442     0.06636481
       66     0.00000127     0.93245370     0.06754503
       67     0.00000203     0.93516634     0.06483164
       68     0.00000140     0.94211126     0.05788734
       69     0.00000050     0.95284809     0.04715141
       70     0.00000081     0.96604170     0.03395749
       71     0.00000158     0.97957850     0.02041992
       72     0.00000135     0.99098286     0.00901579
       73     0.00000053     0.99806110     0.00193838
       74     0.00000066     0.99959680     0.00040254
       75     0.00000151     0.99585972     0.00413877
       76     0.00000141     0.98869979     0.01129880
       77     0.00000051     0.98097570     0.01902379
       78     0.00000046     0.97567253     0.02432701
       79     0.00000105     0.97480443     0.02519452
       80     0.00000093     0.97861363     0.02138544
       81     0.00000028     0.98543233     0.01456738
       82     0.00000012     0.99235261     0.00764728
       83     0.00000063     0.99652518     0.00347418
       84     0.00000093     0.99653036     0.00346871
       85     0.00000045     0.99307998     0.00691957
       86     0.00000010     0.98859853     0.01140137
       87     0.00000050     0.98585907     0.01414043
       88     0.00000067     0.98635893     0.01364040
       89     0.00000031     0.98943166     0.01056803
       90     0.00000003     0.99278279     0.00721718
       91     0.00000033     0.99414788     0.00585180
       92     0.00000073     0.99290088     0.00709839
       93     0.00000043     0.99041220     0.00958738
       94     0.00000006     0.98884961     0.01115033
       95     0.00000034     0.98934548     0.01065418
       96     0.00000069     0.99115758     0.00884173
       97     0.00000054     0.99251526     0.00748420
       98     0.00000015     0.99232060     0.00767926
       99     0.00000042     0.99108303     0.00891655
      100     0.00000104     0.99019334     0.00980562
      101     0.00000094     0.99042383     0.00957523
      102     0.00000041     0.99126649     0.00873309
      103     0.00000049     0.99172862     0.00827089
      104     0.00000151     0.99148609     0.00851240
      105     0.00000207     0.99104632     0.00895160
      106     0.00000141     0.99092617     0.00907242
      107     0.00000100     0.99106181     0.00893720
      108     0.00000195     0.99113853     0.00885952
      109     0.00000351     0.99115023     0.00884626
      110     0.00000383     0.99127959     0.00871658
      111     0.00000300     0.99140927     0.00858773
      112     0.00000322     0.99122161     0.00877517
      113     0.00000509     0.99082663     0.00916828
      114     0.00000731     0.99079574     0.00919695
      115     0.00000782     0.99131018     0.00868201
      116     0.00000699     0.99170685     0.00828616
      117     0.00000741     0.99133973     0.00865286
      118     0.00001020     0.99062971     0.00936009
      119     0.00001384     0.99059882     0.00938734
      120     0.00001553     0.99136714     0.00861733
