#     Density Matrix: population Re; see the manual for detail orders
        0     0.00000000     0.00000000     1.00000000
        1     0.00000001     0.00000004     0.99999995
        2     0.00000001     0.00000011     0.99999987
        3     0.00000008     0.00000077     0.99999915
        4     0.00000013     0.00000750     0.99999237
        5     0.00000028     0.00002826     0.99997146
        6     0.00000034     0.00006425     0.99993541
        7     0.00000051     0.00011276     0.99988673
        8     0.00000055     0.00019122     0.99980823
        9     0.00000071     0.00037741     0.99962188
       10     0.00000069     0.00088533     0.99911398
       11     0.00000081     0.00230019     0.99769900
       12     0.00000073     0.00654629     0.99345298
       13     0.00000078     0.02184558     0.97815364
       14     0.00000061     0.09430528     0.90569411
       15     0.00000042     0.40137891     0.59862067
       16     0.00000016     0.64916965     0.35083019
       17     0.00000066     0.42276779     0.57723154
       18     0.00000109     0.30059139     0.69940752
       19     0.00000057     0.24206589     0.75793355
       20     0.00000080     0.20971036     0.79028884
       21     0.00000066     0.18886851     0.81113084
       22     0.00000028     0.17235817     0.82764155
       23     0.00000048     0.15635258     0.84364694
       24     0.00000029     0.13921244     0.86078727
       25     0.00000011     0.12059423     0.87940566
       26     0.00000026     0.10120130     0.89879844
       27     0.00000013     0.08211992     0.91787995
       28     0.00000003     0.06451752     0.93548246
       29     0.00000013     0.04926080     0.95073907
       30     0.00000007     0.03673096     0.96326897
       31     0.00000001     0.02682426     0.97317573
       32     0.00000005     0.01916072     0.98083923
       33     0.00000003     0.01332990     0.98667008
       34     0.00000000     1.00000000     0.00000000
       35     0.00000027     0.99985051     0.00014922
       36     0.00000045     0.99935140     0.00064815
       37     0.00000011     0.99841008     0.00158981
       38     0.00000006     0.99692063     0.00307931
       39     0.00000039     0.99474474     0.00525487
       40     0.00000030     0.99168524     0.00831446
       41     0.00000001     0.98755134     0.01244865
       42     0.00000021     0.98221738     0.01778240
       43     0.00000042     0.97564292     0.02435666
       44     0.00000012     0.96797613     0.03202374
       45     0.00000006     0.95962785     0.04037209
       46     0.00000036     0.95120904     0.04879060
       47     0.00000027     0.94341451     0.05658521
       48     0.00000003     0.93672577     0.06327420
       49     0.00000019     0.93107333     0.06892648
       50     0.00000031     0.92589012     0.07410957
       51     0.00000007     0.92123261     0.07876732
       52     0.00000008     0.91915678     0.08084314
       53     0.00000031     0.92299501     0.07700467
       54     0.00000017     0.93445810     0.06554173
       55     0.00000003     0.95166896     0.04833100
       56     0.00000017     0.97030803     0.02969180
       57     0.00000016     0.98601330     0.01398655
       58     0.00000000     1.00000000     0.00000000
       59     0.00000000     0.99659317     0.00340682
       60     0.00000001     0.99020306     0.00979693
       61     0.00000000     0.98577239     0.01422761
       62     0.00000001     0.98567114     0.01432885
       63     0.00000001     0.98909367     0.01090632
       64     0.00000000     1.00000000     0.00000000
       65     0.00000000     0.99959544     0.00040455
       66     0.00000001     0.99888249     0.00111751
       67     0.00000000     0.99852587     0.00147413
       68     0.00000000     0.99874737     0.00125263
       69     0.00000001     0.99926700     0.00073300
       70     0.00000001     0.99962613     0.00037386
       71     0.00000000     0.99963441     0.00036558
       72     0.00000002     0.99944190     0.00055808
       73     0.00000004     0.99929702     0.00070294
       74     0.00000002     0.99929811     0.00070186
       75     0.00000003     0.99935633     0.00064363
       76     0.00000008     0.99937398     0.00062594
       77     0.00000009     0.99937884     0.00062107
       78     0.00000008     0.99944366     0.00055625
       79     0.00000014     0.99952663     0.00047323
       80     0.00000019     0.99948841     0.00051140
       81     0.00000017     0.99929783     0.00070199
       82     0.00000023     0.99914261     0.00085716
       83     0.00000034     0.99923783     0.00076183
       84     0.00000036     0.99951762     0.00048202
       85     0.00000038     0.99966925     0.00033036
       86     0.00000048     0.99945506     0.00054445
       87     0.00000058     0.99906478     0.00093464
       88     0.00000063     0.99893639     0.00106298
       89     0.00000071     0.99923979     0.00075950
       90     0.00000083     0.99965824     0.00034093
       91     0.00000090     0.99970485     0.00029425
       92     0.00000095     0.99928428     0.00071476
       93     0.00000106     0.99883333     0.00116561
       94     0.00000120     0.99884925     0.00114955
       95     0.00000128     0.99932860     0.00067012
       96     0.00000132     0.99975764     0.00024104
       97     0.00000142     0.99967124     0.00032733
       98     0.00000153     0.99915764     0.00084083
       99     0.00000159     0.99875726     0.00124115
      100     0.00000163     0.99888176     0.00111661
      101     0.00000173     0.99938987     0.00060840
      102     0.00000181     0.99975759     0.00024060
      103     0.00000181     0.99962549     0.00037270
      104     0.00000180     0.99914957     0.00084863
      105     0.00000186     0.99883509     0.00116305
      106     0.00000194     0.99897169     0.00102636
      107     0.00000197     0.99939154     0.00060649
      108     0.00000194     0.99967170     0.00032636
      109     0.00000191     0.99956826     0.00042982
      110     0.00000195     0.99923179     0.00076626
      111     0.00000201     0.99901058     0.00098741
      112     0.00000203     0.99911103     0.00088694
      113     0.00000202     0.99940330     0.00059468
      114     0.00000203     0.99958739     0.00041058
      115     0.00000207     0.99950928     0.00048865
      116     0.00000213     0.99929024     0.00070763
      117     0.00000219     0.99917168     0.00082613
      118     0.00000229     0.99925069     0.00074702
      119     0.00000237     0.99941913     0.00057850
      120     0.00000243     0.99949414     0.00050343
