#     Density Matrix: population Re; see the manual for detail orders
        0     0.00000000     0.00000000     1.00000000
        1     0.00000006     0.00000180     0.99999814
        2     0.00000007     0.00002138     0.99997854
        3     0.00000014     0.00007430     0.99992556
        4     0.00000016     0.00015520     0.99984463
        5     0.00000025     0.00024441     0.99975534
        6     0.00000029     0.00034384     0.99965587
        7     0.00000036     0.00053539     0.99946425
        8     0.00000043     0.00107187     0.99892770
        9     0.00000040     0.00260121     0.99739839
       10     0.00000056     0.00698759     0.99301185
       11     0.00000037     0.02102400     0.97897563
       12     0.00000059     0.07627160     0.92372781
       13     0.00000023     0.29726771     0.70273206
       14     0.00000016     0.59383192     0.40616792
       15     0.00000044     0.47412017     0.52587939
       16     0.00000093     0.28945823     0.71054084
       17     0.00000001     0.22545980     0.77454019
       18     0.00000101     0.18432987     0.81566912
       19     0.00000041     0.16087015     0.83912945
       20     0.00000026     0.14986635     0.85013339
       21     0.00000098     0.14710611     0.85289291
       22     0.00000008     0.14946615     0.85053378
       23     0.00000058     0.15477234     0.84522708
       24     0.00000086     0.16161249     0.83838665
       25     0.00000001     0.16913725     0.83086274
       26     0.00000073     0.17690773     0.82309155
       27     0.00000079     0.18474575     0.81525347
       28     0.00000001     0.19263160     0.80736839
       29     0.00000071     0.20057201     0.79942728
       30     0.00000081     0.20858347     0.79141571
       31     0.00000003     0.21659233     0.78340764
       32     0.00000059     0.22431103     0.77568838
       33     0.00000094     0.23152772     0.76847134
       34     0.00000014     0.23484959     0.76515027
       35     0.00000034     0.23201043     0.76798923
       36     0.00000100     0.22174541     0.77825360
       37     0.00000040     0.20227511     0.79772449
       38     0.00000009     0.17191468     0.82808523
       39     0.00000086     0.17311215     0.82688699
       40     0.00000075     0.36833318     0.63166607
       41     0.00000002     0.60255604     0.39744394
       42     0.00000045     0.69026322     0.30973633
       43     0.00000092     0.72721154     0.27278753
       44     0.00000029     0.74787205     0.25212766
       45     0.00000008     0.76197933     0.23802059
       46     0.00000084     0.77309539     0.22690378
       47     0.00000080     0.78299127     0.21700793
       48     0.00000005     0.79320202     0.20679793
       49     0.00000039     0.80465748     0.19534213
       50     0.00000110     0.81615896     0.18383993
       51     0.00000055     0.82736366     0.17263578
       52     0.00000002     0.83806525     0.16193474
       53     0.00000083     0.84818666     0.15181251
       54     0.00000123     0.85774808     0.14225069
       55     0.00000030     0.86682507     0.13317462
       56     0.00000023     0.87552844     0.12447134
       57     0.00000132     0.88392015     0.11607852
       58     0.00000122     0.89204615     0.10795262
       59     0.00000017     0.89995325     0.10004658
       60     0.00000062     0.90765306     0.09234632
       61     0.00000172     0.91511298     0.08488531
       62     0.00000112     0.92227184     0.07772703
       63     0.00000017     0.92909942     0.07090040
       64     0.00000102     0.93558411     0.06441487
       65     0.00000198     0.94173636     0.05826167
       66     0.00000109     0.94754419     0.05245472
       67     0.00000022     0.95301541     0.04698437
       68     0.00000115     0.95817708     0.04182177
       69     0.00000209     0.96305683     0.03694108
       70     0.00000128     0.96767991     0.03231881
       71     0.00000031     0.97207060     0.02792909
       72     0.00000115     0.97621429     0.02378456
       73     0.00000249     0.98008264     0.01991488
       74     0.00000209     0.98364819     0.01634973
       75     0.00000082     0.98685427     0.01314492
       76     0.00000149     0.98956652     0.01043199
       77     0.00000000     1.00000000     0.00000000
       78     0.00000528     0.99985292     0.00014180
       79     0.00001195     0.99939139     0.00059666
       80     0.00000789     0.99861485     0.00137726
       81     0.00000049     0.99754631     0.00245320
       82     0.00000381     0.99627036     0.00372582
       83     0.00001253     0.99497017     0.00501729
       84     0.00001136     0.99385929     0.00612935
       85     0.00000247     0.99317106     0.00682646
       86     0.00000119     0.99309378     0.00690503
       87     0.00000940     0.99371370     0.00627691
       88     0.00001345     0.99498175     0.00500480
       89     0.00000701     0.99666231     0.00333068
       90     0.00000035     0.99835079     0.00164886
       91     0.00000398     0.99958151     0.00041452
       92     0.00001267     0.99998394     0.00000339
       93     0.00001317     0.99942233     0.00056450
       94     0.00000466     0.99807464     0.00192070
       95     0.00000041     0.99642383     0.00357576
       96     0.00000703     0.99511820     0.00487477
       97     0.00001454     0.99474563     0.00523983
       98     0.00001220     0.99553533     0.00445247
       99     0.00000370     0.99716441     0.00283189
      100     0.00000062     0.99886962     0.00112976
      101     0.00000768     0.99980698     0.00018534
      102     0.00001624     0.99951327     0.00047049
      103     0.00001531     0.99822797     0.00175672
      104     0.00000599     0.99680617     0.00318784
      105     0.00000085     0.99622167     0.00377747
      106     0.00000694     0.99687934     0.00311372
      107     0.00001775     0.99829066     0.00169159
      108     0.00002169     0.99938594     0.00059237
      109     0.00001446     0.99934281     0.00064273
      110     0.00000489     0.99829049     0.00170462
      111     0.00000643     0.99724640     0.00274717
      112     0.00002026     0.99720873     0.00277101
      113     0.00003447     0.99816908     0.00179645
      114     0.00003703     0.99910187     0.00086110
      115     0.00002687     0.99904169     0.00093143
      116     0.00001611     0.99816022     0.00182367
      117     0.00001969     0.99756575     0.00241455
      118     0.00004123     0.99795522     0.00200356
      119     0.00007050     0.99874513     0.00118437
      120     0.00009184     0.99886525     0.00104291
