#     Density Matrix: population Re; see the manual for detail orders
        0     0.00000000     0.00000000     1.00000000
        1     0.00000002     0.00000023     0.99999975
        2     0.00000003     0.00000182     0.99999816
        3     0.00000010     0.00000358     0.99999632
        4     0.00000011     0.00000370     0.99999619
        5     0.00000030     0.00000210     0.99999761
        6     0.00000032     0.00000056     0.99999912
        7     0.00000059     0.00000169     0.99999773
        8     0.00000060     0.00000751     0.99999189
        9     0.00000090     0.00001908     0.99998002
       10     0.00000084     0.00003866     0.99996050
       11     0.00000111     0.00008038     0.99991851
       12     0.00000096     0.00022388     0.99977516
       13     0.00000117     0.00109599     0.99890284
       14     0.00000098     0.02848269     0.97151633
       15     0.00000102     0.02166348     0.97833551
       16     0.00000098     0.08561381     0.91438520
       17     0.00000070     0.05443007     0.94556924
       18     0.00000121     0.04770739     0.95229140
       19     0.00000075     0.04596732     0.95403192
       20     0.00000107     0.04599843     0.95400050
       21     0.00000118     0.04675520     0.95324362
       22     0.00000073     0.04781132     0.95218795
       23     0.00000116     0.04898213     0.95101672
       24     0.00000093     0.05019239     0.94980668
       25     0.00000070     0.05141996     0.94857934
       26     0.00000114     0.05267212     0.94732675
       27     0.00000083     0.05397658     0.94602259
       28     0.00000062     0.05538093     0.94461844
       29     0.00000101     0.05696247     0.94303652
       30     0.00000076     0.05885456     0.94114468
       31     0.00000049     0.06131899     0.93868052
       32     0.00000083     0.06495863     0.93504054
       33     0.00000075     0.07156267     0.92843658
       34     0.00000040     0.08973888     0.91026072
       35     0.00000059     0.26692777     0.73307164
       36     0.00000063     0.76882502     0.23117435
       37     0.00000035     0.94448016     0.05551950
       38     0.00000054     0.95033875     0.04966071
       39     0.00000071     0.95056277     0.04943652
       40     0.00000040     0.95018556     0.04981404
       41     0.00000030     0.94974456     0.05025514
       42     0.00000058     0.94932938     0.05067005
       43     0.00000054     0.94895044     0.05104903
       44     0.00000025     0.94859879     0.05140096
       45     0.00000032     0.94826023     0.05173945
       46     0.00000055     0.94792092     0.05207853
       47     0.00000042     0.94756888     0.05243070
       48     0.00000020     0.94719394     0.05280586
       49     0.00000034     0.94678960     0.05321006
       50     0.00000054     0.94635482     0.05364464
       51     0.00000038     0.94589418     0.05410544
       52     0.00000020     0.94541731     0.05458250
       53     0.00000036     0.94493924     0.05506040
       54     0.00000056     0.94448021     0.05551923
       55     0.00000041     0.94406336     0.05593623
       56     0.00000023     0.94371177     0.05628800
       57     0.00000039     0.94344617     0.05655344
       58     0.00000064     0.94328277     0.05671660
       59     0.00000055     0.94323023     0.05676922
       60     0.00000033     0.94328714     0.05671253
       61     0.00000045     0.94344171     0.05655784
       62     0.00000078     0.94367294     0.05632628
       63     0.00000080     0.94395261     0.05604659
       64     0.00000054     0.94424778     0.05575168
       65     0.00000055     0.94452522     0.05547424
       66     0.00000093     0.94475701     0.05524207
       67     0.00000110     0.94492516     0.05507374
       68     0.00000083     0.94502393     0.05497524
       69     0.00000064     0.94506096     0.05493840
       70     0.00000090     0.94505733     0.05494177
       71     0.00000122     0.94504527     0.05495351
       72     0.00000110     0.94506258     0.05493632
       73     0.00000075     0.94514542     0.05485383
       74     0.00000072     0.94532174     0.05467754
       75     0.00000106     0.94560603     0.05439291
       76     0.00000129     0.94599495     0.05400377
       77     0.00000110     0.94646488     0.05353401
       78     0.00000083     0.94697287     0.05302630
       79     0.00000094     0.94746155     0.05253751
       80     0.00000142     0.94786729     0.05213128
       81     0.00000174     0.94812914     0.05186912
       82     0.00000159     0.94819696     0.05180145
       83     0.00000134     0.94803897     0.05195969
       84     0.00000156     0.94764826     0.05235018
       85     0.00000218     0.94704636     0.05295146
       86     0.00000252     0.94628190     0.05371557
       87     0.00000227     0.94542553     0.05457220
       88     0.00000189     0.94456271     0.05543540
       89     0.00000201     0.94378533     0.05621266
       90     0.00000251     0.94318288     0.05681461
       91     0.00000274     0.94283317     0.05716409
       92     0.00000237     0.94279240     0.05720524
       93     0.00000183     0.94308724     0.05691094
       94     0.00000168     0.94370930     0.05628902
       95     0.00000200     0.94461161     0.05538638
       96     0.00000241     0.94570734     0.05429026
       97     0.00000252     0.94687216     0.05312532
       98     0.00000234     0.94795200     0.05204565
       99     0.00000225     0.94877784     0.05121991
      100     0.00000268     0.94918884     0.05080847
      101     0.00000368     0.94906051     0.05093581
      102     0.00000463     0.94833449     0.05166088
      103     0.00000490     0.94704431     0.05295079
      104     0.00000451     0.94533116     0.05466433
      105     0.00000418     0.94344163     0.05655419
      106     0.00000435     0.94170190     0.05829375
      107     0.00000460     0.94046675     0.05952866
      108     0.00000425     0.94004852     0.05994723
      109     0.00000328     0.94063875     0.05935797
      110     0.00000229     0.94223929     0.05775842
      111     0.00000177     0.94462670     0.05537153
      112     0.00000188     0.94736626     0.05263187
      113     0.00000257     0.94988061     0.05011682
      114     0.00000364     0.95156923     0.04842713
      115     0.00000457     0.95195714     0.04803830
      116     0.00000495     0.95083606     0.04915899
      117     0.00000500     0.94835711     0.05163789
      118     0.00000529     0.94503834     0.05495637
      119     0.00000577     0.94166973     0.05832450
      120     0.00000573     0.93912682     0.06086746
