#     Density Matrix: population Re; see the manual for detail orders
        0     0.00000000     0.00000000     1.00000000
        1     0.00000000     0.00000009     0.99999991
        2     0.00000000     0.00000209     0.99999791
        3     0.00000003     0.00001260     0.99998737
        4     0.00000016     0.00004191     0.99995792
        5     0.00000029     0.00010813     0.99989158
        6     0.00000046     0.00024867     0.99975087
        7     0.00000052     0.00053346     0.99946602
        8     0.00000068     0.00115311     0.99884621
        9     0.00000070     0.00274124     0.99725806
       10     0.00000080     0.00764528     0.99235392
       11     0.00000076     0.02639752     0.97360172
       12     0.00000069     0.11765867     0.88234064
       13     0.00000043     0.45062751     0.54937205
       14     0.00000023     0.62290451     0.37709526
       15     0.00000037     0.40648842     0.59351122
       16     0.00000029     0.30952511     0.69047460
       17     0.00000059     0.24877496     0.75122445
       18     0.00000028     0.21398858     0.78601114
       19     0.00000050     0.19623441     0.80376510
       20     0.00000050     0.18906112     0.81093839
       21     0.00000022     0.18802100     0.81197878
       22     0.00000050     0.19014463     0.80985487
       23     0.00000034     0.19352372     0.80647594
       24     0.00000022     0.19698910     0.80301068
       25     0.00000048     0.19986655     0.80013297
       26     0.00000027     0.20180016     0.79819957
       27     0.00000022     0.20262801     0.79737177
       28     0.00000045     0.20229602     0.79770353
       29     0.00000025     0.20079678     0.79920297
       30     0.00000019     0.19812428     0.80187553
       31     0.00000042     0.19423518     0.80576439
       32     0.00000027     0.18900759     0.81099213
       33     0.00000016     0.18218399     0.81781586
       34     0.00000039     0.17326447     0.82673514
       35     0.00000035     0.16129144     0.83870822
       36     0.00000015     0.14438604     0.85561381
       37     0.00000034     0.11910549     0.88089417
       38     0.00000044     0.09028345     0.90971611
       39     0.00000018     0.19830627     0.80169354
       40     0.00000029     0.50416444     0.49583526
       41     0.00000062     0.68059183     0.31940755
       42     0.00000042     0.75393825     0.24606132
       43     0.00000021     0.78836339     0.21163641
       44     0.00000053     0.80783152     0.19216795
       45     0.00000065     0.82046018     0.17953917
       46     0.00000031     0.82945202     0.17054768
       47     0.00000040     0.83626491     0.16373470
       48     0.00000080     0.84163449     0.15836471
       49     0.00000062     0.84596147     0.15403791
       50     0.00000036     0.84947214     0.15052751
       51     0.00000076     0.85229906     0.14770019
       52     0.00000101     0.85452316     0.14547583
       53     0.00000061     0.85619550     0.14380389
       54     0.00000063     0.85735142     0.14264795
       55     0.00000120     0.85802168     0.14197712
       56     0.00000115     0.85824003     0.14175882
       57     0.00000072     0.85804778     0.14195151
       58     0.00000109     0.85749897     0.14249995
       59     0.00000159     0.85666683     0.14333159
       60     0.00000120     0.85564832     0.14435048
       61     0.00000091     0.85456774     0.14543135
       62     0.00000147     0.85358095     0.14641758
       63     0.00000166     0.85287924     0.14711910
       64     0.00000104     0.85268832     0.14731063
       65     0.00000089     0.85325876     0.14674035
       66     0.00000134     0.85485262     0.14514604
       67     0.00000127     0.85771344     0.14228529
       68     0.00000071     0.86202544     0.13797385
       69     0.00000058     0.86785262     0.13214680
       70     0.00000101     0.87507566     0.12492333
       71     0.00000133     0.88333057     0.11666810
       72     0.00000120     0.89195966     0.10803914
       73     0.00000123     0.90000420     0.09999457
       74     0.00000229     0.90626577     0.09373194
       75     0.00000363     0.90945124     0.09054513
       76     0.00000383     0.90840624     0.09158993
       77     0.00000384     0.90241788     0.09757828
       78     0.00000525     0.89154143     0.10845331
       79     0.00000649     0.87685190     0.12314161
       80     0.00000566     0.86051055     0.13948379
       81     0.00000451     0.84554237     0.15445312
       82     0.00000464     0.83528200     0.16471337
       83     0.00000446     0.83252454     0.16747100
       84     0.00000304     0.83857303     0.16142393
       85     0.00000180     0.85247710     0.14752110
       86     0.00000174     0.87083271     0.12916555
       87     0.00000272     0.88842150     0.11157578
       88     0.00000388     0.89970214     0.10029399
       89     0.00000416     0.90079543     0.09920040
       90     0.00000425     0.89126613     0.10872962
       91     0.00000531     0.87481649     0.12517820
       92     0.00000583     0.85826617     0.14172800
       93     0.00000439     0.84884768     0.15114793
       94     0.00000260     0.85078481     0.14921259
       95     0.00000207     0.86284074     0.13715719
       96     0.00000278     0.87846475     0.12153247
       97     0.00000422     0.88899909     0.11099669
       98     0.00000508     0.88863355     0.11136136
       99     0.00000502     0.87821889     0.12177608
      100     0.00000532     0.86510770     0.13488698
      101     0.00000563     0.85843205     0.14156233
      102     0.00000500     0.86258126     0.13741373
      103     0.00000442     0.87368886     0.12630672
      104     0.00000489     0.88246771     0.11752739
      105     0.00000682     0.88184334     0.11814984
      106     0.00000951     0.87316534     0.12682515
      107     0.00001047     0.86505761     0.13493192
      108     0.00000927     0.86520284     0.13478789
      109     0.00000863     0.87269773     0.12729365
      110     0.00001063     0.87908654     0.12090283
      111     0.00001526     0.87762214     0.12236260
      112     0.00001973     0.87079001     0.12919026
      113     0.00002112     0.86711706     0.13286182
      114     0.00002130     0.87065346     0.12932525
      115     0.00002441     0.87613566     0.12383992
      116     0.00003188     0.87629619     0.12367194
      117     0.00004125     0.87164407     0.12831468
      118     0.00004904     0.86917546     0.13077550
      119     0.00005706     0.87198740     0.12795554
      120     0.00007100     0.87520225     0.12472675
