#     Density Matrix: population Re; see the manual for detail orders
        0     0.00000000     0.00000000     1.00000000
        1     0.00000002     0.00000126     0.99999872
        2     0.00000001     0.00000497     0.99999502
        3     0.00000000     0.00000604     0.99999396
        4     0.00000004     0.00002938     0.99997058
        5     0.00000004     0.00008543     0.99991453
        6     0.00000011     0.00013999     0.99985990
        7     0.00000012     0.00017248     0.99982740
        8     0.00000017     0.00023882     0.99976101
        9     0.00000018     0.00046118     0.99953865
       10     0.00000021     0.00101047     0.99898933
       11     0.00000023     0.00222517     0.99777461
       12     0.00000025     0.00507280     0.99492695
       13     0.00000027     0.01262102     0.98737872
       14     0.00000028     0.03480654     0.96519318
       15     0.00000017     0.56168786     0.43831197
       16     0.00000007     0.82248254     0.17751739
       17     0.00000051     0.39603406     0.60396544
       18     0.00000076     0.13586738     0.86413187
       19     0.00000012     0.06260759     0.93739229
       20     0.00000052     0.03781353     0.96218595
       21     0.00000016     0.30614772     0.69385212
       22     0.00000033     0.49935056     0.50064911
       23     0.00000041     0.63702403     0.36297557
       24     0.00000008     0.72218778     0.27781213
       25     0.00000009     0.77478334     0.22521657
       26     0.00000008     0.80782266     0.19217726
       27     0.00000007     0.82926165     0.17073828
       28     0.00000010     0.84389878     0.15610112
       29     0.00000011     0.85451244     0.14548745
       30     0.00000013     0.86279266     0.13720722
       31     0.00000015     0.86972752     0.13027233
       32     0.00000015     0.87595094     0.12404892
       33     0.00000014     0.88184568     0.11815418
       34     0.00000014     0.88767905     0.11232081
       35     0.00000013     0.89361289     0.10638698
       36     0.00000011     0.89968936     0.10031053
       37     0.00000009     0.90583278     0.09416713
       38     0.00000008     0.91180723     0.08819269
       39     0.00000007     0.91718429     0.08281564
       40     0.00000006     0.92134716     0.07865279
       41     0.00000006     0.92352193     0.07647801
       42     0.00000006     0.92286376     0.07713618
       43     0.00000006     0.91863596     0.08136398
       44     0.00000007     0.91046947     0.08953046
       45     0.00000008     0.89872706     0.10127286
       46     0.00000008     0.88480906     0.11519087
       47     0.00000008     0.87143095     0.12856897
       48     0.00000008     0.86255283     0.13744709
       49     0.00000007     0.86280154     0.13719840
       50     0.00000006     0.87611951     0.12388043
       51     0.00000004     0.90341204     0.09658792
       52     0.00000003     0.93968075     0.06031922
       53     0.00000002     0.97253195     0.02746802
       54     0.00000003     0.98600195     0.01399803
       55     0.00000004     0.97154648     0.02845348
       56     0.00000007     0.93836910     0.06163083
       57     0.00000009     0.90905740     0.09094250
       58     0.00000009     0.90188819     0.09811172
       59     0.00000007     0.91872149     0.08127845
       60     0.00000004     0.94811889     0.05188107
       61     0.00000001     0.97598627     0.02401372
       62     0.00000000     0.99358811     0.00641189
       63     0.00000000     0.99961515     0.00038484
       64     0.00000001     0.99797133     0.00202865
       65     0.00000002     0.99410534     0.00589465
       66     0.00000001     0.99200424     0.00799575
       67     0.00000001     0.99288004     0.00711995
       68     0.00000000     0.99560768     0.00439232
       69     0.00000000     0.99822579     0.00177421
       70     0.00000001     0.99943334     0.00056665
       71     0.00000001     0.99923282     0.00076717
       72     0.00000001     0.99853383     0.00146616
       73     0.00000001     0.99824061     0.00175938
       74     0.00000001     0.99859337     0.00140661
       75     0.00000002     0.99919903     0.00080096
       76     0.00000002     0.99956268     0.00043730
       77     0.00000003     0.99955226     0.00044771
       78     0.00000004     0.99940103     0.00059892
       79     0.00000005     0.99936208     0.00063787
       80     0.00000006     0.99945502     0.00054491
       81     0.00000008     0.99954951     0.00045041
       82     0.00000010     0.99958822     0.00041167
       83     0.00000013     0.99963260     0.00036727
       84     0.00000015     0.99970488     0.00029497
       85     0.00000018     0.99971743     0.00028238
       86     0.00000023     0.99962259     0.00037719
       87     0.00000025     0.99954488     0.00045487
       88     0.00000029     0.99963852     0.00036119
       89     0.00000036     0.99984205     0.00015759
       90     0.00000040     0.99991322     0.00008638
       91     0.00000044     0.99974977     0.00024980
       92     0.00000050     0.99955696     0.00044254
       93     0.00000057     0.99959707     0.00040236
       94     0.00000062     0.99984142     0.00015796
       95     0.00000068     0.99999787     0.00000145
       96     0.00000075     0.99988094     0.00011831
       97     0.00000081     0.99963871     0.00036047
       98     0.00000087     0.99955795     0.00044118
       99     0.00000094     0.99971758     0.00028148
      100     0.00000101     0.99991805     0.00008094
      101     0.00000105     0.99993596     0.00006298
      102     0.00000110     0.99977127     0.00022763
      103     0.00000116     0.99961756     0.00038128
      104     0.00000121     0.99962889     0.00036990
      105     0.00000124     0.99977044     0.00022832
      106     0.00000127     0.99988898     0.00010975
      107     0.00000130     0.99988537     0.00011333
      108     0.00000131     0.99979744     0.00020125
      109     0.00000131     0.99973466     0.00026403
      110     0.00000131     0.99976205     0.00023664
      111     0.00000131     0.99984993     0.00014877
      112     0.00000129     0.99992330     0.00007541
      113     0.00000125     0.99993903     0.00005972
      114     0.00000122     0.99991459     0.00008419
      115     0.00000119     0.99989609     0.00010272
      116     0.00000115     0.99991027     0.00008859
      117     0.00000110     0.99994703     0.00005187
      118     0.00000105     0.99997906     0.00001989
      119     0.00000100     0.99999046     0.00000854
      120     0.00000095     0.99998658     0.00001247
