#     Density Matrix: population Re; see the manual for detail orders
        0     0.00000000     0.00000000     1.00000000
        1     0.00000002     0.00000048     0.99999950
        2     0.00000001     0.00000480     0.99999518
        3     0.00000000     0.00001392     0.99998608
        4     0.00000002     0.00002497     0.99997501
        5     0.00000002     0.00003475     0.99996523
        6     0.00000006     0.00004669     0.99995324
        7     0.00000008     0.00007589     0.99992403
        8     0.00000013     0.00014611     0.99985376
        9     0.00000014     0.00028336     0.99971650
       10     0.00000017     0.00052321     0.99947661
       11     0.00000019     0.00095120     0.99904861
       12     0.00000021     0.00180004     0.99819975
       13     0.00000022     0.00369124     0.99630855
       14     0.00000022     0.00835405     0.99164572
       15     0.00000023     0.02098849     0.97901128
       16     0.00000023     0.05712122     0.94287855
       17     0.00000020     0.14690669     0.85309311
       18     0.00000015     0.27055532     0.72944452
       19     0.00000013     0.31129472     0.68870515
       20     0.00000018     0.25300033     0.74699950
       21     0.00000023     0.17340134     0.82659843
       22     0.00000027     0.10989160     0.89010814
       23     0.00000029     0.06691935     0.93308036
       24     0.00000030     0.04016016     0.95983953
       25     0.00000031     0.02452180     0.97547788
       26     0.00000031     0.01596449     0.98403520
       27     0.00000029     0.01163660     0.98836311
       28     0.00000026     0.00964040     0.99035934
       29     0.00000026     0.00876462     0.99123512
       30     0.00000027     0.00825918     0.99174055
       31     0.00000025     0.00768829     0.99231146
       32     0.00000024     0.00683487     0.99316489
       33     0.00000023     0.00565087     0.99434890
       34     0.00000022     0.00428141     0.99571837
       35     0.00000020     0.00317886     0.99682094
       36     0.00000020     0.00340323     0.99659658
       37     0.00000019     0.00727003     0.99272979
       38     0.00000018     0.01957114     0.98042869
       39     0.00000018     0.04908703     0.95091280
       40     0.00000017     0.10752272     0.89247710
       41     0.00000014     0.20013243     0.79986743
       42     0.00000015     0.31337592     0.68662393
       43     0.00000017     0.42260241     0.57739742
       44     0.00000013     0.51727350     0.48272637
       45     0.00000017     0.60678180     0.39321803
       46     0.00000029     0.69778101     0.30221870
       47     0.00000021     0.77584844     0.22415135
       48     0.00000011     0.83473550     0.16526439
       49     0.00000019     0.87486887     0.12513095
       50     0.00000023     0.90050117     0.09949860
       51     0.00000015     0.91627781     0.08372204
       52     0.00000015     0.92578773     0.07421213
       53     0.00000023     0.93142245     0.06857732
       54     0.00000023     0.93470228     0.06529750
       55     0.00000018     0.93657641     0.06342341
       56     0.00000023     0.93764716     0.06235261
       57     0.00000029     0.93830470     0.06169501
       58     0.00000027     0.93881330     0.06118643
       59     0.00000025     0.93935316     0.06064658
       60     0.00000031     0.94005385     0.05994583
       61     0.00000037     0.94100839     0.05899123
       62     0.00000034     0.94228502     0.05771464
       63     0.00000031     0.94392559     0.05607410
       64     0.00000037     0.94595628     0.05404335
       65     0.00000043     0.94838561     0.05161396
       66     0.00000043     0.95120189     0.04879769
       67     0.00000043     0.95436906     0.04563052
       68     0.00000051     0.95782548     0.04217401
       69     0.00000063     0.96148346     0.03851591
       70     0.00000072     0.96522665     0.03477263
       71     0.00000082     0.96890261     0.03109657
       72     0.00000102     0.97233129     0.02766769
       73     0.00000129     0.97530932     0.02468939
       74     0.00000154     0.97762246     0.02237600
       75     0.00000179     0.97906708     0.02093113
       76     0.00000207     0.97947906     0.02051887
       77     0.00000247     0.97877654     0.02122099
       78     0.00000283     0.97700135     0.02299582
       79     0.00000302     0.97434788     0.02564910
       80     0.00000317     0.97119809     0.02879875
       81     0.00000332     0.96809810     0.03189858
       82     0.00000338     0.96570641     0.03429020
       83     0.00000329     0.96468808     0.03530863
       84     0.00000314     0.96557440     0.03442246
       85     0.00000300     0.96860702     0.03138998
       86     0.00000289     0.97361059     0.02638653
       87     0.00000280     0.97996884     0.02002836
       88     0.00000279     0.98669279     0.01330441
       89     0.00000289     0.99264769     0.00734941
       90     0.00000306     0.99684207     0.00315486
       91     0.00000324     0.99872747     0.00126928
       92     0.00000351     0.99837760     0.00161889
       93     0.00000372     0.99648276     0.00351352
       94     0.00000374     0.99412852     0.00586774
       95     0.00000361     0.99242137     0.00757502
       96     0.00000358     0.99210106     0.00789537
       97     0.00000356     0.99328424     0.00671220
       98     0.00000350     0.99546618     0.00453032
       99     0.00000339     0.99778310     0.00221350
      100     0.00000330     0.99942437     0.00057233
      101     0.00000342     0.99999548     0.00000110
      102     0.00000372     0.99965113     0.00034515
      103     0.00000378     0.99893709     0.00105914
      104     0.00000369     0.99844189     0.00155442
      105     0.00000377     0.99847655     0.00151968
      106     0.00000405     0.99895593     0.00104002
      107     0.00000438     0.99953492     0.00046070
      108     0.00000461     0.99988622     0.00010917
      109     0.00000481     0.99991008     0.00008510
      110     0.00000515     0.99974680     0.00024806
      111     0.00000568     0.99961726     0.00037706
      112     0.00000634     0.99964124     0.00035242
      113     0.00000708     0.99977619     0.00021672
      114     0.00000791     0.99989922     0.00009287
      115     0.00000890     0.99993315     0.00005795
      116     0.00001015     0.99989957     0.00009028
      117     0.00001172     0.99986970     0.00011858
      118     0.00001366     0.99988362     0.00010272
      119     0.00001604     0.99992228     0.00006168
      120     0.00001897     0.99994591     0.00003511
