#     Density Matrix: population Re; see the manual for detail orders
        0     0.00000000     0.00000000     1.00000000
        1     0.00000002     0.00000302     0.99999696
        2     0.00000002     0.00002005     0.99997993
        3     0.00000001     0.00003365     0.99996634
        4     0.00000003     0.00003308     0.99996689
        5     0.00000002     0.00001972     0.99998026
        6     0.00000010     0.00000468     0.99999522
        7     0.00000008     0.00000175     0.99999817
        8     0.00000022     0.00001695     0.99998283
        9     0.00000020     0.00004282     0.99995698
       10     0.00000039     0.00006315     0.99993646
       11     0.00000040     0.00006476     0.99993484
       12     0.00000056     0.00004765     0.99995179
       13     0.00000066     0.00002988     0.99996946
       14     0.00000067     0.00005394     0.99994539
       15     0.00000093     0.00022390     0.99977517
       16     0.00000070     0.00095199     0.99904731
       17     0.00000108     0.00606170     0.99393722
       18     0.00000068     0.19405154     0.80594778
       19     0.00000032     0.30265499     0.69734469
       20     0.00000235     0.10883861     0.89115903
       21     0.00000086     0.11404594     0.88595320
       22     0.00000073     0.12010435     0.87989492
       23     0.00000249     0.12510368     0.87489383
       24     0.00000020     0.12875425     0.87124554
       25     0.00000140     0.13117115     0.86882745
       26     0.00000207     0.13259648     0.86740145
       27     0.00000002     0.13330397     0.86669601
       28     0.00000166     0.13355472     0.86644362
       29     0.00000195     0.13358064     0.86641741
       30     0.00000002     0.13357516     0.86642482
       31     0.00000160     0.13368696     0.86631144
       32     0.00000218     0.13402298     0.86597483
       33     0.00000014     0.13465519     0.86534467
       34     0.00000108     0.13562836     0.86437057
       35     0.00000240     0.13696959     0.86302801
       36     0.00000064     0.13870188     0.86129749
       37     0.00000032     0.14086944     0.85913024
       38     0.00000211     0.14359643     0.85640146
       39     0.00000154     0.14728340     0.85271506
       40     0.00000002     0.15378103     0.84621895
       41     0.00000109     0.25734470     0.74265421
       42     0.00000176     0.78350092     0.21649732
       43     0.00000046     0.95717050     0.04282904
       44     0.00000019     0.95645701     0.04354280
       45     0.00000145     0.95606053     0.04393802
       46     0.00000152     0.95580711     0.04419137
       47     0.00000027     0.95565360     0.04434613
       48     0.00000036     0.95557681     0.04442284
       49     0.00000167     0.95555762     0.04444071
       50     0.00000158     0.95557529     0.04442313
       51     0.00000029     0.95560086     0.04439885
       52     0.00000042     0.95559922     0.04440037
       53     0.00000183     0.95553582     0.04446235
       54     0.00000186     0.95537835     0.04461978
       55     0.00000048     0.95509430     0.04490522
       56     0.00000035     0.95465427     0.04534537
       57     0.00000184     0.95403956     0.04595860
       58     0.00000228     0.95324446     0.04675327
       59     0.00000090     0.95227321     0.04772589
       60     0.00000024     0.95114044     0.04885932
       61     0.00000156     0.94987519     0.05012325
       62     0.00000262     0.94852166     0.05147572
       63     0.00000160     0.94713303     0.05286537
       64     0.00000030     0.94576546     0.05423424
       65     0.00000097     0.94447642     0.05552260
       66     0.00000254     0.94332333     0.05667413
       67     0.00000243     0.94235706     0.05764051
       68     0.00000085     0.94161455     0.05838461
       69     0.00000038     0.94111647     0.05888315
       70     0.00000176     0.94086952     0.05912872
       71     0.00000280     0.94086934     0.05912786
       72     0.00000191     0.94110074     0.05889735
       73     0.00000046     0.94153880     0.05846074
       74     0.00000058     0.94215449     0.05784492
       75     0.00000203     0.94292208     0.05707589
       76     0.00000276     0.94382106     0.05617618
       77     0.00000183     0.94483074     0.05516743
       78     0.00000054     0.94592276     0.05407670
       79     0.00000069     0.94705462     0.05294468
       80     0.00000245     0.94816336     0.05183419
       81     0.00000397     0.94915662     0.05083941
       82     0.00000348     0.94990492     0.05009160
       83     0.00000184     0.95024421     0.04975395
       84     0.00000196     0.94999397     0.05000408
       85     0.00000487     0.94898788     0.05100726
       86     0.00000758     0.94711338     0.05287904
       87     0.00000686     0.94435014     0.05564300
       88     0.00000416     0.94080745     0.05918839
       89     0.00000387     0.93675200     0.06324413
       90     0.00000681     0.93261265     0.06738054
       91     0.00000888     0.92894780     0.07104332
       92     0.00000704     0.92637188     0.07362109
       93     0.00000351     0.92544946     0.07454703
       94     0.00000211     0.92657394     0.07342395
       95     0.00000325     0.92984493     0.07015181
       96     0.00000460     0.93498671     0.06500870
       97     0.00000467     0.94131904     0.05867630
       98     0.00000360     0.94781516     0.05218124
       99     0.00000228     0.95326025     0.04673747
      100     0.00000254     0.95649877     0.04349869
      101     0.00000584     0.95672420     0.04326996
      102     0.00001010     0.95374070     0.04624920
      103     0.00001091     0.94810954     0.05187955
      104     0.00000778     0.94111791     0.05887431
      105     0.00000539     0.93453127     0.06546334
      106     0.00000655     0.93014920     0.06984425
      107     0.00000835     0.92926690     0.07072475
      108     0.00000761     0.93219633     0.06779606
      109     0.00000532     0.93803668     0.06195800
      110     0.00000357     0.94484448     0.05515196
      111     0.00000341     0.95022237     0.04977422
      112     0.00000652     0.95218166     0.04781182
      113     0.00001278     0.94998293     0.05000429
      114     0.00001708     0.94457598     0.05540693
      115     0.00001502     0.93835692     0.06162806
      116     0.00000968     0.93421178     0.06577853
      117     0.00000680     0.93416573     0.06582748
      118     0.00000750     0.93825683     0.06173567
      119     0.00001073     0.94430524     0.05568403
      120     0.00001571     0.94890969     0.05107460
