#     Density Matrix: population Re; see the manual for detail orders
        0     0.00000000     0.00000000     1.00000000
        1     0.00000001     0.00001828     0.99998171
        2     0.00000001     0.00015321     0.99984678
        3     0.00000000     0.00036276     0.99963724
        4     0.00000001     0.00054705     0.99945293
        5     0.00000004     0.00064488     0.99935508
        6     0.00000006     0.00071336     0.99928659
        7     0.00000010     0.00097723     0.99902267
        8     0.00000013     0.00187430     0.99812557
        9     0.00000017     0.00423519     0.99576464
       10     0.00000020     0.01001951     0.98998030
       11     0.00000023     0.02504758     0.97495219
       12     0.00000023     0.06821183     0.93178794
       13     0.00000022     0.18231598     0.81768380
       14     0.00000016     0.33703288     0.66296696
       15     0.00000014     0.35570870     0.64429116
       16     0.00000021     0.25401301     0.74598678
       17     0.00000028     0.15271264     0.84728709
       18     0.00000031     0.08429271     0.91570698
       19     0.00000034     0.04400010     0.95599956
       20     0.00000034     0.02239868     0.97760097
       21     0.00000034     0.01202290     0.98797675
       22     0.00000033     0.00790508     0.99209459
       23     0.00000032     0.00698205     0.99301763
       24     0.00000035     0.00746940     0.99253025
       25     0.00000032     0.00838312     0.99161656
       26     0.00000030     0.00922250     0.99077720
       27     0.00000038     0.00976485     0.99023477
       28     0.00000026     0.00994309     0.99005665
       29     0.00000028     0.00977547     0.99022425
       30     0.00000032     0.00933208     0.99066760
       31     0.00000026     0.00871465     0.99128508
       32     0.00000026     0.00805373     0.99194600
       33     0.00000028     0.00752131     0.99247842
       34     0.00000024     0.00735913     0.99264063
       35     0.00000025     0.00794566     0.99205409
       36     0.00000030     0.00993059     0.99006911
       37     0.00000026     0.01453480     0.98546494
       38     0.00000024     0.02419640     0.97580337
       39     0.00000025     0.04403544     0.95596430
       40     0.00000021     0.08480191     0.91519788
       41     0.00000022     0.16563404     0.83436574
       42     0.00000024     0.30765214     0.69234762
       43     0.00000026     0.49786016     0.50213958
       44     0.00000031     0.67313742     0.32686227
       45     0.00000027     0.78376919     0.21623054
       46     0.00000024     0.84484598     0.15515378
       47     0.00000029     0.87909738     0.12090233
       48     0.00000031     0.89948231     0.10051738
       49     0.00000028     0.91234693     0.08765280
       50     0.00000028     0.92085881     0.07914091
       51     0.00000032     0.92670368     0.07329599
       52     0.00000032     0.93083830     0.06916138
       53     0.00000029     0.93383799     0.06616172
       54     0.00000031     0.93607288     0.06392681
       55     0.00000033     0.93778621     0.06221346
       56     0.00000032     0.93914754     0.06085214
       57     0.00000031     0.94027621     0.05972348
       58     0.00000034     0.94125240     0.05874726
       59     0.00000035     0.94213470     0.05786495
       60     0.00000033     0.94296183     0.05703784
       61     0.00000031     0.94375296     0.05624672
       62     0.00000034     0.94452064     0.05547902
       63     0.00000035     0.94526514     0.05473451
       64     0.00000033     0.94598465     0.05401502
       65     0.00000032     0.94667373     0.05332594
       66     0.00000034     0.94732790     0.05267175
       67     0.00000036     0.94794670     0.05205295
       68     0.00000034     0.94853323     0.05146643
       69     0.00000033     0.94909613     0.05090354
       70     0.00000035     0.94965043     0.05034922
       71     0.00000038     0.95021510     0.04978453
       72     0.00000037     0.95081398     0.04918564
       73     0.00000039     0.95146763     0.04853199
       74     0.00000046     0.95219747     0.04780207
       75     0.00000051     0.95301600     0.04698350
       76     0.00000049     0.95392532     0.04607419
       77     0.00000046     0.95491481     0.04508473
       78     0.00000053     0.95596446     0.04403502
       79     0.00000063     0.95703989     0.04295948
       80     0.00000065     0.95810202     0.04189734
       81     0.00000062     0.95910907     0.04089031
       82     0.00000066     0.96002677     0.03997257
       83     0.00000074     0.96083316     0.03916610
       84     0.00000075     0.96153071     0.03846854
       85     0.00000072     0.96214903     0.03785025
       86     0.00000075     0.96274788     0.03725138
       87     0.00000078     0.96341038     0.03658884
       88     0.00000074     0.96423519     0.03576408
       89     0.00000067     0.96531450     0.03468483
       90     0.00000065     0.96671437     0.03328498
       91     0.00000067     0.96845393     0.03154540
       92     0.00000072     0.97048957     0.02950971
       93     0.00000074     0.97271015     0.02728911
       94     0.00000078     0.97495122     0.02504800
       95     0.00000086     0.97701818     0.02298096
       96     0.00000098     0.97873354     0.02126548
       97     0.00000110     0.97997360     0.02002529
       98     0.00000122     0.98069956     0.01929922
       99     0.00000133     0.98097796     0.01902071
      100     0.00000146     0.98097030     0.01902824
      101     0.00000157     0.98089800     0.01910043
      102     0.00000161     0.98098575     0.01901264
      103     0.00000159     0.98139828     0.01860013
      104     0.00000158     0.98218918     0.01780923
      105     0.00000163     0.98328495     0.01671342
      106     0.00000165     0.98450564     0.01549271
      107     0.00000160     0.98563836     0.01436004
      108     0.00000156     0.98652926     0.01346918
      109     0.00000159     0.98715219     0.01284622
      110     0.00000172     0.98762801     0.01237027
      111     0.00000188     0.98816545     0.01183267
      112     0.00000205     0.98895858     0.01103938
      113     0.00000218     0.99008273     0.00991509
      114     0.00000225     0.99145114     0.00854661
      115     0.00000235     0.99285785     0.00713980
      116     0.00000247     0.99408120     0.00591634
      117     0.00000253     0.99498402     0.00501345
      118     0.00000250     0.99557233     0.00442516
      119     0.00000243     0.99597463     0.00402293
      120     0.00000233     0.99636966     0.00362801
