#     Density Matrix: population Re; see the manual for detail orders
        0     0.00000000     0.00000000     1.00000000
        1     0.00000001     0.00000007     0.99999992
        2     0.00000001     0.00000074     0.99999926
        3     0.00000004     0.00000205     0.99999791
        4     0.00000005     0.00000313     0.99999682
        5     0.00000015     0.00000325     0.99999661
        6     0.00000022     0.00000301     0.99999677
        7     0.00000043     0.00000383     0.99999574
        8     0.00000050     0.00000688     0.99999263
        9     0.00000077     0.00001332     0.99998591
       10     0.00000072     0.00002670     0.99997258
       11     0.00000103     0.00006137     0.99993760
       12     0.00000111     0.00017835     0.99982054
       13     0.00000084     0.00072825     0.99927091
       14     0.00000089     0.00586985     0.99412926
       15     0.00000108     0.15516580     0.84483311
       16     0.00000087     0.27589906     0.72410007
       17     0.00000104     0.12145046     0.87854850
       18     0.00000057     0.12661160     0.87338783
       19     0.00000117     0.13221429     0.86778454
       20     0.00000076     0.13630121     0.86369803
       21     0.00000018     0.13895440     0.86104542
       22     0.00000092     0.14073752     0.85926156
       23     0.00000011     0.14216821     0.85783168
       24     0.00000072     0.14360829     0.85639099
       25     0.00000092     0.14545015     0.85454893
       26     0.00000003     0.14795008     0.85204988
       27     0.00000083     0.15124480     0.84875437
       28     0.00000088     0.15542111     0.84457801
       29     0.00000001     0.16056942     0.83943058
       30     0.00000068     0.16673434     0.83326498
       31     0.00000084     0.17383131     0.82616786
       32     0.00000003     0.18158394     0.81841602
       33     0.00000045     0.18986845     0.81013110
       34     0.00000090     0.19949622     0.80050289
       35     0.00000019     0.21490328     0.78509653
       36     0.00000015     0.23734774     0.76265211
       37     0.00000063     0.26496267     0.73503670
       38     0.00000030     0.28849314     0.71150656
       39     0.00000002     0.29576897     0.70423101
       40     0.00000031     0.28282238     0.71717731
       41     0.00000030     0.25863823     0.74136147
       42     0.00000008     0.23545538     0.76454454
       43     0.00000013     0.21848380     0.78151607
       44     0.00000020     0.20864706     0.79135274
       45     0.00000015     0.20708447     0.79291538
       46     0.00000015     0.21497400     0.78502585
       47     0.00000013     0.23524439     0.76475548
       48     0.00000015     0.27302342     0.72697643
       49     0.00000018     0.34261434     0.65738547
       50     0.00000014     0.43107438     0.56892548
       51     0.00000018     0.52859396     0.47140586
       52     0.00000036     0.62255718     0.37744246
       53     0.00000025     0.70330468     0.29669507
       54     0.00000016     0.76713257     0.23286727
       55     0.00000059     0.81454649     0.18545292
       56     0.00000047     0.84751588     0.15248366
       57     0.00000020     0.86778916     0.13221064
       58     0.00000068     0.87664694     0.12335238
       59     0.00000076     0.87506212     0.12493713
       60     0.00000017     0.86467565     0.13532418
       61     0.00000047     0.84837351     0.15162603
       62     0.00000082     0.82918868     0.17081050
       63     0.00000028     0.80771740     0.19228233
       64     0.00000024     0.78208920     0.21791056
       65     0.00000099     0.76897700     0.23102201
       66     0.00000111     0.79772424     0.20227465
       67     0.00000035     0.85311625     0.14688340
       68     0.00000039     0.90469888     0.09530072
       69     0.00000069     0.94295749     0.05704182
       70     0.00000042     0.96890248     0.03109710
       71     0.00000048     0.98481265     0.01518687
       72     0.00000000     1.00000000     0.00000000
       73     0.00000000     0.99923480     0.00076520
       74     0.00000000     0.99790085     0.00209914
       75     0.00000000     0.99706586     0.00293414
       76     0.00000000     0.99713472     0.00286528
       77     0.00000000     0.99785766     0.00214234
       78     0.00000000     0.99865090     0.00134910
       79     0.00000000     0.99902690     0.00097309
       80     0.00000000     0.99888357     0.00111643
       81     0.00000000     0.99849204     0.00150796
       82     0.00000001     0.99821910     0.00178090
       83     0.00000000     0.99823225     0.00176775
       84     0.00000000     0.99842023     0.00157977
       85     0.00000001     0.99857590     0.00142409
       86     0.00000002     0.99859339     0.00140659
       87     0.00000000     0.99854670     0.00145330
       88     0.00000002     0.99852216     0.00147782
       89     0.00000003     0.99852038     0.00147959
       90     0.00000002     0.99847055     0.00152944
       91     0.00000001     0.99838320     0.00161678
       92     0.00000005     0.99837741     0.00162253
       93     0.00000005     0.99852368     0.00147627
       94     0.00000003     0.99869829     0.00130168
       95     0.00000006     0.99867889     0.00132105
       96     0.00000008     0.99841896     0.00158096
       97     0.00000005     0.99816754     0.00183240
       98     0.00000007     0.99823021     0.00176972
       99     0.00000013     0.99860929     0.00139058
      100     0.00000011     0.99891252     0.00108736
      101     0.00000008     0.99876584     0.00123408
      102     0.00000016     0.99824646     0.00175338
      103     0.00000018     0.99788188     0.00211794
      104     0.00000010     0.99808023     0.00191966
      105     0.00000015     0.99869358     0.00130627
      106     0.00000025     0.99910688     0.00089287
      107     0.00000020     0.99884292     0.00115689
      108     0.00000013     0.99809065     0.00190922
      109     0.00000023     0.99754954     0.00245023
      110     0.00000028     0.99776221     0.00223751
      111     0.00000017     0.99857344     0.00142638
      112     0.00000016     0.99924685     0.00075299
      113     0.00000027     0.99914192     0.00085782
      114     0.00000025     0.99831168     0.00168807
      115     0.00000016     0.99744787     0.00255197
      116     0.00000020     0.99728533     0.00271447
      117     0.00000029     0.99797617     0.00202355
      118     0.00000023     0.99895760     0.00104217
      119     0.00000014     0.99943335     0.00056650
      120     0.00000019     0.99903513     0.00096468
