#     Density Matrix: population Re; see the manual for detail orders
        0     0.00000000     0.00000000     1.00000000
        1     0.00000005     0.00001104     0.99998891
        2     0.00000008     0.00009017     0.99990975
        3     0.00000013     0.00020405     0.99979582
        4     0.00000017     0.00029299     0.99970684
        5     0.00000023     0.00035213     0.99964764
        6     0.00000027     0.00049095     0.99950878
        7     0.00000031     0.00099037     0.99900932
        8     0.00000033     0.00249070     0.99750897
        9     0.00000035     0.00682210     0.99317755
       10     0.00000036     0.02074756     0.97925208
       11     0.00000017     0.52263058     0.47736925
       12     0.00000009     0.82091345     0.17908646
       13     0.00000050     0.28892342     0.71107608
       14     0.00000100     0.05483915     0.94515985
       15     0.00000006     0.01627242     0.98372752
       16     0.00000051     0.00745283     0.99254667
       17     0.00000027     0.00989010     0.99010963
       18     0.00000014     0.01538309     0.98461678
       19     0.00000023     0.02051034     0.97948943
       20     0.00000023     0.02409155     0.97590822
       21     0.00000020     0.02600353     0.97399626
       22     0.00000046     0.02651200     0.97348755
       23     0.00000021     0.02603555     0.97396424
       24     0.00000013     0.02499550     0.97500437
       25     0.00000022     0.02374334     0.97625643
       26     0.00000023     0.02255396     0.97744580
       27     0.00000016     0.02167593     0.97832392
       28     0.00000019     0.02126947     0.97873034
       29     0.00000033     0.02154630     0.97845337
       30     0.00000019     0.02270537     0.97729444
       31     0.00000011     0.02498971     0.97501018
       32     0.00000028     0.02925240     0.97074732
       33     0.00000021     0.03638320     0.96361659
       34     0.00000010     0.04831677     0.95168313
       35     0.00000026     0.07144978     0.92854996
       36     0.00000027     0.12102377     0.87897596
       37     0.00000015     0.23669571     0.76330414
       38     0.00000021     0.46328164     0.53671814
       39     0.00000025     0.73305658     0.26694317
       40     0.00000020     0.90706781     0.09293200
       41     0.00000027     0.97508980     0.02490993
       42     0.00000027     0.99447730     0.00552243
       43     0.00000018     0.99860788     0.00139194
       44     0.00000021     0.99824203     0.00175776
       45     0.00000026     0.99660875     0.00339099
       46     0.00000021     0.99473978     0.00526002
       47     0.00000017     0.99298043     0.00701939
       48     0.00000022     0.99144495     0.00855483
       49     0.00000022     0.99016402     0.00983576
       50     0.00000018     0.98913723     0.01086259
       51     0.00000018     0.98835276     0.01164705
       52     0.00000022     0.98779238     0.01220740
       53     0.00000021     0.98743633     0.01256346
       54     0.00000019     0.98726564     0.01273417
       55     0.00000023     0.98726075     0.01273903
       56     0.00000026     0.98739854     0.01260120
       57     0.00000028     0.98765145     0.01234827
       58     0.00000031     0.98799231     0.01200738
       59     0.00000037     0.98845764     0.01154199
       60     0.00000040     0.98892419     0.01107541
       61     0.00000046     0.98930363     0.01069591
       62     0.00000055     0.98960436     0.01039509
       63     0.00000068     0.98975616     0.01024316
       64     0.00000087     0.98965488     0.01034425
       65     0.00000092     0.98930961     0.01068947
       66     0.00000102     0.98872114     0.01127783
       67     0.00000135     0.98769332     0.01230533
       68     0.00000170     0.98620885     0.01378945
       69     0.00000170     0.98442349     0.01557482
       70     0.00000186     0.98245663     0.01754151
       71     0.00000214     0.98048391     0.01951395
       72     0.00000251     0.97881986     0.02117764
       73     0.00000257     0.97772596     0.02227147
       74     0.00000249     0.97734781     0.02264970
       75     0.00000257     0.97790039     0.02209704
       76     0.00000256     0.97950535     0.02049209
       77     0.00000225     0.98213404     0.01786371
       78     0.00000224     0.98556919     0.01442857
       79     0.00000251     0.98946396     0.01053353
       80     0.00000268     0.99331296     0.00668436
       81     0.00000273     0.99656132     0.00343596
       82     0.00000290     0.99872956     0.00126754
       83     0.00000325     0.99954085     0.00045590
       84     0.00000353     0.99901676     0.00097970
       85     0.00000376     0.99746793     0.00252831
       86     0.00000424     0.99547904     0.00451672
       87     0.00000403     0.99380456     0.00619140
       88     0.00000367     0.99300555     0.00699078
       89     0.00000369     0.99333251     0.00666380
       90     0.00000387     0.99466526     0.00533087
       91     0.00000389     0.99654568     0.00345042
       92     0.00000386     0.99835791     0.00163824
       93     0.00000418     0.99957799     0.00041783
       94     0.00000485     0.99994760     0.00004755
       95     0.00000480     0.99960928     0.00038592
       96     0.00000461     0.99897104     0.00102435
       97     0.00000488     0.99847770     0.00151742
       98     0.00000536     0.99840532     0.00158931
       99     0.00000583     0.99874744     0.00124672
      100     0.00000673     0.99926871     0.00072456
      101     0.00000748     0.99968318     0.00030934
      102     0.00000806     0.99982997     0.00016196
      103     0.00000887     0.99974453     0.00024660
      104     0.00000972     0.99959404     0.00039625
      105     0.00001054     0.99953579     0.00045367
      106     0.00001172     0.99961140     0.00037688
      107     0.00001342     0.99974828     0.00023830
      108     0.00001508     0.99984681     0.00013811
      109     0.00001658     0.99986695     0.00011647
      110     0.00001825     0.99984397     0.00013777
      111     0.00002158     0.99982486     0.00015355
      112     0.00002681     0.99983847     0.00013472
      113     0.00003307     0.99987203     0.00009490
      114     0.00003854     0.99989893     0.00006253
      115     0.00004425     0.99990246     0.00005329
      116     0.00005216     0.99989167     0.00005617
      117     0.00006383     0.99988313     0.00005303
      118     0.00008036     0.99987883     0.00004081
      119     0.00010232     0.99986857     0.00002911
      120     0.00013103     0.99984398     0.00002499
