#     Density Matrix: population Re; see the manual for detail orders
        0     0.00000000     0.00000000     1.00000000
        1     0.00000005     0.00000001     0.99999993
        2     0.00000004     0.00000151     0.99999845
        3     0.00000001     0.00001446     0.99998553
        4     0.00000001     0.00005089     0.99994910
        5     0.00000001     0.00011019     0.99988981
        6     0.00000004     0.00018545     0.99981450
        7     0.00000005     0.00029541     0.99970455
        8     0.00000009     0.00052337     0.99947654
        9     0.00000011     0.00106682     0.99893307
       10     0.00000014     0.00239254     0.99760731
       11     0.00000017     0.00584234     0.99415749
       12     0.00000020     0.01607687     0.98392293
       13     0.00000022     0.05139516     0.94860462
       14     0.00000011     0.58393301     0.41606689
       15     0.00000004     0.81978702     0.18021293
       16     0.00000057     0.34164472     0.65835471
       17     0.00000076     0.13803417     0.86196507
       18     0.00000006     0.08271692     0.91728302
       19     0.00000049     0.05939263     0.94060688
       20     0.00000018     0.05288184     0.94711798
       21     0.00000025     0.05425648     0.94574327
       22     0.00000036     0.05839754     0.94160209
       23     0.00000029     0.06251018     0.93748953
       24     0.00000035     0.06525492     0.93474473
       25     0.00000035     0.06616673     0.93383291
       26     0.00000035     0.06530309     0.93469656
       27     0.00000037     0.06298202     0.93701761
       28     0.00000033     0.05961576     0.94038391
       29     0.00000031     0.05561212     0.94438757
       30     0.00000032     0.05131866     0.94868101
       31     0.00000031     0.04701205     0.95298763
       32     0.00000035     0.04288611     0.95711353
       33     0.00000036     0.03906721     0.96093244
       34     0.00000032     0.03562584     0.96437384
       35     0.00000022     0.03259410     0.96740567
       36     0.00000034     0.02997745     0.97002221
       37     0.00000030     0.02776829     0.97223141
       38     0.00000018     0.02595907     0.97404075
       39     0.00000031     0.02454812     0.97545157
       40     0.00000031     0.02355713     0.97644256
       41     0.00000016     0.02305573     0.97694411
       42     0.00000016     0.02323754     0.97676229
       43     0.00000023     0.02464435     0.97535543
       44     0.00000017     0.02925693     0.97074291
       45     0.00000014     0.05260990     0.94738996
       46     0.00000021     0.43975847     0.56024132
       47     0.00000018     0.90534632     0.09465350
       48     0.00000015     0.95514877     0.04485108
       49     0.00000019     0.96215745     0.03784236
       50     0.00000022     0.96431643     0.03568335
       51     0.00000017     0.96506498     0.03493485
       52     0.00000017     0.96527369     0.03472614
       53     0.00000025     0.96526776     0.03473199
       54     0.00000023     0.96520040     0.03479937
       55     0.00000017     0.96514740     0.03485244
       56     0.00000019     0.96515354     0.03484627
       57     0.00000026     0.96523810     0.03476164
       58     0.00000025     0.96540469     0.03459505
       59     0.00000019     0.96564416     0.03435565
       60     0.00000022     0.96592979     0.03406999
       61     0.00000028     0.96622626     0.03377346
       62     0.00000028     0.96648800     0.03351173
       63     0.00000022     0.96666627     0.03333351
       64     0.00000020     0.96671496     0.03328484
       65     0.00000029     0.96660607     0.03339364
       66     0.00000033     0.96632341     0.03367626
       67     0.00000024     0.96587572     0.03412403
       68     0.00000023     0.96529967     0.03470010
       69     0.00000034     0.96464769     0.03535197
       70     0.00000034     0.96399337     0.03600629
       71     0.00000028     0.96341803     0.03658169
       72     0.00000033     0.96299463     0.03700504
       73     0.00000045     0.96278651     0.03721304
       74     0.00000049     0.96282675     0.03717276
       75     0.00000046     0.96311220     0.03688734
       76     0.00000048     0.96361754     0.03638198
       77     0.00000057     0.96428522     0.03571421
       78     0.00000065     0.96503263     0.03496673
       79     0.00000068     0.96576349     0.03423583
       80     0.00000069     0.96637488     0.03362442
       81     0.00000078     0.96678509     0.03321413
       82     0.00000088     0.96694927     0.03304985
       83     0.00000089     0.96686341     0.03313570
       84     0.00000087     0.96657400     0.03342513
       85     0.00000092     0.96618152     0.03381756
       86     0.00000097     0.96583035     0.03416868
       87     0.00000096     0.96569345     0.03430559
       88     0.00000095     0.96594957     0.03404948
       89     0.00000092     0.96675784     0.03324124
       90     0.00000092     0.96822245     0.03177663
       91     0.00000093     0.97037225     0.02962682
       92     0.00000096     0.97315347     0.02684558
       93     0.00000099     0.97640823     0.02359078
       94     0.00000103     0.97988411     0.02011486
       95     0.00000117     0.98328722     0.01671161
       96     0.00000144     0.98631910     0.01367947
       97     0.00000170     0.98871928     0.01127901
       98     0.00000198     0.99032286     0.00967516
       99     0.00000240     0.99108761     0.00890999
      100     0.00000292     0.99111920     0.00887788
      101     0.00000338     0.99063326     0.00936336
      102     0.00000374     0.98992197     0.01007429
      103     0.00000407     0.98928428     0.01071165
      104     0.00000430     0.98898035     0.01101535
      105     0.00000437     0.98917661     0.01081902
      106     0.00000434     0.98992389     0.01007177
      107     0.00000432     0.99116575     0.00882994
      108     0.00000439     0.99275383     0.00724178
      109     0.00000462     0.99447242     0.00552296
      110     0.00000487     0.99607630     0.00391883
      111     0.00000509     0.99733017     0.00266474
      112     0.00000548     0.99805774     0.00193677
      113     0.00000595     0.99819513     0.00179892
      114     0.00000641     0.99782232     0.00217127
      115     0.00000677     0.99714997     0.00284327
      116     0.00000697     0.99648062     0.00351241
      117     0.00000699     0.99611643     0.00387658
      118     0.00000692     0.99624770     0.00374538
      119     0.00000691     0.99688829     0.00310480
      120     0.00000703     0.99786549     0.00212748
