#     Density Matrix: population Re; see the manual for detail orders
        0     0.00000000     0.00000000     1.00000000
        1     0.00000008     0.00000024     0.99999968
        2     0.00000010     0.00000032     0.99999958
        3     0.00000018     0.00001358     0.99998624
        4     0.00000021     0.00009678     0.99990302
        5     0.00000029     0.00033139     0.99966832
        6     0.00000036     0.00081893     0.99918071
        7     0.00000037     0.00179908     0.99820055
        8     0.00000055     0.00413665     0.99586280
        9     0.00000038     0.01120592     0.98879370
       10     0.00000070     0.03768520     0.96231410
       11     0.00000031     0.15022180     0.84977789
       12     0.00000041     0.44781843     0.55218116
       13     0.00000004     0.58956358     0.41043639
       14     0.00000058     0.45663295     0.54336647
       15     0.00000035     0.32703486     0.67296479
       16     0.00000060     0.24707538     0.75292402
       17     0.00000097     0.20187955     0.79811948
       18     0.00000037     0.17812740     0.82187223
       19     0.00000049     0.16706173     0.83293778
       20     0.00000067     0.16310460     0.83689473
       21     0.00000032     0.16271592     0.83728376
       22     0.00000057     0.16375075     0.83624868
       23     0.00000062     0.16497517     0.83502421
       24     0.00000025     0.16567005     0.83432970
       25     0.00000055     0.16543175     0.83456770
       26     0.00000065     0.16389021     0.83610914
       27     0.00000025     0.16057779     0.83942196
       28     0.00000043     0.15487145     0.84512812
       29     0.00000060     0.14586535     0.85413405
       30     0.00000028     0.13207861     0.86792110
       31     0.00000027     0.11115495     0.88884478
       32     0.00000056     0.08005249     0.91994695
       33     0.00000040     0.03739671     0.96260288
       34     0.00000020     0.00239961     0.99760019
       35     0.00000044     0.05145883     0.94854073
       36     0.00000050     0.21023843     0.78976107
       37     0.00000023     0.37053447     0.62946530
       38     0.00000025     0.47994708     0.52005268
       39     0.00000041     0.54581251     0.45418708
       40     0.00000029     0.58526672     0.41473299
       41     0.00000015     0.61023989     0.38975997
       42     0.00000030     0.62724608     0.37275362
       43     0.00000040     0.63980557     0.36019403
       44     0.00000023     0.64983404     0.35016574
       45     0.00000018     0.65834477     0.34165505
       46     0.00000039     0.66590057     0.33409904
       47     0.00000043     0.67279252     0.32720706
       48     0.00000024     0.67915322     0.32084654
       49     0.00000027     0.68502189     0.31497784
       50     0.00000052     0.69038302     0.30961645
       51     0.00000052     0.69519018     0.30480930
       52     0.00000031     0.69937755     0.30062213
       53     0.00000041     0.70286413     0.29713546
       54     0.00000072     0.70559195     0.29440733
       55     0.00000065     0.70748874     0.29251060
       56     0.00000036     0.70850978     0.29148986
       57     0.00000045     0.70865007     0.29134948
       58     0.00000071     0.70793499     0.29206430
       59     0.00000061     0.70643913     0.29356026
       60     0.00000032     0.70429777     0.29570190
       61     0.00000032     0.70171693     0.29828274
       62     0.00000048     0.69893315     0.30106637
       63     0.00000044     0.69619471     0.30380484
       64     0.00000025     0.69377751     0.30622224
       65     0.00000016     0.69190846     0.30809138
       66     0.00000027     0.69074278     0.30925694
       67     0.00000051     0.69033556     0.30966393
       68     0.00000064     0.69062400     0.30937535
       69     0.00000061     0.69142534     0.30857405
       70     0.00000074     0.69245412     0.30754514
       71     0.00000134     0.69335656     0.30664210
       72     0.00000206     0.69375520     0.30624274
       73     0.00000230     0.69329884     0.30669886
       74     0.00000238     0.69171460     0.30828303
       75     0.00000307     0.68882069     0.31117624
       76     0.00000419     0.68458532     0.31541049
       77     0.00000471     0.67915452     0.32084078
       78     0.00000448     0.67280436     0.32719116
       79     0.00000453     0.66596988     0.33402559
       80     0.00000523     0.65922104     0.34077373
       81     0.00000555     0.65321745     0.34677700
       82     0.00000480     0.64868415     0.35131105
       83     0.00000372     0.64632183     0.35367445
       84     0.00000316     0.64670232     0.35329452
       85     0.00000287     0.65017336     0.34982377
       86     0.00000227     0.65674002     0.34325772
       87     0.00000149     0.66597920     0.33401931
       88     0.00000106     0.67699183     0.32300710
       89     0.00000124     0.68844514     0.31155361
       90     0.00000227     0.69870928     0.30128845
       91     0.00000427     0.70609355     0.29390218
       92     0.00000658     0.70916092     0.29083251
       93     0.00000824     0.70707059     0.29292117
       94     0.00000953     0.69987071     0.30011976
       95     0.00001126     0.68866119     0.31132755
       96     0.00001267     0.67553600     0.32445133
       97     0.00001197     0.66325763     0.33673040
       98     0.00000915     0.65468297     0.34530787
       99     0.00000604     0.65203005     0.34796392
      100     0.00000371     0.65616546     0.34383083
      101     0.00000206     0.66612873     0.33386921
      102     0.00000158     0.67917798     0.32082043
      103     0.00000285     0.69142358     0.30857357
      104     0.00000527     0.69882965     0.30116508
      105     0.00000796     0.69871690     0.30127513
      106     0.00001079     0.69098313     0.30900608
      107     0.00001289     0.67842039     0.32156672
      108     0.00001231     0.66604414     0.33394355
      109     0.00000843     0.65918280     0.34080877
      110     0.00000405     0.66101667     0.33897928
      111     0.00000160     0.67082856     0.32916985
      112     0.00000175     0.68386142     0.31613683
      113     0.00000520     0.69335924     0.30663556
      114     0.00001122     0.69410192     0.30588687
      115     0.00001580     0.68561886     0.31436533
      116     0.00001568     0.67295662     0.32702770
      117     0.00001211     0.66402400     0.33596388
      118     0.00000785     0.66462763     0.33536452
      119     0.00000531     0.67428570     0.32570900
      120     0.00000765     0.68612800     0.31386435
