#     Density Matrix: population Re; see the manual for detail orders
        0     0.00000000     0.00000000     1.00000000
        1     0.00000003     0.00000060     0.99999937
        2     0.00000001     0.00000310     0.99999689
        3     0.00000001     0.00000349     0.99999650
        4     0.00000001     0.00000397     0.99999601
        5     0.00000000     0.00000712     0.99999288
        6     0.00000003     0.00000973     0.99999023
        7     0.00000003     0.00000873     0.99999124
        8     0.00000007     0.00000947     0.99999046
        9     0.00000009     0.00002421     0.99997571
       10     0.00000013     0.00006672     0.99993315
       11     0.00000016     0.00015992     0.99983992
       12     0.00000020     0.00037318     0.99962662
       13     0.00000025     0.00094207     0.99905769
       14     0.00000029     0.00274462     0.99725509
       15     0.00000033     0.00982421     0.99017546
       16     0.00000035     0.04756186     0.95243779
       17     0.00000019     0.63906920     0.36093061
       18     0.00000005     0.57880003     0.42119992
       19     0.00000054     0.16533779     0.83466167
       20     0.00000031     0.07341967     0.92658002
       21     0.00000040     0.03553558     0.96446402
       22     0.00000051     0.01993472     0.98006476
       23     0.00000042     0.01402213     0.98597745
       24     0.00000050     0.01225409     0.98774542
       25     0.00000048     0.01207093     0.98792859
       26     0.00000044     0.01228829     0.98771127
       27     0.00000048     0.01238090     0.98761862
       28     0.00000050     0.01217713     0.98782237
       29     0.00000057     0.01157504     0.98842440
       30     0.00000053     0.01052985     0.98946961
       31     0.00000051     0.00909694     0.99090255
       32     0.00000051     0.00731443     0.99268506
       33     0.00000048     0.00527377     0.99472575
       34     0.00000046     0.00322456     0.99677498
       35     0.00000044     0.00195480     0.99804476
       36     0.00000039     0.00402878     0.99597083
       37     0.00000040     0.02192883     0.97807077
       38     0.00000040     0.11545268     0.88454693
       39     0.00000035     0.40039821     0.59960144
       40     0.00000037     0.71852784     0.28147179
       41     0.00000045     0.87157819     0.12842136
       42     0.00000050     0.93346751     0.06653199
       43     0.00000044     0.95969805     0.04030151
       44     0.00000044     0.97252243     0.02747713
       45     0.00000051     0.97953556     0.02046394
       46     0.00000051     0.98364808     0.01635141
       47     0.00000049     0.98613625     0.01386326
       48     0.00000054     0.98762693     0.01237253
       49     0.00000059     0.98845931     0.01154010
       50     0.00000059     0.98883131     0.01116810
       51     0.00000060     0.98886942     0.01112998
       52     0.00000062     0.98862887     0.01137051
       53     0.00000060     0.98818081     0.01181859
       54     0.00000074     0.98764304     0.01235623
       55     0.00000082     0.98706700     0.01293218
       56     0.00000074     0.98647845     0.01352081
       57     0.00000074     0.98592930     0.01406996
       58     0.00000086     0.98547199     0.01452715
       59     0.00000091     0.98515603     0.01484306
       60     0.00000080     0.98501890     0.01498030
       61     0.00000067     0.98510222     0.01489711
       62     0.00000078     0.98543241     0.01456680
       63     0.00000093     0.98601317     0.01398590
       64     0.00000084     0.98683689     0.01316227
       65     0.00000066     0.98788873     0.01211062
       66     0.00000075     0.98911753     0.01088172
       67     0.00000097     0.99046057     0.00953846
       68     0.00000101     0.99186955     0.00812944
       69     0.00000095     0.99328024     0.00671881
       70     0.00000105     0.99462720     0.00537175
       71     0.00000130     0.99584840     0.00415030
       72     0.00000148     0.99688868     0.00310984
       73     0.00000156     0.99769715     0.00230129
       74     0.00000189     0.99824977     0.00174834
       75     0.00000281     0.99848069     0.00151650
       76     0.00000327     0.99838487     0.00161186
       77     0.00000299     0.99798158     0.00201543
       78     0.00000296     0.99730370     0.00269334
       79     0.00000343     0.99637264     0.00362394
       80     0.00000361     0.99528149     0.00471491
       81     0.00000382     0.99423021     0.00576598
       82     0.00000385     0.99340342     0.00659273
       83     0.00000414     0.99295930     0.00703656
       84     0.00000417     0.99301861     0.00697722
       85     0.00000430     0.99362541     0.00637029
       86     0.00000402     0.99471353     0.00528245
       87     0.00000404     0.99612523     0.00387073
       88     0.00000489     0.99761008     0.00238504
       89     0.00000552     0.99888731     0.00110717
       90     0.00000524     0.99973353     0.00026123
       91     0.00000455     0.99998585     0.00000960
       92     0.00000501     0.99964946     0.00034553
       93     0.00000609     0.99890113     0.00109279
       94     0.00000647     0.99801762     0.00197591
       95     0.00000595     0.99730645     0.00268760
       96     0.00000542     0.99700642     0.00298816
       97     0.00000534     0.99720753     0.00278713
       98     0.00000532     0.99782537     0.00216931
       99     0.00000552     0.99863431     0.00136017
      100     0.00000597     0.99936462     0.00062941
      101     0.00000602     0.99979965     0.00019433
      102     0.00000593     0.99986076     0.00013331
      103     0.00000613     0.99963446     0.00035941
      104     0.00000668     0.99931387     0.00067946
      105     0.00000727     0.99909877     0.00089395
      106     0.00000770     0.99910068     0.00089161
      107     0.00000803     0.99930067     0.00069130
      108     0.00000872     0.99957873     0.00041256
      109     0.00001004     0.99979725     0.00019271
      110     0.00001102     0.99987494     0.00011404
      111     0.00001180     0.99982399     0.00016421
      112     0.00001315     0.99973234     0.00025451
      113     0.00001477     0.99968566     0.00029957
      114     0.00001714     0.99971848     0.00026438
      115     0.00001966     0.99980156     0.00017879
      116     0.00002175     0.99987361     0.00010464
      117     0.00002461     0.99989419     0.00008120
      118     0.00002828     0.99987212     0.00009960
      119     0.00003281     0.99984647     0.00012072
      120     0.00003755     0.99984765     0.00011481
