#     Density Matrix: population Re; see the manual for detail orders
        0     0.00000000     0.00000000     1.00000000
        1     0.00000000     0.00000115     0.99999885
        2     0.00000000     0.00000831     0.99999169
        3     0.00000000     0.00001530     0.99998470
        4     0.00000002     0.00001514     0.99998484
        5     0.00000003     0.00000794     0.99999203
        6     0.00000009     0.00000422     0.99999569
        7     0.00000011     0.00001900     0.99998089
        8     0.00000023     0.00005915     0.99994062
        9     0.00000027     0.00011825     0.99988148
       10     0.00000042     0.00019175     0.99980783
       11     0.00000047     0.00031855     0.99968098
       12     0.00000063     0.00066945     0.99932992
       13     0.00000064     0.00180871     0.99819065
       14     0.00000078     0.00583523     0.99416398
       15     0.00000073     0.02342293     0.97657635
       16     0.00000072     0.13580657     0.86419272
       17     0.00000027     0.58555677     0.41444296
       18     0.00000053     0.60942655     0.39057292
       19     0.00000150     0.34869335     0.65130515
       20     0.00000011     0.27580660     0.72419329
       21     0.00000168     0.23695633     0.76304198
       22     0.00000076     0.21845118     0.78154806
       23     0.00000049     0.21203906     0.78796045
       24     0.00000166     0.21260005     0.78739830
       25     0.00000020     0.21694082     0.78305899
       26     0.00000090     0.22310383     0.77689527
       27     0.00000132     0.22993233     0.77006635
       28     0.00000006     0.23671205     0.76328790
       29     0.00000110     0.24300214     0.75699676
       30     0.00000115     0.24840674     0.75159211
       31     0.00000004     0.25248982     0.74751014
       32     0.00000106     0.25466096     0.74533798
       33     0.00000115     0.25409074     0.74590811
       34     0.00000005     0.24963907     0.75036089
       35     0.00000082     0.23985873     0.76014045
       36     0.00000125     0.22300129     0.77699746
       37     0.00000016     0.19711889     0.80288095
       38     0.00000046     0.16170870     0.83829085
       39     0.00000132     0.12052922     0.87946946
       40     0.00000051     0.08324674     0.91675275
       41     0.00000010     0.07313183     0.92686808
       42     0.00000111     0.11881031     0.88118858
       43     0.00000100     0.23478035     0.76521865
       44     0.00000006     0.37353971     0.62646022
       45     0.00000051     0.47991886     0.52008063
       46     0.00000110     0.54827513     0.45172376
       47     0.00000039     0.59221264     0.40778697
       48     0.00000008     0.62260715     0.37739278
       49     0.00000090     0.64623575     0.35376336
       50     0.00000093     0.66773385     0.33226522
       51     0.00000011     0.69244196     0.30755793
       52     0.00000037     0.71800999     0.28198964
       53     0.00000122     0.74408760     0.25591118
       54     0.00000077     0.77004970     0.22994954
       55     0.00000006     0.79517935     0.20482059
       56     0.00000078     0.81882551     0.18117371
       57     0.00000145     0.84051157     0.15948698
       58     0.00000064     0.85997711     0.14002225
       59     0.00000014     0.87716332     0.12283655
       60     0.00000112     0.89216969     0.10782919
       61     0.00000158     0.90520008     0.09479835
       62     0.00000058     0.91650839     0.08349103
       63     0.00000020     0.92635583     0.07364397
       64     0.00000122     0.93498850     0.06501028
       65     0.00000162     0.94262302     0.05737536
       66     0.00000065     0.94943672     0.05056263
       67     0.00000017     0.95556202     0.04443781
       68     0.00000106     0.96109281     0.03890613
       69     0.00000172     0.96609014     0.03390815
       70     0.00000099     0.97058622     0.02941279
       71     0.00000020     0.97458864     0.02541117
       72     0.00000084     0.97809164     0.02190752
       73     0.00000202     0.98108756     0.01891042
       74     0.00000184     0.98357197     0.01642619
       75     0.00000068     0.98554558     0.01445374
       76     0.00000081     0.98701938     0.01297981
       77     0.00000249     0.98802068     0.01197683
       78     0.00000323     0.98859287     0.01140390
       79     0.00000194     0.98879072     0.01120734
       80     0.00000115     0.98867887     0.01131999
       81     0.00000273     0.98833684     0.01166043
       82     0.00000452     0.98786238     0.01213310
       83     0.00000382     0.98736666     0.01262952
       84     0.00000201     0.98696599     0.01303200
       85     0.00000233     0.98677329     0.01322438
       86     0.00000454     0.98688817     0.01310729
       87     0.00000540     0.98738149     0.01261312
       88     0.00000374     0.98827994     0.01171632
       89     0.00000219     0.98955818     0.01043963
       90     0.00000000     1.00000000     0.00000000
       91     0.00000607     0.99987605     0.00011789
       92     0.00001624     0.99950362     0.00048014
       93     0.00001653     0.99891701     0.00106646
       94     0.00000646     0.99818652     0.00180702
       95     0.00000014     0.99741422     0.00258564
       96     0.00000677     0.99673626     0.00325697
       97     0.00001800     0.99630728     0.00367472
       98     0.00001942     0.99625386     0.00372672
       99     0.00000945     0.99662117     0.00336938
      100     0.00000074     0.99734441     0.00265485
      101     0.00000414     0.99826045     0.00173541
      102     0.00001604     0.99914877     0.00083519
      103     0.00002291     0.99978083     0.00019626
      104     0.00001680     0.99997491     0.00000829
      105     0.00000479     0.99965673     0.00033848
      106     0.00000144     0.99890956     0.00108900
      107     0.00001152     0.99798037     0.00200811
      108     0.00002396     0.99721340     0.00276264
      109     0.00002502     0.99692005     0.00305492
      110     0.00001398     0.99723954     0.00274647
      111     0.00000296     0.99805790     0.00193915
      112     0.00000366     0.99903630     0.00096005
      113     0.00001639     0.99974920     0.00023441
      114     0.00002968     0.99987888     0.00009143
      115     0.00003065     0.99937951     0.00058984
      116     0.00001834     0.99852266     0.00145900
      117     0.00000580     0.99777959     0.00221461
      118     0.00000658     0.99757573     0.00241769
      119     0.00002130     0.99803871     0.00193999
      120     0.00003835     0.99889504     0.00106660
