#     Density Matrix: population Re; see the manual for detail orders
        0     0.00000000     0.00000000     1.00000000
        1     0.00000006     0.00000040     0.99999955
        2     0.00000007     0.00000182     0.99999811
        3     0.00000014     0.00000171     0.99999816
        4     0.00000015     0.00000223     0.99999763
        5     0.00000020     0.00000575     0.99999404
        6     0.00000022     0.00001201     0.99998777
        7     0.00000025     0.00002157     0.99997817
        8     0.00000027     0.00004403     0.99995570
        9     0.00000030     0.00012098     0.99987872
       10     0.00000032     0.00046343     0.99953626
       11     0.00000033     0.00316511     0.99683456
       12     0.00000018     0.67863303     0.32136679
       13     0.00000004     0.38236153     0.61763843
       14     0.00000109     0.00039211     0.99960680
       15     0.00000024     0.00052335     0.99947641
       16     0.00000038     0.00084029     0.99915933
       17     0.00000046     0.00095700     0.99904254
       18     0.00000031     0.00093827     0.99906142
       19     0.00000045     0.00085293     0.99914662
       20     0.00000042     0.00074293     0.99925665
       21     0.00000036     0.00062977     0.99936987
       22     0.00000036     0.00052312     0.99947652
       23     0.00000040     0.00042598     0.99957363
       24     0.00000041     0.00033885     0.99966074
       25     0.00000044     0.00026073     0.99973883
       26     0.00000029     0.00018823     0.99981147
       27     0.00000038     0.00012181     0.99987781
       28     0.00000044     0.00006367     0.99993589
       29     0.00000023     0.00001741     0.99998236
       30     0.00000030     0.00000337     0.99999633
       31     0.00000044     0.00007835     0.99992121
       32     0.00000028     0.00045890     0.99954082
       33     0.00000023     0.00223941     0.99776036
       34     0.00000030     0.02053086     0.97946883
       35     0.00000017     0.38228395     0.61771587
       36     0.00000010     0.85873082     0.14126907
       37     0.00000032     0.91588200     0.08411768
       38     0.00000025     0.92843684     0.07156290
       39     0.00000008     0.93391235     0.06608757
       40     0.00000015     0.93700814     0.06299170
       41     0.00000022     0.93903471     0.06096507
       42     0.00000011     0.94049905     0.05950084
       43     0.00000006     0.94163589     0.05836405
       44     0.00000014     0.94257144     0.05742842
       45     0.00000013     0.94337984     0.05662003
       46     0.00000005     0.94410907     0.05589088
       47     0.00000006     0.94478755     0.05521239
       48     0.00000011     0.94543737     0.05456252
       49     0.00000008     0.94606972     0.05393020
       50     0.00000004     0.94669185     0.05330811
       51     0.00000007     0.94730731     0.05269262
       52     0.00000009     0.94791776     0.05208215
       53     0.00000007     0.94852091     0.05147902
       54     0.00000005     0.94911377     0.05088618
       55     0.00000008     0.94968989     0.05031004
       56     0.00000010     0.95024373     0.04975617
       57     0.00000007     0.95077094     0.04922899
       58     0.00000006     0.95126710     0.04873284
       59     0.00000009     0.95173038     0.04826953
       60     0.00000010     0.95216064     0.04783926
       61     0.00000008     0.95256129     0.04743863
       62     0.00000007     0.95293794     0.04706199
       63     0.00000010     0.95329976     0.04670015
       64     0.00000011     0.95365748     0.04634241
       65     0.00000009     0.95402352     0.04597639
       66     0.00000008     0.95440983     0.04559009
       67     0.00000010     0.95482560     0.04517430
       68     0.00000012     0.95527750     0.04472238
       69     0.00000009     0.95576831     0.04423161
       70     0.00000003     0.95628977     0.04371020
       71     0.00000004     0.95682674     0.04317322
       72     0.00000009     0.95736869     0.04263122
       73     0.00000009     0.95789611     0.04210380
       74     0.00000004     0.95839086     0.04160909
       75     0.00000004     0.95883721     0.04116275
       76     0.00000009     0.95922521     0.04077470
       77     0.00000011     0.95955452     0.04044538
       78     0.00000006     0.95983375     0.04016618
       79     0.00000005     0.96008211     0.03991785
       80     0.00000009     0.96032481     0.03967511
       81     0.00000012     0.96059185     0.03940802
       82     0.00000009     0.96091170     0.03908821
       83     0.00000006     0.96130479     0.03869515
       84     0.00000009     0.96178018     0.03821972
       85     0.00000014     0.96233128     0.03766859
       86     0.00000011     0.96293624     0.03706365
       87     0.00000007     0.96355935     0.03644058
       88     0.00000009     0.96416038     0.03583954
       89     0.00000013     0.96469992     0.03529995
       90     0.00000013     0.96515220     0.03484767
       91     0.00000009     0.96551181     0.03448810
       92     0.00000012     0.96585518     0.03414470
       93     0.00000032     0.96618491     0.03381477
       94     0.00000042     0.96649587     0.03350370
       95     0.00000030     0.96690766     0.03309204
       96     0.00000020     0.96746749     0.03253232
       97     0.00000036     0.96819236     0.03180728
       98     0.00000057     0.96905865     0.03094078
       99     0.00000045     0.96997722     0.03002233
      100     0.00000045     0.97087959     0.02911996
      101     0.00000080     0.97171160     0.02828759
      102     0.00000106     0.97240383     0.02759511
      103     0.00000093     0.97298857     0.02701049
      104     0.00000077     0.97359006     0.02640917
      105     0.00000091     0.97440631     0.02559278
      106     0.00000118     0.97567173     0.02432709
      107     0.00000124     0.97757220     0.02242655
      108     0.00000114     0.98016773     0.01983113
      109     0.00000114     0.98332798     0.01667088
      110     0.00000136     0.98673111     0.01326753
      111     0.00000168     0.98992482     0.01007350
      112     0.00000190     0.99244668     0.00755142
      113     0.00000196     0.99396253     0.00603551
      114     0.00000182     0.99443153     0.00556665
      115     0.00000194     0.99403655     0.00596151
      116     0.00000245     0.99319625     0.00680129
      117     0.00000295     0.99239225     0.00760480
      118     0.00000312     0.99200219     0.00799469
      119     0.00000308     0.99218706     0.00780986
      120     0.00000312     0.99287745     0.00711943
