#     Density Matrix: population Re; see the manual for detail orders
        0     0.00000000     0.00000000     1.00000000
        1     0.00000003     0.00000740     0.99999257
        2     0.00000006     0.00007311     0.99992683
        3     0.00000012     0.00021532     0.99978456
        4     0.00000016     0.00040890     0.99959094
        5     0.00000025     0.00062667     0.99937308
        6     0.00000033     0.00095109     0.99904858
        7     0.00000040     0.00181363     0.99818597
        8     0.00000054     0.00463530     0.99536416
        9     0.00000052     0.01424818     0.98575131
       10     0.00000072     0.05048311     0.94951618
       11     0.00000047     0.19670887     0.80329067
       12     0.00000036     0.50588602     0.49411362
       13     0.00000039     0.55008317     0.44991644
       14     0.00000134     0.36142263     0.63857603
       15     0.00000100     0.26493926     0.73505973
       16     0.00000068     0.22447929     0.77552003
       17     0.00000001     0.20920350     0.79079650
       18     0.00000077     0.19842916     0.80157007
       19     0.00000036     0.19219376     0.80780588
       20     0.00000015     0.18992220     0.81007764
       21     0.00000083     0.19069302     0.80930615
       22     0.00000013     0.19346880     0.80653107
       23     0.00000040     0.19726899     0.80273061
       24     0.00000084     0.20127573     0.79872343
       25     0.00000004     0.20488984     0.79511013
       26     0.00000054     0.20773589     0.79226357
       27     0.00000078     0.20962783     0.79037140
       28     0.00000001     0.21052505     0.78947494
       29     0.00000060     0.21048726     0.78951214
       30     0.00000084     0.20963766     0.79036150
       31     0.00000003     0.20813409     0.79186587
       32     0.00000052     0.20615012     0.79384936
       33     0.00000090     0.20387021     0.79612890
       34     0.00000010     0.20150457     0.79849533
       35     0.00000034     0.19932875     0.80067091
       36     0.00000093     0.19777865     0.80222041
       37     0.00000028     0.19770099     0.80229874
       38     0.00000012     0.20107541     0.79892446
       39     0.00000088     0.21341017     0.78658895
       40     0.00000058     0.25202601     0.74797341
       41     0.00000000     0.36029465     0.63970535
       42     0.00000067     0.54884694     0.45115240
       43     0.00000089     0.69802886     0.30197025
       44     0.00000010     0.76123467     0.23876522
       45     0.00000031     0.78661519     0.21338451
       46     0.00000098     0.79914782     0.20085120
       47     0.00000044     0.80660878     0.19339077
       48     0.00000003     0.81172841     0.18827156
       49     0.00000083     0.81564466     0.18435451
       50     0.00000096     0.81890582     0.18109322
       51     0.00000011     0.82180528     0.17819461
       52     0.00000036     0.82451017     0.17548947
       53     0.00000124     0.82712011     0.17287865
       54     0.00000075     0.82969105     0.17030820
       55     0.00000004     0.83224509     0.16775487
       56     0.00000088     0.83478118     0.16521794
       57     0.00000154     0.83728272     0.16271573
       58     0.00000057     0.83971924     0.16028019
       59     0.00000022     0.84205487     0.15794491
       60     0.00000152     0.84423521     0.15576327
       61     0.00000180     0.84617090     0.15382729
       62     0.00000051     0.84782391     0.15217558
       63     0.00000060     0.84916704     0.15083236
       64     0.00000217     0.85011903     0.14987880
       65     0.00000202     0.85066057     0.14933740
       66     0.00000054     0.85084296     0.14915650
       67     0.00000098     0.85068482     0.14931420
       68     0.00000256     0.85024793     0.14974952
       69     0.00000206     0.84968871     0.15030923
       70     0.00000051     0.84916013     0.15083936
       71     0.00000096     0.84883471     0.15116434
       72     0.00000232     0.84892147     0.15107621
       73     0.00000183     0.84963563     0.15036254
       74     0.00000041     0.85115458     0.14884501
       75     0.00000045     0.85359841     0.14640113
       76     0.00000149     0.85700708     0.14299143
       77     0.00000166     0.86131701     0.13868133
       78     0.00000077     0.86634192     0.13365731
       79     0.00000015     0.87176751     0.12823234
       80     0.00000088     0.87716784     0.12283128
       81     0.00000247     0.88203913     0.11795840
       82     0.00000288     0.88584604     0.11415108
       83     0.00000166     0.88807376     0.11192458
       84     0.00000171     0.88831877     0.11167952
       85     0.00000466     0.88634587     0.11364947
       86     0.00000692     0.88216671     0.11782636
       87     0.00000548     0.87605613     0.12393839
       88     0.00000376     0.86857526     0.13142098
       89     0.00000586     0.86054851     0.13944563
       90     0.00000891     0.85299103     0.14700006
       91     0.00000793     0.84698199     0.15301008
       92     0.00000436     0.84349757     0.15649808
       93     0.00000305     0.84322935     0.15676760
       94     0.00000439     0.84641197     0.15358365
       95     0.00000526     0.85269416     0.14730058
       96     0.00000449     0.86109603     0.13889948
       97     0.00000313     0.87013217     0.12986470
       98     0.00000261     0.87795717     0.12204021
       99     0.00000493     0.88276649     0.11722858
      100     0.00001008     0.88331075     0.11667917
      101     0.00001358     0.87927680     0.12070961
      102     0.00001212     0.87151509     0.12847279
      103     0.00000930     0.86199263     0.13799806
      104     0.00001001     0.85338121     0.14660878
      105     0.00001227     0.84839612     0.15159161
      106     0.00001104     0.84882517     0.15116379
      107     0.00000713     0.85474549     0.14524738
      108     0.00000434     0.86424110     0.13575457
      109     0.00000411     0.87383006     0.12616582
      110     0.00000750     0.87972257     0.12026993
      111     0.00001464     0.87934572     0.12063963
      112     0.00002061     0.87268744     0.12729194
      113     0.00001986     0.86263826     0.13734188
      114     0.00001476     0.85396464     0.14602060
      115     0.00001118     0.85108426     0.14890456
      116     0.00001045     0.85560737     0.14438218
      117     0.00001204     0.86512823     0.13485972
      118     0.00001712     0.87420763     0.12577526
      119     0.00002373     0.87739124     0.12258503
      120     0.00002774     0.87270677     0.12726549
