#     Density Matrix: population Re; see the manual for detail orders
        0     0.00000000     0.00000000     1.00000000
        1     0.00000000     0.00000384     0.99999616
        2     0.00000001     0.00002616     0.99997382
        3     0.00000004     0.00004169     0.99995828
        4     0.00000010     0.00003672     0.99996318
        5     0.00000018     0.00003383     0.99996599
        6     0.00000033     0.00005583     0.99994385
        7     0.00000044     0.00009086     0.99990870
        8     0.00000062     0.00012653     0.99987285
        9     0.00000071     0.00023317     0.99976611
       10     0.00000087     0.00066650     0.99933263
       11     0.00000090     0.00212237     0.99787673
       12     0.00000099     0.00694127     0.99305774
       13     0.00000093     0.02683652     0.97316255
       14     0.00000183     0.35247796     0.64752021
       15     0.00000041     0.77869088     0.22130871
       16     0.00000304     0.41503839     0.58495857
       17     0.00000190     0.29468999     0.70530811
       18     0.00000106     0.25986138     0.74013756
       19     0.00000316     0.24011610     0.75988074
       20     0.00000075     0.23204359     0.76795566
       21     0.00000226     0.23202484     0.76797290
       22     0.00000244     0.23683618     0.76316138
       23     0.00000068     0.24393328     0.75606604
       24     0.00000291     0.25152661     0.74847047
       25     0.00000114     0.26031280     0.73968605
       26     0.00000067     0.26833977     0.73165956
       27     0.00000258     0.27289794     0.72709947
       28     0.00000059     0.27530776     0.72469166
       29     0.00000056     0.27645783     0.72354161
       30     0.00000183     0.27692865     0.72306952
       31     0.00000056     0.27708575     0.72291369
       32     0.00000045     0.27711674     0.72288280
       33     0.00000129     0.27711940     0.72287931
       34     0.00000061     0.27714661     0.72285278
       35     0.00000045     0.27723650     0.72276305
       36     0.00000100     0.27744814     0.72255086
       37     0.00000077     0.27783547     0.72216376
       38     0.00000066     0.27846854     0.72153081
       39     0.00000089     0.27945555     0.72054356
       40     0.00000093     0.28090854     0.71909053
       41     0.00000111     0.28289194     0.71710694
       42     0.00000070     0.28543959     0.71455970
       43     0.00000072     0.28867558     0.71132370
       44     0.00000102     0.29241789     0.70758109
       45     0.00000040     0.29616076     0.70383884
       46     0.00000044     0.29935569     0.70064387
       47     0.00000100     0.30093984     0.69905915
       48     0.00000026     0.29939091     0.70060883
       49     0.00000036     0.29276679     0.70723285
       50     0.00000112     0.27882395     0.72117493
       51     0.00000023     0.25560836     0.74439141
       52     0.00000048     0.22249061     0.77750891
       53     0.00000113     0.18305184     0.81694702
       54     0.00000008     0.15190892     0.84809100
       55     0.00000084     0.17264660     0.82735256
       56     0.00000115     0.35665956     0.64333929
       57     0.00000005     0.77680448     0.22319547
       58     0.00000029     0.93335921     0.06664049
       59     0.00000023     0.65758780     0.34241196
       60     0.00000112     0.44032162     0.55967726
       61     0.00000016     0.36910121     0.63089863
       62     0.00000064     0.37882218     0.62117718
       63     0.00000073     0.41736813     0.58263115
       64     0.00000010     0.45338428     0.54661562
       65     0.00000098     0.47226024     0.52773879
       66     0.00000009     0.47255084     0.52744907
       67     0.00000064     0.46157125     0.53842811
       68     0.00000027     0.44934674     0.55065300
       69     0.00000041     0.44319739     0.55680220
       70     0.00000050     0.44472506     0.55527444
       71     0.00000026     0.45039038     0.54960937
       72     0.00000078     0.45515529     0.54484393
       73     0.00000013     0.45601865     0.54398122
       74     0.00000062     0.45377837     0.54622100
       75     0.00000012     0.45120991     0.54878998
       76     0.00000058     0.45035887     0.54964055
       77     0.00000012     0.45114183     0.54885805
       78     0.00000053     0.45219741     0.54780206
       79     0.00000018     0.45249730     0.54750253
       80     0.00000055     0.45249404     0.54750541
       81     0.00000020     0.45277655     0.54722325
       82     0.00000039     0.45308401     0.54691560
       83     0.00000033     0.45247711     0.54752256
       84     0.00000034     0.45095105     0.54904861
       85     0.00000023     0.45009847     0.54990131
       86     0.00000044     0.45165132     0.54834823
       87     0.00000032     0.45468353     0.54531615
       88     0.00000020     0.45591220     0.54408760
       89     0.00000051     0.45330618     0.54669331
       90     0.00000037     0.44890982     0.55108981
       91     0.00000020     0.44746839     0.55253141
       92     0.00000043     0.45143618     0.54856339
       93     0.00000044     0.45751137     0.54248819
       94     0.00000009     0.45930926     0.54069065
       95     0.00000049     0.45389099     0.54610852
       96     0.00000050     0.44570681     0.55429269
       97     0.00000007     0.44293713     0.55706281
       98     0.00000037     0.44943602     0.55056361
       99     0.00000053     0.46029527     0.53970420
      100     0.00000022     0.46549250     0.53450728
      101     0.00000027     0.45921581     0.54078392
      102     0.00000090     0.44556427     0.55443483
      103     0.00000016     0.43589183     0.56410801
      104     0.00000023     0.43929891     0.56070086
      105     0.00000058     0.45464609     0.54535333
      106     0.00000051     0.47063326     0.52936623
      107     0.00000003     0.47436994     0.52563003
      108     0.00000059     0.46191055     0.53808886
      109     0.00000071     0.44151445     0.55848484
      110     0.00000007     0.42752798     0.57247195
      111     0.00000031     0.43013438     0.56986530
      112     0.00000075     0.44804851     0.55195074
      113     0.00000034     0.46968263     0.53031704
      114     0.00000008     0.48102673     0.51897319
      115     0.00000068     0.47524469     0.52475463
      116     0.00000064     0.45673122     0.54326813
      117     0.00000013     0.43730398     0.56269589
      118     0.00000033     0.42817376     0.57182592
      119     0.00000105     0.43326523     0.56673372
      120     0.00000054     0.44757122     0.55242824
