#     Density Matrix: population Re; see the manual for detail orders
        0     0.00000000     0.00000000     1.00000000
        1     0.00000005     0.00000590     0.99999405
        2     0.00000007     0.00005404     0.99994589
        3     0.00000021     0.00014102     0.99985877
        4     0.00000022     0.00022822     0.99977156
        5     0.00000047     0.00029034     0.99970919
        6     0.00000046     0.00039308     0.99960646
        7     0.00000077     0.00078175     0.99921749
        8     0.00000071     0.00200949     0.99798980
        9     0.00000098     0.00531319     0.99468583
       10     0.00000090     0.01401659     0.98598250
       11     0.00000097     0.03878994     0.96120910
       12     0.00000089     0.11379921     0.88619990
       13     0.00000120     0.36478640     0.63521240
       14     0.00000038     0.57803105     0.42196857
       15     0.00000112     0.50358356     0.49641532
       16     0.00000125     0.41718048     0.58281828
       17     0.00000015     0.36929607     0.63070379
       18     0.00000175     0.33083860     0.66915965
       19     0.00000070     0.30644291     0.69355639
       20     0.00000048     0.29696744     0.70303207
       21     0.00000164     0.30142547     0.69857289
       22     0.00000034     0.31820818     0.68179148
       23     0.00000078     0.34579247     0.65420675
       24     0.00000127     0.38304765     0.61695108
       25     0.00000028     0.42920152     0.57079820
       26     0.00000099     0.48395179     0.51604722
       27     0.00000116     0.54628460     0.45371425
       28     0.00000031     0.61425383     0.38574585
       29     0.00000100     0.68523224     0.31476676
       30     0.00000111     0.75489102     0.24510787
       31     0.00000042     0.81840497     0.18159461
       32     0.00000074     0.87181038     0.12818888
       33     0.00000120     0.87167368     0.12832511
       34     0.00000045     0.87078502     0.12921453
       35     0.00000034     0.86943866     0.13056099
       36     0.00000091     0.86809507     0.13190402
       37     0.00000071     0.86700092     0.13299837
       38     0.00000031     0.86617781     0.13382188
       39     0.00000056     0.86540072     0.13459872
       40     0.00000068     0.86413867     0.13586065
       41     0.00000051     0.86187013     0.13812937
       42     0.00000058     0.85833616     0.14166327
       43     0.00000055     0.85374455     0.14625490
       44     0.00000047     0.84909325     0.15090628
       45     0.00000059     0.84532629     0.15467312
       46     0.00000058     0.84304235     0.15695708
       47     0.00000040     0.84327137     0.15672823
       48     0.00000045     0.84675186     0.15324769
       49     0.00000061     0.85386978     0.14612961
       50     0.00000053     0.86499464     0.13500482
       51     0.00000040     0.88012824     0.11987136
       52     0.00000043     0.89832677     0.10167280
       53     0.00000057     0.91647383     0.08352560
       54     0.00000063     0.93285376     0.06714561
       55     0.00000034     0.94523399     0.05476567
       56     0.00000036     0.95032715     0.04967248
       57     0.00000081     0.94229131     0.05770789
       58     0.00000053     0.91213364     0.08786583
       59     0.00000020     0.85027854     0.14972126
       60     0.00000097     0.75550105     0.24449798
       61     0.00000100     0.65515021     0.34484879
       62     0.00000017     0.62717730     0.37282253
       63     0.00000041     0.70373899     0.29626060
       64     0.00000108     0.80575850     0.19424043
       65     0.00000062     0.88217122     0.11782816
       66     0.00000028     0.93211476     0.06788496
       67     0.00000063     0.96325264     0.03674673
       68     0.00000053     0.98086928     0.01913019
       69     0.00000046     0.98839337     0.01160618
       70     0.00000055     0.98892921     0.01107023
       71     0.00000037     0.98597333     0.01402630
       72     0.00000054     0.98292442     0.01707504
       73     0.00000050     0.98185668     0.01814282
       74     0.00000037     0.98305520     0.01694443
       75     0.00000051     0.98549462     0.01450487
       76     0.00000041     0.98784682     0.01215277
       77     0.00000051     0.98922550     0.01077399
       78     0.00000041     0.98953871     0.01046088
       79     0.00000041     0.98937044     0.01062915
       80     0.00000059     0.98937554     0.01062387
       81     0.00000042     0.98982503     0.01017455
       82     0.00000000     1.00000000     0.00000000
       83     0.00000002     0.99999852     0.00000146
       84     0.00000004     0.99999698     0.00000299
       85     0.00000001     0.99999687     0.00000312
       86     0.00000001     0.99999496     0.00000503
       87     0.00000004     0.99998872     0.00001124
       88     0.00000004     0.99998473     0.00001523
       89     0.00000001     0.99998737     0.00001262
       90     0.00000005     0.99999476     0.00000519
       91     0.00000008     0.99999910     0.00000082
       92     0.00000004     0.99999109     0.00000888
       93     0.00000004     0.99997278     0.00002718
       94     0.00000011     0.99995966     0.00004024
       95     0.00000009     0.99996576     0.00003414
       96     0.00000005     0.99998536     0.00001459
       97     0.00000011     0.99999488     0.00000501
       98     0.00000016     0.99997703     0.00002281
       99     0.00000010     0.99994045     0.00005945
      100     0.00000009     0.99991495     0.00008496
      101     0.00000018     0.99992292     0.00007690
      102     0.00000017     0.99995407     0.00004576
      103     0.00000011     0.99997132     0.00002857
      104     0.00000016     0.99994568     0.00005417
      105     0.00000023     0.99988685     0.00011292
      106     0.00000018     0.99983756     0.00016226
      107     0.00000013     0.99983472     0.00016515
      108     0.00000022     0.99987364     0.00012614
      109     0.00000028     0.99990805     0.00009167
      110     0.00000019     0.99989388     0.00010593
      111     0.00000016     0.99982845     0.00017139
      112     0.00000026     0.99975495     0.00024479
      113     0.00000029     0.99972482     0.00027489
      114     0.00000020     0.99975477     0.00024503
      115     0.00000017     0.99981330     0.00018652
      116     0.00000027     0.99984656     0.00015317
      117     0.00000029     0.99982184     0.00017787
      118     0.00000019     0.99975164     0.00024817
      119     0.00000015     0.99968321     0.00031664
      120     0.00000025     0.99966838     0.00033136
