#     Density Matrix: population Re; see the manual for detail orders
        0     0.00000000     0.00000000     1.00000000
        1     0.00000000     0.00000354     0.99999646
        2     0.00000001     0.00002490     0.99997510
        3     0.00000002     0.00004060     0.99995938
        4     0.00000004     0.00003324     0.99996672
        5     0.00000006     0.00001538     0.99998456
        6     0.00000008     0.00000549     0.99999442
        7     0.00000011     0.00000350     0.99999639
        8     0.00000014     0.00000128     0.99999858
        9     0.00000017     0.00000051     0.99999932
       10     0.00000020     0.00000912     0.99999068
       11     0.00000023     0.00003103     0.99996874
       12     0.00000026     0.00006898     0.99993076
       13     0.00000030     0.00014102     0.99985868
       14     0.00000034     0.00031838     0.99968128
       15     0.00000038     0.00086610     0.99913351
       16     0.00000042     0.00302954     0.99697004
       17     0.00000045     0.01635253     0.98364702
       18     0.00000026     0.58343166     0.41656808
       19     0.00000011     0.59036879     0.40963110
       20     0.00000085     0.09355602     0.90644313
       21     0.00000057     0.04359836     0.95640106
       22     0.00000043     0.02407333     0.97592624
       23     0.00000073     0.01561870     0.98438057
       24     0.00000056     0.01187466     0.98812478
       25     0.00000065     0.01018063     0.98981871
       26     0.00000074     0.00930161     0.99069766
       27     0.00000062     0.00863920     0.99136018
       28     0.00000060     0.00791158     0.99208782
       29     0.00000076     0.00697477     0.99302447
       30     0.00000070     0.00571544     0.99428386
       31     0.00000066     0.00413392     0.99586542
       32     0.00000071     0.00242744     0.99757185
       33     0.00000067     0.00101666     0.99898267
       34     0.00000059     0.00119954     0.99879988
       35     0.00000051     0.00732203     0.99267746
       36     0.00000055     0.03325784     0.96674161
       37     0.00000054     0.11180774     0.88819172
       38     0.00000048     0.28308629     0.71691324
       39     0.00000049     0.49622776     0.50377175
       40     0.00000051     0.65519523     0.34480426
       41     0.00000040     0.75881553     0.24118408
       42     0.00000043     0.83268895     0.16731063
       43     0.00000071     0.89017203     0.10982726
       44     0.00000063     0.92938522     0.07061415
       45     0.00000043     0.95426386     0.04573571
       46     0.00000054     0.96890995     0.03108950
       47     0.00000068     0.97668373     0.02331560
       48     0.00000057     0.97999222     0.02000721
       49     0.00000051     0.98070144     0.01929805
       50     0.00000066     0.97992486     0.02007448
       51     0.00000076     0.97847697     0.02152227
       52     0.00000063     0.97671201     0.02328736
       53     0.00000063     0.97490470     0.02509467
       54     0.00000075     0.97337955     0.02661969
       55     0.00000081     0.97229998     0.02769920
       56     0.00000071     0.97188971     0.02810958
       57     0.00000072     0.97220791     0.02779136
       58     0.00000090     0.97302280     0.02697630
       59     0.00000094     0.97431549     0.02568356
       60     0.00000089     0.97614412     0.02385499
       61     0.00000094     0.97848912     0.02150995
       62     0.00000113     0.98107717     0.01892170
       63     0.00000126     0.98368657     0.01631217
       64     0.00000130     0.98607688     0.01392181
       65     0.00000141     0.98793620     0.01206239
       66     0.00000165     0.98905431     0.01094404
       67     0.00000191     0.98919062     0.01080746
       68     0.00000214     0.98817432     0.01182354
       69     0.00000234     0.98594432     0.01405334
       70     0.00000253     0.98258710     0.01741038
       71     0.00000286     0.97837080     0.02162634
       72     0.00000315     0.97373480     0.02626205
       73     0.00000318     0.96925958     0.03073724
       74     0.00000303     0.96562874     0.03436822
       75     0.00000304     0.96352288     0.03647408
       76     0.00000314     0.96346260     0.03653426
       77     0.00000306     0.96573992     0.03425702
       78     0.00000285     0.97026115     0.02973601
       79     0.00000271     0.97648199     0.02351530
       80     0.00000275     0.98347377     0.01652348
       81     0.00000291     0.99013270     0.00986439
       82     0.00000314     0.99533778     0.00465908
       83     0.00000344     0.99829945     0.00169711
       84     0.00000367     0.99880197     0.00119436
       85     0.00000393     0.99725802     0.00273805
       86     0.00000413     0.99462262     0.00537325
       87     0.00000411     0.99208598     0.00790991
       88     0.00000390     0.99068420     0.00931191
       89     0.00000365     0.99094993     0.00904642
       90     0.00000336     0.99275042     0.00724621
       91     0.00000302     0.99538361     0.00461338
       92     0.00000295     0.99789877     0.00209828
       93     0.00000332     0.99951535     0.00048134
       94     0.00000355     0.99993869     0.00005776
       95     0.00000337     0.99942555     0.00057108
       96     0.00000302     0.99858685     0.00141013
       97     0.00000284     0.99804521     0.00195195
       98     0.00000283     0.99811798     0.00187920
       99     0.00000280     0.99870556     0.00129164
      100     0.00000269     0.99942799     0.00056932
      101     0.00000252     0.99990301     0.00009447
      102     0.00000239     0.99997950     0.00001811
      103     0.00000254     0.99978415     0.00021330
      104     0.00000275     0.99957736     0.00041989
      105     0.00000275     0.99954688     0.00045037
      106     0.00000279     0.99969488     0.00030233
      107     0.00000295     0.99988473     0.00011232
      108     0.00000319     0.99998210     0.00001470
      109     0.00000342     0.99996099     0.00003560
      110     0.00000370     0.99989595     0.00010035
      111     0.00000414     0.99987239     0.00012347
      112     0.00000477     0.99990967     0.00008556
      113     0.00000557     0.99996333     0.00003110
      114     0.00000640     0.99998568     0.00000792
      115     0.00000733     0.99997278     0.00001990
      116     0.00000854     0.99995553     0.00003593
      117     0.00001012     0.99995750     0.00003239
      118     0.00001211     0.99997258     0.00001531
      119     0.00001448     0.99998132     0.00000420
      120     0.00001730     0.99997681     0.00000589
