#     Density Matrix: population Re; see the manual for detail orders
        0     0.00000000     0.00000000     1.00000000
        1     0.00000003     0.00000081     0.99999916
        2     0.00000002     0.00000373     0.99999625
        3     0.00000001     0.00000413     0.99999586
        4     0.00000004     0.00000933     0.99999063
        5     0.00000001     0.00002752     0.99997247
        6     0.00000016     0.00005334     0.99994650
        7     0.00000008     0.00007307     0.99992685
        8     0.00000038     0.00009269     0.99990693
        9     0.00000023     0.00016770     0.99983207
       10     0.00000064     0.00042002     0.99957934
       11     0.00000043     0.00107268     0.99892689
       12     0.00000091     0.00262738     0.99737171
       13     0.00000061     0.00663163     0.99336776
       14     0.00000104     0.01910897     0.98088999
       15     0.00000194     0.15544629     0.84455176
       16     0.00000186     0.66754818     0.33244996
       17     0.00000054     0.63457081     0.36542865
       18     0.00000131     0.46044824     0.53955045
       19     0.00000045     0.40106303     0.59893652
       20     0.00000173     0.35939516     0.64060312
       21     0.00000048     0.33547288     0.66452664
       22     0.00000122     0.32664178     0.67335699
       23     0.00000155     0.32934404     0.67065441
       24     0.00000026     0.33991047     0.66008927
       25     0.00000185     0.35512400     0.64487416
       26     0.00000093     0.37246034     0.62753873
       27     0.00000058     0.39028507     0.60971434
       28     0.00000187     0.40790658     0.59209155
       29     0.00000052     0.42544052     0.57455896
       30     0.00000099     0.44360242     0.55639660
       31     0.00000170     0.46386089     0.53613741
       32     0.00000040     0.48800657     0.51199303
       33     0.00000115     0.51806451     0.48193434
       34     0.00000142     0.55613834     0.44386024
       35     0.00000044     0.60333738     0.39666218
       36     0.00000097     0.65898723     0.34101180
       37     0.00000106     0.71941994     0.28057900
       38     0.00000047     0.77767816     0.22232137
       39     0.00000075     0.82627632     0.17372293
       40     0.00000081     0.86050619     0.13949300
       41     0.00000053     0.87725556     0.12274391
       42     0.00000073     0.87221769     0.12778158
       43     0.00000076     0.84261466     0.15738458
       44     0.00000044     0.77818868     0.22181088
       45     0.00000068     0.66832011     0.33167921
       46     0.00000110     0.52309078     0.47690812
       47     0.00000056     0.37843232     0.62156712
       48     0.00000027     0.25981939     0.74018033
       49     0.00000105     0.16318425     0.83681470
       50     0.00000097     0.10646239     0.89353664
       51     0.00000037     0.27632956     0.72367007
       52     0.00000077     0.53129336     0.46870587
       53     0.00000138     0.62037107     0.37962755
       54     0.00000076     0.65815777     0.34184147
       55     0.00000043     0.68060686     0.31939271
       56     0.00000113     0.69832258     0.30167629
       57     0.00000124     0.71674796     0.28325080
       58     0.00000051     0.73626097     0.26373852
       59     0.00000058     0.75692126     0.24307816
       60     0.00000136     0.77833853     0.22166012
       61     0.00000116     0.79986818     0.20013066
       62     0.00000035     0.82077375     0.17922590
       63     0.00000073     0.84038229     0.15961697
       64     0.00000168     0.85821068     0.14178764
       65     0.00000115     0.87398255     0.12601630
       66     0.00000017     0.88762950     0.11237033
       67     0.00000093     0.89926061     0.10073847
       68     0.00000201     0.90908750     0.09091049
       69     0.00000117     0.91737486     0.08262398
       70     0.00000010     0.92439330     0.07560661
       71     0.00000099     0.93040282     0.06959620
       72     0.00000215     0.93564450     0.06435334
       73     0.00000127     0.94032667     0.05967206
       74     0.00000003     0.94460454     0.05539543
       75     0.00000098     0.94859316     0.05140586
       76     0.00000249     0.95238136     0.04761615
       77     0.00000176     0.95602543     0.04397281
       78     0.00000012     0.95954727     0.04045261
       79     0.00000070     0.96294210     0.03705721
       80     0.00000257     0.96618938     0.03380805
       81     0.00000246     0.96925746     0.03074008
       82     0.00000054     0.97210404     0.02789542
       83     0.00000031     0.97468196     0.02531772
       84     0.00000253     0.97695282     0.02304464
       85     0.00000363     0.97888743     0.02110893
       86     0.00000172     0.98046772     0.01953057
       87     0.00000011     0.98169367     0.01830622
       88     0.00000189     0.98258105     0.01741706
       89     0.00000439     0.98316951     0.01682610
       90     0.00000359     0.98352039     0.01647602
       91     0.00000079     0.98370784     0.01629137
       92     0.00000063     0.98381752     0.01618185
       93     0.00000358     0.98393565     0.01606076
       94     0.00000507     0.98414882     0.01584611
       95     0.00000287     0.98452709     0.01547004
       96     0.00000038     0.98511022     0.01488940
       97     0.00000130     0.98591293     0.01408578
       98     0.00000427     0.98692723     0.01306851
       99     0.00000504     0.98812334     0.01187162
      100     0.00000253     0.98945053     0.01054694
      101     0.00000000     1.00000000     0.00000000
      102     0.00000300     0.99994215     0.00005485
      103     0.00000787     0.99978599     0.00020614
      104     0.00000786     0.99956646     0.00042568
      105     0.00000300     0.99931882     0.00067819
      106     0.00000001     0.99907288     0.00092711
      107     0.00000306     0.99885583     0.00114111
      108     0.00000813     0.99869253     0.00129934
      109     0.00000852     0.99859707     0.00139441
      110     0.00000377     0.99856393     0.00143230
      111     0.00000010     0.99857013     0.00142977
      112     0.00000225     0.99858844     0.00140931
      113     0.00000753     0.99860059     0.00139187
      114     0.00000941     0.99860105     0.00138955
      115     0.00000565     0.99859123     0.00140312
      116     0.00000086     0.99857160     0.00142754
      117     0.00000081     0.99854810     0.00145109
      118     0.00000577     0.99853535     0.00145888
      119     0.00001019     0.99854269     0.00144712
      120     0.00000900     0.99855967     0.00143133
