#     Density Matrix: population Re; see the manual for detail orders
        0     0.00000000     0.00000000     1.00000000
        1     0.00000000     0.00000268     0.99999732
        2     0.00000001     0.00001612     0.99998387
        3     0.00000002     0.00002336     0.99997662
        4     0.00000004     0.00002269     0.99997726
        5     0.00000007     0.00002437     0.99997556
        6     0.00000011     0.00003532     0.99996457
        7     0.00000016     0.00004971     0.99995013
        8     0.00000021     0.00005397     0.99994582
        9     0.00000028     0.00005001     0.99994972
       10     0.00000032     0.00009616     0.99990352
       11     0.00000040     0.00038259     0.99961700
       12     0.00000042     0.00147258     0.99852701
       13     0.00000051     0.00554946     0.99445003
       14     0.00000047     0.02640664     0.97359289
       15     0.00000049     0.22825563     0.77174388
       16     0.00000014     0.75486320     0.24513666
       17     0.00000049     0.48606746     0.51393205
       18     0.00000106     0.28505403     0.71494491
       19     0.00000001     0.23864229     0.76135770
       20     0.00000120     0.21496563     0.78503317
       21     0.00000046     0.20501605     0.79498349
       22     0.00000032     0.20384442     0.79615527
       23     0.00000109     0.20854223     0.79145668
       24     0.00000009     0.21737977     0.78262014
       25     0.00000056     0.22939780     0.77060165
       26     0.00000083     0.24411183     0.75588734
       27     0.00000002     0.26134344     0.73865655
       28     0.00000065     0.28114347     0.71885588
       29     0.00000076     0.30368046     0.69631878
       30     0.00000000     0.32911493     0.67088507
       31     0.00000071     0.35766381     0.64233548
       32     0.00000078     0.38941718     0.61058203
       33     0.00000002     0.42398479     0.57601519
       34     0.00000055     0.46046622     0.53953323
       35     0.00000090     0.49721055     0.50278854
       36     0.00000014     0.53159929     0.46840057
       37     0.00000026     0.55931615     0.44068360
       38     0.00000087     0.56837174     0.43162739
       39     0.00000038     0.56604244     0.43395718
       40     0.00000005     0.55733713     0.44266282
       41     0.00000068     0.55457461     0.44542471
       42     0.00000073     0.56512144     0.43487784
       43     0.00000011     0.52683680     0.47316309
       44     0.00000042     0.46447257     0.53552701
       45     0.00000064     0.40297138     0.59702798
       46     0.00000022     0.34354243     0.65645735
       47     0.00000029     0.28825701     0.71174269
       48     0.00000057     0.23909508     0.76090435
       49     0.00000031     0.19854142     0.80145828
       50     0.00000019     0.22364573     0.77635408
       51     0.00000034     0.46528626     0.53471340
       52     0.00000034     0.72382780     0.27617187
       53     0.00000020     0.75860520     0.24139459
       54     0.00000035     0.77030311     0.22969654
       55     0.00000046     0.77634329     0.22365624
       56     0.00000022     0.78057685     0.21942293
       57     0.00000023     0.78461045     0.21538931
       58     0.00000052     0.78951117     0.21048831
       59     0.00000037     0.79617945     0.20382018
       60     0.00000015     0.80590143     0.19409842
       61     0.00000040     0.81823944     0.18176016
       62     0.00000046     0.83209087     0.16790866
       63     0.00000018     0.84729331     0.15270651
       64     0.00000045     0.86345484     0.13654472
       65     0.00000056     0.88024626     0.11975318
       66     0.00000025     0.89777616     0.10222359
       67     0.00000038     0.91589919     0.08410043
       68     0.00000037     0.93399889     0.06600074
       69     0.00000020     0.94907178     0.05092802
       70     0.00000049     0.93868651     0.06131301
       71     0.00000034     0.57139723     0.42860244
       72     0.00000032     0.05696186     0.94303782
       73     0.00000182     0.57971232     0.42028586
       74     0.00000119     0.82657342     0.17342539
       75     0.00000110     0.89840049     0.10159841
       76     0.00000150     0.92534284     0.07465566
       77     0.00000074     0.93739978     0.06259948
       78     0.00000134     0.94451761     0.05548105
       79     0.00000156     0.95051189     0.04948656
       80     0.00000084     0.95655845     0.04344071
       81     0.00000131     0.96262036     0.03737833
       82     0.00000125     0.96822751     0.03177124
       83     0.00000122     0.97290258     0.02709620
       84     0.00000126     0.97641728     0.02358146
       85     0.00000105     0.97886318     0.02113576
       86     0.00000142     0.98057506     0.01942352
       87     0.00000114     0.98197009     0.01802877
       88     0.00000124     0.98333417     0.01666459
       89     0.00000127     0.98472938     0.01526936
       90     0.00000118     0.98605153     0.01394730
       91     0.00000131     0.98716666     0.01283204
       92     0.00000115     0.98803761     0.01196124
       93     0.00000127     0.98874458     0.01125414
       94     0.00000119     0.98938192     0.01061689
       95     0.00000131     0.98997813     0.01002056
       96     0.00000000     1.00000000     0.00000000
       97     0.00000000     0.99999998     0.00000002
       98     0.00000000     0.99999986     0.00000014
       99     0.00000000     0.99999958     0.00000042
      100     0.00000000     0.99999933     0.00000067
      101     0.00000000     0.99999924     0.00000076
      102     0.00000000     0.99999929     0.00000070
      103     0.00000000     0.99999926     0.00000074
      104     0.00000000     0.99999889     0.00000111
      105     0.00000000     0.99999818     0.00000182
      106     0.00000000     0.99999745     0.00000255
      107     0.00000000     0.99999711     0.00000289
      108     0.00000000     0.99999713     0.00000287
      109     0.00000000     0.99999704     0.00000295
      110     0.00000000     0.99999638     0.00000362
      111     0.00000000     0.99999507     0.00000493
      112     0.00000000     0.99999352     0.00000648
      113     0.00000000     0.99999232     0.00000768
      114     0.00000000     0.99999174     0.00000826
      115     0.00000000     0.99999148     0.00000852
      116     0.00000000     0.99999050     0.00000950
      117     0.00000000     0.99998812     0.00001187
      118     0.00000000     0.99998460     0.00001540
      119     0.00000000     0.99998081     0.00001919
      120     0.00000000     0.99997771     0.00002229
