#     Density Matrix: population Re; see the manual for detail orders
        0     0.00000000     0.00000000     1.00000000
        1     0.00000001     0.00000211     0.99999788
        2     0.00000000     0.00001229     0.99998771
        3     0.00000000     0.00001623     0.99998377
        4     0.00000000     0.00001444     0.99998555
        5     0.00000000     0.00001710     0.99998290
        6     0.00000017     0.00002259     0.99997724
        7     0.00000016     0.00001962     0.99998023
        8     0.00000047     0.00001239     0.99998715
        9     0.00000030     0.00005102     0.99994868
       10     0.00000070     0.00020123     0.99979807
       11     0.00000046     0.00052796     0.99947158
       12     0.00000090     0.00117021     0.99882890
       13     0.00000058     0.00271386     0.99728556
       14     0.00000097     0.00794591     0.99205312
       15     0.00000064     0.03342318     0.96657619
       16     0.00000075     0.21088839     0.78911086
       17     0.00000021     0.66903855     0.33096124
       18     0.00000057     0.51403309     0.48596634
       19     0.00000089     0.28148310     0.71851601
       20     0.00000010     0.21670418     0.78329572
       21     0.00000134     0.18158268     0.81841597
       22     0.00000027     0.16424806     0.83575167
       23     0.00000067     0.15768680     0.84231253
       24     0.00000122     0.15754041     0.84245837
       25     0.00000002     0.16106577     0.83893421
       26     0.00000102     0.16655326     0.83344573
       27     0.00000086     0.17295974     0.82703940
       28     0.00000004     0.17965622     0.82034374
       29     0.00000113     0.18624020     0.81375867
       30     0.00000071     0.19241584     0.80758345
       31     0.00000006     0.19787994     0.80212000
       32     0.00000115     0.20221372     0.79778513
       33     0.00000078     0.20479267     0.79520654
       34     0.00000002     0.20464091     0.79535907
       35     0.00000103     0.20014901     0.79984995
       36     0.00000098     0.18824612     0.81175289
       37     0.00000001     0.16453473     0.83546526
       38     0.00000076     0.11860176     0.88139748
       39     0.00000115     0.03586292     0.96413592
       40     0.00000014     0.20267276     0.79732710
       41     0.00000053     0.52893419     0.47106529
       42     0.00000165     0.63138445     0.36861390
       43     0.00000068     0.66774010     0.33225922
       44     0.00000007     0.68507883     0.31492109
       45     0.00000127     0.69518814     0.30481059
       46     0.00000126     0.70268763     0.29731111
       47     0.00000008     0.71068700     0.28931292
       48     0.00000063     0.72118766     0.27881171
       49     0.00000152     0.73367722     0.26632125
       50     0.00000061     0.74806899     0.25193040
       51     0.00000008     0.76407280     0.23592712
       52     0.00000110     0.78125387     0.21874502
       53     0.00000117     0.79906363     0.20093520
       54     0.00000016     0.81693905     0.18306079
       55     0.00000040     0.83436545     0.16563416
       56     0.00000122     0.85091139     0.14908740
       57     0.00000070     0.86628228     0.13371702
       58     0.00000007     0.88031026     0.11968967
       59     0.00000069     0.89293474     0.10706457
       60     0.00000105     0.90417684     0.09582211
       61     0.00000038     0.91410815     0.08589147
       62     0.00000018     0.92282547     0.07717435
       63     0.00000077     0.93043600     0.06956323
       64     0.00000083     0.93704613     0.06295304
       65     0.00000030     0.94275680     0.05724290
       66     0.00000024     0.94767051     0.05232924
       67     0.00000069     0.95188455     0.04811476
       68     0.00000082     0.95549332     0.04450585
       69     0.00000042     0.95859708     0.04140250
       70     0.00000015     0.96130593     0.03869392
       71     0.00000063     0.96371446     0.03628491
       72     0.00000120     0.96591935     0.03407945
       73     0.00000070     0.96799908     0.03200022
       74     0.00000001     0.97000943     0.02999056
       75     0.00000089     0.97198166     0.02801745
       76     0.00000207     0.97391537     0.02608255
       77     0.00000122     0.97578964     0.02420914
       78     0.00000006     0.97755993     0.02244001
       79     0.00000145     0.97917314     0.02082541
       80     0.00000316     0.98058378     0.01941306
       81     0.00000193     0.98177109     0.01822698
       82     0.00000028     0.98272962     0.01727010
       83     0.00000184     0.98346310     0.01653506
       84     0.00000398     0.98405037     0.01594565
       85     0.00000271     0.98459336     0.01540393
       86     0.00000052     0.98520297     0.01479651
       87     0.00000153     0.98598810     0.01401037
       88     0.00000395     0.98702620     0.01296985
       89     0.00000358     0.98836054     0.01163588
       90     0.00000116     0.98997325     0.01002559
       91     0.00000000     1.00000000     0.00000000
       92     0.00000457     0.99990341     0.00009202
       93     0.00001104     0.99959837     0.00039059
       94     0.00000860     0.99908765     0.00090375
       95     0.00000130     0.99840290     0.00159580
       96     0.00000201     0.99761456     0.00238343
       97     0.00001061     0.99684544     0.00314395
       98     0.00001362     0.99625258     0.00373381
       99     0.00000634     0.99597661     0.00401705
      100     0.00000049     0.99609605     0.00390346
      101     0.00000558     0.99661071     0.00338372
      102     0.00001460     0.99744059     0.00254481
      103     0.00001478     0.99842450     0.00156072
      104     0.00000603     0.99932455     0.00066941
      105     0.00000124     0.99988970     0.00010906
      106     0.00000853     0.99995703     0.00003444
      107     0.00001921     0.99952364     0.00045715
      108     0.00001909     0.99875228     0.00122863
      109     0.00000861     0.99791624     0.00207515
      110     0.00000257     0.99733227     0.00266516
      111     0.00000960     0.99723744     0.00275297
      112     0.00002133     0.99769313     0.00228554
      113     0.00002409     0.99853291     0.00144300
      114     0.00001521     0.99939980     0.00058499
      115     0.00000574     0.99987901     0.00011525
      116     0.00000818     0.99973149     0.00026033
      117     0.00002215     0.99904639     0.00093146
      118     0.00003372     0.99821462     0.00175166
      119     0.00003138     0.99774043     0.00222820
      120     0.00001906     0.99793641     0.00204453
