#     Density Matrix: population Re; see the manual for detail orders
        0     0.00000000     0.00000000     1.00000000
        1     0.00000003     0.00000081     0.99999916
        2     0.00000002     0.00000373     0.99999625
        3     0.00000001     0.00000413     0.99999586
        4     0.00000004     0.00000933     0.99999063
        5     0.00000001     0.00002752     0.99997247
        6     0.00000016     0.00005334     0.99994650
        7     0.00000008     0.00007307     0.99992685
        8     0.00000038     0.00009269     0.99990693
        9     0.00000023     0.00016770     0.99983207
       10     0.00000064     0.00042002     0.99957934
       11     0.00000043     0.00107268     0.99892689
       12     0.00000091     0.00262738     0.99737171
       13     0.00000061     0.00663163     0.99336776
       14     0.00000104     0.01910897     0.98088999
       15     0.00000072     0.06823553     0.93176374
       16     0.00000195     0.42865787     0.57134018
       17     0.00000047     0.71060104     0.28939849
       18     0.00000200     0.50274427     0.49725373
       19     0.00000139     0.39662664     0.60337197
       20     0.00000093     0.35910438     0.64089469
       21     0.00000225     0.33294826     0.66704949
       22     0.00000054     0.31804129     0.68195817
       23     0.00000191     0.31289339     0.68710470
       24     0.00000176     0.31539705     0.68460119
       25     0.00000053     0.32327400     0.67672547
       26     0.00000245     0.33435609     0.66564146
       27     0.00000112     0.34676178     0.65323710
       28     0.00000088     0.35898726     0.64101186
       29     0.00000239     0.36994048     0.63005713
       30     0.00000072     0.37903449     0.62096479
       31     0.00000117     0.38574526     0.61425357
       32     0.00000207     0.38992266     0.61007527
       33     0.00000060     0.39178447     0.60821493
       34     0.00000126     0.39154179     0.60845696
       35     0.00000198     0.38947181     0.61052621
       36     0.00000073     0.38583977     0.61415950
       37     0.00000121     0.38089844     0.61910035
       38     0.00000193     0.37488497     0.62511310
       39     0.00000072     0.36792192     0.63207736
       40     0.00000097     0.36001058     0.63998844
       41     0.00000189     0.35109008     0.64890804
       42     0.00000096     0.34095281     0.65904623
       43     0.00000079     0.32920417     0.67079504
       44     0.00000178     0.31514310     0.68485512
       45     0.00000127     0.29746873     0.70253000
       46     0.00000064     0.27359044     0.72640892
       47     0.00000149     0.23756062     0.76243789
       48     0.00000162     0.17277940     0.82721898
       49     0.00000080     0.04214315     0.95785605
       50     0.00000103     0.07105719     0.92894178
       51     0.00000169     0.35350628     0.64649202
       52     0.00000114     0.48311147     0.51688739
       53     0.00000062     0.53993379     0.46006559
       54     0.00000123     0.57582439     0.42417438
       55     0.00000142     0.60808644     0.39191214
       56     0.00000089     0.65691901     0.34308010
       57     0.00000088     0.91629545     0.08370367
       58     0.00000110     0.89775375     0.10224515
       59     0.00000099     0.60886693     0.39113208
       60     0.00000081     0.56779823     0.43220096
       61     0.00000089     0.55251203     0.44748708
       62     0.00000097     0.54542379     0.45457524
       63     0.00000095     0.54262697     0.45737207
       64     0.00000083     0.54277669     0.45722248
       65     0.00000083     0.54529685     0.45470232
       66     0.00000108     0.54972982     0.45026910
       67     0.00000106     0.55550856     0.44449038
       68     0.00000050     0.56192432     0.43807517
       69     0.00000089     0.56697611     0.43302300
       70     0.00000156     0.56711479     0.43288365
       71     0.00000056     0.55627228     0.44372716
       72     0.00000055     0.52364549     0.47635396
       73     0.00000190     0.45006560     0.54993250
       74     0.00000092     0.30463659     0.69536249
       75     0.00000047     0.09030698     0.90969256
       76     0.00000261     0.12690095     0.87309644
       77     0.00000191     0.60977151     0.39022657
       78     0.00000124     0.87938088     0.12061789
       79     0.00000171     0.90274988     0.09724841
       80     0.00000084     0.86068644     0.13931273
       81     0.00000165     0.81627127     0.18372708
       82     0.00000173     0.78739242     0.21260584
       83     0.00000068     0.77653693     0.22346239
       84     0.00000185     0.77948820     0.22050994
       85     0.00000122     0.78923578     0.21076300
       86     0.00000125     0.79898323     0.20101552
       87     0.00000183     0.80435582     0.19564235
       88     0.00000086     0.80437506     0.19562408
       89     0.00000201     0.80094359     0.19905441
       90     0.00000121     0.79711098     0.20288781
       91     0.00000143     0.79519412     0.20480445
       92     0.00000180     0.79564605     0.20435215
       93     0.00000114     0.79730724     0.20269162
       94     0.00000186     0.79864818     0.20134996
       95     0.00000102     0.79893989     0.20105909
       96     0.00000194     0.79852765     0.20147042
       97     0.00000124     0.79815408     0.20184468
       98     0.00000140     0.79809326     0.20190534
       99     0.00000158     0.79799767     0.20200075
      100     0.00000141     0.79752580     0.20247280
      101     0.00000136     0.79699552     0.20300312
      102     0.00000121     0.79718405     0.20281473
      103     0.00000189     0.79839177     0.20160634
      104     0.00000102     0.79974559     0.20025339
      105     0.00000136     0.79973803     0.20026061
      106     0.00000164     0.79794158     0.20205678
      107     0.00000153     0.79570099     0.20429748
      108     0.00000094     0.79530897     0.20469009
      109     0.00000174     0.79764024     0.20235802
      110     0.00000184     0.80093471     0.19906345
      111     0.00000093     0.80206321     0.19793586
      112     0.00000138     0.79942562     0.20057299
      113     0.00000204     0.79488588     0.20511208
      114     0.00000128     0.79249936     0.20749936
      115     0.00000090     0.79489730     0.20510180
      116     0.00000205     0.80060117     0.19939678
      117     0.00000187     0.80485612     0.19514202
      118     0.00000077     0.80361961     0.19637962
      119     0.00000145     0.79721642     0.20278213
      120     0.00000231     0.79051878     0.20947890
