#     Density Matrix: population Re; see the manual for detail orders
        0     0.00000000     0.00000000     1.00000000
        1     0.00000001     0.00000077     0.99999922
        2     0.00000001     0.00000347     0.99999651
        3     0.00000000     0.00000381     0.99999619
        4     0.00000008     0.00000618     0.99999374
        5     0.00000005     0.00001130     0.99998866
        6     0.00000023     0.00001350     0.99998627
        7     0.00000017     0.00001204     0.99998779
        8     0.00000045     0.00001455     0.99998500
        9     0.00000036     0.00002575     0.99997389
       10     0.00000070     0.00004125     0.99995805
       11     0.00000056     0.00006412     0.99993532
       12     0.00000092     0.00014172     0.99985736
       13     0.00000069     0.00042601     0.99957330
       14     0.00000103     0.00134686     0.99865212
       15     0.00000072     0.00443348     0.99556580
       16     0.00000094     0.01797936     0.98201970
       17     0.00000146     0.37705915     0.62293939
       18     0.00000033     0.80896666     0.19103302
       19     0.00000197     0.44887111     0.55112692
       20     0.00000072     0.36418157     0.63581771
       21     0.00000080     0.31980997     0.68018923
       22     0.00000200     0.29943448     0.70056353
       23     0.00000018     0.29309916     0.70690066
       24     0.00000145     0.29437944     0.70561911
       25     0.00000141     0.29915009     0.70084850
       26     0.00000015     0.30491062     0.69508922
       27     0.00000165     0.31029238     0.68970597
       28     0.00000101     0.31470598     0.68529301
       29     0.00000036     0.31804250     0.68195713
       30     0.00000153     0.32041553     0.67958294
       31     0.00000082     0.32201278     0.67798639
       32     0.00000030     0.32302670     0.67697300
       33     0.00000149     0.32361190     0.67638661
       34     0.00000096     0.32388071     0.67611833
       35     0.00000028     0.32390764     0.67609208
       36     0.00000130     0.32374903     0.67624967
       37     0.00000122     0.32347531     0.67652347
       38     0.00000028     0.32320523     0.67679449
       39     0.00000093     0.32317935     0.67681972
       40     0.00000147     0.32397145     0.67602708
       41     0.00000050     0.32738528     0.67261423
       42     0.00000044     0.34299460     0.65700495
       43     0.00000128     0.45161495     0.54838377
       44     0.00000094     0.62898339     0.37101567
       45     0.00000020     0.68401442     0.31598538
       46     0.00000053     0.69217260     0.30782688
       47     0.00000109     0.69510180     0.30489710
       48     0.00000066     0.69702953     0.30296981
       49     0.00000022     0.70041796     0.29958182
       50     0.00000063     0.63731923     0.36268015
       51     0.00000080     0.44045750     0.55954170
       52     0.00000032     0.42778516     0.57221452
       53     0.00000025     0.42646572     0.57353404
       54     0.00000072     0.42696220     0.57303709
       55     0.00000064     0.42799229     0.57200708
       56     0.00000021     0.42912108     0.57087871
       57     0.00000041     0.43013158     0.56986802
       58     0.00000074     0.43089390     0.56910536
       59     0.00000045     0.43132485     0.56867470
       60     0.00000023     0.43137494     0.56862484
       61     0.00000055     0.43102298     0.56897647
       62     0.00000064     0.43027545     0.56972391
       63     0.00000031     0.42916548     0.57083421
       64     0.00000034     0.42775501     0.57224466
       65     0.00000065     0.42612885     0.57387050
       66     0.00000048     0.42439835     0.57560116
       67     0.00000026     0.42270685     0.57729289
       68     0.00000057     0.42122977     0.57876966
       69     0.00000068     0.42019106     0.57980825
       70     0.00000027     0.41986224     0.58013749
       71     0.00000033     0.42061074     0.57938892
       72     0.00000084     0.42285210     0.57714706
       73     0.00000062     0.42708015     0.57291923
       74     0.00000011     0.43394323     0.56605667
       75     0.00000059     0.44420053     0.55579888
       76     0.00000116     0.45871076     0.54128808
       77     0.00000052     0.47835221     0.52164727
       78     0.00000009     0.50921470     0.49078521
       79     0.00000144     0.55027038     0.44972818
       80     0.00000178     0.59057841     0.40941981
       81     0.00000043     0.62412138     0.37587820
       82     0.00000026     0.64946258     0.35053716
       83     0.00000143     0.66858220     0.33141637
       84     0.00000138     0.68438867     0.31560995
       85     0.00000033     0.69945689     0.30054278
       86     0.00000034     0.71579778     0.28420188
       87     0.00000109     0.73493286     0.26506605
       88     0.00000114     0.75787930     0.24211956
       89     0.00000056     0.78454269     0.21545675
       90     0.00000028     0.81203575     0.18796397
       91     0.00000084     0.82954570     0.17045345
       92     0.00000129     0.80229449     0.19770422
       93     0.00000059     0.63509894     0.36490047
       94     0.00000047     0.25138152     0.74861801
       95     0.00000207     0.00245077     0.99754717
       96     0.00000139     0.09816137     0.90183725
       97     0.00000043     0.24660778     0.75339179
       98     0.00000209     0.33175300     0.66824492
       99     0.00000178     0.36221731     0.63778090
      100     0.00000032     0.35920455     0.64079513
      101     0.00000214     0.33986060     0.66013726
      102     0.00000205     0.31683136     0.68316659
      103     0.00000033     0.29852556     0.70147412
      104     0.00000223     0.28908417     0.71091360
      105     0.00000180     0.28862682     0.71137137
      106     0.00000038     0.29421979     0.70577983
      107     0.00000234     0.30155326     0.69844440
      108     0.00000107     0.30685349     0.69314544
      109     0.00000091     0.30832736     0.69167172
      110     0.00000242     0.30652346     0.69347412
      111     0.00000049     0.30349828     0.69650123
      112     0.00000166     0.30131572     0.69868262
      113     0.00000174     0.30082690     0.69917136
      114     0.00000056     0.30147848     0.69852096
      115     0.00000213     0.30216078     0.69783710
      116     0.00000071     0.30232135     0.69767794
      117     0.00000150     0.30236614     0.69763236
      118     0.00000164     0.30300773     0.69699064
      119     0.00000065     0.30421717     0.69578218
      120     0.00000199     0.30491799     0.69508003
