#     Density Matrix: population Re; see the manual for detail orders
        0     0.00000000     0.00000000     1.00000000
        1     0.00000001     0.00000897     0.99999102
        2     0.00000002     0.00005880     0.99994118
        3     0.00000005     0.00009115     0.99990881
        4     0.00000008     0.00007528     0.99992465
        5     0.00000012     0.00003924     0.99996063
        6     0.00000017     0.00002492     0.99997491
        7     0.00000021     0.00005722     0.99994257
        8     0.00000026     0.00015632     0.99984342
        9     0.00000030     0.00039171     0.99960799
       10     0.00000033     0.00107268     0.99892699
       11     0.00000035     0.00383294     0.99616671
       12     0.00000036     0.02260765     0.97739200
       13     0.00000018     0.65965922     0.34034060
       14     0.00000000     0.50644328     0.49355672
       15     0.00000090     0.04940933     0.95058977
       16     0.00000027     0.01590571     0.98409402
       17     0.00000040     0.00583627     0.99416333
       18     0.00000042     0.00284915     0.99715043
       19     0.00000030     0.00224499     0.99775471
       20     0.00000037     0.00235992     0.99763971
       21     0.00000038     0.00257569     0.99742393
       22     0.00000035     0.00268222     0.99731742
       23     0.00000036     0.00263563     0.99736401
       24     0.00000034     0.00245787     0.99754178
       25     0.00000033     0.00219250     0.99780717
       26     0.00000032     0.00189034     0.99810933
       27     0.00000031     0.00160564     0.99839405
       28     0.00000029     0.00139834     0.99860137
       29     0.00000028     0.00134200     0.99865772
       30     0.00000027     0.00153901     0.99846073
       31     0.00000025     0.00215193     0.99784782
       32     0.00000024     0.00347164     0.99652812
       33     0.00000023     0.00608206     0.99391771
       34     0.00000020     0.02182639     0.97817341
       35     0.00000024     0.04511413     0.95488563
       36     0.00000032     0.09162668     0.90837301
       37     0.00000019     0.18420305     0.81579676
       38     0.00000010     0.33349450     0.66650539
       39     0.00000015     0.49680608     0.50319377
       40     0.00000014     0.61797266     0.38202720
       41     0.00000009     0.68822405     0.31177587
       42     0.00000009     0.72446454     0.27553536
       43     0.00000012     0.74126399     0.25873589
       44     0.00000009     0.74716341     0.25283651
       45     0.00000007     0.74689622     0.25310371
       46     0.00000008     0.74319022     0.25680970
       47     0.00000009     0.73769560     0.26230432
       48     0.00000006     0.73143496     0.26856498
       49     0.00000006     0.72510203     0.27489791
       50     0.00000008     0.71916377     0.28083615
       51     0.00000009     0.71394908     0.28605084
       52     0.00000008     0.70973081     0.29026911
       53     0.00000010     0.70672150     0.29327840
       54     0.00000015     0.70510681     0.29489304
       55     0.00000019     0.70502135     0.29497846
       56     0.00000023     0.70656884     0.29343092
       57     0.00000032     0.70979028     0.29020940
       58     0.00000044     0.71461061     0.28538894
       59     0.00000057     0.72091717     0.27908226
       60     0.00000074     0.72839710     0.27160216
       61     0.00000097     0.73664172     0.26335731
       62     0.00000123     0.74506959     0.25492918
       63     0.00000150     0.75298131     0.24701719
       64     0.00000181     0.75956293     0.24043526
       65     0.00000213     0.76405427     0.23594360
       66     0.00000241     0.76593432     0.23406326
       67     0.00000265     0.76503126     0.23496610
       68     0.00000281     0.76184629     0.23815090
       69     0.00000286     0.75763551     0.24236163
       70     0.00000278     0.75453332     0.24546390
       71     0.00000257     0.75529493     0.24470250
       72     0.00000226     0.76287733     0.23712042
       73     0.00000187     0.77958537     0.22041277
       74     0.00000147     0.80631315     0.19368539
       75     0.00000113     0.84167137     0.15832750
       76     0.00000092     0.88171953     0.11827955
       77     0.00000086     0.92072204     0.07927709
       78     0.00000096     0.95257401     0.04742503
       79     0.00000114     0.97282660     0.02717226
       80     0.00000134     0.98025957     0.01973909
       81     0.00000147     0.97738527     0.02261327
       82     0.00000149     0.96949944     0.03049907
       83     0.00000139     0.96263843     0.03736018
       84     0.00000121     0.96124649     0.03875230
       85     0.00000101     0.96659587     0.03340312
       86     0.00000086     0.97664151     0.02335763
       87     0.00000078     0.98738509     0.01261413
       88     0.00000078     0.99510007     0.00489915
       89     0.00000081     0.99814311     0.00185607
       90     0.00000084     0.99741994     0.00257921
       91     0.00000084     0.99537864     0.00462052
       92     0.00000082     0.99432157     0.00567761
       93     0.00000078     0.99513638     0.00486284
       94     0.00000077     0.99715327     0.00284597
       95     0.00000079     0.99902132     0.00097788
       96     0.00000085     0.99982571     0.00017343
       97     0.00000093     0.99962295     0.00037612
       98     0.00000101     0.99913071     0.00086828
       99     0.00000110     0.99899862     0.00100028
      100     0.00000121     0.99932814     0.00067065
      101     0.00000137     0.99977080     0.00022784
      102     0.00000158     0.99997728     0.00002115
      103     0.00000184     0.99991369     0.00008447
      104     0.00000215     0.99979315     0.00020470
      105     0.00000252     0.99979336     0.00020412
      106     0.00000298     0.99989704     0.00009998
      107     0.00000356     0.99998053     0.00001592
      108     0.00000427     0.99998340     0.00001233
      109     0.00000513     0.99995121     0.00004366
      110     0.00000615     0.99994522     0.00004863
      111     0.00000739     0.99996766     0.00002495
      112     0.00000891     0.99998485     0.00000624
      113     0.00001075     0.99998361     0.00000565
      114     0.00001295     0.99997751     0.00000954
      115     0.00001557     0.99997617     0.00000826
      116     0.00001874     0.99997545     0.00000581
      117     0.00002257     0.99997251     0.00000492
      118     0.00002719     0.99997005     0.00000276
      119     0.00003274     0.99996672     0.00000053
      120     0.00003945     0.99995828     0.00000227
