#     Density Matrix: population Re; see the manual for detail orders
        0     0.00000000     0.00000000     1.00000000
        1     0.00000001     0.00000045     0.99999955
        2     0.00000002     0.00000156     0.99999842
        3     0.00000005     0.00000216     0.99999779
        4     0.00000008     0.00001533     0.99998459
        5     0.00000013     0.00006042     0.99993945
        6     0.00000018     0.00015316     0.99984666
        7     0.00000024     0.00031890     0.99968087
        8     0.00000031     0.00067896     0.99932073
        9     0.00000036     0.00186655     0.99813309
       10     0.00000045     0.00813531     0.99186424
       11     0.00000046     0.08776707     0.91223247
       12     0.00000116     0.08235670     0.91764214
       13     0.00000242     0.30794987     0.69204772
       14     0.00000004     0.21893810     0.78106187
       15     0.00000138     0.20170649     0.79829214
       16     0.00000072     0.19608484     0.80391445
       17     0.00000041     0.19734344     0.80265615
       18     0.00000161     0.20290707     0.79709133
       19     0.00000009     0.21133571     0.78866420
       20     0.00000113     0.22181044     0.77818843
       21     0.00000123     0.23388386     0.76611492
       22     0.00000004     0.24735195     0.75264801
       23     0.00000149     0.26217862     0.73781989
       24     0.00000082     0.27846648     0.72153270
       25     0.00000018     0.29639716     0.70360267
       26     0.00000153     0.31624155     0.68375692
       27     0.00000060     0.33831135     0.66168805
       28     0.00000025     0.36291699     0.63708275
       29     0.00000140     0.39030165     0.60969694
       30     0.00000055     0.42059375     0.57940570
       31     0.00000023     0.45366849     0.54633129
       32     0.00000118     0.48898696     0.51101186
       33     0.00000061     0.52533382     0.47466557
       34     0.00000018     0.56019029     0.43980953
       35     0.00000092     0.58872860     0.41127048
       36     0.00000072     0.61227040     0.38772889
       37     0.00000019     0.63121044     0.36878937
       38     0.00000066     0.64505694     0.35494240
       39     0.00000079     0.65088944     0.34910977
       40     0.00000031     0.63492639     0.36507330
       41     0.00000029     0.31831634     0.68168337
       42     0.00000044     0.02395168     0.97604788
       43     0.00000021     0.15749012     0.84250967
       44     0.00000015     0.17668233     0.82331752
       45     0.00000040     0.17968394     0.82031566
       46     0.00000032     0.17607770     0.82392198
       47     0.00000016     0.16892780     0.83107204
       48     0.00000028     0.16097250     0.83902722
       49     0.00000032     0.15994180     0.84005788
       50     0.00000022     0.51402899     0.48597079
       51     0.00000024     0.94177188     0.05822788
       52     0.00000033     0.96937371     0.03062596
       53     0.00000024     0.97004510     0.02995466
       54     0.00000020     0.97011384     0.02988595
       55     0.00000032     0.97011593     0.02988375
       56     0.00000029     0.97017037     0.02982935
       57     0.00000019     0.97035062     0.02964919
       58     0.00000028     0.97073745     0.02926227
       59     0.00000031     0.97140755     0.02859214
       60     0.00000022     0.97240490     0.02759488
       61     0.00000025     0.97379032     0.02620943
       62     0.00000028     0.97561369     0.02438604
       63     0.00000025     0.97789007     0.02210968
       64     0.00000029     0.98055121     0.01944850
       65     0.00000022     0.98334876     0.01665103
       66     0.00000025     0.98564544     0.01435430
       67     0.00000035     0.98590021     0.01409944
       68     0.00000017     0.98010292     0.01989691
       69     0.00000031     0.95483406     0.04516563
       70     0.00000043     0.82660755     0.17339203
       71     0.00000003     0.89562385     0.10437612
       72     0.00000033     0.73436012     0.26563955
       73     0.00000025     0.95143634     0.04856341
       74     0.00000027     0.95742882     0.04257091
       75     0.00000035     0.94932058     0.05067907
       76     0.00000012     0.94618898     0.05381090
       77     0.00000043     0.94932377     0.05067581
       78     0.00000017     0.95600551     0.04399432
       79     0.00000029     0.96329063     0.03670907
       80     0.00000027     0.96923163     0.03076810
       81     0.00000022     0.97312326     0.02687652
       82     0.00000032     0.97531780     0.02468188
       83     0.00000017     0.97672158     0.02327825
       84     0.00000035     0.97814472     0.02185493
       85     0.00000017     0.97987065     0.02012918
       86     0.00000030     0.98169041     0.01830929
       87     0.00000020     0.98326667     0.01673313
       88     0.00000031     0.98446692     0.01553276
       89     0.00000018     0.98540993     0.01458989
       90     0.00000030     0.98626578     0.01373393
       91     0.00000024     0.98707293     0.01292683
       92     0.00000024     0.98776776     0.01223200
       93     0.00000023     0.98834561     0.01165417
       94     0.00000031     0.98891562     0.01108407
       95     0.00000019     0.98956012     0.01043969
       96     0.00000000     1.00000000     0.00000000
       97     0.00000001     0.99999872     0.00000126
       98     0.00000001     0.99999560     0.00000438
       99     0.00000000     0.99999343     0.00000657
      100     0.00000002     0.99999452     0.00000547
      101     0.00000002     0.99999750     0.00000248
      102     0.00000000     0.99999790     0.00000209
      103     0.00000003     0.99999284     0.00000713
      104     0.00000003     0.99998510     0.00001487
      105     0.00000001     0.99998085     0.00001915
      106     0.00000004     0.99998288     0.00001709
      107     0.00000004     0.99998662     0.00001334
      108     0.00000001     0.99998349     0.00001650
      109     0.00000005     0.99996944     0.00003051
      110     0.00000006     0.99995021     0.00004973
      111     0.00000002     0.99993633     0.00006365
      112     0.00000006     0.99993264     0.00006730
      113     0.00000008     0.99993226     0.00006766
      114     0.00000004     0.99992078     0.00007918
      115     0.00000007     0.99988799     0.00011194
      116     0.00000011     0.99983750     0.00016239
      117     0.00000005     0.99978423     0.00021572
      118     0.00000008     0.99974187     0.00025805
      119     0.00000012     0.99971044     0.00028943
      120     0.00000007     0.99967353     0.00032640
