#     Density Matrix: population Re; see the manual for detail orders
        0     0.00000000     0.00000000     1.00000000
        1     0.00000003     0.00000063     0.99999934
        2     0.00000001     0.00000324     0.99999675
        3     0.00000001     0.00000380     0.99999619
        4     0.00000002     0.00000470     0.99999528
        5     0.00000000     0.00000933     0.99999067
        6     0.00000008     0.00001462     0.99998530
        7     0.00000004     0.00001437     0.99998559
        8     0.00000021     0.00001159     0.99998820
        9     0.00000019     0.00002817     0.99997164
       10     0.00000045     0.00010378     0.99989577
       11     0.00000044     0.00029315     0.99970642
       12     0.00000076     0.00070115     0.99929809
       13     0.00000065     0.00166329     0.99833606
       14     0.00000103     0.00449947     0.99549951
       15     0.00000073     0.01533787     0.98466140
       16     0.00000109     0.07148148     0.92851743
       17     0.00000055     0.36550168     0.63449777
       18     0.00000017     0.68040394     0.31959589
       19     0.00000028     0.50452406     0.49547566
       20     0.00000079     0.34305546     0.65694376
       21     0.00000042     0.26185759     0.73814199
       22     0.00000103     0.22280722     0.77719175
       23     0.00000080     0.20636096     0.79363824
       24     0.00000058     0.20239717     0.79760225
       25     0.00000108     0.20517384     0.79482508
       26     0.00000058     0.21119940     0.78880001
       27     0.00000061     0.21824422     0.78175517
       28     0.00000111     0.22460895     0.77538994
       29     0.00000050     0.22872805     0.77127144
       30     0.00000052     0.22909786     0.77090162
       31     0.00000089     0.22414419     0.77585492
       32     0.00000034     0.21138931     0.78861034
       33     0.00000042     0.18550035     0.81449923
       34     0.00000083     0.14279818     0.85720099
       35     0.00000038     0.08099794     0.91900168
       36     0.00000020     0.02809429     0.97190551
       37     0.00000057     0.10121107     0.89878837
       38     0.00000046     0.27438189     0.72561765
       39     0.00000020     0.36184082     0.63815898
       40     0.00000040     0.37348619     0.62651340
       41     0.00000042     0.35567989     0.64431969
       42     0.00000011     0.33564398     0.66435591
       43     0.00000009     0.33148554     0.66851437
       44     0.00000017     0.35516085     0.64483898
       45     0.00000005     0.56438038     0.43561957
       46     0.00000004     0.74963232     0.25036764
       47     0.00000029     0.84697680     0.15302291
       48     0.00000027     0.89017332     0.10982641
       49     0.00000005     0.90976641     0.09023354
       50     0.00000023     0.91899631     0.08100346
       51     0.00000044     0.92336393     0.07663562
       52     0.00000019     0.92548638     0.07451342
       53     0.00000009     0.92690304     0.07309687
       54     0.00000037     0.92877434     0.07122528
       55     0.00000036     0.93146879     0.06853085
       56     0.00000007     0.93548146     0.06451846
       57     0.00000015     0.94118678     0.05881307
       58     0.00000028     0.94882029     0.05117943
       59     0.00000009     0.95834140     0.04165851
       60     0.00000002     0.96934350     0.03065648
       61     0.00000019     0.98087870     0.01912111
       62     0.00000000     1.00000000     0.00000000
       63     0.00000028     0.99390994     0.00608978
       64     0.00000050     0.97116480     0.02883470
       65     0.00000011     0.92640797     0.07359191
       66     0.00000015     0.86029744     0.13970241
       67     0.00000063     0.78660050     0.21339887
       68     0.00000030     0.73318406     0.26681564
       69     0.00000004     0.72741565     0.27258431
       70     0.00000041     0.77380774     0.22619185
       71     0.00000024     0.84910029     0.15089948
       72     0.00000006     0.92104552     0.07895442
       73     0.00000010     0.96824840     0.03175150
       74     0.00000010     0.98503610     0.01496380
       75     0.00000034     0.97742751     0.02257216
       76     0.00000010     0.95852380     0.04147611
       77     0.00000014     0.94224715     0.05775271
       78     0.00000037     0.93717007     0.06282956
       79     0.00000009     0.94358023     0.05641968
       80     0.00000014     0.95571934     0.04428052
       81     0.00000013     0.96659536     0.03340450
       82     0.00000028     0.97170223     0.02829749
       83     0.00000012     0.97081304     0.02918684
       84     0.00000014     0.96727154     0.03272832
       85     0.00000038     0.96536899     0.03463063
       86     0.00000013     0.96690173     0.03309815
       87     0.00000010     0.97061941     0.02938049
       88     0.00000029     0.97410187     0.02589785
       89     0.00000036     0.97586248     0.02413715
       90     0.00000002     0.97622597     0.02377401
       91     0.00000036     0.97644788     0.02355176
       92     0.00000056     0.97722260     0.02277684
       93     0.00000007     0.97822153     0.02177840
       94     0.00000020     0.97894109     0.02105871
       95     0.00000084     0.97957529     0.02042388
       96     0.00000041     0.98073848     0.01926111
       97     0.00000013     0.98240677     0.01759310
       98     0.00000108     0.98358254     0.01641638
       99     0.00000091     0.98338244     0.01661665
      100     0.00000013     0.98235804     0.01764182
      101     0.00000110     0.98225572     0.01774318
      102     0.00000176     0.98411329     0.01588495
      103     0.00000056     0.98684616     0.01315328
      104     0.00000096     0.98814527     0.01185377
      105     0.00000238     0.98693208     0.01306554
      106     0.00000151     0.98479525     0.01520324
      107     0.00000080     0.98451032     0.01548888
      108     0.00000268     0.98703521     0.01296211
      109     0.00000000     1.00000000     0.00000000
      110     0.00000512     0.99977839     0.00021649
      111     0.00000844     0.99931212     0.00067944
      112     0.00000203     0.99903760     0.00096037
      113     0.00000140     0.99920562     0.00079298
      114     0.00000894     0.99965475     0.00033631
      115     0.00000763     0.99997220     0.00002017
      116     0.00000054     0.99986661     0.00013285
      117     0.00000401     0.99944426     0.00055173
      118     0.00001095     0.99910297     0.00088608
      119     0.00000653     0.99914543     0.00084804
      120     0.00000035     0.99951482     0.00048483
