#     Density Matrix: population Re; see the manual for detail orders
        0     0.00000000     0.00000000     1.00000000
        1     0.00000002     0.00000370     0.99999628
        2     0.00000001     0.00002438     0.99997560
        3     0.00000000     0.00003858     0.99996142
        4     0.00000004     0.00003442     0.99996554
        5     0.00000004     0.00002163     0.99997833
        6     0.00000012     0.00001410     0.99998579
        7     0.00000012     0.00001253     0.99998734
        8     0.00000019     0.00000910     0.99999070
        9     0.00000021     0.00000548     0.99999431
       10     0.00000026     0.00002057     0.99997917
       11     0.00000029     0.00008708     0.99991262
       12     0.00000033     0.00026683     0.99973284
       13     0.00000037     0.00076241     0.99923722
       14     0.00000040     0.00258827     0.99741132
       15     0.00000043     0.01486663     0.98513294
       16     0.00000022     0.65153737     0.34846240
       17     0.00000005     0.51218138     0.48781857
       18     0.00000116     0.04248041     0.95751843
       19     0.00000043     0.01705522     0.98294435
       20     0.00000043     0.00841719     0.99158238
       21     0.00000065     0.00558895     0.99441040
       22     0.00000040     0.00505425     0.99494535
       23     0.00000055     0.00539945     0.99460000
       24     0.00000054     0.00601154     0.99398792
       25     0.00000050     0.00663647     0.99336303
       26     0.00000055     0.00718749     0.99281196
       27     0.00000053     0.00765856     0.99234091
       28     0.00000054     0.00807571     0.99192375
       29     0.00000057     0.00847699     0.99152244
       30     0.00000057     0.00890304     0.99109639
       31     0.00000058     0.00940405     0.99059537
       32     0.00000061     0.01005714     0.98994226
       33     0.00000059     0.01100396     0.98899544
       34     0.00000058     0.01254833     0.98745109
       35     0.00000059     0.01542104     0.98457837
       36     0.00000059     0.02165702     0.97834239
       37     0.00000057     0.03828391     0.96171551
       38     0.00000055     0.09775312     0.90224632
       39     0.00000050     0.32637643     0.67362307
       40     0.00000044     0.69045355     0.30954601
       41     0.00000059     0.88240645     0.11759295
       42     0.00000080     0.93891085     0.06108835
       43     0.00000066     0.95708024     0.04291911
       44     0.00000054     0.96454555     0.03545391
       45     0.00000068     0.96807435     0.03192497
       46     0.00000072     0.96981885     0.03018043
       47     0.00000061     0.97063087     0.02936853
       48     0.00000059     0.97091002     0.02908939
       49     0.00000069     0.97088117     0.02911813
       50     0.00000069     0.97069676     0.02930255
       51     0.00000062     0.97047714     0.02952225
       52     0.00000063     0.97032624     0.02967313
       53     0.00000070     0.97033532     0.02966398
       54     0.00000069     0.97057986     0.02941945
       55     0.00000064     0.97111397     0.02888539
       56     0.00000065     0.97195977     0.02803957
       57     0.00000071     0.97310480     0.02689450
       58     0.00000071     0.97449668     0.02550261
       59     0.00000068     0.97604404     0.02395528
       60     0.00000070     0.97762382     0.02237548
       61     0.00000075     0.97909475     0.02090449
       62     0.00000078     0.98031320     0.01968602
       63     0.00000078     0.98115360     0.01884562
       64     0.00000080     0.98153077     0.01846844
       65     0.00000086     0.98141000     0.01858914
       66     0.00000091     0.98081854     0.01918055
       67     0.00000093     0.97984096     0.02015811
       68     0.00000094     0.97860864     0.02139042
       69     0.00000099     0.97728222     0.02271679
       70     0.00000104     0.97602458     0.02397439
       71     0.00000106     0.97498123     0.02501770
       72     0.00000106     0.97425588     0.02574306
       73     0.00000108     0.97389847     0.02610046
       74     0.00000111     0.97390030     0.02609860
       75     0.00000112     0.97419687     0.02580201
       76     0.00000112     0.97468360     0.02531528
       77     0.00000111     0.97523627     0.02476263
       78     0.00000111     0.97573597     0.02426292
       79     0.00000112     0.97609039     0.02390850
       80     0.00000113     0.97625377     0.02374511
       81     0.00000113     0.97623449     0.02376438
       82     0.00000113     0.97609097     0.02390790
       83     0.00000116     0.97592051     0.02407833
       84     0.00000120     0.97583491     0.02416389
       85     0.00000125     0.97593813     0.02406062
       86     0.00000129     0.97629847     0.02370023
       87     0.00000134     0.97693436     0.02306431
       88     0.00000139     0.97780828     0.02219033
       89     0.00000144     0.97883450     0.02116406
       90     0.00000148     0.97989894     0.02009958
       91     0.00000149     0.98088506     0.01911345
       92     0.00000147     0.98170284     0.01829569
       93     0.00000144     0.98231450     0.01768407
       94     0.00000138     0.98274543     0.01725319
       95     0.00000131     0.98308321     0.01691549
       96     0.00000121     0.98345613     0.01654265
       97     0.00000111     0.98400090     0.01599799
       98     0.00000102     0.98482226     0.01517672
       99     0.00000096     0.98595507     0.01404397
      100     0.00000092     0.98734247     0.01265660
      101     0.00000092     0.98883540     0.01116367
      102     0.00000096     0.99021824     0.00978080
      103     0.00000103     0.99125623     0.00874274
      104     0.00000113     0.99175451     0.00824436
      105     0.00000124     0.99161213     0.00838662
      106     0.00000136     0.99085927     0.00913937
      107     0.00000146     0.98966209     0.01033645
      108     0.00000152     0.98829209     0.01170639
      109     0.00000153     0.98706935     0.01292912
      110     0.00000149     0.98628706     0.01371144
      111     0.00000142     0.98614220     0.01385639
      112     0.00000131     0.98668885     0.01330984
      113     0.00000121     0.98782820     0.01217060
      114     0.00000114     0.98933946     0.01065940
      115     0.00000114     0.99094359     0.00905527
      116     0.00000125     0.99238122     0.00761753
      117     0.00000147     0.99348142     0.00651711
      118     0.00000181     0.99419734     0.00580085
      119     0.00000223     0.99460097     0.00539681
      120     0.00000266     0.99483572     0.00516162
