#     Density Matrix: population Re; see the manual for detail orders
        0     0.00000000     0.00000000     1.00000000
        1     0.00000008     0.00000024     0.99999968
        2     0.00000010     0.00000032     0.99999958
        3     0.00000018     0.00001358     0.99998624
        4     0.00000021     0.00009678     0.99990302
        5     0.00000029     0.00033139     0.99966832
        6     0.00000036     0.00081893     0.99918071
        7     0.00000037     0.00179908     0.99820055
        8     0.00000055     0.00413665     0.99586280
        9     0.00000038     0.01120592     0.98879370
       10     0.00000070     0.03768520     0.96231410
       11     0.00000031     0.15029508     0.84970461
       12     0.00000041     0.44962696     0.55037263
       13     0.00000021     0.59431972     0.40568008
       14     0.00000105     0.43655276     0.56344619
       15     0.00000109     0.33271888     0.66728003
       16     0.00000085     0.28887267     0.71112648
       17     0.00000000     0.27045647     0.72954353
       18     0.00000086     0.25802735     0.74197179
       19     0.00000047     0.25123556     0.74876397
       20     0.00000012     0.24930149     0.75069838
       21     0.00000097     0.25143028     0.74856876
       22     0.00000027     0.25712925     0.74287048
       23     0.00000026     0.26612444     0.73387530
       24     0.00000099     0.27843408     0.72156493
       25     0.00000020     0.29438208     0.70561772
       26     0.00000030     0.31453176     0.68546793
       27     0.00000099     0.33955241     0.66044660
       28     0.00000024     0.37037677     0.62962299
       29     0.00000021     0.40780090     0.59219889
       30     0.00000095     0.45241044     0.54758861
       31     0.00000039     0.50394023     0.49605938
       32     0.00000006     0.56058833     0.43941161
       33     0.00000077     0.61902944     0.38096979
       34     0.00000062     0.67468312     0.32531625
       35     0.00000002     0.72313633     0.27686365
       36     0.00000044     0.76102214     0.23897743
       37     0.00000079     0.78631550     0.21368371
       38     0.00000021     0.79745929     0.20254050
       39     0.00000012     0.79083652     0.20916336
       40     0.00000080     0.75657129     0.24342791
       41     0.00000065     0.67225117     0.32774818
       42     0.00000001     0.50897106     0.49102893
       43     0.00000042     0.15530120     0.84469839
       44     0.00000091     0.13498360     0.86501548
       45     0.00000045     0.26984436     0.73015519
       46     0.00000001     0.31822062     0.68177937
       47     0.00000029     0.34972313     0.65027658
       48     0.00000037     0.37397803     0.62602160
       49     0.00000014     0.38152369     0.61847617
       50     0.00000011     0.36545938     0.63454051
       51     0.00000011     0.33114708     0.66885281
       52     0.00000008     0.40986705     0.59013286
       53     0.00000011     0.47654367     0.52345622
       54     0.00000016     0.52295509     0.47704475
       55     0.00000026     0.55439695     0.44560279
       56     0.00000019     0.57636433     0.42363549
       57     0.00000003     0.59289095     0.40710902
       58     0.00000023     0.60684008     0.39315969
       59     0.00000044     0.62039141     0.37960815
       60     0.00000018     0.63520842     0.36479140
       61     0.00000003     0.65321907     0.34678091
       62     0.00000038     0.67702524     0.32297438
       63     0.00000043     0.70715626     0.29284331
       64     0.00000006     0.73757685     0.26242309
       65     0.00000014     0.76893442     0.23106543
       66     0.00000047     0.80290372     0.19709581
       67     0.00000038     0.84200044     0.15799918
       68     0.00000011     0.88727921     0.11272068
       69     0.00000026     0.92751432     0.07248542
       70     0.00000058     0.90900039     0.09099903
       71     0.00000069     0.78462667     0.21537264
       72     0.00000027     0.69031352     0.30968621
       73     0.00000001     0.71645097     0.28354902
       74     0.00000036     0.79437806     0.20562159
       75     0.00000033     0.86590001     0.13409965
       76     0.00000005     0.91724334     0.08275661
       77     0.00000013     0.95031240     0.04968747
       78     0.00000017     0.96898453     0.03101531
       79     0.00000011     0.97679165     0.02320825
       80     0.00000031     0.97740056     0.02259913
       81     0.00000016     0.97482051     0.02517933
       82     0.00000004     0.97260924     0.02739072
       83     0.00000026     0.97272614     0.02727360
       84     0.00000017     0.97517508     0.02482475
       85     0.00000009     0.97873381     0.02126610
       86     0.00000009     0.98197183     0.01802809
       87     0.00000015     0.98403203     0.01596782
       88     0.00000024     0.98491563     0.01508413
       89     0.00000006     0.98523800     0.01476194
       90     0.00000012     0.98566940     0.01433048
       91     0.00000022     0.98646104     0.01353874
       92     0.00000012     0.98740902     0.01259086
       93     0.00000008     0.98822630     0.01177362
       94     0.00000013     0.98887261     0.01112726
       95     0.00000024     0.98953030     0.01046946
       96     0.00000000     1.00000000     0.00000000
       97     0.00000002     0.99999663     0.00000335
       98     0.00000005     0.99998620     0.00001376
       99     0.00000002     0.99997435     0.00002563
      100     0.00000002     0.99997046     0.00002952
      101     0.00000008     0.99997775     0.00002216
      102     0.00000008     0.99998716     0.00001276
      103     0.00000003     0.99998368     0.00001629
      104     0.00000008     0.99996108     0.00003885
      105     0.00000016     0.99993071     0.00006913
      106     0.00000011     0.99991302     0.00008686
      107     0.00000007     0.99991802     0.00008191
      108     0.00000021     0.99993525     0.00006454
      109     0.00000028     0.99994060     0.00005912
      110     0.00000014     0.99991577     0.00008409
      111     0.00000016     0.99986595     0.00013390
      112     0.00000034     0.99981847     0.00018119
      113     0.00000031     0.99980062     0.00019906
      114     0.00000016     0.99981517     0.00018467
      115     0.00000026     0.99983683     0.00016291
      116     0.00000042     0.99983273     0.00016685
      117     0.00000031     0.99978808     0.00021161
      118     0.00000018     0.99971723     0.00028259
      119     0.00000032     0.99965561     0.00034407
      120     0.00000044     0.99963498     0.00036458
