#     Density Matrix: population Re; see the manual for detail orders
        0     0.00000000     0.00000000     1.00000000
        1     0.00000001     0.00000588     0.99999411
        2     0.00000003     0.00004885     0.99995112
        3     0.00000006     0.00011157     0.99988837
        4     0.00000009     0.00015539     0.99984452
        5     0.00000013     0.00016250     0.99983737
        6     0.00000017     0.00016667     0.99983316
        7     0.00000021     0.00026218     0.99973761
        8     0.00000024     0.00061766     0.99938210
        9     0.00000027     0.00159397     0.99840575
       10     0.00000030     0.00432873     0.99567097
       11     0.00000031     0.01382321     0.98617648
       12     0.00000031     0.06053796     0.93946172
       13     0.00000011     0.64673195     0.35326794
       14     0.00000003     0.55326812     0.44673185
       15     0.00000066     0.13434876     0.86565058
       16     0.00000022     0.06176991     0.93822987
       17     0.00000034     0.03112305     0.96887661
       18     0.00000037     0.01853555     0.98146408
       19     0.00000033     0.01394683     0.98605284
       20     0.00000050     0.01274035     0.98725915
       21     0.00000026     0.01275176     0.98724798
       22     0.00000005     0.01298037     0.98701959
       23     0.00000025     0.01300124     0.98699851
       24     0.00000014     0.01270928     0.98729058
       25     0.00000025     0.01215478     0.98784498
       26     0.00000061     0.01136924     0.98863015
       27     0.00000023     0.01045138     0.98954839
       28     0.00000015     0.00952146     0.99047840
       29     0.00000076     0.00861250     0.99138673
       30     0.00000035     0.00787976     0.99211989
       31     0.00000008     0.00747455     0.99252537
       32     0.00000065     0.00757764     0.99242171
       33     0.00000025     0.00858956     0.99141019
       34     0.00000006     0.01127054     0.98872940
       35     0.00000043     0.01700088     0.98299868
       36     0.00000040     0.02835102     0.97164859
       37     0.00000027     0.05186136     0.94813837
       38     0.00000016     0.10862441     0.89137544
       39     0.00000031     0.24460651     0.75539318
       40     0.00000040     0.48296393     0.51703567
       41     0.00000029     0.72672461     0.27327510
       42     0.00000036     0.88351559     0.11648405
       43     0.00000054     0.95940622     0.04059323
       44     0.00000045     0.98743342     0.01256613
       45     0.00000037     0.99657767     0.00342196
       46     0.00000051     0.99927691     0.00072257
       47     0.00000056     0.99985350     0.00014594
       48     0.00000044     0.99979118     0.00020838
       49     0.00000045     0.99960580     0.00039375
       50     0.00000056     0.99946718     0.00053227
       51     0.00000052     0.99941473     0.00058475
       52     0.00000037     0.99945147     0.00054816
       53     0.00000023     0.99952874     0.00047102
       54     0.00000032     0.99959927     0.00040041
       55     0.00000040     0.99964218     0.00035742
       56     0.00000031     0.99962724     0.00037245
       57     0.00000027     0.99952844     0.00047129
       58     0.00000037     0.99932683     0.00067280
       59     0.00000043     0.99901116     0.00098840
       60     0.00000041     0.99857878     0.00142082
       61     0.00000044     0.99803552     0.00196404
       62     0.00000056     0.99739553     0.00260391
       63     0.00000062     0.99668151     0.00331787
       64     0.00000062     0.99592451     0.00407487
       65     0.00000074     0.99516012     0.00483915
       66     0.00000093     0.99443293     0.00556614
       67     0.00000106     0.99379837     0.00620057
       68     0.00000116     0.99330861     0.00669023
       69     0.00000135     0.99301365     0.00698500
       70     0.00000159     0.99296062     0.00703780
       71     0.00000178     0.99318428     0.00681394
       72     0.00000191     0.99369881     0.00629928
       73     0.00000214     0.99448876     0.00550910
       74     0.00000243     0.99550403     0.00449354
       75     0.00000266     0.99665615     0.00334119
       76     0.00000269     0.99784790     0.00214941
       77     0.00000265     0.99890877     0.00108858
       78     0.00000330     0.99965277     0.00034393
       79     0.00000330     0.99996633     0.00003037
       80     0.00000308     0.99982929     0.00016763
       81     0.00000338     0.99928035     0.00071627
       82     0.00000392     0.99843427     0.00156181
       83     0.00000405     0.99747964     0.00251631
       84     0.00000426     0.99662767     0.00336807
       85     0.00000496     0.99608624     0.00390880
       86     0.00000430     0.99601888     0.00397683
       87     0.00000397     0.99643955     0.00355648
       88     0.00000485     0.99722316     0.00277199
       89     0.00000466     0.99815041     0.00184493
       90     0.00000406     0.99897331     0.00102262
       91     0.00000436     0.99949100     0.00050464
       92     0.00000564     0.99961554     0.00037881
       93     0.00000608     0.99941360     0.00058031
       94     0.00000541     0.99905670     0.00093789
       95     0.00000504     0.99875946     0.00123550
       96     0.00000554     0.99867322     0.00132125
       97     0.00000634     0.99883082     0.00116284
       98     0.00000710     0.99914324     0.00084966
       99     0.00000792     0.99945839     0.00053369
      100     0.00000833     0.99965560     0.00033606
      101     0.00000897     0.99969682     0.00029421
      102     0.00000985     0.99963789     0.00035226
      103     0.00001085     0.99957373     0.00041542
      104     0.00001127     0.99957669     0.00041203
      105     0.00001203     0.99964887     0.00033910
      106     0.00001374     0.99974217     0.00024408
      107     0.00001655     0.99980478     0.00017868
      108     0.00002023     0.99982098     0.00015879
      109     0.00002381     0.99981341     0.00016277
      110     0.00002725     0.99981241     0.00016034
      111     0.00003118     0.99982829     0.00014053
      112     0.00003717     0.99984887     0.00011396
      113     0.00004560     0.99986126     0.00009314
      114     0.00005499     0.99986235     0.00008266
      115     0.00006557     0.99985864     0.00007579
      116     0.00007891     0.99985366     0.00006743
      117     0.00009683     0.99984560     0.00005757
      118     0.00012174     0.99982940     0.00004886
      119     0.00015609     0.99980159     0.00004232
      120     0.00020284     0.99976021     0.00003695
