#     Density Matrix: population Re; see the manual for detail orders
        0     0.00000000     0.00000000     1.00000000
        1     0.00000003     0.00000013     0.99999984
        2     0.00000002     0.00000047     0.99999950
        3     0.00000001     0.00000066     0.99999933
        4     0.00000001     0.00000530     0.99999469
        5     0.00000001     0.00002061     0.99997939
        6     0.00000005     0.00004689     0.99995307
        7     0.00000005     0.00008001     0.99991995
        8     0.00000009     0.00012632     0.99987358
        9     0.00000011     0.00021895     0.99978094
       10     0.00000015     0.00043002     0.99956983
       11     0.00000017     0.00090674     0.99909309
       12     0.00000021     0.00201425     0.99798555
       13     0.00000024     0.00485328     0.99514648
       14     0.00000027     0.01332735     0.98667237
       15     0.00000030     0.04337716     0.95662254
       16     0.00000016     0.55199832     0.44800152
       17     0.00000007     0.83049652     0.16950341
       18     0.00000017     0.64131541     0.35868442
       19     0.00000051     0.57491849     0.42508100
       20     0.00000039     0.60039949     0.39960011
       21     0.00000034     0.64675681     0.35324285
       22     0.00000029     0.69291607     0.30708364
       23     0.00000020     0.73279374     0.26720606
       24     0.00000014     0.76516962     0.23483024
       25     0.00000009     0.79053752     0.20946239
       26     0.00000004     0.80996143     0.19003853
       27     0.00000002     0.82455143     0.17544856
       28     0.00000000     0.83541486     0.16458514
       29     0.00000000     0.84352580     0.15647419
       30     0.00000001     0.84976570     0.15023429
       31     0.00000003     0.85496488     0.14503509
       32     0.00000005     0.85992596     0.14007399
       33     0.00000007     0.86542300     0.13457694
       34     0.00000008     0.87220051     0.12779941
       35     0.00000008     0.88088772     0.11911220
       36     0.00000008     0.89195257     0.10804735
       37     0.00000008     0.90551407     0.09448585
       38     0.00000006     0.92122413     0.07877581
       39     0.00000005     0.93804015     0.06195980
       40     0.00000004     0.95408637     0.04591359
       41     0.00000003     0.96658584     0.03341413
       42     0.00000002     0.97202311     0.02797687
       43     0.00000002     0.96669613     0.03330385
       44     0.00000002     0.94778790     0.05221207
       45     0.00000002     0.91496484     0.08503514
       46     0.00000003     0.87220870     0.12779127
       47     0.00000003     0.82899402     0.17100595
       48     0.00000004     0.79920278     0.20079718
       49     0.00000004     0.79624071     0.20375925
       50     0.00000004     0.82504370     0.17495626
       51     0.00000003     0.87663973     0.12336024
       52     0.00000002     0.93199976     0.06800022
       53     0.00000001     0.97365652     0.02634347
       54     0.00000000     0.99453955     0.00546044
       55     0.00000001     0.99797524     0.00202475
       56     0.00000001     0.99225709     0.00774290
       57     0.00000002     0.98532533     0.01467465
       58     0.00000002     0.98197196     0.01802802
       59     0.00000002     0.98338892     0.01661106
       60     0.00000001     0.98813819     0.01186180
       61     0.00000001     0.99368028     0.00631971
       62     0.00000001     0.99781270     0.00218729
       63     0.00000001     0.99954958     0.00045041
       64     0.00000002     0.99924433     0.00075565
       65     0.00000003     0.99806860     0.00193137
       66     0.00000003     0.99721439     0.00278558
       67     0.00000003     0.99726921     0.00273076
       68     0.00000003     0.99806377     0.00193619
       69     0.00000004     0.99899186     0.00100810
       70     0.00000005     0.99952205     0.00047790
       71     0.00000007     0.99953509     0.00046484
       72     0.00000009     0.99929220     0.00070771
       73     0.00000011     0.99913263     0.00086727
       74     0.00000013     0.99919076     0.00080911
       75     0.00000016     0.99936089     0.00063895
       76     0.00000020     0.99948413     0.00051567
       77     0.00000025     0.99952796     0.00047179
       78     0.00000030     0.99957201     0.00042769
       79     0.00000037     0.99965272     0.00034691
       80     0.00000044     0.99968713     0.00031243
       81     0.00000052     0.99958936     0.00041012
       82     0.00000061     0.99943124     0.00056815
       83     0.00000072     0.99940985     0.00058943
       84     0.00000083     0.99961533     0.00038384
       85     0.00000095     0.99987581     0.00012324
       86     0.00000108     0.99991051     0.00008840
       87     0.00000122     0.99965132     0.00034746
       88     0.00000137     0.99935369     0.00064494
       89     0.00000154     0.99933700     0.00066146
       90     0.00000171     0.99963277     0.00036552
       91     0.00000189     0.99994105     0.00005707
       92     0.00000207     0.99994662     0.00005130
       93     0.00000227     0.99964488     0.00035285
       94     0.00000248     0.99933255     0.00066497
       95     0.00000271     0.99929648     0.00070081
       96     0.00000294     0.99953987     0.00045719
       97     0.00000317     0.99981067     0.00018616
       98     0.00000340     0.99986617     0.00013043
       99     0.00000364     0.99969092     0.00030544
      100     0.00000388     0.99947506     0.00052106
      101     0.00000413     0.99941443     0.00058144
      102     0.00000438     0.99954355     0.00045207
      103     0.00000463     0.99973949     0.00025589
      104     0.00000486     0.99985677     0.00013837
      105     0.00000509     0.99984923     0.00014568
      106     0.00000532     0.99978058     0.00021410
      107     0.00000556     0.99974407     0.00025037
      108     0.00000581     0.99978081     0.00021338
      109     0.00000606     0.99986291     0.00013104
      110     0.00000631     0.99993555     0.00005814
      111     0.00000655     0.99996702     0.00002643
      112     0.00000680     0.99996472     0.00002849
      113     0.00000707     0.99995550     0.00003743
      114     0.00000738     0.99995780     0.00003482
      115     0.00000772     0.99997087     0.00002141
      116     0.00000807     0.99998393     0.00000800
      117     0.00000847     0.99999004     0.00000149
      118     0.00000892     0.99999068     0.00000040
      119     0.00000944     0.99999026     0.00000030
      120     0.00001005     0.99998992     0.00000002
