#     Density Matrix: population Re; see the manual for detail orders
        0     0.00000000     0.00000000     1.00000000
        1     0.00000000     0.00000001     0.99999999
        2     0.00000001     0.00000028     0.99999972
        3     0.00000000     0.00000533     0.99999467
        4     0.00000004     0.00002022     0.99997974
        5     0.00000004     0.00003936     0.99996061
        6     0.00000013     0.00005086     0.99994901
        7     0.00000013     0.00005286     0.99994701
        8     0.00000031     0.00006361     0.99993609
        9     0.00000031     0.00011595     0.99988375
       10     0.00000056     0.00024552     0.99975392
       11     0.00000054     0.00049413     0.99950532
       12     0.00000084     0.00095825     0.99904091
       13     0.00000078     0.00194904     0.99805018
       14     0.00000104     0.00451961     0.99547935
       15     0.00000094     0.01256382     0.98743524
       16     0.00000106     0.04304250     0.95695644
       17     0.00000091     0.17252879     0.82747030
       18     0.00000049     0.48611215     0.51388735
       19     0.00000046     0.60065479     0.39934475
       20     0.00000119     0.44450393     0.55549488
       21     0.00000101     0.35685087     0.64314812
       22     0.00000017     0.31631728     0.68368255
       23     0.00000135     0.28813054     0.71186811
       24     0.00000083     0.27062709     0.72937208
       25     0.00000052     0.26180393     0.73819555
       26     0.00000142     0.25972845     0.74027012
       27     0.00000050     0.26249340     0.73750610
       28     0.00000039     0.26894153     0.73105808
       29     0.00000127     0.27827649     0.72172224
       30     0.00000041     0.28989144     0.71010815
       31     0.00000028     0.30334055     0.69665917
       32     0.00000115     0.31825061     0.68174824
       33     0.00000047     0.33411455     0.66588498
       34     0.00000017     0.35010092     0.64989891
       35     0.00000108     0.36492636     0.63507256
       36     0.00000073     0.37655973     0.62343954
       37     0.00000008     0.38156558     0.61843434
       38     0.00000094     0.37422621     0.62577286
       39     0.00000118     0.34432479     0.65567402
       40     0.00000023     0.26893889     0.73106088
       41     0.00000050     0.09517146     0.90482804
       42     0.00000120     0.06747900     0.93251980
       43     0.00000060     0.33546886     0.66453054
       44     0.00000044     0.45801870     0.54198086
       45     0.00000142     0.50632341     0.49367518
       46     0.00000140     0.53233153     0.46766707
       47     0.00000050     0.55006464     0.44993486
       48     0.00000087     0.56529992     0.43469921
       49     0.00000181     0.58190247     0.41809571
       50     0.00000135     0.60507309     0.39492556
       51     0.00000054     0.63582356     0.36417590
       52     0.00000124     0.67047690     0.32952186
       53     0.00000211     0.70680948     0.29318840
       54     0.00000141     0.74276735     0.25723124
       55     0.00000057     0.77687108     0.22312835
       56     0.00000130     0.80814708     0.19185162
       57     0.00000218     0.83611638     0.16388144
       58     0.00000149     0.86070583     0.13929269
       59     0.00000058     0.88208983     0.11790958
       60     0.00000112     0.90057579     0.09942308
       61     0.00000207     0.91651597     0.08348196
       62     0.00000176     0.93025200     0.06974624
       63     0.00000077     0.94211692     0.05788231
       64     0.00000088     0.95236848     0.04763065
       65     0.00000205     0.96122259     0.03877536
       66     0.00000247     0.96885006     0.03114747
       67     0.00000158     0.97535106     0.02464735
       68     0.00000110     0.98077517     0.01922373
       69     0.00000233     0.98513170     0.01486597
       70     0.00000388     0.98836836     0.01162776
       71     0.00000000     1.00000000     0.00000000
       72     0.00000564     0.99975267     0.00024169
       73     0.00001407     0.99899345     0.00099249
       74     0.00001189     0.99773405     0.00225406
       75     0.00000251     0.99603635     0.00396114
       76     0.00000144     0.99402081     0.00597775
       77     0.00001148     0.99189514     0.00809337
       78     0.00001751     0.98995248     0.01003001
       79     0.00001038     0.98850600     0.01148362
       80     0.00000108     0.98783057     0.01216835
       81     0.00000336     0.98810974     0.01188690
       82     0.00001349     0.98939034     0.01059617
       83     0.00000000     1.00000000     0.00000000
       84     0.00000846     0.99946653     0.00052501
       85     0.00002214     0.99797601     0.00200185
       86     0.00002178     0.99587880     0.00409942
       87     0.00000795     0.99370510     0.00628694
       88     0.00000000     0.99203576     0.00796424
       89     0.00000772     0.99136915     0.00862312
       90     0.00001931     0.99195642     0.00802426
       91     0.00001962     0.99367034     0.00631004
       92     0.00000897     0.99599249     0.00399854
       93     0.00000044     0.99815308     0.00184648
       94     0.00000405     0.99940566     0.00059029
       95     0.00001574     0.99934806     0.00063620
       96     0.00002092     0.99811230     0.00186678
       97     0.00001276     0.99631853     0.00366870
       98     0.00000198     0.99483126     0.00516675
       99     0.00000157     0.99437117     0.00562725
      100     0.00001091     0.99515369     0.00483540
      101     0.00001908     0.99674382     0.00323710
      102     0.00001724     0.99825743     0.00172532
      103     0.00000712     0.99885739     0.00113549
      104     0.00000012     0.99825396     0.00174592
      105     0.00000553     0.99692279     0.00307168
      106     0.00001741     0.99581795     0.00416463
      107     0.00002196     0.99572270     0.00425535
      108     0.00001486     0.99666613     0.00331901
      109     0.00000378     0.99787708     0.00211914
      110     0.00000042     0.99838814     0.00161144
      111     0.00001026     0.99783390     0.00215585
      112     0.00002450     0.99678116     0.00319435
      113     0.00002820     0.99622659     0.00374521
      114     0.00001814     0.99666488     0.00331698
      115     0.00000476     0.99760568     0.00238956
      116     0.00000183     0.99807075     0.00192742
      117     0.00001510     0.99762265     0.00236225
      118     0.00003484     0.99683172     0.00313344
      119     0.00004391     0.99661103     0.00334506
      120     0.00003565     0.99715975     0.00280460
