#     Density Matrix: population Re; see the manual for detail orders
        0     0.00000000     0.00000000     1.00000000
        1     0.00000005     0.00001283     0.99998713
        2     0.00000007     0.00011051     0.99988942
        3     0.00000012     0.00027059     0.99972929
        4     0.00000016     0.00041763     0.99958221
        5     0.00000022     0.00049665     0.99950313
        6     0.00000030     0.00058437     0.99941534
        7     0.00000032     0.00111221     0.99888747
        8     0.00000046     0.00359568     0.99640386
        9     0.00000037     0.01436235     0.98563729
       10     0.00000058     0.07279658     0.92720284
       11     0.00000024     0.40867520     0.59132456
       12     0.00000018     0.69074147     0.30925835
       13     0.00000111     0.38457746     0.61542143
       14     0.00000201     0.28310412     0.71689387
       15     0.00000057     0.24614923     0.75385020
       16     0.00000163     0.23299008     0.76700830
       17     0.00000081     0.23007060     0.76992859
       18     0.00000026     0.23113163     0.76886811
       19     0.00000123     0.23292345     0.76707532
       20     0.00000034     0.23350510     0.76649456
       21     0.00000022     0.23202934     0.76797044
       22     0.00000080     0.22833598     0.77166322
       23     0.00000017     0.22260414     0.77739569
       24     0.00000015     0.21525373     0.78474611
       25     0.00000039     0.20672626     0.79327335
       26     0.00000016     0.19726400     0.80273584
       27     0.00000021     0.18713712     0.81286267
       28     0.00000022     0.17666719     0.82333259
       29     0.00000012     0.16622762     0.83377226
       30     0.00000029     0.15682194     0.84317777
       31     0.00000021     0.14986730     0.85013249
       32     0.00000042     0.14716644     0.85283314
       33     0.00000059     0.15111579     0.84888361
       34     0.00000051     0.16431774     0.83568175
       35     0.00000042     0.18908423     0.81091535
       36     0.00000030     0.22647580     0.77352391
       37     0.00000025     0.27485372     0.72514604
       38     0.00000064     0.32821741     0.67178194
       39     0.00000016     0.37480022     0.62519962
       40     0.00000041     0.39721887     0.60278072
       41     0.00000072     0.37693945     0.62305983
       42     0.00000006     0.30495469     0.69504525
       43     0.00000079     0.19537354     0.80462566
       44     0.00000079     0.08841804     0.91158116
       45     0.00000004     0.03038036     0.96961960
       46     0.00000110     0.04161163     0.95838726
       47     0.00000041     0.10379808     0.89620151
       48     0.00000035     0.17685445     0.82314520
       49     0.00000102     0.22543500     0.77456398
       50     0.00000002     0.23459934     0.76540063
       51     0.00000096     0.21068469     0.78931435
       52     0.00000047     0.17286820     0.82713133
       53     0.00000029     0.14164476     0.85835495
       54     0.00000089     0.12942402     0.87057509
       55     0.00000000     0.13655919     0.86344081
       56     0.00000077     0.15368297     0.84631626
       57     0.00000016     0.16858095     0.83141889
       58     0.00000057     0.17313672     0.82686271
       59     0.00000049     0.16716708     0.83283243
       60     0.00000022     0.15713448     0.84286530
       61     0.00000077     0.15062813     0.84937110
       62     0.00000001     0.15108429     0.84891570
       63     0.00000065     0.15626712     0.84373222
       64     0.00000001     0.16109721     0.83890278
       65     0.00000046     0.16207683     0.83792272
       66     0.00000003     0.15974624     0.84025373
       67     0.00000038     0.15709108     0.84290854
       68     0.00000013     0.15637937     0.84362051
       69     0.00000015     0.15702616     0.84297369
       70     0.00000007     0.15762467     0.84237525
       71     0.00000033     0.15774930     0.84225036
       72     0.00000023     0.15795845     0.84204132
       73     0.00000013     0.15889032     0.84110954
       74     0.00000040     0.15938376     0.84061583
       75     0.00000012     0.15818777     0.84181211
       76     0.00000009     0.15596460     0.84403531
       77     0.00000022     0.15523780     0.84476198
       78     0.00000060     0.15752669     0.84247271
       79     0.00000003     0.16070518     0.83929479
       80     0.00000024     0.16117884     0.83882092
       81     0.00000030     0.15753100     0.84246870
       82     0.00000025     0.15340101     0.84659874
       83     0.00000001     0.15352530     0.84647469
       84     0.00000064     0.15870165     0.84129771
       85     0.00000052     0.16354064     0.83645884
       86     0.00000001     0.16251469     0.83748530
       87     0.00000015     0.15591355     0.84408630
       88     0.00000066     0.15059842     0.84940091
       89     0.00000072     0.15262286     0.84737643
       90     0.00000005     0.16036489     0.83963506
       91     0.00000073     0.16583947     0.83415979
       92     0.00000061     0.16306105     0.83693835
       93     0.00000029     0.15458709     0.84541262
       94     0.00000002     0.14903037     0.85096961
       95     0.00000080     0.15212280     0.84787641
       96     0.00000150     0.16079985     0.83919865
       97     0.00000025     0.16641778     0.83358197
       98     0.00000011     0.16353680     0.83646309
       99     0.00000024     0.15520088     0.84479888
      100     0.00000100     0.14960263     0.85039637
      101     0.00000106     0.15186553     0.84813341
      102     0.00000028     0.15932255     0.84067717
      103     0.00000110     0.16459509     0.83540380
      104     0.00000081     0.16306375     0.83693544
      105     0.00000043     0.15683516     0.84316441
      106     0.00000063     0.15220771     0.84779166
      107     0.00000032     0.15301420     0.84698547
      108     0.00000219     0.15769589     0.84230192
      109     0.00000196     0.16139975     0.83859828
      110     0.00000012     0.16097347     0.83902641
      111     0.00000015     0.15762145     0.84237839
      112     0.00000005     0.15499766     0.84500229
      113     0.00000192     0.15527511     0.84472297
      114     0.00000300     0.15742025     0.84257675
      115     0.00000077     0.15893182     0.84106741
      116     0.00000011     0.15868341     0.84131648
      117     0.00000010     0.15760469     0.84239521
      118     0.00000100     0.15704029     0.84295871
      119     0.00000328     0.15716949     0.84282723
      120     0.00000221     0.15732332     0.84267447
