#     Density Matrix: population Re; see the manual for detail orders
        0     0.00000000     0.00000000     1.00000000
        1     0.00000000     0.00000038     0.99999961
        2     0.00000002     0.00000315     0.99999683
        3     0.00000006     0.00000695     0.99999298
        4     0.00000011     0.00000878     0.99999111
        5     0.00000019     0.00000766     0.99999215
        6     0.00000027     0.00000779     0.99999195
        7     0.00000038     0.00001656     0.99998306
        8     0.00000049     0.00003866     0.99996086
        9     0.00000062     0.00007291     0.99992648
       10     0.00000073     0.00011773     0.99988154
       11     0.00000083     0.00018532     0.99981385
       12     0.00000090     0.00032599     0.99967310
       13     0.00000097     0.00068292     0.99931611
       14     0.00000098     0.00167061     0.99832841
       15     0.00000100     0.00472069     0.99527831
       16     0.00000094     0.01637318     0.98362588
       17     0.00000086     0.08019144     0.91980770
       18     0.00000049     0.42863686     0.57136265
       19     0.00000015     0.72359721     0.27640264
       20     0.00000155     0.49689097     0.50310749
       21     0.00000186     0.39036893     0.60962921
       22     0.00000081     0.34002336     0.65997583
       23     0.00000083     0.32620001     0.67379916
       24     0.00000005     0.32273866     0.67726129
       25     0.00000049     0.32290858     0.67709093
       26     0.00000064     0.32671022     0.67328914
       27     0.00000001     0.33396699     0.66603300
       28     0.00000051     0.34439866     0.65560083
       29     0.00000055     0.35762509     0.64237436
       30     0.00000000     0.37329793     0.62670207
       31     0.00000047     0.39103401     0.60896551
       32     0.00000053     0.41055086     0.58944861
       33     0.00000001     0.43148893     0.56851107
       34     0.00000040     0.45359864     0.54640096
       35     0.00000058     0.47644350     0.52355592
       36     0.00000005     0.49952987     0.50047008
       37     0.00000026     0.52206995     0.47792978
       38     0.00000064     0.54287964     0.45711972
       39     0.00000018     0.56011391     0.43988591
       40     0.00000009     0.57086534     0.42913457
       41     0.00000065     0.56912573     0.43087362
       42     0.00000048     0.54989338     0.45010614
       43     0.00000001     0.51168988     0.48831010
       44     0.00000053     0.45316263     0.54683684
       45     0.00000099     0.37304390     0.62695512
       46     0.00000034     0.26805875     0.73194091
       47     0.00000017     0.13033280     0.86966702
       48     0.00000079     0.12317048     0.87682873
       49     0.00000077     0.39869086     0.60130837
       50     0.00000018     0.51503594     0.48496388
       51     0.00000009     0.50962702     0.49037290
       52     0.00000026     0.46375958     0.53624016
       53     0.00000014     0.51298837     0.48701148
       54     0.00000008     0.55390711     0.44609281
       55     0.00000042     0.58173400     0.41826558
       56     0.00000059     0.60039095     0.39960846
       57     0.00000029     0.61300568     0.38699403
       58     0.00000027     0.62224049     0.37775924
       59     0.00000075     0.63127968     0.36871957
       60     0.00000081     0.64533202     0.35466717
       61     0.00000038     0.66532475     0.33467487
       62     0.00000046     0.68530729     0.31469226
       63     0.00000090     0.70537284     0.29462627
       64     0.00000075     0.72681685     0.27318240
       65     0.00000028     0.75174378     0.24825594
       66     0.00000035     0.78206655     0.21793309
       67     0.00000065     0.81767549     0.18232386
       68     0.00000052     0.85439701     0.14560247
       69     0.00000018     0.88400246     0.11599735
       70     0.00000021     0.89981189     0.10018790
       71     0.00000053     0.90419027     0.09580920
       72     0.00000053     0.90702191     0.09297756
       73     0.00000018     0.91582864     0.08417118
       74     0.00000008     0.93114219     0.06885773
       75     0.00000026     0.94952143     0.05047832
       76     0.00000026     0.96727809     0.03272165
       77     0.00000009     0.98186644     0.01813347
       78     0.00000000     1.00000000     0.00000000
       79     0.00000021     0.99867525     0.00132454
       80     0.00000041     0.99604795     0.00395164
       81     0.00000015     0.99384809     0.00615175
       82     0.00000001     0.99307928     0.00692071
       83     0.00000018     0.99383350     0.00616632
       84     0.00000023     0.99545662     0.00454315
       85     0.00000012     0.99700003     0.00299985
       86     0.00000002     0.99774499     0.00225498
       87     0.00000016     0.99754086     0.00245899
       88     0.00000025     0.99678688     0.00321287
       89     0.00000007     0.99609672     0.00390320
       90     0.00000006     0.99588197     0.00411797
       91     0.00000017     0.99613540     0.00386444
       92     0.00000016     0.99653939     0.00346044
       93     0.00000007     0.99677597     0.00322396
       94     0.00000006     0.99676803     0.00323190
       95     0.00000022     0.99666300     0.00333678
       96     0.00000015     0.99661586     0.00338399
       97     0.00000003     0.99661621     0.00338376
       98     0.00000013     0.99654206     0.00345781
       99     0.00000024     0.99636638     0.00363338
      100     0.00000013     0.99625664     0.00374323
      101     0.00000002     0.99641260     0.00358738
      102     0.00000027     0.99679390     0.00320584
      103     0.00000032     0.99706273     0.00293695
      104     0.00000005     0.99687954     0.00312041
      105     0.00000008     0.99629610     0.00370382
      106     0.00000042     0.99581084     0.00418874
      107     0.00000037     0.99593932     0.00406031
      108     0.00000002     0.99666924     0.00333073
      109     0.00000026     0.99737042     0.00262932
      110     0.00000062     0.99733453     0.00266485
      111     0.00000034     0.99647626     0.00352339
      112     0.00000004     0.99550166     0.00449830
      113     0.00000045     0.99531384     0.00468571
      114     0.00000082     0.99616558     0.00383359
      115     0.00000038     0.99735907     0.00264055
      116     0.00000010     0.99782254     0.00217736
      117     0.00000061     0.99707338     0.00292601
      118     0.00000092     0.99568859     0.00431049
      119     0.00000044     0.99483303     0.00516653
      120     0.00000016     0.99525354     0.00474631
