#     Density Matrix: population Re; see the manual for detail orders
        0     0.00000000     0.00000000     1.00000000
        1     0.00000004     0.00000111     0.99999885
        2     0.00000003     0.00000529     0.99999468
        3     0.00000001     0.00000556     0.99999444
        4     0.00000002     0.00000825     0.99999173
        5     0.00000002     0.00002116     0.99997882
        6     0.00000007     0.00004151     0.99995842
        7     0.00000009     0.00005836     0.99994155
        8     0.00000014     0.00006789     0.99993196
        9     0.00000018     0.00009164     0.99990818
       10     0.00000023     0.00019359     0.99980619
       11     0.00000027     0.00052645     0.99947328
       12     0.00000030     0.00155945     0.99844025
       13     0.00000015     0.48443227     0.51556758
       14     0.00000021     0.78571226     0.21428753
       15     0.00000007     0.90633458     0.09366535
       16     0.00000051     0.80721486     0.19278463
       17     0.00000017     0.87187989     0.12811994
       18     0.00000008     0.88566915     0.11433078
       19     0.00000015     0.89371200     0.10628785
       20     0.00000005     0.90057689     0.09942305
       21     0.00000009     0.90690963     0.09309028
       22     0.00000007     0.91279306     0.08720687
       23     0.00000004     0.91823924     0.08176072
       24     0.00000004     0.92325652     0.07674343
       25     0.00000003     0.92786411     0.07213586
       26     0.00000002     0.93208072     0.06791926
       27     0.00000002     0.93589852     0.06410146
       28     0.00000001     0.93930404     0.06069595
       29     0.00000001     0.94228709     0.05771290
       30     0.00000001     0.94485439     0.05514560
       31     0.00000001     0.94703737     0.05296262
       32     0.00000001     0.94891460     0.05108540
       33     0.00000001     0.95060569     0.04939431
       34     0.00000000     0.95227464     0.04772536
       35     0.00000000     0.95412070     0.04587929
       36     0.00000000     0.95635025     0.04364974
       37     0.00000000     0.95915010     0.04084990
       38     0.00000000     0.96264012     0.03735988
       39     0.00000000     0.96681560     0.03318439
       40     0.00000000     0.97148690     0.02851309
       41     0.00000000     0.97620809     0.02379191
       42     0.00000000     0.98019794     0.01980206
       43     0.00000000     0.98224297     0.01775703
       44     0.00000000     0.98046552     0.01953447
       45     0.00000000     0.97157839     0.02842161
       46     0.00000000     0.94764363     0.05235637
       47     0.00000001     0.87543350     0.12456649
       48     0.00000005     0.57061987     0.42938008
       49     0.00000024     0.41562552     0.58437424
       50     0.00000029     0.75396579     0.24603392
       51     0.00000004     0.89454523     0.10545473
       52     0.00000003     0.94876678     0.05123319
       53     0.00000004     0.96960509     0.03039487
       54     0.00000000     0.97614545     0.02385455
       55     0.00000001     0.97759974     0.02240024
       56     0.00000000     0.97846900     0.02153100
       57     0.00000001     0.98042348     0.01957651
       58     0.00000001     0.98347152     0.01652847
       59     0.00000001     0.98687793     0.01312206
       60     0.00000001     0.98985246     0.01014753
       61     0.00000000     0.99195860     0.00804140
       62     0.00000000     0.99321326     0.00678674
       63     0.00000000     0.99393413     0.00606587
       64     0.00000000     0.99448620     0.00551380
       65     0.00000000     0.99507854     0.00492146
       66     0.00000000     0.99571588     0.00428412
       67     0.00000000     0.99629141     0.00370859
       68     0.00000000     0.99672148     0.00327852
       69     0.00000000     0.99701501     0.00298498
       70     0.00000000     0.99723804     0.00276196
       71     0.00000000     0.99743546     0.00256454
       72     0.00000000     0.99759912     0.00240088
       73     0.00000000     0.99770945     0.00229054
       74     0.00000000     0.99778970     0.00221029
       75     0.00000001     0.99789390     0.00210609
       76     0.00000001     0.99803417     0.00196582
       77     0.00000001     0.99814368     0.00185631
       78     0.00000001     0.99814664     0.00185335
       79     0.00000001     0.99807035     0.00192964
       80     0.00000001     0.99805066     0.00194933
       81     0.00000001     0.99818811     0.00181188
       82     0.00000002     0.99840948     0.00159050
       83     0.00000002     0.99852392     0.00147606
       84     0.00000002     0.99844373     0.00155625
       85     0.00000003     0.99831444     0.00168553
       86     0.00000003     0.99837367     0.00162630
       87     0.00000003     0.99867781     0.00132216
       88     0.00000004     0.99901424     0.00098572
       89     0.00000004     0.99911709     0.00088286
       90     0.00000005     0.99895545     0.00104449
       91     0.00000006     0.99877629     0.00122365
       92     0.00000006     0.99885529     0.00114465
       93     0.00000007     0.99921647     0.00078347
       94     0.00000007     0.99960148     0.00039845
       95     0.00000008     0.99970965     0.00029027
       96     0.00000009     0.99947393     0.00052598
       97     0.00000010     0.99912240     0.00087750
       98     0.00000010     0.99898296     0.00101694
       99     0.00000011     0.99920787     0.00079202
      100     0.00000011     0.99964764     0.00035225
      101     0.00000012     0.99996832     0.00003156
      102     0.00000012     0.99991039     0.00008949
      103     0.00000013     0.99948588     0.00051399
      104     0.00000013     0.99896944     0.00103043
      105     0.00000013     0.99869890     0.00130098
      106     0.00000013     0.99883798     0.00116189
      107     0.00000013     0.99927121     0.00072866
      108     0.00000013     0.99969589     0.00030398
      109     0.00000013     0.99983528     0.00016459
      110     0.00000013     0.99961900     0.00038087
      111     0.00000013     0.99921233     0.00078754
      112     0.00000013     0.99888861     0.00111126
      113     0.00000013     0.99884620     0.00115368
      114     0.00000012     0.99909591     0.00090396
      115     0.00000012     0.99948383     0.00051605
      116     0.00000012     0.99981392     0.00018596
      117     0.00000012     0.99997367     0.00002622
      118     0.00000011     0.99997883     0.00002106
      119     0.00000011     0.99992350     0.00007639
      120     0.00000010     0.99989074     0.00010915
