#     Density Matrix: population Re; see the manual for detail orders
        0     0.00000000     0.00000000     1.00000000
        1     0.00000002     0.00000671     0.99999327
        2     0.00000002     0.00004310     0.99995688
        3     0.00000006     0.00006314     0.99993680
        4     0.00000008     0.00004567     0.99995426
        5     0.00000013     0.00001493     0.99998494
        6     0.00000016     0.00000074     0.99999910
        7     0.00000021     0.00001264     0.99998715
        8     0.00000024     0.00004552     0.99995424
        9     0.00000027     0.00009859     0.99990114
       10     0.00000030     0.00020841     0.99979129
       11     0.00000033     0.00055357     0.99944610
       12     0.00000035     0.00202355     0.99797610
       13     0.00000036     0.01143565     0.98856398
       14     0.00000021     0.57425048     0.42574931
       15     0.00000007     0.31673285     0.68326708
       16     0.00000122     0.22374982     0.77624896
       17     0.00000027     0.13797185     0.86202788
       18     0.00000039     0.09293751     0.90706209
       19     0.00000052     0.06791687     0.93208260
       20     0.00000028     0.05357789     0.94642183
       21     0.00000042     0.04508372     0.95491585
       22     0.00000041     0.03975402     0.96024557
       23     0.00000038     0.03612206     0.96387757
       24     0.00000032     0.03336017     0.96663951
       25     0.00000032     0.03102187     0.96897781
       26     0.00000031     0.02886414     0.97113555
       27     0.00000029     0.02675833     0.97324139
       28     0.00000027     0.02462276     0.97537697
       29     0.00000027     0.02238337     0.97761635
       30     0.00000027     0.01996527     0.98003446
       31     0.00000026     0.01727469     0.98272505
       32     0.00000026     0.01420247     0.98579727
       33     0.00000026     0.01060721     0.98939254
       34     0.00000026     0.00639343     0.99360632
       35     0.00000026     0.00191842     0.99808131
       36     0.00000026     0.00060764     0.99939210
       37     0.00000025     0.03056080     0.96943895
       38     0.00000023     0.24432829     0.75567148
       39     0.00000024     0.62340794     0.37659181
       40     0.00000028     0.81578927     0.18421045
       41     0.00000024     0.87327344     0.12672631
       42     0.00000021     0.89531676     0.10468303
       43     0.00000024     0.90561134     0.09438843
       44     0.00000024     0.91089281     0.08910695
       45     0.00000021     0.91367450     0.08632529
       46     0.00000021     0.91510995     0.08488984
       47     0.00000024     0.91580099     0.08419877
       48     0.00000023     0.91609112     0.08390865
       49     0.00000020     0.91620611     0.08379368
       50     0.00000021     0.91629622     0.08370357
       51     0.00000023     0.91646038     0.08353939
       52     0.00000022     0.91676294     0.08323685
       53     0.00000019     0.91724875     0.08275106
       54     0.00000021     0.91793118     0.08206861
       55     0.00000025     0.91881914     0.08118061
       56     0.00000022     0.91989303     0.08010675
       57     0.00000020     0.92112705     0.07887274
       58     0.00000024     0.92248607     0.07751369
       59     0.00000026     0.92392381     0.07607593
       60     0.00000025     0.92540732     0.07459243
       61     0.00000024     0.92689050     0.07310926
       62     0.00000026     0.92833117     0.07166857
       63     0.00000029     0.92971241     0.07028729
       64     0.00000030     0.93101481     0.06898489
       65     0.00000030     0.93222860     0.06777110
       66     0.00000034     0.93335212     0.06664754
       67     0.00000041     0.93440005     0.06559953
       68     0.00000047     0.93539774     0.06460179
       69     0.00000051     0.93637503     0.06362445
       70     0.00000058     0.93735800     0.06264142
       71     0.00000070     0.93837234     0.06162696
       72     0.00000082     0.93943508     0.06056410
       73     0.00000091     0.94055150     0.05944759
       74     0.00000101     0.94171384     0.05828515
       75     0.00000115     0.94290045     0.05709839
       76     0.00000131     0.94408407     0.05591462
       77     0.00000143     0.94523160     0.05476697
       78     0.00000153     0.94631214     0.05368634
       79     0.00000163     0.94730970     0.05268867
       80     0.00000176     0.94820534     0.05179290
       81     0.00000186     0.94901830     0.05097984
       82     0.00000193     0.94980190     0.05019616
       83     0.00000198     0.95059710     0.04940092
       84     0.00000203     0.95146749     0.04853048
       85     0.00000207     0.95249109     0.04750684
       86     0.00000210     0.95373554     0.04626237
       87     0.00000211     0.95525786     0.04474003
       88     0.00000212     0.95708547     0.04291240
       89     0.00000216     0.95919845     0.04079939
       90     0.00000224     0.96154920     0.03844856
       91     0.00000237     0.96404191     0.03595572
       92     0.00000253     0.96655075     0.03344671
       93     0.00000274     0.96892936     0.03106789
       94     0.00000302     0.97102776     0.02896922
       95     0.00000339     0.97271117     0.02728544
       96     0.00000383     0.97388328     0.02611289
       97     0.00000430     0.97450292     0.02549278
       98     0.00000476     0.97459702     0.02539822
       99     0.00000520     0.97426457     0.02573023
      100     0.00000559     0.97367415     0.02632026
      101     0.00000588     0.97304627     0.02694785
      102     0.00000602     0.97262519     0.02736878
      103     0.00000600     0.97264659     0.02734741
      104     0.00000584     0.97329723     0.02669693
      105     0.00000558     0.97467670     0.02531772
      106     0.00000530     0.97677042     0.02322427
      107     0.00000509     0.97944054     0.02055437
      108     0.00000501     0.98243115     0.01756384
      109     0.00000514     0.98540519     0.01458968
      110     0.00000549     0.98800288     0.01199163
      111     0.00000603     0.98991295     0.01008102
      112     0.00000667     0.99094525     0.00904808
      113     0.00000728     0.99108790     0.00890482
      114     0.00000772     0.99052781     0.00946447
      115     0.00000788     0.98962009     0.01037203
      116     0.00000772     0.98881002     0.01118226
      117     0.00000729     0.98851648     0.01147623
      118     0.00000670     0.98901314     0.01098016
      119     0.00000611     0.99033637     0.00965751
      120     0.00000568     0.99226598     0.00772834
