#     Density Matrix: population Re; see the manual for detail orders
        0     0.00000000     0.00000000     1.00000000
        1     0.00000012     0.00000218     0.99999770
        2     0.00000013     0.00002833     0.99997155
        3     0.00000027     0.00010921     0.99989053
        4     0.00000023     0.00025710     0.99974266
        5     0.00000043     0.00048564     0.99951392
        6     0.00000039     0.00090977     0.99908984
        7     0.00000055     0.00199544     0.99800402
        8     0.00000057     0.00531997     0.99467945
        9     0.00000054     0.01674279     0.98325667
       10     0.00000088     0.06296634     0.93703279
       11     0.00000039     0.25741996     0.74257965
       12     0.00000060     0.62667560     0.37332380
       13     0.00000007     0.50788241     0.49211751
       14     0.00000169     0.35588582     0.64411249
       15     0.00000063     0.28262257     0.71737681
       16     0.00000063     0.24622005     0.75377932
       17     0.00000143     0.22861231     0.77138626
       18     0.00000013     0.22090878     0.77909109
       19     0.00000074     0.21818253     0.78181672
       20     0.00000090     0.21760280     0.78239630
       21     0.00000001     0.21759238     0.78240761
       22     0.00000065     0.21735358     0.78264577
       23     0.00000060     0.21655711     0.78344230
       24     0.00000000     0.21511985     0.78488015
       25     0.00000053     0.21305413     0.78694534
       26     0.00000041     0.21039136     0.78960823
       27     0.00000004     0.20716411     0.79283585
       28     0.00000042     0.20343571     0.79656387
       29     0.00000028     0.19936426     0.80063546
       30     0.00000011     0.19528320     0.80471669
       31     0.00000037     0.19177888     0.80822076
       32     0.00000023     0.18974677     0.81025300
       33     0.00000015     0.19040591     0.80959394
       34     0.00000029     0.19523953     0.80476018
       35     0.00000022     0.20581040     0.79418938
       36     0.00000022     0.22340264     0.77659714
       37     0.00000017     0.24841141     0.75158843
       38     0.00000029     0.27940216     0.72059755
       39     0.00000032     0.31180828     0.68819140
       40     0.00000006     0.33640814     0.66359180
       41     0.00000049     0.33817742     0.66182209
       42     0.00000034     0.29770504     0.70229462
       43     0.00000010     0.20158286     0.79841704
       44     0.00000086     0.07218918     0.92780995
       45     0.00000019     0.00034735     0.99965247
       46     0.00000045     0.07950358     0.92049596
       47     0.00000082     0.25469331     0.74530587
       48     0.00000001     0.38173230     0.61826770
       49     0.00000086     0.40262234     0.59737680
       50     0.00000016     0.34981688     0.65018296
       51     0.00000063     0.27710429     0.72289508
       52     0.00000083     0.22337805     0.77662111
       53     0.00000012     0.20410297     0.79589691
       54     0.00000118     0.21451250     0.78548632
       55     0.00000007     0.23829311     0.76170682
       56     0.00000089     0.25812177     0.74187734
       57     0.00000034     0.26413154     0.73586811
       58     0.00000054     0.25705008     0.74294937
       59     0.00000072     0.24515979     0.75483949
       60     0.00000018     0.23752093     0.76247890
       61     0.00000083     0.23800077     0.76199840
       62     0.00000003     0.24386337     0.75613660
       63     0.00000073     0.24925392     0.75074535
       64     0.00000001     0.25029510     0.74970490
       65     0.00000082     0.24759909     0.75240009
       66     0.00000005     0.24457182     0.75542814
       67     0.00000053     0.24372779     0.75627168
       68     0.00000013     0.24475012     0.75524974
       69     0.00000039     0.24579840     0.75420121
       70     0.00000006     0.24600906     0.75399088
       71     0.00000054     0.24611672     0.75388274
       72     0.00000021     0.24675231     0.75324748
       73     0.00000019     0.24704878     0.75295102
       74     0.00000031     0.24577532     0.75422437
       75     0.00000031     0.24363280     0.75636690
       76     0.00000007     0.24323847     0.75676146
       77     0.00000041     0.24598274     0.75401685
       78     0.00000037     0.24944846     0.75055117
       79     0.00000005     0.24937865     0.75062131
       80     0.00000041     0.24482401     0.75517558
       81     0.00000046     0.24032364     0.75967589
       82     0.00000005     0.24146421     0.75853574
       83     0.00000028     0.24809025     0.75190947
       84     0.00000062     0.25333090     0.74666848
       85     0.00000014     0.25070615     0.74929371
       86     0.00000027     0.24193504     0.75806469
       87     0.00000074     0.23615816     0.76384110
       88     0.00000022     0.24039298     0.75960679
       89     0.00000006     0.25130913     0.74869081
       90     0.00000072     0.25780233     0.74219696
       91     0.00000063     0.25239276     0.74760662
       92     0.00000000     0.23954922     0.76045078
       93     0.00000056     0.23184324     0.76815620
       94     0.00000089     0.23747707     0.76252204
       95     0.00000018     0.25180369     0.74819613
       96     0.00000024     0.26149124     0.73850852
       97     0.00000093     0.25724047     0.74275860
       98     0.00000055     0.24260810     0.75739135
       99     0.00000001     0.23062283     0.76937716
      100     0.00000060     0.23178563     0.76821377
      101     0.00000133     0.24484052     0.75515816
      102     0.00000031     0.25842454     0.74157515
      103     0.00000020     0.26137585     0.73862395
      104     0.00000067     0.25205507     0.74794426
      105     0.00000071     0.23883486     0.76116442
      106     0.00000030     0.23230521     0.76769448
      107     0.00000029     0.23658725     0.76341246
      108     0.00000159     0.24695399     0.75304442
      109     0.00000081     0.25479416     0.74520503
      110     0.00000001     0.25486945     0.74513054
      111     0.00000024     0.24871717     0.75128259
      112     0.00000052     0.24214464     0.75785484
      113     0.00000115     0.23987250     0.76012635
      114     0.00000028     0.24217398     0.75782573
      115     0.00000081     0.24584641     0.75415278
      116     0.00000139     0.24779157     0.75220704
      117     0.00000020     0.24754494     0.75245485
      118     0.00000018     0.24671681     0.75328301
      119     0.00000000     0.24656509     0.75343491
      120     0.00000099     0.24658568     0.75341333
