#     Density Matrix: population Re; see the manual for detail orders
        0     0.00000000     0.00000000     1.00000000
        1     0.00000000     0.00000009     0.99999990
        2     0.00000000     0.00000074     0.99999926
        3     0.00000000     0.00000149     0.99999851
        4     0.00000001     0.00000155     0.99999844
        5     0.00000001     0.00000088     0.99999911
        6     0.00000007     0.00000067     0.99999926
        7     0.00000010     0.00000339     0.99999651
        8     0.00000023     0.00001228     0.99998749
        9     0.00000031     0.00003065     0.99996905
       10     0.00000047     0.00006438     0.99993515
       11     0.00000056     0.00013394     0.99986550
       12     0.00000071     0.00030849     0.99969079
       13     0.00000075     0.00082301     0.99917625
       14     0.00000088     0.00263458     0.99736454
       15     0.00000080     0.01150662     0.98849257
       16     0.00000087     0.10338638     0.89661275
       17     0.00000040     0.71447061     0.28552898
       18     0.00000044     0.56427524     0.43572431
       19     0.00000168     0.31801525     0.68198307
       20     0.00000000     0.26942465     0.73057535
       21     0.00000169     0.24633363     0.75366468
       22     0.00000089     0.23704487     0.76295424
       23     0.00000032     0.23586116     0.76413852
       24     0.00000175     0.23969056     0.76030769
       25     0.00000026     0.24680971     0.75319002
       26     0.00000072     0.25628655     0.74371273
       27     0.00000150     0.26763052     0.73236798
       28     0.00000011     0.28066668     0.71933321
       29     0.00000099     0.29530293     0.70469608
       30     0.00000181     0.31152971     0.68846848
       31     0.00000026     0.32936052     0.67063922
       32     0.00000063     0.34865777     0.65134160
       33     0.00000157     0.36900517     0.63099326
       34     0.00000052     0.38966641     0.61033307
       35     0.00000032     0.40949427     0.59050540
       36     0.00000138     0.42637618     0.57362243
       37     0.00000085     0.43504000     0.56495915
       38     0.00000019     0.43530533     0.56469448
       39     0.00000090     0.43419513     0.56580398
       40     0.00000105     0.48743506     0.51256389
       41     0.00000035     0.77009635     0.22990330
       42     0.00000044     0.81578612     0.18421344
       43     0.00000107     0.79726042     0.20273852
       44     0.00000068     0.78951673     0.21048259
       45     0.00000023     0.78484540     0.21515437
       46     0.00000077     0.78197499     0.21802424
       47     0.00000103     0.78082542     0.21917355
       48     0.00000043     0.78175792     0.21824165
       49     0.00000035     0.78609679     0.21390287
       50     0.00000095     0.79427067     0.20572837
       51     0.00000091     0.80511901     0.19488008
       52     0.00000030     0.81803963     0.18196007
       53     0.00000045     0.83223466     0.16776490
       54     0.00000109     0.84693538     0.15306353
       55     0.00000091     0.86149309     0.13850600
       56     0.00000023     0.87542157     0.12457819
       57     0.00000043     0.88845575     0.11154382
       58     0.00000117     0.90038066     0.09961817
       59     0.00000104     0.91109730     0.08890166
       60     0.00000026     0.92060723     0.07939251
       61     0.00000043     0.92897307     0.07102650
       62     0.00000162     0.93628250     0.06371588
       63     0.00000165     0.94263700     0.05736135
       64     0.00000047     0.94813362     0.05186591
       65     0.00000034     0.95286677     0.04713290
       66     0.00000172     0.95694915     0.04304913
       67     0.00000212     0.96048630     0.03951158
       68     0.00000061     0.96356427     0.03643511
       69     0.00000019     0.96628881     0.03371101
       70     0.00000210     0.96876272     0.03123518
       71     0.00000308     0.97103737     0.02895955
       72     0.00000135     0.97316453     0.02683413
       73     0.00000001     0.97517163     0.02482836
       74     0.00000166     0.97706736     0.02293098
       75     0.00000369     0.97884870     0.02114761
       76     0.00000267     0.98050164     0.01949569
       77     0.00000034     0.98200120     0.01799846
       78     0.00000055     0.98329036     0.01670908
       79     0.00000234     0.98439839     0.01559927
       80     0.00000295     0.98532579     0.01467127
       81     0.00000166     0.98607519     0.01392314
       82     0.00000057     0.98667834     0.01332109
       83     0.00000088     0.98715714     0.01284198
       84     0.00000207     0.98751804     0.01247989
       85     0.00000251     0.98785617     0.01214132
       86     0.00000164     0.98821938     0.01177898
       87     0.00000104     0.98870401     0.01129495
       88     0.00000243     0.98929711     0.01070046
       89     0.00000366     0.98987230     0.01012404
       90     0.00000000     1.00000000     0.00000000
       91     0.00000381     0.99999533     0.00000086
       92     0.00001077     0.99998188     0.00000735
       93     0.00001190     0.99996219     0.00002591
       94     0.00000556     0.99993131     0.00006314
       95     0.00000019     0.99986901     0.00013080
       96     0.00000387     0.99976423     0.00023190
       97     0.00001200     0.99962042     0.00036758
       98     0.00001456     0.99945718     0.00052826
       99     0.00000807     0.99929150     0.00070043
      100     0.00000111     0.99912644     0.00087245
      101     0.00000294     0.99897264     0.00102442
      102     0.00001152     0.99885284     0.00113564
      103     0.00001602     0.99879477     0.00118922
      104     0.00001079     0.99881509     0.00117411
      105     0.00000243     0.99891077     0.00108680
      106     0.00000126     0.99906169     0.00093705
      107     0.00000900     0.99924308     0.00074792
      108     0.00001679     0.99943133     0.00055188
      109     0.00001575     0.99959972     0.00038453
      110     0.00000722     0.99971038     0.00028240
      111     0.00000120     0.99973330     0.00026551
      112     0.00000482     0.99965971     0.00033547
      113     0.00001438     0.99951066     0.00047495
      114     0.00001948     0.99933200     0.00064853
      115     0.00001463     0.99917566     0.00080971
      116     0.00000527     0.99908266     0.00091207
      117     0.00000161     0.99907646     0.00092193
      118     0.00000767     0.99916324     0.00082909
      119     0.00001732     0.99933126     0.00065142
      120     0.00002092     0.99954749     0.00043159
