#     Density Matrix: population Re; see the manual for detail orders
        0     0.00000000     0.00000000     1.00000000
        1     0.00000003     0.00000012     0.99999985
        2     0.00000004     0.00000138     0.99999859
        3     0.00000012     0.00000423     0.99999565
        4     0.00000013     0.00000694     0.99999292
        5     0.00000032     0.00000732     0.99999236
        6     0.00000034     0.00000535     0.99999431
        7     0.00000062     0.00000293     0.99999644
        8     0.00000061     0.00000149     0.99999790
        9     0.00000091     0.00000090     0.99999819
       10     0.00000084     0.00000174     0.99999742
       11     0.00000106     0.00001487     0.99998408
       12     0.00000097     0.00013486     0.99986417
       13     0.00000101     0.00353715     0.99646184
       14     0.00000100     0.00302980     0.99696920
       15     0.00000087     0.01565080     0.98434833
       16     0.00000096     0.00923240     0.99076664
       17     0.00000081     0.00834655     0.99165265
       18     0.00000090     0.00823872     0.99176038
       19     0.00000086     0.00828212     0.99171702
       20     0.00000077     0.00830906     0.99169016
       21     0.00000087     0.00827231     0.99172682
       22     0.00000071     0.00816513     0.99183416
       23     0.00000067     0.00799380     0.99200553
       24     0.00000073     0.00776653     0.99223275
       25     0.00000058     0.00748825     0.99251118
       26     0.00000057     0.00715785     0.99284158
       27     0.00000062     0.00676570     0.99323368
       28     0.00000049     0.00629022     0.99370929
       29     0.00000048     0.00569259     0.99430694
       30     0.00000055     0.00491724     0.99508221
       31     0.00000045     0.00403086     0.99596868
       32     0.00000040     0.00836419     0.99163541
       33     0.00000029     0.31110953     0.68889018
       34     0.00000026     0.80590661     0.19409313
       35     0.00000070     0.86416726     0.13583204
       36     0.00000052     0.87626229     0.12373719
       37     0.00000017     0.88089850     0.11910133
       38     0.00000051     0.88292168     0.11707781
       39     0.00000069     0.88371640     0.11628290
       40     0.00000027     0.88383964     0.11616008
       41     0.00000025     0.88356805     0.11643170
       42     0.00000066     0.88306386     0.11693548
       43     0.00000054     0.88243601     0.11756346
       44     0.00000016     0.88176306     0.11823678
       45     0.00000038     0.88110449     0.11889513
       46     0.00000067     0.88050660     0.11949272
       47     0.00000038     0.88000324     0.11999638
       48     0.00000014     0.87961453     0.12038533
       49     0.00000044     0.87934749     0.12065207
       50     0.00000060     0.87919773     0.12080166
       51     0.00000027     0.87914872     0.12085101
       52     0.00000012     0.87917268     0.12082719
       53     0.00000043     0.87923457     0.12076500
       54     0.00000053     0.87929664     0.12070283
       55     0.00000023     0.87932134     0.12067844
       56     0.00000010     0.87927522     0.12072469
       57     0.00000038     0.87913458     0.12086504
       58     0.00000052     0.87888976     0.12110972
       59     0.00000027     0.87854638     0.12145336
       60     0.00000009     0.87812530     0.12187461
       61     0.00000035     0.87766176     0.12233789
       62     0.00000062     0.87720271     0.12279667
       63     0.00000045     0.87679983     0.12319972
       64     0.00000018     0.87650137     0.12349845
       65     0.00000040     0.87634606     0.12365354
       66     0.00000087     0.87635629     0.12364284
       67     0.00000086     0.87653389     0.12346526
       68     0.00000047     0.87685642     0.12314312
       69     0.00000057     0.87728456     0.12271487
       70     0.00000121     0.87776538     0.12223341
       71     0.00000142     0.87823352     0.12176506
       72     0.00000091     0.87862875     0.12137034
       73     0.00000070     0.87889821     0.12110110
       74     0.00000125     0.87903885     0.12095990
       75     0.00000168     0.87907341     0.12092491
       76     0.00000128     0.87905145     0.12094727
       77     0.00000071     0.87904922     0.12095008
       78     0.00000082     0.87914745     0.12085173
       79     0.00000134     0.87942660     0.12057206
       80     0.00000143     0.87994399     0.12005458
       81     0.00000097     0.88071603     0.11928299
       82     0.00000061     0.88170676     0.11829263
       83     0.00000090     0.88282776     0.11717133
       84     0.00000164     0.88394199     0.11605637
       85     0.00000205     0.88487862     0.11511933
       86     0.00000177     0.88546667     0.11453156
       87     0.00000150     0.88555500     0.11444350
       88     0.00000216     0.88504064     0.11495720
       89     0.00000341     0.88389941     0.11609718
       90     0.00000393     0.88219081     0.11780526
       91     0.00000330     0.88006081     0.11993589
       92     0.00000276     0.87773904     0.12225820
       93     0.00000333     0.87550639     0.12449028
       94     0.00000424     0.87366334     0.12633242
       95     0.00000410     0.87248793     0.12750797
       96     0.00000294     0.87219061     0.12780645
       97     0.00000198     0.87287697     0.12712105
       98     0.00000193     0.87451920     0.12547887
       99     0.00000240     0.87694462     0.12305298
      100     0.00000276     0.87984495     0.12015229
      101     0.00000278     0.88280364     0.11719357
      102     0.00000260     0.88534588     0.11465152
      103     0.00000281     0.88701784     0.11297935
      104     0.00000412     0.88745485     0.11254104
      105     0.00000629     0.88647640     0.11351731
      106     0.00000786     0.88414777     0.11584437
      107     0.00000772     0.88080533     0.11918695
      108     0.00000662     0.87703487     0.12295851
      109     0.00000611     0.87358853     0.12640536
      110     0.00000629     0.87124660     0.12874711
      111     0.00000585     0.87062523     0.12936892
      112     0.00000433     0.87200531     0.12799036
      113     0.00000266     0.87521499     0.12478235
      114     0.00000177     0.87960098     0.12039725
      115     0.00000191     0.88411678     0.11588131
      116     0.00000324     0.88756547     0.11243129
      117     0.00000574     0.88894103     0.11105323
      118     0.00000825     0.88773844     0.11225332
      119     0.00000910     0.88417111     0.11581979
      120     0.00000819     0.87918705     0.12080477
