#     Density Matrix: population Re; see the manual for detail orders
        0     0.00000000     0.00000000     1.00000000
        1     0.00000005     0.00000146     0.99999849
        2     0.00000006     0.00001514     0.99998479
        3     0.00000015     0.00004689     0.99995296
        4     0.00000016     0.00009365     0.99990620
        5     0.00000029     0.00015557     0.99984414
        6     0.00000030     0.00027197     0.99972773
        7     0.00000044     0.00060829     0.99939127
        8     0.00000047     0.00173522     0.99826432
        9     0.00000053     0.00594805     0.99405142
       10     0.00000063     0.02663809     0.97336128
       11     0.00000103     0.44903864     0.55096033
       12     0.00000025     0.76799691     0.23200284
       13     0.00000174     0.42981269     0.57018557
       14     0.00000040     0.34660812     0.65339148
       15     0.00000110     0.30600811     0.69399080
       16     0.00000147     0.29108121     0.70891732
       17     0.00000016     0.29223995     0.70775989
       18     0.00000177     0.30393498     0.69606324
       19     0.00000066     0.32299591     0.67700343
       20     0.00000065     0.34772216     0.65227719
       21     0.00000177     0.37730677     0.62269145
       22     0.00000024     0.41149676     0.58850300
       23     0.00000113     0.45036014     0.54963873
       24     0.00000162     0.49403338     0.50596500
       25     0.00000021     0.54247055     0.45752923
       26     0.00000114     0.59515880     0.40484005
       27     0.00000145     0.65084257     0.34915597
       28     0.00000034     0.70741924     0.29258042
       29     0.00000078     0.76204805     0.23795116
       30     0.00000121     0.81176397     0.18823482
       31     0.00000058     0.85416623     0.14583319
       32     0.00000048     0.88789631     0.11210321
       33     0.00000091     0.91190177     0.08809732
       34     0.00000087     0.92811494     0.07188419
       35     0.00000049     0.93932216     0.06067735
       36     0.00000064     0.94740796     0.05259140
       37     0.00000097     0.95385713     0.04614190
       38     0.00000070     0.96078814     0.03921116
       39     0.00000050     0.97627204     0.02372746
       40     0.00000050     0.79992409     0.20007541
       41     0.00000032     0.32858610     0.67141357
       42     0.00000026     0.23268408     0.76731566
       43     0.00000035     0.20820313     0.79179652
       44     0.00000043     0.19168895     0.80831062
       45     0.00000033     0.16867696     0.83132271
       46     0.00000028     0.07102718     0.92897254
       47     0.00000030     0.16407976     0.83591994
       48     0.00000026     0.56434422     0.43565553
       49     0.00000029     0.60125898     0.39874073
       50     0.00000031     0.61290012     0.38709957
       51     0.00000025     0.61726726     0.38273249
       52     0.00000026     0.61749800     0.38250174
       53     0.00000036     0.61436569     0.38563394
       54     0.00000031     0.60807680     0.39192288
       55     0.00000022     0.59870473     0.40129505
       56     0.00000032     0.58646305     0.41353663
       57     0.00000040     0.57166774     0.42833186
       58     0.00000026     0.55476081     0.44523893
       59     0.00000022     0.53635495     0.46364483
       60     0.00000040     0.51701955     0.48298005
       61     0.00000038     0.49731303     0.50268660
       62     0.00000019     0.47776381     0.52223600
       63     0.00000029     0.45886353     0.54113618
       64     0.00000047     0.44095157     0.55904796
       65     0.00000029     0.42444599     0.57555372
       66     0.00000017     0.40974774     0.59025210
       67     0.00000041     0.39700795     0.60299164
       68     0.00000045     0.38644631     0.61355323
       69     0.00000017     0.37842043     0.62157940
       70     0.00000023     0.37286773     0.62713204
       71     0.00000053     0.36987937     0.63012010
       72     0.00000037     0.36943602     0.63056361
       73     0.00000011     0.37101788     0.62898201
       74     0.00000038     0.37399700     0.62600262
       75     0.00000056     0.37750106     0.62249838
       76     0.00000023     0.38036455     0.61963522
       77     0.00000015     0.38163760     0.61836225
       78     0.00000054     0.38063660     0.61936286
       79     0.00000049     0.37696690     0.62303261
       80     0.00000010     0.37075877     0.62924113
       81     0.00000030     0.36252423     0.63747547
       82     0.00000070     0.35281459     0.64718471
       83     0.00000040     0.34230448     0.65769512
       84     0.00000005     0.33166230     0.66833765
       85     0.00000049     0.32141419     0.67858532
       86     0.00000082     0.31203005     0.68796912
       87     0.00000031     0.30380211     0.69619758
       88     0.00000006     0.29694797     0.70305197
       89     0.00000067     0.29161014     0.70838919
       90     0.00000090     0.28782885     0.71217025
       91     0.00000025     0.28559066     0.71440910
       92     0.00000009     0.28487126     0.71512865
       93     0.00000084     0.28551954     0.71447962
       94     0.00000097     0.28737479     0.71262425
       95     0.00000019     0.29023946     0.70976035
       96     0.00000017     0.29389315     0.70610667
       97     0.00000104     0.29812226     0.70187670
       98     0.00000102     0.30258172     0.69741726
       99     0.00000016     0.30703399     0.69296585
      100     0.00000021     0.31116050     0.68883929
      101     0.00000107     0.31457709     0.68542184
      102     0.00000098     0.31689208     0.68310694
      103     0.00000013     0.31750745     0.68249242
      104     0.00000022     0.31562086     0.68437892
      105     0.00000102     0.30977438     0.69022460
      106     0.00000090     0.29736731     0.70263179
      107     0.00000013     0.27321915     0.72678072
      108     0.00000018     0.22583076     0.77416905
      109     0.00000082     0.13119943     0.86879976
      110     0.00000076     0.02436126     0.97563798
      111     0.00000018     0.12127041     0.87872942
      112     0.00000029     0.28276139     0.71723833
      113     0.00000096     0.34666716     0.65333188
      114     0.00000096     0.35640075     0.64359829
      115     0.00000043     0.34759496     0.65240461
      116     0.00000022     0.33537377     0.66462601
      117     0.00000056     0.32714696     0.67285248
      118     0.00000100     0.32764951     0.67234949
      119     0.00000080     0.34109790     0.65890130
      120     0.00000013     0.37340126     0.62659861
