#     Density Matrix: population Re; see the manual for detail orders
        0     0.00000000     0.00000000     1.00000000
        1     0.00000000     0.00000036     0.99999963
        2     0.00000001     0.00000085     0.99999914
        3     0.00000001     0.00000396     0.99999603
        4     0.00000008     0.00002269     0.99997723
        5     0.00000007     0.00005356     0.99994637
        6     0.00000023     0.00007356     0.99992621
        7     0.00000022     0.00007011     0.99992967
        8     0.00000050     0.00006447     0.99993503
        9     0.00000047     0.00010138     0.99989816
       10     0.00000078     0.00022378     0.99977544
       11     0.00000076     0.00046453     0.99953472
       12     0.00000110     0.00088836     0.99911053
       13     0.00000105     0.00174734     0.99825161
       14     0.00000135     0.00405761     0.99594104
       15     0.00000130     0.01249350     0.98750521
       16     0.00000137     0.05649235     0.94350628
       17     0.00000119     0.33164007     0.66835874
       18     0.00000055     0.73183699     0.26816246
       19     0.00000067     0.51564484     0.48435449
       20     0.00000345     0.39149499     0.60850157
       21     0.00000100     0.33517957     0.66481944
       22     0.00000186     0.30604286     0.69395528
       23     0.00000268     0.29038357     0.70961376
       24     0.00000041     0.28204863     0.71795096
       25     0.00000152     0.27789070     0.72210777
       26     0.00000181     0.27610981     0.72388839
       27     0.00000012     0.27555105     0.72444883
       28     0.00000079     0.27552892     0.72447029
       29     0.00000121     0.27568994     0.72430885
       30     0.00000009     0.27589614     0.72410378
       31     0.00000045     0.27613299     0.72386656
       32     0.00000086     0.27642286     0.72357627
       33     0.00000014     0.27678932     0.72321054
       34     0.00000024     0.27721007     0.72278969
       35     0.00000065     0.27752487     0.72247448
       36     0.00000021     0.27753112     0.72246867
       37     0.00000016     0.27706893     0.72293091
       38     0.00000045     0.27590534     0.72409421
       39     0.00000025     0.27393614     0.72606361
       40     0.00000018     0.27126490     0.72873492
       41     0.00000023     0.26820518     0.73179459
       42     0.00000024     0.26537054     0.73462922
       43     0.00000031     0.26375797     0.73624172
       44     0.00000014     0.26484517     0.73515469
       45     0.00000027     0.27070575     0.72929398
       46     0.00000049     0.28407291     0.71592659
       47     0.00000013     0.30832867     0.69167120
       48     0.00000034     0.34734672     0.65265294
       49     0.00000059     0.40468346     0.59531594
       50     0.00000004     0.48001417     0.51998580
       51     0.00000050     0.55211798     0.44788153
       52     0.00000034     0.51005256     0.48994710
       53     0.00000029     0.23592551     0.76407420
       54     0.00000122     0.08267958     0.91731920
       55     0.00000006     0.09692779     0.90307215
       56     0.00000097     0.11000452     0.88999452
       57     0.00000087     0.10218173     0.89781740
       58     0.00000016     0.08484599     0.91515385
       59     0.00000135     0.06750367     0.93249498
       60     0.00000015     0.05552121     0.94447864
       61     0.00000082     0.05060693     0.94939225
       62     0.00000067     0.05162876     0.94837057
       63     0.00000020     0.05578123     0.94421857
       64     0.00000111     0.05998571     0.94001319
       65     0.00000002     0.06216667     0.93783331
       66     0.00000099     0.06187493     0.93812408
       67     0.00000029     0.06007579     0.93992392
       68     0.00000052     0.05827487     0.94172460
       69     0.00000060     0.05752765     0.94247175
       70     0.00000015     0.05791982     0.94208003
       71     0.00000066     0.05877603     0.94122331
       72     0.00000003     0.05934726     0.94065272
       73     0.00000067     0.05938774     0.94061159
       74     0.00000002     0.05917413     0.94082585
       75     0.00000056     0.05905683     0.94094261
       76     0.00000011     0.05905939     0.94094050
       77     0.00000035     0.05894052     0.94105913
       78     0.00000015     0.05861470     0.94138515
       79     0.00000031     0.05838090     0.94161879
       80     0.00000019     0.05863677     0.94136304
       81     0.00000022     0.05934484     0.94065495
       82     0.00000029     0.05988487     0.94011484
       83     0.00000016     0.05960155     0.94039829
       84     0.00000019     0.05855425     0.94144556
       85     0.00000026     0.05765222     0.94234752
       86     0.00000018     0.05787566     0.94212415
       87     0.00000019     0.05925736     0.94074244
       88     0.00000020     0.06064390     0.93935590
       89     0.00000033     0.06063423     0.93936545
       90     0.00000007     0.05893608     0.94106386
       91     0.00000041     0.05686718     0.94313241
       92     0.00000012     0.05637171     0.94362817
       93     0.00000026     0.05827395     0.94172579
       94     0.00000012     0.06131046     0.93868942
       95     0.00000039     0.06292129     0.93707832
       96     0.00000016     0.06133977     0.93866006
       97     0.00000024     0.05728049     0.94271927
       98     0.00000038     0.05374438     0.94625524
       99     0.00000009     0.05386554     0.94613437
      100     0.00000029     0.05836543     0.94163428
      101     0.00000014     0.06459683     0.93540303
      102     0.00000038     0.06810441     0.93189520
      103     0.00000007     0.06572485     0.93427508
      104     0.00000036     0.05808662     0.94191302
      105     0.00000031     0.04967711     0.95032257
      106     0.00000008     0.04621179     0.95378813
      107     0.00000021     0.05092249     0.94907730
      108     0.00000017     0.06214831     0.93785152
      109     0.00000018     0.07397362     0.92602620
      110     0.00000007     0.07950855     0.92049138
      111     0.00000025     0.07497835     0.92502140
      112     0.00000022     0.06211236     0.93788743
      113     0.00000012     0.04737697     0.95262291
      114     0.00000020     0.03843897     0.96156083
      115     0.00000039     0.03989771     0.96010190
      116     0.00000018     0.05089458     0.94910524
      117     0.00000014     0.06581687     0.93418298
      118     0.00000050     0.07748183     0.92251767
      119     0.00000014     0.08099746     0.91900240
      120     0.00000022     0.07591110     0.92408868
