#     Density Matrix: population Re; see the manual for detail orders
        0     0.00000000     0.00000000     1.00000000
        1     0.00000001     0.00000004     0.99999994
        2     0.00000001     0.00000007     0.99999992
        3     0.00000001     0.00000349     0.99999650
        4     0.00000005     0.00002320     0.99997675
        5     0.00000005     0.00007284     0.99992711
        6     0.00000015     0.00015591     0.99984393
        7     0.00000016     0.00027484     0.99972500
        8     0.00000030     0.00047092     0.99952878
        9     0.00000032     0.00089962     0.99910006
       10     0.00000045     0.00198747     0.99801208
       11     0.00000050     0.00490973     0.99508977
       12     0.00000053     0.01344089     0.98655858
       13     0.00000066     0.04224475     0.95775460
       14     0.00000045     0.15113990     0.84885965
       15     0.00000042     0.42338423     0.57661534
       16     0.00000032     0.55678052     0.44321915
       17     0.00000086     0.39449143     0.60550771
       18     0.00000094     0.28262685     0.71737222
       19     0.00000086     0.21892588     0.78107326
       20     0.00000033     0.17974840     0.82025127
       21     0.00000063     0.15346704     0.84653232
       22     0.00000041     0.13377718     0.86622241
       23     0.00000013     0.11704400     0.88295586
       24     0.00000035     0.10162800     0.89837164
       25     0.00000020     0.08689214     0.91310766
       26     0.00000002     0.07278212     0.92721786
       27     0.00000010     0.05945354     0.94054636
       28     0.00000003     0.04717042     0.95282954
       29     0.00000000     0.03622647     0.96377352
       30     0.00000003     0.02676770     0.97323228
       31     0.00000004     0.01906991     0.98093005
       32     0.00000006     0.01351368     0.98648626
       33     0.00000004     0.01072011     0.98927984
       34     0.00000008     0.01196359     0.98803633
       35     0.00000006     0.02008847     0.97991147
       36     0.00000003     0.04246310     0.95753687
       37     0.00000003     0.10973937     0.89026060
       38     0.00000011     0.24855616     0.75144373
       39     0.00000001     0.43557570     0.56442429
       40     0.00000019     0.58899135     0.41100845
       41     0.00000018     0.66522315     0.33477667
       42     0.00000000     0.66971781     0.33028219
       43     0.00000021     0.63156381     0.36843598
       44     0.00000022     0.59453414     0.40546564
       45     0.00000000     0.60243948     0.39756052
       46     0.00000016     0.67239543     0.32760441
       47     0.00000016     0.77727545     0.22272439
       48     0.00000002     0.87536367     0.12463631
       49     0.00000009     0.94505370     0.05494621
       50     0.00000008     0.98300284     0.01699707
       51     0.00000000     1.00000000     0.00000000
       52     0.00000000     0.99548057     0.00451943
       53     0.00000001     0.98685734     0.01314265
       54     0.00000001     0.98041828     0.01958171
       55     0.00000001     0.97937245     0.02062754
       56     0.00000001     0.98323223     0.01676776
       57     0.00000001     0.98893833     0.01106166
       58     0.00000000     1.00000000     0.00000000
       59     0.00000001     0.99960018     0.00039980
       60     0.00000003     0.99885826     0.00114171
       61     0.00000001     0.99842498     0.00157500
       62     0.00000000     0.99858562     0.00141438
       63     0.00000004     0.99914690     0.00085306
       64     0.00000004     0.99964121     0.00035875
       65     0.00000000     0.99972410     0.00027589
       66     0.00000001     0.99945146     0.00054853
       67     0.00000004     0.99914365     0.00085631
       68     0.00000003     0.99907786     0.00092212
       69     0.00000000     0.99926391     0.00073609
       70     0.00000003     0.99948203     0.00051794
       71     0.00000003     0.99953156     0.00046841
       72     0.00000001     0.99941804     0.00058195
       73     0.00000001     0.99929547     0.00070452
       74     0.00000002     0.99928767     0.00071231
       75     0.00000001     0.99934548     0.00065450
       76     0.00000001     0.99938030     0.00061970
       77     0.00000001     0.99937852     0.00062147
       78     0.00000001     0.99938016     0.00061983
       79     0.00000001     0.99939372     0.00060627
       80     0.00000001     0.99936432     0.00063566
       81     0.00000000     0.99927946     0.00072054
       82     0.00000001     0.99924839     0.00075160
       83     0.00000004     0.99935432     0.00064564
       84     0.00000002     0.99948649     0.00051349
       85     0.00000000     0.99946396     0.00053603
       86     0.00000003     0.99927881     0.00072116
       87     0.00000006     0.99914126     0.00085868
       88     0.00000003     0.99925735     0.00074262
       89     0.00000002     0.99951996     0.00048002
       90     0.00000009     0.99959887     0.00040104
       91     0.00000011     0.99935761     0.00064228
       92     0.00000005     0.99905960     0.00094035
       93     0.00000006     0.99906953     0.00093041
       94     0.00000017     0.99939597     0.00060386
       95     0.00000018     0.99966176     0.00033806
       96     0.00000009     0.99953762     0.00046229
       97     0.00000009     0.99913745     0.00086246
       98     0.00000021     0.99890564     0.00109415
       99     0.00000024     0.99911168     0.00088808
      100     0.00000013     0.99953559     0.00046427
      101     0.00000010     0.99971257     0.00028733
      102     0.00000021     0.99944108     0.00055870
      103     0.00000027     0.99899600     0.00100373
      104     0.00000017     0.99884358     0.00115625
      105     0.00000009     0.99913631     0.00086360
      106     0.00000016     0.99957099     0.00042885
      107     0.00000025     0.99970768     0.00029207
      108     0.00000020     0.99941946     0.00058034
      109     0.00000010     0.99900308     0.00099682
      110     0.00000009     0.99886956     0.00113035
      111     0.00000018     0.99912709     0.00087273
      112     0.00000021     0.99951256     0.00048723
      113     0.00000013     0.99966219     0.00033769
      114     0.00000006     0.99946588     0.00053406
      115     0.00000009     0.99914254     0.00085737
      116     0.00000017     0.99900230     0.00099754
      117     0.00000016     0.99915487     0.00084497
      118     0.00000008     0.99943132     0.00056860
      119     0.00000004     0.99957192     0.00042804
      120     0.00000009     0.99947470     0.00052521
