#     Density Matrix: population Re; see the manual for detail orders
        0     0.00000000     0.00000000     1.00000000
        1     0.00000001     0.00000637     0.99999362
        2     0.00000002     0.00003685     0.99996312
        3     0.00000006     0.00004519     0.99995475
        4     0.00000008     0.00002921     0.99997071
        5     0.00000014     0.00001864     0.99998122
        6     0.00000017     0.00001794     0.99998189
        7     0.00000021     0.00001495     0.99998484
        8     0.00000024     0.00001405     0.99998571
        9     0.00000027     0.00003625     0.99996348
       10     0.00000030     0.00010808     0.99989162
       11     0.00000034     0.00027944     0.99972022
       12     0.00000038     0.00071560     0.99928403
       13     0.00000042     0.00209853     0.99790105
       14     0.00000045     0.00823079     0.99176876
       15     0.00000047     0.05715132     0.94284821
       16     0.00000022     0.77266729     0.22733249
       17     0.00000001     0.47812109     0.52187890
       18     0.00000110     0.11145498     0.88854392
       19     0.00000033     0.05920661     0.94079307
       20     0.00000052     0.03884012     0.96115936
       21     0.00000065     0.03081428     0.96918507
       22     0.00000045     0.02784792     0.97215163
       23     0.00000060     0.02690385     0.97309555
       24     0.00000059     0.02668889     0.97331052
       25     0.00000056     0.02664507     0.97335437
       26     0.00000060     0.02653735     0.97346205
       27     0.00000057     0.02627690     0.97372253
       28     0.00000055     0.02583029     0.97416916
       29     0.00000057     0.02516480     0.97483463
       30     0.00000057     0.02421412     0.97578531
       31     0.00000053     0.02286482     0.97713466
       32     0.00000050     0.02089723     0.97910228
       33     0.00000051     0.01793891     0.98206058
       34     0.00000048     0.01371396     0.98628556
       35     0.00000041     0.02339000     0.97660959
       36     0.00000026     0.31299299     0.68700675
       37     0.00000029     0.75988986     0.24010985
       38     0.00000051     0.85368170     0.14631779
       39     0.00000038     0.87666859     0.12333103
       40     0.00000023     0.88717696     0.11282281
       41     0.00000036     0.89360934     0.10639030
       42     0.00000040     0.89836613     0.10163347
       43     0.00000026     0.90237074     0.09762900
       44     0.00000026     0.90602244     0.09397730
       45     0.00000036     0.90950952     0.09049012
       46     0.00000032     0.91290030     0.08709938
       47     0.00000025     0.91619607     0.08380368
       48     0.00000030     0.91935524     0.08064446
       49     0.00000035     0.92232045     0.07767920
       50     0.00000030     0.92502150     0.07497820
       51     0.00000027     0.92739951     0.07260022
       52     0.00000032     0.92940120     0.07059847
       53     0.00000035     0.93100360     0.06899605
       54     0.00000030     0.93220310     0.06779660
       55     0.00000029     0.93303286     0.06696684
       56     0.00000034     0.93354955     0.06645011
       57     0.00000035     0.93383617     0.06616347
       58     0.00000032     0.93399182     0.06600786
       59     0.00000032     0.93412154     0.06587814
       60     0.00000036     0.93432325     0.06567639
       61     0.00000038     0.93467995     0.06531967
       62     0.00000037     0.93524614     0.06475349
       63     0.00000037     0.93604641     0.06395321
       64     0.00000042     0.93707241     0.06292717
       65     0.00000046     0.93827827     0.06172127
       66     0.00000047     0.93959554     0.06040399
       67     0.00000048     0.94095023     0.05904928
       68     0.00000054     0.94225768     0.05774179
       69     0.00000060     0.94345516     0.05654425
       70     0.00000063     0.94450029     0.05549908
       71     0.00000066     0.94538256     0.05461678
       72     0.00000072     0.94612051     0.05387877
       73     0.00000079     0.94676824     0.05323097
       74     0.00000084     0.94738471     0.05261446
       75     0.00000087     0.94802987     0.05196927
       76     0.00000091     0.94876271     0.05123638
       77     0.00000097     0.94961690     0.05038213
       78     0.00000101     0.95060981     0.04938918
       79     0.00000102     0.95173279     0.04826620
       80     0.00000102     0.95295906     0.04703992
       81     0.00000104     0.95425240     0.04574656
       82     0.00000107     0.95557624     0.04442270
       83     0.00000109     0.95690806     0.04309086
       84     0.00000111     0.95823654     0.04176235
       85     0.00000116     0.95955916     0.04043968
       86     0.00000125     0.96087954     0.03911921
       87     0.00000138     0.96219629     0.03780233
       88     0.00000152     0.96349356     0.03650492
       89     0.00000169     0.96473984     0.03525847
       90     0.00000188     0.96589089     0.03410723
       91     0.00000207     0.96689484     0.03310309
       92     0.00000224     0.96771314     0.03228462
       93     0.00000241     0.96833262     0.03166497
       94     0.00000253     0.96878105     0.03121642
       95     0.00000257     0.96913318     0.03086425
       96     0.00000254     0.96950448     0.03049298
       97     0.00000246     0.97003380     0.02996373
       98     0.00000236     0.97085447     0.02914317
       99     0.00000226     0.97206533     0.02793241
      100     0.00000217     0.97369859     0.02629925
      101     0.00000210     0.97570499     0.02429290
      102     0.00000208     0.97795612     0.02204179
      103     0.00000213     0.98025631     0.01974156
      104     0.00000223     0.98238035     0.01761742
      105     0.00000238     0.98412253     0.01587509
      106     0.00000257     0.98533128     0.01466615
      107     0.00000278     0.98594478     0.01405243
      108     0.00000300     0.98600305     0.01399394
      109     0.00000319     0.98564400     0.01435281
      110     0.00000333     0.98507204     0.01492464
      111     0.00000337     0.98451799     0.01547864
      112     0.00000333     0.98419694     0.01579972
      113     0.00000323     0.98426519     0.01573159
      114     0.00000307     0.98479333     0.01520360
      115     0.00000290     0.98575466     0.01424244
      116     0.00000276     0.98704121     0.01295603
      117     0.00000270     0.98849069     0.01150661
      118     0.00000277     0.98991910     0.01007814
      119     0.00000297     0.99115670     0.00884033
      120     0.00000330     0.99207956     0.00791715
