#     Density Matrix: population Re; see the manual for detail orders
        0     0.00000000     0.00000000     1.00000000
        1     0.00000002     0.00000396     0.99999602
        2     0.00000002     0.00002630     0.99997368
        3     0.00000000     0.00004285     0.99995714
        4     0.00000006     0.00004059     0.99995934
        5     0.00000004     0.00002882     0.99997114
        6     0.00000021     0.00002276     0.99997703
        7     0.00000015     0.00002408     0.99997577
        8     0.00000044     0.00002059     0.99997897
        9     0.00000033     0.00000783     0.99999183
       10     0.00000071     0.00001373     0.99998556
       11     0.00000058     0.00011121     0.99988821
       12     0.00000095     0.00043776     0.99956129
       13     0.00000084     0.00133424     0.99866491
       14     0.00000104     0.00428022     0.99571874
       15     0.00000108     0.02209039     0.97790853
       16     0.00000078     0.39244774     0.60755148
       17     0.00000021     0.76933641     0.23066338
       18     0.00000142     0.30830811     0.69169047
       19     0.00000120     0.25107499     0.74892381
       20     0.00000028     0.22458516     0.77541457
       21     0.00000209     0.21379513     0.78620278
       22     0.00000029     0.21228464     0.78771507
       23     0.00000110     0.21669099     0.78330790
       24     0.00000185     0.22514073     0.77485743
       25     0.00000003     0.23664808     0.76335189
       26     0.00000162     0.25080936     0.74918903
       27     0.00000153     0.26761229     0.73238618
       28     0.00000003     0.28733521     0.71266476
       29     0.00000173     0.31042068     0.68957760
       30     0.00000148     0.33742831     0.66257021
       31     0.00000001     0.36889277     0.63110722
       32     0.00000147     0.40520548     0.59479305
       33     0.00000159     0.44644695     0.55355146
       34     0.00000005     0.49199559     0.50800436
       35     0.00000089     0.54014448     0.45985462
       36     0.00000161     0.58673091     0.41326748
       37     0.00000031     0.62630420     0.37369549
       38     0.00000033     0.66461493     0.33538474
       39     0.00000153     0.68130505     0.31869342
       40     0.00000083     0.59454621     0.40545296
       41     0.00000013     0.47888870     0.52111116
       42     0.00000104     0.39669386     0.60330510
       43     0.00000092     0.32991847     0.67008061
       44     0.00000023     0.27138252     0.72861725
       45     0.00000060     0.21983644     0.78016297
       46     0.00000086     0.17521660     0.82478254
       47     0.00000048     0.13815708     0.86184244
       48     0.00000038     0.11459701     0.88540261
       49     0.00000062     0.13668811     0.86331127
       50     0.00000084     0.24218912     0.75781003
       51     0.00000062     0.45324854     0.54675083
       52     0.00000045     0.58774775     0.41225180
       53     0.00000056     0.64869733     0.35130211
       54     0.00000050     0.67887397     0.32112554
       55     0.00000060     0.69616980     0.30382960
       56     0.00000064     0.70815411     0.29184525
       57     0.00000038     0.71891931     0.28108032
       58     0.00000055     0.73128883     0.26871061
       59     0.00000082     0.74953192     0.25046726
       60     0.00000042     0.77065525     0.22934433
       61     0.00000041     0.79448648     0.20551310
       62     0.00000085     0.82100706     0.17899210
       63     0.00000054     0.85045208     0.14954739
       64     0.00000036     0.88335451     0.11664512
       65     0.00000074     0.92037564     0.07962362
       66     0.00000056     0.96070932     0.03929011
       67     0.00000052     0.98992245     0.01007704
       68     0.00000046     0.90153641     0.09846313
       69     0.00000034     0.51497468     0.48502498
       70     0.00000221     0.30655002     0.69344777
       71     0.00000185     0.51781843     0.48217972
       72     0.00000027     0.75046189     0.24953783
       73     0.00000099     0.86762378     0.13237522
       74     0.00000096     0.92341544     0.07658361
       75     0.00000061     0.94932475     0.05067464
       76     0.00000107     0.95942988     0.04056905
       77     0.00000057     0.96170478     0.03829465
       78     0.00000089     0.96158339     0.03841572
       79     0.00000096     0.96236961     0.03762944
       80     0.00000058     0.96518177     0.03481764
       81     0.00000098     0.96949902     0.03050000
       82     0.00000067     0.97409568     0.02590364
       83     0.00000087     0.97786347     0.02213567
       84     0.00000079     0.98029527     0.01970394
       85     0.00000073     0.98158772     0.01841155
       86     0.00000086     0.98236938     0.01762975
       87     0.00000069     0.98323546     0.01676386
       88     0.00000089     0.98439668     0.01560243
       89     0.00000070     0.98567915     0.01432015
       90     0.00000082     0.98680381     0.01319537
       91     0.00000070     0.98765784     0.01234146
       92     0.00000083     0.98834028     0.01165889
       93     0.00000076     0.98898877     0.01101046
       94     0.00000070     0.98959615     0.01040316
       95     0.00000000     1.00000000     0.00000000
       96     0.00000001     0.99999882     0.00000117
       97     0.00000002     0.99999510     0.00000488
       98     0.00000000     0.99999070     0.00000930
       99     0.00000002     0.99998900     0.00001099
      100     0.00000004     0.99999127     0.00000869
      101     0.00000001     0.99999436     0.00000562
      102     0.00000002     0.99999272     0.00000726
      103     0.00000005     0.99998379     0.00001616
      104     0.00000003     0.99997134     0.00002863
      105     0.00000002     0.99996280     0.00003718
      106     0.00000007     0.99996242     0.00003751
      107     0.00000006     0.99996643     0.00003351
      108     0.00000003     0.99996473     0.00003524
      109     0.00000008     0.99994930     0.00005061
      110     0.00000010     0.99992175     0.00007815
      111     0.00000005     0.99989220     0.00010775
      112     0.00000008     0.99987152     0.00012840
      113     0.00000013     0.99986211     0.00013776
      114     0.00000008     0.99985405     0.00014587
      115     0.00000008     0.99983082     0.00016910
      116     0.00000015     0.99978086     0.00021899
      117     0.00000012     0.99970635     0.00029353
      118     0.00000007     0.99962201     0.00037791
      119     0.00000014     0.99954538     0.00045448
      120     0.00000017     0.99948477     0.00051506
