#     Density Matrix: population Re; see the manual for detail orders
        0     0.00000000     0.00000000     1.00000000
        1     0.00000002     0.00000436     0.99999562
        2     0.00000002     0.00003954     0.99996045
        3     0.00000001     0.00010267     0.99989732
        4     0.00000004     0.00016475     0.99983521
        5     0.00000006     0.00019292     0.99980703
        6     0.00000012     0.00018619     0.99981368
        7     0.00000017     0.00020428     0.99979555
        8     0.00000025     0.00037092     0.99962883
        9     0.00000034     0.00086413     0.99913552
       10     0.00000039     0.00195036     0.99804925
       11     0.00000057     0.00420865     0.99579078
       12     0.00000049     0.00945198     0.99054753
       13     0.00000077     0.02465304     0.97534619
       14     0.00000050     0.08026581     0.91973370
       15     0.00000065     0.27635631     0.72364303
       16     0.00000013     0.54288345     0.45711642
       17     0.00000042     0.51228037     0.48771921
       18     0.00000053     0.36604309     0.63395638
       19     0.00000074     0.26493121     0.73506805
       20     0.00000085     0.20864400     0.79135514
       21     0.00000062     0.18224476     0.81775462
       22     0.00000078     0.17491254     0.82508668
       23     0.00000059     0.17953120     0.82046821
       24     0.00000045     0.19154841     0.80845113
       25     0.00000059     0.20817558     0.79182383
       26     0.00000040     0.22780214     0.77219746
       27     0.00000046     0.24969653     0.75030301
       28     0.00000066     0.27338616     0.72661318
       29     0.00000028     0.29895773     0.70104199
       30     0.00000023     0.32634332     0.67365645
       31     0.00000049     0.35509052     0.64490899
       32     0.00000024     0.38478886     0.61521090
       33     0.00000017     0.41392581     0.58607401
       34     0.00000041     0.43762681     0.56237279
       35     0.00000023     0.44646636     0.55353341
       36     0.00000011     0.43543903     0.56456085
       37     0.00000040     0.39923807     0.60076153
       38     0.00000045     0.33713146     0.66286809
       39     0.00000018     0.26842564     0.73157417
       40     0.00000036     0.23113021     0.76886944
       41     0.00000072     0.23134069     0.76865859
       42     0.00000050     0.24028448     0.75971501
       43     0.00000024     0.24043182     0.75956794
       44     0.00000061     0.23220318     0.76779621
       45     0.00000074     0.22334748     0.77665178
       46     0.00000028     0.22432111     0.77567861
       47     0.00000017     0.24784930     0.75215052
       48     0.00000042     0.29727945     0.70272014
       49     0.00000026     0.33437818     0.66562156
       50     0.00000003     0.31703216     0.68296781
       51     0.00000010     0.44365682     0.55634308
       52     0.00000033     0.52866035     0.47133932
       53     0.00000019     0.57969281     0.42030699
       54     0.00000000     0.61247694     0.38752306
       55     0.00000031     0.63452323     0.36547646
       56     0.00000061     0.65139261     0.34860678
       57     0.00000020     0.66784715     0.33215265
       58     0.00000005     0.68707565     0.31292430
       59     0.00000052     0.71029946     0.28970002
       60     0.00000051     0.73496367     0.26503582
       61     0.00000004     0.76134793     0.23865202
       62     0.00000028     0.78953244     0.21046727
       63     0.00000056     0.81975744     0.18024200
       64     0.00000016     0.85273672     0.14726312
       65     0.00000004     0.88884115     0.11115882
       66     0.00000030     0.92725473     0.07274496
       67     0.00000032     0.96248857     0.03751111
       68     0.00000008     0.97581718     0.02418274
       69     0.00000006     0.93174723     0.06825271
       70     0.00000063     0.83657488     0.16342449
       71     0.00000072     0.77853547     0.22146381
       72     0.00000011     0.79397360     0.20602628
       73     0.00000010     0.84536902     0.15463088
       74     0.00000037     0.89763397     0.10236565
       75     0.00000017     0.93867404     0.06132579
       76     0.00000007     0.96729618     0.03270375
       77     0.00000011     0.98471961     0.01528028
       78     0.00000000     1.00000000     0.00000000
       79     0.00000004     0.99896209     0.00103787
       80     0.00000007     0.99706910     0.00293084
       81     0.00000002     0.99577019     0.00422979
       82     0.00000000     0.99570387     0.00429613
       83     0.00000001     0.99663247     0.00336752
       84     0.00000002     0.99780351     0.00219647
       85     0.00000001     0.99849516     0.00150483
       86     0.00000000     0.99846275     0.00153725
       87     0.00000002     0.99798597     0.00201400
       88     0.00000003     0.99755063     0.00244934
       89     0.00000001     0.99744884     0.00255115
       90     0.00000002     0.99761682     0.00238316
       91     0.00000003     0.99780476     0.00219520
       92     0.00000003     0.99786553     0.00213444
       93     0.00000003     0.99786317     0.00213679
       94     0.00000007     0.99791801     0.00208192
       95     0.00000008     0.99798975     0.00201017
       96     0.00000008     0.99792222     0.00207770
       97     0.00000011     0.99766802     0.00233187
       98     0.00000014     0.99743920     0.00256066
       99     0.00000016     0.99753903     0.00246081
      100     0.00000021     0.99797186     0.00202793
      101     0.00000024     0.99834310     0.00165666
      102     0.00000027     0.99820433     0.00179540
      103     0.00000033     0.99756435     0.00243532
      104     0.00000036     0.99699191     0.00300773
      105     0.00000036     0.99709878     0.00290085
      106     0.00000046     0.99789140     0.00210814
      107     0.00000056     0.99865777     0.00134167
      108     0.00000047     0.99859711     0.00140242
      109     0.00000052     0.99761906     0.00238042
      110     0.00000072     0.99651996     0.00347932
      111     0.00000071     0.99630500     0.00369429
      112     0.00000063     0.99725297     0.00274640
      113     0.00000080     0.99860244     0.00139676
      114     0.00000091     0.99917039     0.00082871
      115     0.00000078     0.99837374     0.00162548
      116     0.00000080     0.99675648     0.00324272
      117     0.00000099     0.99556549     0.00443352
      118     0.00000097     0.99574145     0.00425758
      119     0.00000080     0.99717180     0.00282740
      120     0.00000084     0.99878552     0.00121364
