#     Density Matrix: population Re; see the manual for detail orders
        0     0.00000000     0.00000000     1.00000000
        1     0.00000001     0.00001765     0.99998234
        2     0.00000002     0.00013782     0.99986217
        3     0.00000003     0.00029693     0.99970304
        4     0.00000005     0.00040463     0.99959532
        5     0.00000008     0.00042279     0.99957713
        6     0.00000011     0.00040522     0.99959467
        7     0.00000014     0.00052527     0.99947459
        8     0.00000017     0.00116075     0.99883908
        9     0.00000020     0.00329918     0.99670061
       10     0.00000023     0.01059805     0.98940171
       11     0.00000025     0.04265760     0.95734215
       12     0.00000010     0.57193338     0.42806652
       13     0.00000009     0.60860483     0.39139508
       14     0.00000040     0.18520760     0.81479200
       15     0.00000025     0.09543637     0.90456338
       16     0.00000030     0.05232160     0.94767810
       17     0.00000049     0.03247161     0.96752790
       18     0.00000029     0.02427865     0.97572106
       19     0.00000030     0.02160084     0.97839886
       20     0.00000040     0.02121534     0.97878426
       21     0.00000021     0.02145544     0.97854434
       22     0.00000033     0.02150948     0.97849019
       23     0.00000026     0.02119107     0.97880867
       24     0.00000027     0.02051617     0.97948357
       25     0.00000027     0.01952607     0.98047365
       26     0.00000016     0.01837633     0.98162351
       27     0.00000015     0.01720971     0.98279014
       28     0.00000020     0.01614349     0.98385631
       29     0.00000023     0.01528702     0.98471276
       30     0.00000019     0.01475992     0.98523989
       31     0.00000016     0.01470631     0.98529353
       32     0.00000025     0.01535448     0.98464527
       33     0.00000021     0.01712504     0.98287475
       34     0.00000016     0.02091201     0.97908784
       35     0.00000020     0.02901891     0.97098089
       36     0.00000017     0.04931250     0.95068733
       37     0.00000012     0.12405696     0.87594292
       38     0.00000014     0.45388357     0.54611629
       39     0.00000018     0.85976748     0.14023234
       40     0.00000018     0.97148379     0.02851603
       41     0.00000020     0.98853181     0.01146799
       42     0.00000021     0.99283792     0.00716187
       43     0.00000021     0.99431972     0.00568008
       44     0.00000022     0.99493289     0.00506689
       45     0.00000023     0.99523339     0.00476638
       46     0.00000023     0.99541191     0.00458787
       47     0.00000034     0.99553677     0.00446290
       48     0.00000035     0.99562672     0.00437293
       49     0.00000030     0.99567809     0.00432161
       50     0.00000036     0.99567745     0.00432219
       51     0.00000046     0.99560587     0.00439367
       52     0.00000045     0.99544362     0.00455593
       53     0.00000042     0.99517380     0.00482579
       54     0.00000050     0.99478656     0.00521294
       55     0.00000061     0.99428201     0.00571738
       56     0.00000061     0.99366973     0.00632967
       57     0.00000054     0.99296782     0.00703164
       58     0.00000061     0.99220225     0.00779714
       59     0.00000074     0.99140460     0.00859466
       60     0.00000079     0.99060692     0.00939229
       61     0.00000086     0.98984664     0.01015250
       62     0.00000096     0.98916175     0.01083729
       63     0.00000107     0.98858301     0.01141592
       64     0.00000111     0.98813142     0.01186747
       65     0.00000113     0.98782038     0.01217849
       66     0.00000115     0.98765907     0.01233978
       67     0.00000114     0.98765720     0.01234166
       68     0.00000126     0.98781834     0.01218039
       69     0.00000153     0.98814602     0.01185245
       70     0.00000164     0.98864162     0.01135674
       71     0.00000155     0.98930657     0.01069188
       72     0.00000153     0.99013637     0.00986210
       73     0.00000179     0.99112105     0.00887716
       74     0.00000215     0.99223596     0.00776190
       75     0.00000231     0.99343481     0.00656288
       76     0.00000237     0.99464812     0.00534951
       77     0.00000265     0.99577955     0.00421780
       78     0.00000314     0.99672063     0.00327623
       79     0.00000349     0.99735056     0.00264595
       80     0.00000375     0.99756176     0.00243449
       81     0.00000416     0.99728662     0.00270923
       82     0.00000475     0.99651972     0.00347554
       83     0.00000528     0.99533661     0.00465810
       84     0.00000562     0.99389922     0.00609516
       85     0.00000583     0.99244488     0.00754929
       86     0.00000592     0.99125325     0.00874082
       87     0.00000598     0.99059167     0.00940235
       88     0.00000603     0.99065489     0.00933907
       89     0.00000607     0.99150798     0.00848595
       90     0.00000602     0.99304960     0.00694438
       91     0.00000593     0.99501813     0.00497594
       92     0.00000596     0.99703913     0.00295491
       93     0.00000616     0.99871462     0.00127922
       94     0.00000647     0.99972919     0.00026434
       95     0.00000679     0.99994109     0.00005212
       96     0.00000714     0.99942647     0.00056639
       97     0.00000765     0.99845798     0.00153437
       98     0.00000792     0.99742296     0.00256912
       99     0.00000774     0.99669767     0.00329459
      100     0.00000776     0.99652503     0.00346721
      101     0.00000804     0.99694451     0.00304745
      102     0.00000836     0.99778875     0.00220289
      103     0.00000853     0.99875768     0.00123379
      104     0.00000863     0.99953830     0.00045307
      105     0.00000907     0.99992559     0.00006534
      106     0.00000963     0.99989389     0.00009648
      107     0.00001045     0.99958752     0.00040203
      108     0.00001162     0.99923887     0.00074951
      109     0.00001274     0.99905487     0.00093239
      110     0.00001356     0.99912196     0.00086448
      111     0.00001426     0.99938056     0.00060519
      112     0.00001515     0.99967941     0.00030544
      113     0.00001638     0.99987250     0.00011112
      114     0.00001809     0.99990058     0.00008133
      115     0.00002013     0.99981234     0.00016753
      116     0.00002227     0.99971235     0.00026538
      117     0.00002448     0.99968377     0.00029175
      118     0.00002699     0.99973841     0.00023460
      119     0.00003014     0.99982467     0.00014519
      120     0.00003411     0.99987970     0.00008620
