#     Density Matrix: population Re; see the manual for detail orders
        0     0.00000000     0.00000000     1.00000000
        1     0.00000013     0.00000178     0.99999809
        2     0.00000012     0.00001404     0.99998584
        3     0.00000035     0.00003024     0.99996941
        4     0.00000023     0.00003983     0.99995993
        5     0.00000064     0.00004086     0.99995851
        6     0.00000040     0.00005811     0.99994149
        7     0.00000091     0.00016207     0.99983702
        8     0.00000058     0.00049034     0.99950908
        9     0.00000107     0.00132528     0.99867366
       10     0.00000072     0.00344538     0.99655390
       11     0.00000099     0.00973496     0.99026405
       12     0.00000078     0.03412109     0.96587813
       13     0.00000062     0.15846090     0.84153848
       14     0.00000078     0.61846685     0.38153237
       15     0.00000024     0.62407687     0.37592290
       16     0.00000240     0.45123928     0.54875833
       17     0.00000062     0.38018518     0.61981420
       18     0.00000052     0.35341196     0.64658751
       19     0.00000150     0.33502145     0.66497705
       20     0.00000025     0.32462448     0.67537526
       21     0.00000092     0.32080373     0.67919535
       22     0.00000117     0.32173565     0.67826317
       23     0.00000019     0.32561553     0.67438428
       24     0.00000119     0.33092568     0.66907313
       25     0.00000091     0.33654390     0.66345519
       26     0.00000023     0.34174397     0.65825580
       27     0.00000119     0.34611887     0.65387994
       28     0.00000071     0.34953725     0.65046204
       29     0.00000033     0.35201797     0.64798171
       30     0.00000127     0.35362711     0.64637162
       31     0.00000076     0.35446585     0.64553338
       32     0.00000020     0.35465566     0.64534414
       33     0.00000129     0.35423711     0.64576160
       34     0.00000097     0.35326865     0.64673038
       35     0.00000016     0.35178982     0.64821002
       36     0.00000113     0.34977852     0.65022036
       37     0.00000133     0.34718704     0.65281163
       38     0.00000023     0.34394573     0.65605404
       39     0.00000074     0.34023832     0.65976094
       40     0.00000159     0.33889308     0.66110534
       41     0.00000063     0.36769048     0.63230889
       42     0.00000032     0.47636183     0.52363784
       43     0.00000157     0.57289530     0.42710313
       44     0.00000163     0.60858418     0.39141418
       45     0.00000046     0.62455281     0.37544673
       46     0.00000070     0.63709968     0.36289962
       47     0.00000156     0.68035429     0.31964415
       48     0.00000089     0.61551104     0.38448807
       49     0.00000052     0.45577115     0.54422832
       50     0.00000126     0.44636983     0.55362891
       51     0.00000127     0.44396120     0.55603753
       52     0.00000057     0.44334485     0.55665458
       53     0.00000084     0.44336641     0.55663276
       54     0.00000132     0.44361236     0.55638633
       55     0.00000086     0.44388396     0.55611518
       56     0.00000059     0.44403887     0.55596054
       57     0.00000113     0.44400315     0.55599571
       58     0.00000116     0.44373819     0.55626065
       59     0.00000062     0.44323550     0.55676387
       60     0.00000082     0.44250986     0.55748932
       61     0.00000125     0.44159893     0.55839982
       62     0.00000087     0.44056237     0.55943676
       63     0.00000060     0.43947102     0.56052838
       64     0.00000107     0.43842588     0.56157305
       65     0.00000115     0.43754444     0.56245441
       66     0.00000065     0.43695023     0.56304912
       67     0.00000081     0.43680888     0.56319031
       68     0.00000129     0.43729126     0.56270745
       69     0.00000087     0.43859102     0.56140810
       70     0.00000052     0.44097616     0.55902332
       71     0.00000121     0.44482205     0.55517674
       72     0.00000140     0.45048938     0.54950921
       73     0.00000056     0.45843356     0.54156588
       74     0.00000066     0.46926950     0.53072984
       75     0.00000159     0.48361115     0.51638726
       76     0.00000126     0.50205371     0.49794503
       77     0.00000036     0.52495723     0.47504241
       78     0.00000094     0.55226616     0.44773290
       79     0.00000176     0.58313314     0.41686509
       80     0.00000102     0.61560914     0.38438984
       81     0.00000034     0.64682606     0.35317359
       82     0.00000115     0.67345271     0.32654615
       83     0.00000160     0.69256497     0.30743343
       84     0.00000080     0.70228864     0.29771055
       85     0.00000050     0.70201572     0.29798378
       86     0.00000113     0.69224316     0.30775571
       87     0.00000122     0.67420771     0.32579107
       88     0.00000069     0.64969856     0.35030075
       89     0.00000071     0.62071996     0.37927933
       90     0.00000111     0.58924687     0.41075202
       91     0.00000096     0.55704418     0.44295486
       92     0.00000066     0.52547554     0.47452379
       93     0.00000089     0.49554203     0.50445708
       94     0.00000115     0.46781632     0.53218253
       95     0.00000086     0.44258154     0.55741759
       96     0.00000062     0.41999905     0.58000033
       97     0.00000101     0.40006790     0.59993109
       98     0.00000128     0.38275460     0.61724412
       99     0.00000088     0.36795233     0.63204679
      100     0.00000059     0.35550091     0.64449850
      101     0.00000103     0.34526809     0.65473088
      102     0.00000139     0.33709665     0.66290196
      103     0.00000096     0.33082032     0.66917872
      104     0.00000053     0.32627230     0.67372717
      105     0.00000093     0.32328896     0.67671012
      106     0.00000144     0.32171785     0.67828071
      107     0.00000112     0.32142941     0.67856947
      108     0.00000055     0.32232994     0.67766952
      109     0.00000075     0.32438421     0.67561505
      110     0.00000136     0.32765103     0.67234761
      111     0.00000131     0.33234571     0.66765297
      112     0.00000070     0.33896496     0.66103434
      113     0.00000058     0.34854449     0.65145493
      114     0.00000115     0.36321421     0.63678464
      115     0.00000139     0.38742168     0.61257693
      116     0.00000092     0.42969124     0.57030784
      117     0.00000063     0.49977998     0.50021939
      118     0.00000088     0.58395115     0.41604797
      119     0.00000129     0.63349798     0.36650073
      120     0.00000133     0.64459699     0.35540168
