#     Density Matrix: population Re; see the manual for detail orders
        0     0.00000000     0.00000000     1.00000000
        1     0.00000000     0.00000322     0.99999678
        2     0.00000001     0.00002037     0.99997962
        3     0.00000003     0.00002862     0.99997135
        4     0.00000005     0.00002049     0.99997946
        5     0.00000008     0.00001233     0.99998758
        6     0.00000012     0.00001517     0.99998471
        7     0.00000015     0.00002558     0.99997427
        8     0.00000019     0.00005067     0.99994914
        9     0.00000023     0.00013393     0.99986583
       10     0.00000027     0.00037704     0.99962269
       11     0.00000030     0.00102457     0.99897512
       12     0.00000033     0.00282691     0.99717276
       13     0.00000036     0.00863468     0.99136496
       14     0.00000037     0.03182840     0.96817123
       15     0.00000034     0.13696515     0.86303451
       16     0.00000014     0.71178274     0.28821712
       17     0.00000003     0.81923571     0.18076426
       18     0.00000029     0.69265929     0.30734042
       19     0.00000042     0.67922674     0.32077283
       20     0.00000035     0.70234797     0.29765168
       21     0.00000024     0.73176287     0.26823689
       22     0.00000016     0.75864133     0.24135851
       23     0.00000015     0.78055717     0.21944268
       24     0.00000011     0.79728582     0.20271407
       25     0.00000008     0.80933604     0.19066388
       26     0.00000008     0.81744238     0.18255754
       27     0.00000004     0.82240480     0.17759516
       28     0.00000001     0.82491934     0.17508065
       29     0.00000002     0.82561977     0.17438021
       30     0.00000002     0.82500588     0.17499410
       31     0.00000001     0.82347047     0.17652952
       32     0.00000001     0.82134229     0.17865770
       33     0.00000003     0.81888467     0.18111531
       34     0.00000003     0.81637346     0.18362650
       35     0.00000003     0.81414595     0.18585403
       36     0.00000003     0.81265827     0.18734169
       37     0.00000005     0.81253019     0.18746976
       38     0.00000004     0.81459189     0.18540806
       39     0.00000003     0.81988539     0.18011457
       40     0.00000004     0.82959738     0.17040257
       41     0.00000004     0.84490919     0.15509077
       42     0.00000002     0.86666031     0.13333967
       43     0.00000001     0.89482526     0.10517472
       44     0.00000002     0.92775592     0.07224406
       45     0.00000001     0.96121314     0.03878685
       46     0.00000001     0.98753459     0.01246541
       47     0.00000001     0.99574842     0.00425157
       48     0.00000002     0.97429033     0.02570965
       49     0.00000002     0.91828846     0.08171152
       50     0.00000003     0.83972101     0.16027896
       51     0.00000004     0.76979349     0.23020647
       52     0.00000006     0.74214695     0.25785299
       53     0.00000007     0.76813724     0.23186269
       54     0.00000005     0.83050547     0.16949448
       55     0.00000003     0.89978752     0.10021245
       56     0.00000002     0.95345556     0.04654442
       57     0.00000001     0.98324610     0.01675390
       58     0.00000000     0.99235640     0.00764360
       59     0.00000000     0.98936879     0.01063120
       60     0.00000001     0.98302166     0.01697833
       61     0.00000001     0.97917330     0.02082669
       62     0.00000001     0.97990986     0.02009013
       63     0.00000000     0.98424656     0.01575343
       64     0.00000000     0.98969626     0.01030373
       65     0.00000000     0.99393030     0.00606970
       66     0.00000000     0.99586968     0.00413032
       67     0.00000000     0.99587226     0.00412774
       68     0.00000000     0.99513199     0.00486801
       69     0.00000000     0.99477913     0.00522086
       70     0.00000000     0.99524945     0.00475055
       71     0.00000000     0.99623567     0.00376433
       72     0.00000000     0.99713395     0.00286605
       73     0.00000001     0.99757286     0.00242713
       74     0.00000001     0.99762198     0.00237800
       75     0.00000001     0.99758797     0.00241202
       76     0.00000002     0.99766976     0.00233022
       77     0.00000003     0.99782225     0.00217772
       78     0.00000003     0.99791686     0.00208311
       79     0.00000005     0.99796657     0.00203338
       80     0.00000007     0.99812023     0.00187970
       81     0.00000009     0.99843064     0.00156928
       82     0.00000010     0.99870839     0.00129150
       83     0.00000013     0.99869819     0.00130168
       84     0.00000017     0.99841243     0.00158740
       85     0.00000019     0.99820359     0.00179621
       86     0.00000023     0.99842016     0.00157961
       87     0.00000028     0.99899131     0.00100840
       88     0.00000032     0.99944355     0.00055613
       89     0.00000035     0.99938330     0.00061635
       90     0.00000041     0.99892662     0.00107297
       91     0.00000047     0.99859928     0.00140025
       92     0.00000051     0.99879874     0.00120075
       93     0.00000055     0.99939349     0.00060596
       94     0.00000061     0.99987063     0.00012876
       95     0.00000065     0.99985035     0.00014900
       96     0.00000069     0.99943168     0.00056764
       97     0.00000073     0.99905649     0.00094278
       98     0.00000078     0.99907684     0.00092238
       99     0.00000082     0.99945906     0.00054012
      100     0.00000084     0.99986697     0.00013219
      101     0.00000087     0.99999004     0.00000910
      102     0.00000089     0.99979501     0.00020410
      103     0.00000091     0.99950460     0.00049449
      104     0.00000095     0.99937757     0.00062148
      105     0.00000097     0.99950089     0.00049814
      106     0.00000097     0.99975427     0.00024476
      107     0.00000095     0.99994356     0.00005549
      108     0.00000096     0.99996493     0.00003411
      109     0.00000100     0.99985884     0.00014015
      110     0.00000098     0.99975034     0.00024868
      111     0.00000094     0.99973556     0.00026351
      112     0.00000095     0.99981637     0.00018268
      113     0.00000099     0.99992435     0.00007466
      114     0.00000099     0.99998892     0.00001009
      115     0.00000096     0.99998960     0.00000945
      116     0.00000096     0.99995667     0.00004237
      117     0.00000100     0.99993323     0.00006576
      118     0.00000104     0.99993943     0.00005954
      119     0.00000103     0.99996514     0.00003384
      120     0.00000101     0.99998831     0.00001068
