#     Density Matrix: population Re; see the manual for detail orders
        0     0.00000000     0.00000000     1.00000000
        1     0.00000000     0.00000503     0.99999497
        2     0.00000000     0.00003590     0.99996409
        3     0.00000001     0.00006131     0.99993868
        4     0.00000002     0.00005396     0.99994602
        5     0.00000005     0.00002934     0.99997062
        6     0.00000011     0.00001814     0.99998176
        7     0.00000020     0.00001943     0.99998036
        8     0.00000034     0.00001447     0.99998519
        9     0.00000049     0.00002924     0.99997027
       10     0.00000065     0.00016209     0.99983726
       11     0.00000079     0.00057467     0.99942454
       12     0.00000092     0.00157386     0.99842522
       13     0.00000101     0.00417664     0.99582235
       14     0.00000105     0.01330361     0.98669534
       15     0.00000102     0.06227140     0.93772758
       16     0.00000073     0.36916028     0.63083899
       17     0.00000021     0.70751453     0.29248526
       18     0.00000115     0.43637178     0.56362707
       19     0.00000236     0.31670047     0.68329717
       20     0.00000066     0.26446889     0.73553045
       21     0.00000183     0.23574665     0.76425152
       22     0.00000139     0.21558747     0.78441114
       23     0.00000038     0.19744106     0.80255857
       24     0.00000142     0.17828485     0.82171372
       25     0.00000068     0.15724003     0.84275928
       26     0.00000022     0.13483098     0.86516879
       27     0.00000098     0.11226100     0.88773802
       28     0.00000036     0.09091071     0.90908893
       29     0.00000012     0.07184745     0.92815243
       30     0.00000066     0.05571455     0.94428479
       31     0.00000023     0.04253897     0.95746080
       32     0.00000007     0.03201942     0.96798052
       33     0.00000042     0.02370688     0.97629271
       34     0.00000015     0.01717538     0.98282446
       35     0.00000006     0.01209962     0.98790032
       36     0.00000000     1.00000000     0.00000000
       37     0.00000023     0.99982071     0.00017905
       38     0.00000035     0.99918519     0.00081446
       39     0.00000006     0.99791538     0.00208456
       40     0.00000007     0.99579637     0.00420355
       41     0.00000034     0.99259404     0.00740562
       42     0.00000020     0.98808562     0.01191418
       43     0.00000000     0.98210808     0.01789192
       44     0.00000021     0.97463080     0.02536898
       45     0.00000028     0.96584415     0.03415557
       46     0.00000004     0.95623491     0.04376505
       47     0.00000010     0.94660755     0.05339236
       48     0.00000027     0.93793461     0.06206511
       49     0.00000010     0.93098067     0.06901923
       50     0.00000004     0.92580984     0.07419012
       51     0.00000025     0.92179111     0.07820864
       52     0.00000020     0.91881570     0.08118410
       53     0.00000001     0.91871054     0.08128945
       54     0.00000017     0.92439817     0.07560167
       55     0.00000025     0.93690498     0.06309477
       56     0.00000006     0.95399093     0.04600902
       57     0.00000006     0.97163583     0.02836411
       58     0.00000016     0.98623230     0.01376754
       59     0.00000000     1.00000000     0.00000000
       60     0.00000005     0.99685572     0.00314423
       61     0.00000008     0.99086198     0.00913794
       62     0.00000001     0.98649799     0.01350201
       63     0.00000004     0.98603188     0.01396808
       64     0.00000006     0.98899454     0.01100540
       65     0.00000000     1.00000000     0.00000000
       66     0.00000008     0.99960709     0.00039282
       67     0.00000012     0.99889197     0.00110791
       68     0.00000001     0.99849291     0.00150708
       69     0.00000007     0.99866129     0.00133864
       70     0.00000016     0.99917282     0.00082702
       71     0.00000005     0.99959424     0.00040571
       72     0.00000006     0.99966215     0.00033779
       73     0.00000025     0.99945630     0.00054345
       74     0.00000014     0.99924758     0.00075228
       75     0.00000007     0.99920931     0.00079062
       76     0.00000033     0.99929183     0.00070784
       77     0.00000030     0.99935516     0.00064453
       78     0.00000014     0.99936268     0.00063718
       79     0.00000048     0.99939333     0.00060619
       80     0.00000058     0.99947687     0.00052255
       81     0.00000030     0.99949866     0.00050104
       82     0.00000065     0.99934384     0.00065551
       83     0.00000097     0.99911085     0.00088818
       84     0.00000062     0.99906920     0.00093018
       85     0.00000089     0.99933885     0.00066027
       86     0.00000148     0.99966965     0.00032887
       87     0.00000115     0.99965319     0.00034566
       88     0.00000118     0.99919966     0.00079916
       89     0.00000204     0.99872749     0.00127046
       90     0.00000195     0.99876092     0.00123713
       91     0.00000163     0.99932405     0.00067433
       92     0.00000256     0.99983728     0.00016016
       93     0.00000294     0.99970070     0.00029635
       94     0.00000233     0.99895858     0.00103908
       95     0.00000293     0.99830990     0.00168717
       96     0.00000395     0.99841182     0.00158422
       97     0.00000347     0.99918744     0.00080908
       98     0.00000333     0.99987543     0.00012124
       99     0.00000460     0.99978774     0.00020766
      100     0.00000486     0.99899087     0.00100427
      101     0.00000409     0.99822822     0.00176769
      102     0.00000481     0.99819508     0.00180011
      103     0.00000609     0.99889855     0.00109536
      104     0.00000560     0.99969288     0.00030152
      105     0.00000504     0.99990518     0.00008978
      106     0.00000624     0.99943074     0.00056302
      107     0.00000710     0.99876370     0.00122920
      108     0.00000630     0.99849795     0.00149575
      109     0.00000618     0.99880986     0.00118395
      110     0.00000768     0.99937684     0.00061548
      111     0.00000821     0.99972754     0.00026425
      112     0.00000714     0.99965345     0.00033941
      113     0.00000710     0.99932572     0.00066718
      114     0.00000873     0.99907500     0.00091627
      115     0.00000955     0.99908337     0.00090708
      116     0.00000871     0.99927018     0.00072111
      117     0.00000856     0.99943366     0.00055779
      118     0.00001011     0.99946394     0.00052595
      119     0.00001126     0.99941018     0.00057857
      120     0.00001081     0.99937090     0.00061829
