#     Density Matrix: population Re; see the manual for detail orders
        0     0.00000000     0.00000000     1.00000000
        1     0.00000001     0.00000006     0.99999993
        2     0.00000001     0.00000009     0.99999990
        3     0.00000000     0.00000242     0.99999757
        4     0.00000006     0.00001270     0.99998724
        5     0.00000003     0.00002965     0.99997032
        6     0.00000020     0.00004427     0.99995554
        7     0.00000015     0.00005261     0.99994724
        8     0.00000042     0.00007111     0.99992847
        9     0.00000036     0.00014263     0.99985701
       10     0.00000072     0.00033517     0.99966411
       11     0.00000061     0.00075815     0.99924125
       12     0.00000100     0.00166050     0.99833850
       13     0.00000093     0.00378764     0.99621144
       14     0.00000142     0.00966823     0.99033035
       15     0.00000105     0.02880723     0.97119172
       16     0.00000147     0.09872330     0.90127524
       17     0.00000077     0.30602393     0.69397530
       18     0.00000108     0.55475698     0.44524194
       19     0.00000058     0.49406306     0.50593636
       20     0.00000203     0.38080662     0.61919135
       21     0.00000159     0.31385997     0.68613844
       22     0.00000016     0.28472516     0.71527467
       23     0.00000014     0.27455137     0.72544849
       24     0.00000047     0.26649852     0.73350101
       25     0.00000004     0.26124724     0.73875272
       26     0.00000026     0.25907027     0.74092946
       27     0.00000038     0.25978973     0.74020988
       28     0.00000000     0.26296400     0.73703600
       29     0.00000035     0.26795815     0.73204150
       30     0.00000031     0.27408336     0.72591633
       31     0.00000002     0.28069742     0.71930255
       32     0.00000047     0.28724185     0.71275768
       33     0.00000030     0.29330684     0.70669285
       34     0.00000005     0.29863269     0.70136726
       35     0.00000054     0.30309419     0.69690527
       36     0.00000034     0.30667125     0.69332841
       37     0.00000006     0.30941549     0.69058445
       38     0.00000057     0.31141326     0.68858618
       39     0.00000042     0.31275272     0.68724686
       40     0.00000006     0.31349191     0.68650804
       41     0.00000055     0.31363114     0.68636831
       42     0.00000054     0.31308789     0.68691157
       43     0.00000006     0.31167534     0.68832460
       44     0.00000042     0.30907087     0.69092871
       45     0.00000063     0.30477695     0.69522242
       46     0.00000012     0.29806141     0.70193847
       47     0.00000025     0.28787300     0.71212676
       48     0.00000065     0.27276233     0.72723702
       49     0.00000026     0.25094717     0.74905257
       50     0.00000007     0.22164598     0.77835394
       51     0.00000051     0.19172171     0.80827779
       52     0.00000040     0.19016725     0.80983235
       53     0.00000001     0.24376222     0.75623777
       54     0.00000032     0.31685226     0.68314743
       55     0.00000047     0.36554016     0.63445936
       56     0.00000006     0.38430391     0.61569603
       57     0.00000013     0.37868194     0.62131793
       58     0.00000041     0.35175901     0.64824058
       59     0.00000013     0.30681417     0.69318571
       60     0.00000006     0.25767173     0.74232821
       61     0.00000047     0.23182227     0.76817726
       62     0.00000036     0.24266485     0.75733479
       63     0.00000001     0.27539979     0.72460020
       64     0.00000030     0.31269745     0.68730225
       65     0.00000055     0.34735197     0.65264748
       66     0.00000017     0.37785899     0.62214084
       67     0.00000005     0.40446617     0.59553378
       68     0.00000045     0.42770986     0.57228970
       69     0.00000042     0.44804005     0.55195953
       70     0.00000004     0.46574454     0.53425543
       71     0.00000016     0.48094024     0.51905960
       72     0.00000047     0.49357325     0.50642628
       73     0.00000025     0.50340322     0.49659653
       74     0.00000000     0.50993654     0.49006346
       75     0.00000024     0.51229841     0.48770135
       76     0.00000039     0.50894977     0.49104984
       77     0.00000012     0.49706322     0.50293666
       78     0.00000002     0.47101531     0.52898467
       79     0.00000026     0.41839918     0.58160056
       80     0.00000029     0.31129177     0.68870794
       81     0.00000008     0.13620742     0.86379249
       82     0.00000006     0.05687563     0.94312432
       83     0.00000026     0.11621357     0.88378617
       84     0.00000017     0.15961622     0.84038361
       85     0.00000000     0.16436643     0.83563357
       86     0.00000016     0.14723069     0.85276915
       87     0.00000028     0.12317026     0.87682946
       88     0.00000021     0.10217760     0.89782219
       89     0.00000005     0.08835545     0.91164450
       90     0.00000003     0.08151865     0.91848132
       91     0.00000035     0.07953199     0.92046766
       92     0.00000052     0.07996390     0.92003558
       93     0.00000019     0.08073801     0.91926180
       94     0.00000018     0.08016886     0.91983096
       95     0.00000084     0.07688154     0.92311762
       96     0.00000095     0.06979253     0.93020652
       97     0.00000034     0.05826414     0.94173552
       98     0.00000068     0.04271025     0.95728906
       99     0.00000137     0.02579137     0.97420726
      100     0.00000075     0.01422159     0.98577765
      101     0.00000040     0.02021532     0.97978428
      102     0.00000107     0.05883712     0.94116181
      103     0.00000065     0.13613918     0.86386018
      104     0.00000021     0.23360032     0.76639947
      105     0.00000088     0.31213421     0.68786490
      106     0.00000065     0.34107165     0.65892770
      107     0.00000045     0.31807577     0.68192378
      108     0.00000143     0.26237963     0.73761894
      109     0.00000110     0.19867749     0.80132141
      110     0.00000054     0.14661699     0.85338247
      111     0.00000130     0.11683055     0.88316814
      112     0.00000080     0.11067025     0.88932895
      113     0.00000033     0.12211517     0.87788450
      114     0.00000098     0.14115084     0.85884818
      115     0.00000040     0.15779803     0.84220158
      116     0.00000051     0.16564505     0.83435444
      117     0.00000099     0.16365143     0.83634758
      118     0.00000024     0.15552425     0.84447551
      119     0.00000074     0.14702286     0.85297640
      120     0.00000062     0.14263303     0.85736635
