#     Density Matrix: population Re; see the manual for detail orders
        0     0.00000000     0.00000000     1.00000000
        1     0.00000001     0.00001332     0.99998667
        2     0.00000003     0.00008982     0.99991015
        3     0.00000007     0.00015303     0.99984690
        4     0.00000011     0.00015711     0.99984278
        5     0.00000017     0.00011861     0.99988122
        6     0.00000023     0.00008136     0.99991841
        7     0.00000030     0.00006931     0.99993039
        8     0.00000038     0.00006811     0.99993151
        9     0.00000044     0.00004845     0.99995111
       10     0.00000058     0.00000963     0.99998979
       11     0.00000065     0.00001814     0.99998121
       12     0.00000085     0.00027324     0.99972591
       13     0.00000087     0.00150509     0.99849404
       14     0.00000077     0.01090220     0.98909703
       15     0.00000069     0.09261112     0.90738819
       16     0.00000165     0.19410637     0.80589198
       17     0.00000178     0.07327128     0.92672695
       18     0.00000002     0.07640065     0.92359933
       19     0.00000172     0.08238653     0.91761175
       20     0.00000071     0.08878573     0.91121355
       21     0.00000066     0.09479661     0.90520273
       22     0.00000252     0.10014275     0.89985472
       23     0.00000040     0.10475693     0.89524267
       24     0.00000113     0.10863007     0.89136879
       25     0.00000266     0.11179522     0.88820211
       26     0.00000025     0.11431001     0.88568973
       27     0.00000233     0.11626894     0.88372873
       28     0.00000353     0.11780001     0.88219646
       29     0.00000029     0.11897664     0.88102307
       30     0.00000364     0.11972638     0.88026998
       31     0.00000443     0.12011053     0.87988504
       32     0.00000062     0.12020641     0.87979297
       33     0.00000463     0.11950466     0.88049072
       34     0.00000617     0.11753917     0.88245466
       35     0.00000149     0.11400976     0.88598875
       36     0.00000339     0.10745837     0.89253824
       37     0.00000817     0.09548337     0.90450846
       38     0.00000345     0.07493719     0.92505936
       39     0.00000143     0.03798514     0.96201344
       40     0.00000530     0.02085632     0.97913838
       41     0.00000475     0.36544617     0.63454907
       42     0.00000121     0.66492569     0.33507310
       43     0.00000370     0.74198485     0.25801145
       44     0.00000652     0.77228241     0.22771107
       45     0.00000249     0.78758383     0.21241368
       46     0.00000110     0.79670530     0.20329360
       47     0.00000580     0.80326024     0.19673395
       48     0.00000553     0.80801129     0.19198318
       49     0.00000099     0.81227450     0.18772451
       50     0.00000265     0.81818476     0.18181259
       51     0.00000704     0.82614164     0.17385132
       52     0.00000436     0.83505218     0.16494346
       53     0.00000069     0.84450804     0.15549127
       54     0.00000392     0.85416461     0.14583147
       55     0.00000691     0.86398812     0.13600497
       56     0.00000317     0.87392335     0.12607349
       57     0.00000036     0.88402272     0.11597692
       58     0.00000380     0.89425846     0.10573774
       59     0.00000507     0.90452930     0.09546563
       60     0.00000166     0.91470090     0.08529744
       61     0.00000028     0.92458887     0.07541085
       62     0.00000399     0.93401156     0.06598446
       63     0.00000508     0.94285940     0.05713553
       64     0.00000191     0.95101488     0.04898322
       65     0.00000080     0.95841373     0.04158547
       66     0.00000604     0.96501324     0.03498072
       67     0.00000928     0.97080726     0.02918347
       68     0.00000477     0.97585789     0.02413734
       69     0.00000030     0.98016982     0.01982988
       70     0.00000411     0.98373520     0.01626070
       71     0.00001050     0.98654777     0.01344173
       72     0.00000870     0.98859212     0.01139918
       73     0.00000139     0.98983079     0.01016782
       74     0.00000000     1.00000000     0.00000000
       75     0.00000535     0.99987763     0.00011702
       76     0.00001301     0.99950979     0.00047720
       77     0.00001057     0.99891650     0.00107293
       78     0.00000196     0.99813477     0.00186327
       79     0.00000151     0.99722385     0.00277464
       80     0.00001069     0.99628929     0.00370001
       81     0.00001555     0.99547676     0.00450768
       82     0.00000875     0.99493322     0.00505802
       83     0.00000077     0.99476502     0.00523421
       84     0.00000312     0.99503146     0.00496542
       85     0.00001246     0.99572581     0.00426174
       86     0.00001516     0.99674960     0.00323524
       87     0.00000790     0.99792729     0.00206481
       88     0.00000058     0.99901954     0.00097988
       89     0.00000314     0.99976607     0.00023079
       90     0.00001262     0.99998147     0.00000591
       91     0.00001683     0.99961355     0.00036962
       92     0.00001022     0.99876430     0.00122548
       93     0.00000143     0.99767053     0.00232804
       94     0.00000280     0.99666648     0.00333072
       95     0.00001282     0.99609680     0.00389038
       96     0.00001884     0.99617955     0.00380161
       97     0.00001394     0.99691438     0.00307169
       98     0.00000415     0.99804879     0.00194706
       99     0.00000067     0.99915159     0.00084773
      100     0.00000788     0.99979694     0.00019519
      101     0.00001860     0.99973559     0.00024581
      102     0.00002107     0.99902184     0.00095708
      103     0.00001241     0.99800445     0.00198313
      104     0.00000268     0.99719280     0.00280451
      105     0.00000311     0.99701127     0.00298562
      106     0.00001356     0.99756725     0.00241920
      107     0.00002416     0.99856847     0.00140737
      108     0.00002510     0.99944403     0.00053087
      109     0.00001549     0.99966899     0.00031551
      110     0.00000546     0.99911545     0.00087908
      111     0.00000684     0.99816371     0.00182944
      112     0.00002063     0.99749013     0.00248924
      113     0.00003499     0.99760194     0.00236306
      114     0.00003865     0.99842685     0.00153450
      115     0.00003000     0.99932330     0.00064670
      116     0.00001767     0.99954349     0.00043883
      117     0.00001488     0.99891303     0.00107209
      118     0.00002758     0.99803422     0.00193820
      119     0.00004954     0.99773415     0.00221631
      120     0.00006790     0.99830561     0.00162649
