#     Density Matrix: population Re; see the manual for detail orders
        0     0.00000000     0.00000000     1.00000000
        1     0.00000001     0.00000034     0.99999966
        2     0.00000001     0.00000263     0.99999736
        3     0.00000001     0.00000551     0.99999448
        4     0.00000009     0.00000673     0.99999318
        5     0.00000010     0.00000619     0.99999372
        6     0.00000031     0.00000912     0.99999057
        7     0.00000033     0.00002681     0.99997286
        8     0.00000064     0.00007509     0.99992427
        9     0.00000063     0.00017999     0.99981938
       10     0.00000096     0.00041518     0.99958386
       11     0.00000243     0.00203728     0.99796029
       12     0.00000212     0.00979340     0.99020448
       13     0.00000067     0.04329062     0.95670871
       14     0.00000262     0.37268483     0.62731255
       15     0.00000064     0.73601888     0.26398048
       16     0.00000107     0.33815618     0.66184275
       17     0.00000042     0.26704380     0.73295578
       18     0.00000248     0.23179509     0.76820242
       19     0.00000023     0.21609069     0.78390908
       20     0.00000132     0.21139578     0.78860290
       21     0.00000164     0.21259442     0.78740394
       22     0.00000003     0.21661474     0.78338523
       23     0.00000189     0.22170689     0.77829121
       24     0.00000085     0.22694763     0.77305153
       25     0.00000033     0.23201653     0.76798315
       26     0.00000179     0.23694919     0.76304902
       27     0.00000039     0.24190217     0.75809744
       28     0.00000059     0.24710869     0.75289072
       29     0.00000181     0.25282460     0.74717359
       30     0.00000037     0.25924379     0.74075584
       31     0.00000050     0.26645986     0.73353964
       32     0.00000166     0.27447482     0.72552352
       33     0.00000050     0.28320030     0.71679920
       34     0.00000035     0.29132574     0.70867392
       35     0.00000176     0.29562372     0.70437452
       36     0.00000095     0.29631664     0.70368241
       37     0.00000009     0.29500455     0.70499536
       38     0.00000140     0.29789907     0.70209953
       39     0.00000145     0.32600265     0.67399589
       40     0.00000014     0.40734179     0.59265807
       41     0.00000083     0.54954496     0.45045421
       42     0.00000197     0.64196480     0.35803324
       43     0.00000070     0.68444791     0.31555139
       44     0.00000020     0.70651763     0.29348217
       45     0.00000170     0.72082442     0.27917388
       46     0.00000156     0.73254239     0.26745605
       47     0.00000011     0.74505148     0.25494841
       48     0.00000092     0.75973402     0.24026505
       49     0.00000211     0.77539252     0.22460538
       50     0.00000086     0.79151935     0.20847979
       51     0.00000011     0.80763483     0.19236505
       52     0.00000179     0.82337802     0.17662019
       53     0.00000211     0.83850839     0.16148949
       54     0.00000033     0.85287456     0.14712511
       55     0.00000053     0.86638758     0.13361189
       56     0.00000242     0.87899314     0.12100444
       57     0.00000186     0.89065584     0.10934231
       58     0.00000007     0.90134164     0.09865829
       59     0.00000105     0.91102369     0.08897526
       60     0.00000276     0.91969661     0.08030063
       61     0.00000154     0.92738177     0.07261669
       62     0.00000000     0.93412409     0.06587590
       63     0.00000134     0.93999970     0.05999896
       64     0.00000274     0.94511964     0.05487762
       65     0.00000136     0.94960829     0.05039035
       66     0.00000000     0.95359329     0.04640671
       67     0.00000122     0.95719919     0.04279958
       68     0.00000258     0.96053065     0.03946676
       69     0.00000151     0.96367493     0.03632355
       70     0.00000004     0.96669167     0.03330829
       71     0.00000091     0.96959860     0.03040049
       72     0.00000262     0.97239019     0.02760720
       73     0.00000213     0.97503688     0.02496099
       74     0.00000030     0.97748477     0.02251493
       75     0.00000057     0.97966636     0.02033307
       76     0.00000286     0.98151758     0.01847956
       77     0.00000331     0.98298711     0.01700959
       78     0.00000111     0.98403919     0.01595969
       79     0.00000041     0.98466333     0.01533626
       80     0.00000305     0.98488830     0.01510864
       81     0.00000477     0.98478889     0.01520635
       82     0.00000261     0.98447681     0.01552058
       83     0.00000055     0.98408219     0.01591726
       84     0.00000259     0.98374596     0.01625145
       85     0.00000561     0.98360518     0.01638921
       86     0.00000464     0.98376549     0.01622986
       87     0.00000141     0.98428334     0.01571525
       88     0.00000130     0.98516711     0.01483160
       89     0.00000451     0.98638647     0.01360901
       90     0.00000614     0.98788249     0.01211138
       91     0.00000384     0.98956978     0.01042637
       92     0.00000000     1.00000000     0.00000000
       93     0.00000525     0.99993424     0.00006051
       94     0.00001372     0.99974647     0.00023981
       95     0.00001343     0.99946459     0.00052198
       96     0.00000476     0.99912285     0.00087239
       97     0.00000017     0.99876131     0.00123852
       98     0.00000651     0.99843581     0.00155768
       99     0.00001553     0.99821782     0.00176665
      100     0.00001547     0.99817110     0.00181342
      101     0.00000660     0.99832126     0.00167214
      102     0.00000037     0.99864266     0.00135697
      103     0.00000464     0.99906725     0.00092812
      104     0.00001456     0.99950045     0.00048499
      105     0.00001869     0.99983621     0.00014511
      106     0.00001229     0.99997284     0.00001487
      107     0.00000285     0.99984205     0.00015510
      108     0.00000164     0.99944829     0.00055007
      109     0.00001065     0.99889046     0.00109889
      110     0.00002016     0.99834301     0.00163683
      111     0.00001988     0.99799703     0.00198310
      112     0.00001046     0.99798563     0.00200391
      113     0.00000200     0.99832504     0.00167295
      114     0.00000323     0.99890021     0.00109657
      115     0.00001345     0.99950095     0.00048561
      116     0.00002354     0.99989825     0.00007821
      117     0.00002429     0.99993565     0.00004005
      118     0.00001505     0.99960247     0.00038248
      119     0.00000494     0.99905193     0.00094313
      120     0.00000439     0.99854603     0.00144958
