#     Density Matrix: population Re; see the manual for detail orders
        0     0.00000000     0.00000000     1.00000000
        1     0.00000001     0.00000705     0.99999294
        2     0.00000002     0.00004322     0.99995676
        3     0.00000002     0.00006321     0.99993678
        4     0.00000012     0.00005723     0.99994266
        5     0.00000011     0.00004813     0.99995176
        6     0.00000032     0.00005104     0.99994864
        7     0.00000027     0.00005446     0.99994527
        8     0.00000058     0.00003831     0.99996111
        9     0.00000048     0.00000783     0.99999169
       10     0.00000083     0.00001069     0.99998848
       11     0.00000069     0.00012658     0.99987273
       12     0.00000098     0.00045429     0.99954473
       13     0.00000087     0.00117309     0.99882604
       14     0.00000098     0.00300698     0.99699204
       15     0.00000101     0.01122485     0.98877414
       16     0.00000077     0.13512026     0.86487897
       17     0.00000057     0.11961715     0.88038227
       18     0.00000079     0.41296754     0.58703167
       19     0.00000020     0.24190565     0.75809414
       20     0.00000113     0.20174735     0.79825152
       21     0.00000053     0.19351977     0.80647971
       22     0.00000052     0.19825420     0.80174528
       23     0.00000117     0.20974600     0.79025284
       24     0.00000032     0.22554777     0.77445192
       25     0.00000096     0.24470436     0.75529468
       26     0.00000105     0.26690386     0.73309508
       27     0.00000011     0.29223923     0.70776065
       28     0.00000146     0.30233253     0.69766601
       29     0.00000211     0.31305213     0.68694576
       30     0.00000017     0.32180867     0.67819116
       31     0.00000096     0.32789200     0.67210704
       32     0.00000184     0.33071579     0.66928237
       33     0.00000031     0.32980142     0.67019826
       34     0.00000050     0.32514429     0.67485522
       35     0.00000168     0.31705451     0.68294381
       36     0.00000071     0.30641084     0.69358845
       37     0.00000020     0.29435468     0.70564511
       38     0.00000120     0.28236001     0.71763879
       39     0.00000106     0.27191277     0.72808617
       40     0.00000028     0.26449524     0.73550448
       41     0.00000067     0.26140873     0.73859060
       42     0.00000103     0.26417407     0.73582490
       43     0.00000058     0.27448754     0.72551188
       44     0.00000044     0.29531403     0.70468553
       45     0.00000072     0.33116706     0.66883222
       46     0.00000090     0.39520388     0.60479522
       47     0.00000088     0.47091653     0.52908259
       48     0.00000050     0.55038831     0.44961119
       49     0.00000069     0.62508281     0.37491650
       50     0.00000133     0.68979462     0.31020405
       51     0.00000080     0.74343739     0.25656181
       52     0.00000035     0.78759435     0.21240531
       53     0.00000097     0.82519433     0.17480470
       54     0.00000110     0.85913817     0.14086072
       55     0.00000055     0.89174932     0.10825013
       56     0.00000067     0.92440928     0.07559005
       57     0.00000094     0.95675517     0.04324389
       58     0.00000078     0.98457923     0.01541999
       59     0.00000000     1.00000000     0.00000000
       60     0.00000011     0.96574256     0.03425734
       61     0.00000029     0.84956097     0.15043874
       62     0.00000014     0.68841676     0.31158310
       63     0.00000031     0.58339210     0.41660759
       64     0.00000066     0.59491138     0.40508796
       65     0.00000015     0.68960740     0.31039245
       66     0.00000010     0.79759601     0.20240389
       67     0.00000017     0.87026798     0.12973185
       68     0.00000003     0.89451465     0.10548532
       69     0.00000039     0.88284415     0.11715546
       70     0.00000007     0.85941390     0.14058603
       71     0.00000019     0.84609481     0.15390500
       72     0.00000029     0.85206807     0.14793164
       73     0.00000002     0.87235445     0.12764553
       74     0.00000024     0.89502377     0.10497598
       75     0.00000004     0.91044021     0.08955975
       76     0.00000029     0.91632516     0.08367455
       77     0.00000015     0.91722561     0.08277424
       78     0.00000009     0.91956397     0.08043593
       79     0.00000022     0.92610262     0.07389716
       80     0.00000008     0.93489363     0.06510629
       81     0.00000007     0.94236360     0.05763632
       82     0.00000005     0.94680874     0.05319121
       83     0.00000026     0.94931120     0.05068854
       84     0.00000004     0.95178654     0.04821341
       85     0.00000006     0.95499595     0.04500399
       86     0.00000019     0.95819210     0.04180772
       87     0.00000019     0.96080188     0.03919792
       88     0.00000001     0.96310515     0.03689485
       89     0.00000032     0.96543766     0.03456203
       90     0.00000038     0.96745860     0.03254103
       91     0.00000005     0.96859539     0.03140455
       92     0.00000019     0.96919427     0.03080554
       93     0.00000062     0.97054702     0.02945236
       94     0.00000032     0.97308280     0.02691688
       95     0.00000016     0.97539816     0.02460168
       96     0.00000067     0.97589628     0.02410306
       97     0.00000062     0.97512055     0.02487883
       98     0.00000019     0.97539844     0.02460137
       99     0.00000065     0.97792800     0.02207135
      100     0.00000104     0.98095220     0.01904676
      101     0.00000042     0.98181196     0.01818762
      102     0.00000036     0.98034359     0.01965605
      103     0.00000108     0.97935467     0.02064426
      104     0.00000095     0.98122172     0.01877733
      105     0.00000035     0.98485717     0.01514248
      106     0.00000081     0.98695435     0.01304483
      107     0.00000130     0.98590952     0.01408918
      108     0.00000070     0.98372892     0.01627038
      109     0.00000040     0.98377351     0.01622610
      110     0.00000116     0.98675463     0.01324421
      111     0.00000000     1.00000000     0.00000000
      112     0.00000172     0.99981261     0.00018567
      113     0.00000315     0.99944455     0.00055230
      114     0.00000125     0.99927366     0.00072508
      115     0.00000005     0.99947016     0.00052979
      116     0.00000196     0.99982929     0.00016876
      117     0.00000293     0.99999689     0.00000018
      118     0.00000104     0.99982041     0.00017854
      119     0.00000006     0.99949347     0.00050647
      120     0.00000169     0.99933753     0.00066078
