#     Density Matrix: population Re; see the manual for detail orders
        0     0.00000000     0.00000000     1.00000000
        1     0.00000000     0.00000218     0.99999782
        2     0.00000002     0.00001691     0.99998308
        3     0.00000002     0.00003375     0.99996623
        4     0.00000013     0.00003664     0.99996323
        5     0.00000013     0.00002562     0.99997425
        6     0.00000035     0.00003037     0.99996928
        7     0.00000036     0.00009686     0.99990279
        8     0.00000062     0.00025411     0.99974527
        9     0.00000064     0.00050536     0.99949401
       10     0.00000088     0.00088539     0.99911373
       11     0.00000084     0.00160771     0.99839145
       12     0.00000104     0.00337709     0.99662187
       13     0.00000086     0.00823460     0.99176453
       14     0.00000101     0.02248167     0.97751732
       15     0.00000071     0.06745649     0.93254280
       16     0.00000073     0.20211457     0.79788470
       17     0.00000028     0.42344960     0.57655012
       18     0.00000073     0.48400320     0.51599607
       19     0.00000092     0.36078836     0.63921072
       20     0.00000089     0.26515843     0.73484069
       21     0.00000135     0.20781839     0.79218026
       22     0.00000090     0.17474453     0.82525456
       23     0.00000050     0.15687109     0.84312841
       24     0.00000058     0.14826101     0.85173842
       25     0.00000017     0.14487361     0.85512622
       26     0.00000037     0.14405699     0.85594263
       27     0.00000032     0.14409081     0.85590887
       28     0.00000002     0.14390196     0.85609802
       29     0.00000012     0.14285889     0.85714099
       30     0.00000018     0.14064044     0.85935938
       31     0.00000003     0.13715831     0.86284167
       32     0.00000004     0.13251947     0.86748048
       33     0.00000007     0.12702618     0.87297375
       34     0.00000005     0.12120099     0.87879897
       35     0.00000006     0.11584665     0.88415329
       36     0.00000003     0.11193936     0.88806060
       37     0.00000007     0.11070205     0.88929788
       38     0.00000011     0.11351724     0.88648265
       39     0.00000004     0.12172359     0.87827638
       40     0.00000009     0.13644172     0.86355819
       41     0.00000012     0.15815477     0.84184511
       42     0.00000000     0.18609313     0.81390686
       43     0.00000015     0.21760482     0.78239503
       44     0.00000016     0.24744299     0.75255684
       45     0.00000000     0.26741653     0.73258347
       46     0.00000033     0.26706557     0.73293410
       47     0.00000036     0.23654308     0.76345656
       48     0.00000002     0.17301027     0.82698970
       49     0.00000054     0.08964256     0.91035690
       50     0.00000040     0.02007993     0.97991968
       51     0.00000008     0.00469924     0.99530068
       52     0.00000093     0.05805854     0.94194054
       53     0.00000028     0.14997267     0.85002705
       54     0.00000029     0.22799422     0.77200549
       55     0.00000080     0.25650816     0.74349105
       56     0.00000001     0.23361449     0.76638550
       57     0.00000075     0.18216999     0.81782927
       58     0.00000054     0.13169210     0.86830737
       59     0.00000016     0.10346370     0.89653614
       60     0.00000101     0.10329920     0.89669979
       61     0.00000006     0.12246003     0.87753990
       62     0.00000073     0.14487150     0.85512777
       63     0.00000049     0.15672307     0.84327644
       64     0.00000022     0.15353890     0.84646088
       65     0.00000081     0.14105605     0.85894314
       66     0.00000000     0.12980674     0.87019326
       67     0.00000082     0.12726630     0.87273288
       68     0.00000011     0.13308768     0.86691221
       69     0.00000053     0.14078971     0.85920976
       70     0.00000032     0.14377065     0.85622902
       71     0.00000026     0.14075996     0.85923978
       72     0.00000051     0.13584879     0.86415070
       73     0.00000007     0.13381434     0.86618560
       74     0.00000050     0.13560789     0.86439161
       75     0.00000005     0.13839775     0.86160220
       76     0.00000050     0.13929570     0.86070380
       77     0.00000004     0.13826401     0.86173595
       78     0.00000042     0.13719566     0.86280392
       79     0.00000019     0.13704494     0.86295487
       80     0.00000023     0.13708142     0.86291835
       81     0.00000013     0.13674252     0.86325735
       82     0.00000031     0.13688399     0.86311570
       83     0.00000031     0.13820347     0.86179622
       84     0.00000009     0.13938885     0.86061106
       85     0.00000025     0.13838411     0.86161564
       86     0.00000026     0.13562059     0.86437915
       87     0.00000028     0.13444175     0.86555798
       88     0.00000005     0.13704507     0.86295488
       89     0.00000038     0.14091506     0.85908456
       90     0.00000029     0.14116461     0.85883510
       91     0.00000016     0.13671808     0.86328176
       92     0.00000007     0.13246063     0.86753929
       93     0.00000041     0.13381821     0.86618138
       94     0.00000046     0.13988619     0.86011336
       95     0.00000004     0.14384837     0.85615160
       96     0.00000020     0.14074306     0.85925674
       97     0.00000028     0.13362550     0.86637422
       98     0.00000053     0.13041648     0.86958299
       99     0.00000010     0.13494672     0.86505317
      100     0.00000023     0.14252817     0.85747160
      101     0.00000055     0.14498718     0.85501227
      102     0.00000024     0.13970158     0.86029818
      103     0.00000023     0.13225597     0.86774380
      104     0.00000001     0.13034755     0.86965244
      105     0.00000065     0.13572158     0.86427777
      106     0.00000072     0.14269869     0.85730060
      107     0.00000005     0.14435018     0.85564976
      108     0.00000014     0.13946071     0.86053915
      109     0.00000011     0.13322731     0.86677258
      110     0.00000066     0.13163247     0.86836687
      111     0.00000064     0.13565259     0.86434677
      112     0.00000001     0.14091318     0.85908681
      113     0.00000030     0.14244525     0.85755445
      114     0.00000031     0.13938190     0.86061779
      115     0.00000039     0.13517565     0.86482396
      116     0.00000044     0.13377948     0.86622008
      117     0.00000001     0.13595229     0.86404771
      118     0.00000036     0.13910478     0.86089486
      119     0.00000055     0.14022855     0.85977090
      120     0.00000026     0.13872485     0.86127490
