#     Density Matrix: population Re; see the manual for detail orders
        0     0.00000000     0.00000000     1.00000000
        1     0.00000000     0.00000211     0.99999788
        2     0.00000000     0.00000979     0.99999020
        3     0.00000001     0.00000975     0.99999024
        4     0.00000000     0.00001395     0.99998604
        5     0.00000001     0.00002626     0.99997373
        6     0.00000001     0.00003031     0.99996967
        7     0.00000003     0.00002334     0.99997664
        8     0.00000004     0.00002446     0.99997550
        9     0.00000007     0.00004821     0.99995172
       10     0.00000012     0.00009379     0.99990609
       11     0.00000017     0.00016293     0.99983691
       12     0.00000022     0.00028507     0.99971471
       13     0.00000027     0.00055190     0.99944783
       14     0.00000032     0.00121942     0.99878026
       15     0.00000036     0.00310144     0.99689820
       16     0.00000039     0.00938817     0.99061144
       17     0.00000041     0.03621702     0.96378257
       18     0.00000039     0.16879861     0.83120100
       19     0.00000014     0.75732990     0.24266996
       20     0.00000003     0.78861845     0.21138152
       21     0.00000065     0.44812552     0.55187383
       22     0.00000072     0.30904143     0.69095785
       23     0.00000013     0.24718993     0.75280994
       24     0.00000049     0.20880926     0.79119025
       25     0.00000037     0.18470867     0.81529097
       26     0.00000029     0.16902850     0.83097121
       27     0.00000048     0.15804427     0.84195526
       28     0.00000038     0.14943735     0.85056228
       29     0.00000034     0.14170463     0.85829503
       30     0.00000039     0.13379210     0.86620751
       31     0.00000035     0.12493383     0.87506582
       32     0.00000034     0.11451658     0.88548307
       33     0.00000038     0.10202451     0.89797511
       34     0.00000037     0.08707642     0.91292321
       35     0.00000037     0.06951375     0.93048587
       36     0.00000040     0.04966431     0.95033529
       37     0.00000042     0.02884644     0.97115315
       38     0.00000042     0.01027281     0.98972677
       39     0.00000046     0.00022560     0.99977394
       40     0.00000048     0.00835740     0.99164211
       41     0.00000049     0.04484393     0.95515558
       42     0.00000051     0.11500129     0.88499820
       43     0.00000052     0.22100865     0.77899082
       44     0.00000052     0.38872622     0.61127326
       45     0.00000054     0.73951177     0.26048769
       46     0.00000059     0.99595878     0.00404064
       47     0.00000052     0.94707946     0.05292002
       48     0.00000045     0.89581294     0.10418661
       49     0.00000049     0.86769590     0.13230361
       50     0.00000049     0.85226031     0.14773921
       51     0.00000042     0.84528789     0.15471169
       52     0.00000040     0.84484072     0.15515888
       53     0.00000041     0.84972787     0.15027172
       54     0.00000039     0.85894299     0.14105662
       55     0.00000036     0.87140305     0.12859659
       56     0.00000037     0.88570780     0.11429184
       57     0.00000038     0.90003860     0.09996102
       58     0.00000039     0.91208111     0.08791850
       59     0.00000041     0.91915869     0.08084090
       60     0.00000044     0.91850164     0.08149792
       61     0.00000047     0.90786217     0.09213736
       62     0.00000049     0.88636221     0.11363730
       63     0.00000050     0.85551202     0.14448748
       64     0.00000049     0.82009425     0.17990526
       65     0.00000045     0.78822089     0.21177866
       66     0.00000039     0.76996719     0.23003242
       67     0.00000031     0.77431170     0.22568799
       68     0.00000022     0.80472431     0.19527547
       69     0.00000014     0.85571641     0.14428345
       70     0.00000008     0.91362952     0.08637040
       71     0.00000006     0.96247858     0.03752136
       72     0.00000008     0.99145613     0.00854379
       73     0.00000011     0.99913138     0.00086851
       74     0.00000014     0.99220823     0.00779163
       75     0.00000015     0.98074537     0.01925447
       76     0.00000014     0.97312203     0.02687783
       77     0.00000012     0.97306641     0.02693347
       78     0.00000008     0.97946412     0.02053580
       79     0.00000007     0.98831693     0.01168301
       80     0.00000007     0.99550830     0.00449164
       81     0.00000009     0.99888326     0.00111665
       82     0.00000011     0.99878885     0.00121103
       83     0.00000013     0.99716102     0.00283885
       84     0.00000014     0.99600330     0.00399656
       85     0.00000014     0.99624352     0.00375634
       86     0.00000015     0.99753601     0.00246384
       87     0.00000017     0.99889789     0.00110194
       88     0.00000021     0.99957521     0.00042458
       89     0.00000027     0.99950618     0.00049355
       90     0.00000032     0.99915804     0.00084164
       91     0.00000038     0.99901528     0.00098434
       92     0.00000044     0.99920231     0.00079725
       93     0.00000053     0.99951008     0.00048939
       94     0.00000064     0.99969610     0.00030326
       95     0.00000079     0.99971511     0.00028410
       96     0.00000094     0.99968328     0.00031578
       97     0.00000111     0.99969315     0.00030574
       98     0.00000130     0.99972656     0.00027214
       99     0.00000152     0.99973746     0.00026102
      100     0.00000179     0.99974725     0.00025096
      101     0.00000209     0.99980617     0.00019174
      102     0.00000241     0.99989172     0.00010588
      103     0.00000274     0.99991640     0.00008087
      104     0.00000311     0.99985167     0.00014523
      105     0.00000353     0.99978701     0.00020946
      106     0.00000399     0.99982186     0.00017415
      107     0.00000447     0.99993032     0.00006521
      108     0.00000497     0.99998977     0.00000526
      109     0.00000550     0.99993940     0.00005510
      110     0.00000607     0.99985530     0.00013863
      111     0.00000670     0.99984683     0.00014647
      112     0.00000735     0.99991991     0.00007273
      113     0.00000802     0.99998270     0.00000928
      114     0.00000871     0.99996907     0.00002223
      115     0.00000945     0.99991198     0.00007857
      116     0.00001024     0.99988721     0.00010255
      117     0.00001107     0.99991812     0.00007080
      118     0.00001194     0.99996081     0.00002726
      119     0.00001283     0.99996890     0.00001827
      120     0.00001378     0.99994568     0.00004054
