#     Density Matrix: population Re; see the manual for detail orders
        0     0.00000000     0.00000000     1.00000000
        1     0.00000000     0.00000037     0.99999962
        2     0.00000001     0.00000283     0.99999716
        3     0.00000004     0.00000514     0.99999482
        4     0.00000010     0.00000473     0.99999518
        5     0.00000018     0.00000248     0.99999734
        6     0.00000030     0.00000088     0.99999882
        7     0.00000043     0.00000063     0.99999894
        8     0.00000058     0.00000053     0.99999889
        9     0.00000072     0.00000005     0.99999923
       10     0.00000085     0.00000152     0.99999763
       11     0.00000095     0.00001143     0.99998762
       12     0.00000101     0.00004564     0.99995334
       13     0.00000104     0.00016939     0.99982958
       14     0.00000102     0.00097060     0.99902838
       15     0.00000094     0.12014736     0.87985170
       16     0.00000040     0.11041608     0.88958353
       17     0.00000146     0.15925609     0.84074245
       18     0.00000073     0.13860819     0.86139108
       19     0.00000066     0.13130049     0.86869884
       20     0.00000142     0.12827753     0.87172105
       21     0.00000021     0.12716221     0.87283758
       22     0.00000109     0.12689702     0.87310188
       23     0.00000089     0.12691281     0.87308629
       24     0.00000010     0.12686250     0.87313740
       25     0.00000118     0.12647098     0.87352784
       26     0.00000068     0.12560483     0.87439450
       27     0.00000012     0.12415858     0.87584129
       28     0.00000107     0.12201935     0.87797959
       29     0.00000069     0.11892071     0.88107860
       30     0.00000005     0.11469668     0.88530327
       31     0.00000078     0.10905329     0.89094593
       32     0.00000084     0.10102763     0.89897153
       33     0.00000007     0.08928008     0.91071984
       34     0.00000043     0.07184784     0.92815173
       35     0.00000073     0.04265058     0.95734869
       36     0.00000017     0.01449955     0.98550028
       37     0.00000010     0.21316317     0.78683673
       38     0.00000068     0.56601953     0.43397980
       39     0.00000058     0.69935608     0.30064334
       40     0.00000003     0.74403179     0.25596817
       41     0.00000036     0.76458827     0.23541137
       42     0.00000075     0.77594672     0.22405254
       43     0.00000030     0.78294094     0.21705876
       44     0.00000005     0.78756047     0.21243949
       45     0.00000059     0.79076901     0.20923040
       46     0.00000074     0.79308206     0.20691721
       47     0.00000019     0.79479103     0.20520878
       48     0.00000010     0.79606995     0.20392995
       49     0.00000069     0.79701659     0.20298271
       50     0.00000076     0.79770252     0.20229673
       51     0.00000018     0.79818773     0.20181209
       52     0.00000012     0.79849804     0.20150184
       53     0.00000069     0.79865192     0.20134740
       54     0.00000077     0.79867024     0.20132899
       55     0.00000020     0.79857194     0.20142786
       56     0.00000011     0.79838090     0.20161900
       57     0.00000072     0.79812370     0.20187558
       58     0.00000092     0.79782791     0.20217117
       59     0.00000034     0.79752229     0.20247737
       60     0.00000010     0.79722361     0.20277629
       61     0.00000098     0.79696915     0.20302986
       62     0.00000158     0.79678298     0.20321543
       63     0.00000086     0.79665329     0.20334585
       64     0.00000012     0.79657557     0.20342431
       65     0.00000075     0.79653821     0.20346105
       66     0.00000175     0.79652717     0.20347108
       67     0.00000141     0.79652097     0.20347762
       68     0.00000026     0.79652116     0.20347857
       69     0.00000017     0.79650715     0.20349268
       70     0.00000126     0.79647725     0.20352150
       71     0.00000183     0.79643776     0.20356041
       72     0.00000107     0.79640107     0.20359786
       73     0.00000009     0.79637554     0.20362437
       74     0.00000051     0.79643433     0.20356515
       75     0.00000220     0.79658237     0.20341544
       76     0.00000276     0.79674629     0.20325095
       77     0.00000150     0.79686543     0.20313308
       78     0.00000038     0.79693141     0.20306821
       79     0.00000144     0.79694458     0.20305398
       80     0.00000366     0.79686367     0.20313267
       81     0.00000411     0.79665315     0.20334274
       82     0.00000223     0.79628695     0.20371082
       83     0.00000092     0.79575669     0.20424238
       84     0.00000240     0.79508144     0.20491617
       85     0.00000478     0.79431269     0.20568253
       86     0.00000480     0.79353112     0.20646408
       87     0.00000247     0.79283146     0.20716607
       88     0.00000095     0.79231788     0.20768117
       89     0.00000182     0.79208003     0.20791815
       90     0.00000336     0.79221564     0.20778100
       91     0.00000392     0.79275194     0.20724414
       92     0.00000277     0.79364954     0.20634769
       93     0.00000121     0.79485273     0.20514606
       94     0.00000089     0.79624787     0.20375124
       95     0.00000218     0.79767760     0.20232022
       96     0.00000386     0.79896087     0.20103527
       97     0.00000426     0.79993295     0.20006279
       98     0.00000308     0.80047289     0.19952402
       99     0.00000146     0.80045379     0.19954475
      100     0.00000148     0.79986838     0.20013014
      101     0.00000380     0.79877119     0.20122501
      102     0.00000613     0.79728695     0.20270693
      103     0.00000575     0.79560063     0.20439363
      104     0.00000317     0.79393739     0.20605944
      105     0.00000155     0.79253808     0.20746037
      106     0.00000247     0.79163160     0.20836593
      107     0.00000404     0.79140416     0.20859180
      108     0.00000388     0.79196597     0.20803015
      109     0.00000220     0.79331996     0.20667784
      110     0.00000072     0.79533976     0.20465953
      111     0.00000013     0.79776413     0.20223575
      112     0.00000036     0.80021583     0.19978381
      113     0.00000179     0.80224476     0.19775345
      114     0.00000417     0.80339753     0.19659829
      115     0.00000547     0.80330602     0.19668851
      116     0.00000424     0.80178359     0.19821217
      117     0.00000242     0.79890564     0.20109194
      118     0.00000295     0.79505673     0.20494032
      119     0.00000530     0.79083972     0.20915498
      120     0.00000580     0.78720198     0.21279222
