#     Density Matrix: population Re; see the manual for detail orders
        0     0.00000000     0.00000000     1.00000000
        1     0.00000000     0.00000272     0.99999728
        2     0.00000001     0.00002136     0.99997864
        3     0.00000001     0.00004484     0.99995515
        4     0.00000006     0.00005500     0.99994495
        5     0.00000007     0.00004361     0.99995631
        6     0.00000017     0.00002322     0.99997661
        7     0.00000019     0.00002773     0.99997208
        8     0.00000034     0.00010467     0.99989499
        9     0.00000037     0.00031231     0.99968732
       10     0.00000053     0.00075867     0.99924080
       11     0.00000058     0.00181751     0.99818190
       12     0.00000068     0.00529446     0.99470486
       13     0.00000076     0.02352500     0.97647424
       14     0.00000062     0.20106664     0.79893273
       15     0.00000024     0.73411336     0.26588641
       16     0.00000087     0.52279541     0.47720372
       17     0.00000189     0.31580474     0.68419337
       18     0.00000002     0.26917948     0.73082049
       19     0.00000215     0.24578167     0.75421618
       20     0.00000075     0.23517541     0.76482384
       21     0.00000062     0.23149804     0.76850134
       22     0.00000200     0.23127015     0.76872785
       23     0.00000015     0.23241086     0.76758899
       24     0.00000119     0.23370306     0.76629575
       25     0.00000166     0.23447662     0.76552172
       26     0.00000003     0.23441120     0.76558876
       27     0.00000140     0.23339843     0.76660017
       28     0.00000148     0.23145113     0.76854739
       29     0.00000004     0.22864441     0.77135555
       30     0.00000134     0.22507702     0.77492165
       31     0.00000155     0.22084350     0.77915495
       32     0.00000008     0.21601681     0.78398311
       33     0.00000102     0.21063723     0.78936175
       34     0.00000173     0.20470224     0.79529603
       35     0.00000031     0.19815434     0.80184535
       36     0.00000052     0.19087763     0.80912185
       37     0.00000179     0.18274261     0.81725560
       38     0.00000091     0.17396145     0.82603764
       39     0.00000007     0.16762744     0.83237248
       40     0.00000131     0.18997574     0.81002294
       41     0.00000156     0.34314623     0.65685221
       42     0.00000023     0.57914704     0.42085273
       43     0.00000039     0.70732328     0.29267633
       44     0.00000152     0.76555308     0.23444540
       45     0.00000101     0.80188172     0.19811727
       46     0.00000010     0.83023194     0.16976796
       47     0.00000081     0.85455103     0.14544816
       48     0.00000181     0.86847215     0.13152604
       49     0.00000091     0.86983585     0.13016324
       50     0.00000003     0.86377072     0.13622925
       51     0.00000126     0.85499064     0.14500810
       52     0.00000216     0.84636581     0.15363203
       53     0.00000081     0.83925435     0.16074484
       54     0.00000008     0.83411974     0.16588018
       55     0.00000180     0.83095216     0.16904604
       56     0.00000263     0.82944502     0.17055235
       57     0.00000081     0.82906034     0.17093884
       58     0.00000025     0.82902861     0.17097114
       59     0.00000261     0.82833775     0.17165964
       60     0.00000335     0.82571952     0.17427713
       61     0.00000093     0.81965034     0.18034873
       62     0.00000068     0.80840732     0.19159200
       63     0.00000378     0.79023233     0.20976389
       64     0.00000407     0.76362407     0.23637186
       65     0.00000099     0.72778432     0.27221470
       66     0.00000130     0.68323873     0.31675996
       67     0.00000452     0.63253086     0.36746461
       68     0.00000365     0.58074993     0.41924642
       69     0.00000049     0.53553855     0.46446096
       70     0.00000124     0.50615768     0.49384108
       71     0.00000301     0.50133505     0.49866195
       72     0.00000162     0.52613675     0.47386164
       73     0.00000015     0.57892078     0.42107907
       74     0.00000029     0.64993947     0.35006024
       75     0.00000074     0.72286243     0.27713683
       76     0.00000184     0.77932007     0.22067808
       77     0.00000167     0.80510960     0.19488873
       78     0.00000008     0.79553932     0.20446060
       79     0.00000152     0.75762548     0.24237301
       80     0.00000323     0.70779572     0.29220104
       81     0.00000104     0.66572954     0.33426942
       82     0.00000014     0.64658561     0.35341425
       83     0.00000123     0.65484175     0.34515702
       84     0.00000075     0.68266245     0.31733680
       85     0.00000089     0.71401134     0.28598777
       86     0.00000065     0.73289585     0.26710350
       87     0.00000017     0.73166180     0.26833803
       88     0.00000164     0.71467376     0.28532460
       89     0.00000107     0.69489340     0.30510553
       90     0.00000018     0.68518372     0.31481610
       91     0.00000094     0.68998357     0.31001549
       92     0.00000046     0.70316278     0.29683676
       93     0.00000094     0.71361905     0.28638001
       94     0.00000072     0.71419964     0.28579964
       95     0.00000026     0.70670905     0.29329069
       96     0.00000133     0.69904752     0.30095115
       97     0.00000061     0.69752314     0.30247625
       98     0.00000053     0.70169500     0.29830446
       99     0.00000043     0.70624893     0.29375064
      100     0.00000071     0.70712937     0.29286992
      101     0.00000170     0.70505924     0.29493906
      102     0.00000036     0.70325342     0.29674622
      103     0.00000036     0.70308949     0.29691014
      104     0.00000079     0.70331512     0.29668409
      105     0.00000157     0.70299577     0.29700266
      106     0.00000144     0.70324115     0.29675741
      107     0.00000002     0.70497205     0.29502793
      108     0.00000143     0.70641551     0.29358306
      109     0.00000215     0.70497946     0.29501839
      110     0.00000192     0.70152235     0.29847573
      111     0.00000065     0.70037901     0.29962034
      112     0.00000099     0.70377992     0.29621908
      113     0.00000407     0.70796880     0.29202714
      114     0.00000368     0.70735523     0.29264110
      115     0.00000177     0.70211589     0.29788234
      116     0.00000065     0.69876541     0.30123394
      117     0.00000342     0.70191193     0.29808465
      118     0.00000747     0.70781203     0.29218051
      119     0.00000561     0.70885116     0.29114323
      120     0.00000234     0.70353567     0.29646199
