#     Density Matrix: population Re; see the manual for detail orders
        0     0.00000000     0.00000000     1.00000000
        1     0.00000000     0.00002955     0.99997045
        2     0.00000001     0.00023994     0.99976006
        3     0.00000002     0.00053575     0.99946422
        4     0.00000005     0.00073248     0.99926748
        5     0.00000007     0.00071075     0.99928917
        6     0.00000010     0.00053677     0.99946314
        7     0.00000012     0.00048668     0.99951319
        8     0.00000014     0.00098098     0.99901888
        9     0.00000016     0.00259869     0.99740115
       10     0.00000017     0.00655963     0.99344020
       11     0.00000018     0.01691278     0.98308703
       12     0.00000018     0.05000278     0.94999704
       13     0.00000008     0.56643756     0.43356236
       14     0.00000007     0.55077290     0.44922703
       15     0.00000032     0.20773857     0.79226111
       16     0.00000019     0.08436302     0.91563680
       17     0.00000021     0.02963220     0.97036758
       18     0.00000024     0.00883444     0.99116532
       19     0.00000019     0.00344140     0.99655841
       20     0.00000025     0.00437699     0.99562276
       21     0.00000026     0.00723399     0.99276575
       22     0.00000021     0.00997429     0.99002549
       23     0.00000024     0.01183017     0.98816959
       24     0.00000023     0.01267655     0.98732323
       25     0.00000018     0.01270402     0.98729580
       26     0.00000016     0.01218643     0.98781342
       27     0.00000021     0.01139968     0.98860012
       28     0.00000022     0.01058522     0.98941455
       29     0.00000015     0.00992784     0.99007201
       30     0.00000012     0.00956802     0.99043186
       31     0.00000018     0.00960995     0.99038987
       32     0.00000025     0.01015268     0.98984707
       33     0.00000019     0.01133809     0.98866172
       34     0.00000016     0.01335601     0.98664383
       35     0.00000020     0.01649617     0.98350364
       36     0.00000018     0.04803525     0.95196457
       37     0.00000024     0.07859501     0.92140475
       38     0.00000043     0.11695604     0.88304354
       39     0.00000027     0.16743254     0.83256719
       40     0.00000013     0.23101700     0.76898287
       41     0.00000021     0.30074895     0.69925083
       42     0.00000021     0.36352295     0.63647684
       43     0.00000011     0.40777056     0.59222933
       44     0.00000008     0.42930145     0.57069846
       45     0.00000013     0.43026018     0.56973969
       46     0.00000012     0.41584050     0.58415938
       47     0.00000007     0.39240723     0.60759270
       48     0.00000005     0.36608416     0.63391579
       49     0.00000007     0.34187080     0.65812913
       50     0.00000007     0.32303374     0.67696620
       51     0.00000006     0.31110204     0.68889790
       52     0.00000006     0.30640195     0.69359799
       53     0.00000007     0.30855092     0.69144901
       54     0.00000011     0.31694398     0.68305590
       55     0.00000011     0.33082258     0.66917730
       56     0.00000011     0.34934967     0.65065022
       57     0.00000016     0.37144433     0.62855551
       58     0.00000022     0.39567575     0.60432403
       59     0.00000026     0.42021183     0.57978791
       60     0.00000028     0.44285212     0.55714760
       61     0.00000038     0.46106436     0.53893527
       62     0.00000045     0.47263320     0.52736636
       63     0.00000037     0.47675293     0.52324670
       64     0.00000039     0.47478102     0.52521859
       65     0.00000051     0.47133812     0.52866137
       66     0.00000066     0.47615951     0.52383983
       67     0.00000050     0.50297253     0.49702696
       68     0.00000027     0.56480396     0.43519576
       69     0.00000006     0.66460896     0.33539098
       70     0.00000011     0.78578228     0.21421762
       71     0.00000010     0.89595821     0.10404169
       72     0.00000008     0.96589137     0.03410856
       73     0.00000004     0.98697339     0.01302657
       74     0.00000007     0.97297593     0.02702400
       75     0.00000013     0.94811829     0.05188158
       76     0.00000009     0.93247871     0.06752121
       77     0.00000005     0.93429762     0.06570233
       78     0.00000003     0.95024509     0.04975487
       79     0.00000001     0.97087022     0.02912977
       80     0.00000000     0.98720030     0.01279969
       81     0.00000000     0.99517910     0.00482089
       82     0.00000000     0.99607604     0.00392396
       83     0.00000000     0.99394915     0.00605085
       84     0.00000000     0.99255259     0.00744740
       85     0.00000000     0.99339427     0.00660573
       86     0.00000000     0.99574775     0.00425224
       87     0.00000000     0.99799454     0.00200546
       88     0.00000000     0.99907470     0.00092529
       89     0.00000000     0.99905173     0.00094827
       90     0.00000000     0.99868583     0.00131417
       91     0.00000001     0.99862862     0.00137138
       92     0.00000001     0.99897079     0.00102920
       93     0.00000001     0.99939208     0.00060792
       94     0.00000002     0.99960639     0.00039359
       95     0.00000005     0.99961378     0.00038617
       96     0.00000007     0.99958469     0.00041524
       97     0.00000009     0.99961859     0.00038132
       98     0.00000013     0.99967762     0.00032225
       99     0.00000020     0.99971121     0.00028860
      100     0.00000026     0.99974584     0.00025390
      101     0.00000032     0.99981685     0.00018283
      102     0.00000041     0.99987981     0.00011977
      103     0.00000051     0.99986452     0.00013497
      104     0.00000062     0.99979871     0.00020067
      105     0.00000075     0.99979255     0.00020670
      106     0.00000088     0.99988476     0.00011436
      107     0.00000102     0.99997550     0.00002349
      108     0.00000116     0.99995814     0.00004070
      109     0.00000131     0.99986803     0.00013066
      110     0.00000144     0.99983405     0.00016451
      111     0.00000151     0.99990341     0.00009508
      112     0.00000174     0.99998545     0.00001281
      113     0.00000210     0.99998143     0.00001647
      114     0.00000225     0.99991142     0.00008634
      115     0.00000222     0.99987161     0.00012617
      116     0.00000240     0.99990655     0.00009105
      117     0.00000277     0.99996293     0.00003430
      118     0.00000293     0.99997260     0.00002447
      119     0.00000296     0.99993650     0.00006055
      120     0.00000321     0.99990756     0.00008923
