#     Density Matrix: population Re; see the manual for detail orders
        0     0.00000000     0.00000000     1.00000000
        1     0.00000000     0.00000793     0.99999207
        2     0.00000000     0.00005436     0.99994564
        3     0.00000001     0.00008736     0.99991263
        4     0.00000003     0.00006963     0.99993034
        5     0.00000005     0.00002788     0.99997207
        6     0.00000012     0.00000724     0.99999264
        7     0.00000022     0.00000835     0.99999143
        8     0.00000042     0.00000280     0.99999678
        9     0.00000061     0.00002036     0.99997903
       10     0.00000078     0.00016857     0.99983064
       11     0.00000086     0.00053345     0.99946569
       12     0.00000092     0.00114694     0.99885214
       13     0.00000089     0.00220659     0.99779252
       14     0.00000087     0.00492481     0.99507432
       15     0.00000076     0.01558682     0.98441242
       16     0.00000072     0.07444463     0.92555465
       17     0.00000047     0.39696241     0.60303712
       18     0.00000013     0.68705600     0.31294387
       19     0.00000072     0.41144204     0.58855725
       20     0.00000091     0.30061706     0.69938202
       21     0.00000001     0.25986836     0.74013163
       22     0.00000094     0.23522472     0.76477433
       23     0.00000050     0.22214444     0.77785507
       24     0.00000012     0.21693847     0.78306141
       25     0.00000079     0.21688230     0.78311691
       26     0.00000015     0.22009819     0.77990166
       27     0.00000030     0.22536247     0.77463722
       28     0.00000074     0.23190204     0.76809722
       29     0.00000012     0.23925071     0.76074917
       30     0.00000032     0.24703182     0.75296786
       31     0.00000076     0.25485688     0.74514236
       32     0.00000015     0.26222824     0.73777161
       33     0.00000031     0.26828060     0.73171910
       34     0.00000084     0.27170924     0.72828992
       35     0.00000026     0.27011445     0.72988528
       36     0.00000016     0.25982701     0.74017283
       37     0.00000086     0.23965540     0.76034374
       38     0.00000052     0.20824960     0.79174989
       39     0.00000003     0.16349549     0.83650448
       40     0.00000076     0.10207388     0.89792536
       41     0.00000092     0.03008661     0.96991247
       42     0.00000008     0.03585872     0.96414120
       43     0.00000045     0.21854409     0.78145546
       44     0.00000127     0.41190168     0.58809705
       45     0.00000051     0.69509682     0.30490267
       46     0.00000008     0.91728824     0.08271169
       47     0.00000121     0.98802660     0.01197219
       48     0.00000127     0.98835172     0.01164702
       49     0.00000011     0.97248377     0.02751613
       50     0.00000056     0.95563446     0.04436497
       51     0.00000163     0.94192779     0.05807058
       52     0.00000082     0.93236784     0.06763134
       53     0.00000003     0.92698455     0.07301542
       54     0.00000113     0.92545620     0.07454267
       55     0.00000161     0.92724447     0.07275392
       56     0.00000040     0.93161298     0.06838663
       57     0.00000023     0.93757473     0.06242504
       58     0.00000164     0.94367227     0.05632609
       59     0.00000154     0.94802925     0.05196921
       60     0.00000017     0.94877404     0.05122579
       61     0.00000057     0.94417968     0.05581975
       62     0.00000187     0.93317476     0.06682338
       63     0.00000110     0.91642248     0.08357641
       64     0.00000002     0.89715753     0.10284245
       65     0.00000101     0.88028369     0.11971530
       66     0.00000168     0.87072728     0.12927104
       67     0.00000049     0.87130288     0.12869663
       68     0.00000006     0.88154081     0.11845913
       69     0.00000082     0.89874241     0.10125676
       70     0.00000089     0.91914424     0.08085486
       71     0.00000018     0.93915047     0.06084935
       72     0.00000014     0.95631715     0.04368271
       73     0.00000065     0.96957862     0.03042074
       74     0.00000060     0.97897081     0.02102859
       75     0.00000019     0.98518113     0.01481868
       76     0.00000024     0.98918246     0.01081730
       77     0.00000000     1.00000000     0.00000000
       78     0.00000001     0.99656991     0.00343007
       79     0.00000001     0.98971491     0.01028508
       80     0.00000000     0.98444426     0.01555573
       81     0.00000002     0.98370902     0.01629096
       82     0.00000001     0.98726071     0.01273928
       83     0.00000000     1.00000000     0.00000000
       84     0.00000000     0.99942249     0.00057751
       85     0.00000000     0.99835920     0.00164080
       86     0.00000001     0.99777200     0.00222800
       87     0.00000000     0.99805911     0.00194089
       88     0.00000000     0.99886970     0.00113030
       89     0.00000000     0.99950621     0.00049379
       90     0.00000000     0.99954425     0.00045575
       91     0.00000001     0.99913852     0.00086147
       92     0.00000000     0.99877401     0.00122599
       93     0.00000001     0.99877173     0.00122826
       94     0.00000003     0.99903461     0.00096537
       95     0.00000003     0.99924591     0.00075406
       96     0.00000003     0.99924039     0.00075958
       97     0.00000007     0.99912413     0.00087580
       98     0.00000012     0.99906318     0.00093670
       99     0.00000012     0.99907206     0.00092782
      100     0.00000014     0.99906724     0.00093262
      101     0.00000024     0.99904798     0.00095178
      102     0.00000033     0.99910070     0.00089897
      103     0.00000034     0.99921403     0.00078563
      104     0.00000041     0.99922674     0.00077285
      105     0.00000058     0.99905530     0.00094412
      106     0.00000070     0.99888291     0.00111640
      107     0.00000074     0.99896341     0.00103585
      108     0.00000090     0.99924027     0.00075883
      109     0.00000114     0.99935681     0.00064204
      110     0.00000127     0.99910638     0.00089234
      111     0.00000135     0.99877252     0.00122614
      112     0.00000158     0.99880054     0.00119788
      113     0.00000192     0.99919018     0.00080790
      114     0.00000210     0.99944240     0.00055550
      115     0.00000215     0.99920052     0.00079733
      116     0.00000235     0.99875012     0.00124753
      117     0.00000277     0.99867392     0.00132330
      118     0.00000311     0.99908425     0.00091263
      119     0.00000320     0.99945599     0.00054081
      120     0.00000328     0.99930574     0.00069098
