#     Density Matrix: population Re; see the manual for detail orders
        0     0.00000000     0.00000000     1.00000000
        1     0.00000002     0.00002201     0.99997797
        2     0.00000005     0.00017602     0.99982393
        3     0.00000010     0.00038843     0.99961147
        4     0.00000016     0.00052837     0.99947148
        5     0.00000022     0.00050587     0.99949391
        6     0.00000031     0.00034792     0.99965177
        7     0.00000036     0.00024593     0.99975371
        8     0.00000047     0.00056504     0.99943449
        9     0.00000047     0.00186659     0.99813294
       10     0.00000060     0.00515340     0.99484600
       11     0.00000052     0.01315761     0.98684188
       12     0.00000064     0.03698710     0.96301226
       13     0.00000044     0.13321835     0.86678121
       14     0.00000070     0.56454341     0.43545589
       15     0.00000015     0.61061158     0.38938827
       16     0.00000174     0.43142043     0.56857782
       17     0.00000016     0.35958571     0.64041413
       18     0.00000123     0.30946333     0.69053544
       19     0.00000121     0.28157428     0.71842451
       20     0.00000020     0.27213355     0.72786625
       21     0.00000135     0.27589254     0.72410611
       22     0.00000026     0.29203079     0.70796894
       23     0.00000071     0.31432411     0.68567517
       24     0.00000111     0.32964590     0.67035299
       25     0.00000004     0.33882190     0.66117806
       26     0.00000075     0.34353242     0.65646683
       27     0.00000069     0.34541528     0.65458403
       28     0.00000008     0.34577105     0.65422888
       29     0.00000068     0.34555027     0.65444905
       30     0.00000061     0.34540911     0.65459028
       31     0.00000013     0.34578596     0.65421391
       32     0.00000053     0.34698408     0.65301539
       33     0.00000057     0.34923559     0.65076384
       34     0.00000020     0.35273603     0.64726378
       35     0.00000041     0.35768237     0.64231722
       36     0.00000053     0.36409708     0.63590239
       37     0.00000028     0.37190135     0.62809837
       38     0.00000032     0.38085604     0.61914364
       39     0.00000047     0.39025513     0.60974441
       40     0.00000042     0.39889539     0.60110419
       41     0.00000030     0.40497138     0.59502832
       42     0.00000029     0.40601264     0.59398707
       43     0.00000057     0.39894791     0.60105152
       44     0.00000045     0.38046702     0.61953253
       45     0.00000021     0.34781598     0.65218381
       46     0.00000074     0.30038373     0.69961553
       47     0.00000079     0.24247733     0.75752188
       48     0.00000013     0.18781717     0.81218271
       49     0.00000062     0.16529461     0.83470478
       50     0.00000075     0.22051882     0.77948043
       51     0.00000008     0.39262810     0.60737182
       52     0.00000043     0.64220282     0.35779675
       53     0.00000029     0.81282345     0.18717626
       54     0.00000035     0.78774594     0.21225371
       55     0.00000079     0.63224415     0.36775506
       56     0.00000002     0.47820857     0.52179141
       57     0.00000070     0.39687026     0.60312904
       58     0.00000063     0.39221958     0.60777979
       59     0.00000008     0.43397574     0.56602418
       60     0.00000103     0.48462402     0.51537496
       61     0.00000014     0.51647386     0.48352600
       62     0.00000058     0.51978802     0.48021140
       63     0.00000063     0.50214131     0.49785806
       64     0.00000011     0.48029724     0.51970264
       65     0.00000099     0.46897188     0.53102713
       66     0.00000004     0.47258585     0.52741412
       67     0.00000079     0.48456120     0.51543801
       68     0.00000034     0.49397768     0.50602197
       69     0.00000037     0.49430464     0.50569499
       70     0.00000064     0.48757146     0.51242790
       71     0.00000009     0.48113556     0.51886435
       72     0.00000075     0.48048393     0.51951532
       73     0.00000002     0.48476447     0.51523551
       74     0.00000064     0.48879180     0.51120756
       75     0.00000006     0.48882270     0.51117724
       76     0.00000056     0.48590418     0.51409526
       77     0.00000023     0.48374732     0.51625245
       78     0.00000029     0.48424989     0.51574982
       79     0.00000025     0.48597164     0.51402812
       80     0.00000031     0.48672599     0.51327370
       81     0.00000035     0.48624612     0.51375353
       82     0.00000013     0.48574782     0.51425205
       83     0.00000038     0.48569081     0.51430881
       84     0.00000023     0.48541332     0.51458644
       85     0.00000028     0.48487605     0.51512367
       86     0.00000014     0.48521861     0.51478126
       87     0.00000042     0.48672757     0.51327201
       88     0.00000024     0.48754676     0.51245301
       89     0.00000018     0.48596987     0.51402995
       90     0.00000021     0.48344513     0.51655466
       91     0.00000041     0.48343561     0.51656398
       92     0.00000023     0.48669431     0.51330547
       93     0.00000015     0.48942303     0.51057682
       94     0.00000032     0.48772561     0.51227407
       95     0.00000036     0.48305160     0.51694804
       96     0.00000022     0.48109584     0.51890394
       97     0.00000011     0.48481523     0.51518465
       98     0.00000048     0.49024609     0.50975344
       99     0.00000034     0.49081704     0.50918262
      100     0.00000017     0.48538681     0.51461302
      101     0.00000012     0.47990807     0.52009181
      102     0.00000047     0.48079314     0.51920638
      103     0.00000054     0.48742291     0.51257655
      104     0.00000008     0.49264501     0.50735490
      105     0.00000020     0.49066942     0.50933038
      106     0.00000036     0.48342427     0.51657537
      107     0.00000055     0.47846530     0.52153415
      108     0.00000024     0.48092243     0.51907733
      109     0.00000008     0.48829635     0.51170357
      110     0.00000051     0.49320512     0.50679437
      111     0.00000046     0.49087517     0.50912437
      112     0.00000028     0.48376781     0.51623191
      113     0.00000009     0.47879351     0.52120641
      114     0.00000025     0.48046101     0.51953874
      115     0.00000064     0.48689657     0.51310279
      116     0.00000037     0.49197699     0.50802264
      117     0.00000011     0.49123981     0.50876008
      118     0.00000017     0.48578584     0.51421399
      119     0.00000034     0.48080687     0.51919278
      120     0.00000051     0.48058217     0.51941732
