#     Density Matrix: population Re; see the manual for detail orders
        0     0.00000000     0.00000000     1.00000000
        1     0.00000000     0.00000019     0.99999981
        2     0.00000001     0.00000063     0.99999936
        3     0.00000001     0.00000075     0.99999924
        4     0.00000003     0.00000448     0.99999549
        5     0.00000005     0.00001545     0.99998450
        6     0.00000008     0.00003401     0.99996591
        7     0.00000011     0.00006258     0.99993731
        8     0.00000014     0.00012233     0.99987753
        9     0.00000018     0.00030788     0.99969194
       10     0.00000021     0.00111171     0.99888808
       11     0.00000025     0.00768002     0.99231973
       12     0.00000011     0.58197114     0.41802875
       13     0.00000001     0.60662908     0.39337091
       14     0.00000072     0.19976737     0.80023191
       15     0.00000035     0.16791418     0.83208546
       16     0.00000023     0.15049260     0.84950717
       17     0.00000049     0.13830387     0.86169563
       18     0.00000024     0.12826956     0.87173020
       19     0.00000036     0.11919751     0.88080214
       20     0.00000032     0.11065187     0.88934780
       21     0.00000028     0.10252343     0.89747629
       22     0.00000033     0.09486374     0.90513593
       23     0.00000022     0.08775599     0.91224379
       24     0.00000028     0.08128517     0.91871455
       25     0.00000030     0.07552003     0.92447967
       26     0.00000021     0.07045567     0.92954411
       27     0.00000026     0.06603724     0.93396250
       28     0.00000023     0.06221487     0.93778490
       29     0.00000027     0.05892412     0.94107561
       30     0.00000025     0.05605512     0.94394463
       31     0.00000019     0.05349865     0.94650117
       32     0.00000015     0.05113927     0.94886058
       33     0.00000019     0.04885583     0.95114398
       34     0.00000022     0.04651817     0.95348161
       35     0.00000015     0.04396831     0.95603154
       36     0.00000014     0.04109163     0.95890824
       37     0.00000014     0.03746883     0.96253103
       38     0.00000012     0.03245035     0.96754953
       39     0.00000011     0.02503779     0.97496209
       40     0.00000011     0.01359526     0.98640463
       41     0.00000009     0.04134429     0.95865562
       42     0.00000009     0.42856957     0.57143034
       43     0.00000014     0.79400864     0.20599122
       44     0.00000014     0.86040044     0.13959942
       45     0.00000010     0.88104826     0.11895164
       46     0.00000011     0.89063926     0.10936063
       47     0.00000014     0.89607948     0.10392038
       48     0.00000011     0.89957642     0.10042347
       49     0.00000009     0.90203797     0.09796194
       50     0.00000013     0.90389643     0.09610345
       51     0.00000013     0.90539120     0.09460866
       52     0.00000010     0.90665663     0.09334327
       53     0.00000010     0.90774809     0.09225181
       54     0.00000012     0.90873533     0.09126456
       55     0.00000012     0.90974054     0.09025934
       56     0.00000010     0.91079532     0.08920458
       57     0.00000009     0.91187870     0.08812121
       58     0.00000010     0.91299996     0.08699994
       59     0.00000008     0.91413874     0.08586118
       60     0.00000004     0.91529435     0.08470561
       61     0.00000004     0.91644000     0.08355996
       62     0.00000005     0.91753391     0.08246603
       63     0.00000004     0.91854341     0.08145654
       64     0.00000002     0.91943815     0.08056183
       65     0.00000002     0.92019769     0.07980229
       66     0.00000003     0.92081514     0.07918483
       67     0.00000002     0.92129618     0.07870381
       68     0.00000001     0.92166335     0.07833665
       69     0.00000001     0.92195146     0.07804853
       70     0.00000002     0.92220583     0.07779415
       71     0.00000002     0.92253682     0.07746316
       72     0.00000005     0.92292728     0.07707268
       73     0.00000007     0.92337881     0.07662112
       74     0.00000006     0.92398658     0.07601336
       75     0.00000002     0.92473487     0.07526511
       76     0.00000006     0.92560462     0.07439532
       77     0.00000011     0.92657931     0.07342058
       78     0.00000011     0.92763634     0.07236354
       79     0.00000008     0.92872862     0.07127130
       80     0.00000014     0.92990303     0.07009683
       81     0.00000023     0.93113782     0.06886195
       82     0.00000016     0.93218267     0.06781717
       83     0.00000006     0.93300052     0.06699943
       84     0.00000020     0.93377396     0.06622584
       85     0.00000033     0.93448511     0.06551456
       86     0.00000018     0.93506119     0.06493863
       87     0.00000003     0.93552177     0.06447819
       88     0.00000012     0.93598120     0.06401868
       89     0.00000025     0.93652865     0.06347111
       90     0.00000015     0.93720652     0.06279333
       91     0.00000001     0.93812467     0.06187532
       92     0.00000002     0.93934802     0.06065196
       93     0.00000007     0.94090722     0.05909271
       94     0.00000009     0.94278557     0.05721434
       95     0.00000008     0.94491488     0.05508504
       96     0.00000003     0.94717773     0.05282224
       97     0.00000006     0.94943143     0.05056851
       98     0.00000025     0.95156117     0.04843858
       99     0.00000035     0.95335064     0.04664901
      100     0.00000028     0.95472007     0.04527965
      101     0.00000037     0.95574265     0.04425698
      102     0.00000061     0.95628900     0.04371039
      103     0.00000068     0.95663654     0.04336278
      104     0.00000058     0.95717154     0.04282789
      105     0.00000059     0.95795880     0.04204061
      106     0.00000066     0.95921878     0.04078056
      107     0.00000055     0.96113417     0.03886528
      108     0.00000035     0.96378677     0.03621288
      109     0.00000024     0.96724016     0.03275960
      110     0.00000021     0.97137472     0.02862507
      111     0.00000023     0.97555775     0.02444203
      112     0.00000033     0.97953469     0.02046497
      113     0.00000059     0.98301129     0.01698812
      114     0.00000097     0.98547157     0.01452746
      115     0.00000142     0.98697215     0.01302642
      116     0.00000188     0.98769976     0.01229836
      117     0.00000228     0.98796210     0.01203562
      118     0.00000255     0.98815837     0.01183908
      119     0.00000263     0.98866540     0.01133196
      120     0.00000263     0.98968923     0.01030814
