#     Density Matrix: population Re; see the manual for detail orders
        0     0.00000000     0.00000000     1.00000000
        1     0.00000001     0.00000006     0.99999993
        2     0.00000001     0.00000008     0.99999991
        3     0.00000000     0.00000226     0.99999774
        4     0.00000004     0.00001137     0.99998859
        5     0.00000003     0.00002484     0.99997513
        6     0.00000011     0.00003437     0.99996552
        7     0.00000011     0.00003974     0.99996015
        8     0.00000017     0.00005620     0.99994363
        9     0.00000019     0.00010791     0.99989190
       10     0.00000024     0.00022391     0.99977586
       11     0.00000026     0.00046112     0.99953862
       12     0.00000030     0.00098228     0.99901742
       13     0.00000036     0.00228827     0.99771137
       14     0.00000043     0.00604842     0.99395115
       15     0.00000047     0.01858090     0.98141863
       16     0.00000052     0.06573617     0.93426331
       17     0.00000026     0.60723510     0.39276464
       18     0.00000013     0.57195292     0.42804694
       19     0.00000066     0.25509735     0.74490199
       20     0.00000035     0.12385771     0.87614194
       21     0.00000056     0.05893836     0.94106108
       22     0.00000050     0.02970238     0.97029712
       23     0.00000043     0.01819321     0.98180636
       24     0.00000057     0.01490259     0.98509684
       25     0.00000041     0.01490286     0.98509673
       26     0.00000049     0.01573537     0.98426415
       27     0.00000042     0.01627540     0.98372419
       28     0.00000036     0.01609292     0.98390672
       29     0.00000045     0.01512271     0.98487684
       30     0.00000053     0.01346528     0.98653419
       31     0.00000041     0.01132014     0.98867944
       32     0.00000037     0.00897402     0.99102561
       33     0.00000067     0.00685376     0.99314557
       34     0.00000053     0.00565935     0.99434012
       35     0.00000035     0.00657521     0.99342444
       36     0.00000069     0.01167886     0.98832045
       37     0.00000055     0.02459281     0.97540664
       38     0.00000039     0.05122651     0.94877310
       39     0.00000057     0.10773079     0.89226864
       40     0.00000073     0.20664783     0.79335144
       41     0.00000085     0.35419785     0.64580130
       42     0.00000072     0.50743791     0.49256137
       43     0.00000059     0.62840302     0.37159639
       44     0.00000062     0.71052924     0.28947013
       45     0.00000069     0.76422258     0.23577672
       46     0.00000058     0.79990526     0.20009416
       47     0.00000055     0.82437617     0.17562329
       48     0.00000060     0.84168457     0.15831483
       49     0.00000059     0.85421643     0.14578298
       50     0.00000053     0.86343219     0.13656729
       51     0.00000051     0.87027113     0.12972836
       52     0.00000053     0.87535508     0.12464439
       53     0.00000046     0.87913913     0.12086041
       54     0.00000043     0.88196264     0.11803693
       55     0.00000045     0.88411102     0.11588852
       56     0.00000046     0.88581254     0.11418700
       57     0.00000045     0.88727873     0.11272083
       58     0.00000041     0.88869299     0.11130659
       59     0.00000039     0.89021498     0.10978464
       60     0.00000039     0.89197137     0.10802824
       61     0.00000041     0.89406075     0.10593883
       62     0.00000042     0.89653306     0.10346652
       63     0.00000040     0.89939578     0.10060382
       64     0.00000039     0.90260786     0.09739175
       65     0.00000043     0.90608536     0.09391421
       66     0.00000047     0.90967755     0.09032199
       67     0.00000047     0.91324792     0.08675161
       68     0.00000048     0.91666604     0.08333348
       69     0.00000053     0.91979665     0.08020282
       70     0.00000059     0.92254240     0.07745701
       71     0.00000062     0.92484266     0.07515672
       72     0.00000064     0.92669942     0.07329994
       73     0.00000070     0.92819211     0.07180719
       74     0.00000078     0.92944074     0.07055848
       75     0.00000083     0.93060257     0.06939660
       76     0.00000086     0.93183404     0.06816510
       77     0.00000091     0.93327083     0.06672826
       78     0.00000097     0.93499692     0.06500211
       79     0.00000102     0.93702476     0.06297423
       80     0.00000103     0.93929269     0.06070628
       81     0.00000104     0.94167811     0.05832085
       82     0.00000106     0.94402293     0.05597601
       83     0.00000106     0.94615869     0.05384025
       84     0.00000102     0.94795848     0.05204050
       85     0.00000100     0.94935231     0.05064669
       86     0.00000101     0.95034650     0.04965249
       87     0.00000099     0.95102322     0.04897579
       88     0.00000092     0.95152045     0.04847863
       89     0.00000089     0.95199435     0.04800476
       90     0.00000091     0.95259301     0.04740609
       91     0.00000094     0.95341401     0.04658504
       92     0.00000095     0.95448380     0.04551525
       93     0.00000095     0.95576134     0.04423771
       94     0.00000097     0.95712908     0.04286995
       95     0.00000103     0.95843557     0.04156340
       96     0.00000108     0.95952585     0.04047307
       97     0.00000109     0.96029265     0.03970627
       98     0.00000107     0.96070549     0.03929344
       99     0.00000105     0.96083012     0.03916883
      100     0.00000104     0.96082524     0.03917372
      101     0.00000101     0.96091683     0.03908217
      102     0.00000094     0.96134703     0.03865204
      103     0.00000084     0.96232462     0.03767453
      104     0.00000076     0.96396628     0.03603296
      105     0.00000070     0.96626347     0.03373584
      106     0.00000064     0.96907655     0.03092281
      107     0.00000060     0.97215555     0.02784385
      108     0.00000058     0.97518544     0.02481398
      109     0.00000060     0.97785535     0.02214405
      110     0.00000064     0.97992576     0.02007360
      111     0.00000071     0.98128435     0.01871495
      112     0.00000078     0.98196220     0.01803701
      113     0.00000086     0.98212458     0.01787456
      114     0.00000090     0.98201180     0.01798731
      115     0.00000089     0.98186814     0.01813096
      116     0.00000086     0.98189740     0.01810174
      117     0.00000082     0.98218722     0.01781195
      118     0.00000076     0.98270547     0.01729378
      119     0.00000066     0.98332972     0.01666962
      120     0.00000054     0.98390675     0.01609271
