#     Density Matrix: population Re; see the manual for detail orders
        0     0.00000000     0.00000000     1.00000000
        1     0.00000002     0.00000989     0.99999009
        2     0.00000003     0.00008670     0.99991326
        3     0.00000008     0.00021261     0.99978731
        4     0.00000012     0.00031681     0.99968308
        5     0.00000021     0.00034861     0.99965118
        6     0.00000026     0.00036835     0.99963140
        7     0.00000037     0.00064139     0.99935824
        8     0.00000043     0.00180101     0.99819856
        9     0.00000050     0.00546240     0.99453709
       10     0.00000058     0.01722615     0.98277327
       11     0.00000052     0.06411943     0.93588004
       12     0.00000048     0.27331995     0.72667957
       13     0.00000009     0.60295291     0.39704701
       14     0.00000027     0.52134269     0.47865704
       15     0.00000053     0.34255924     0.65744023
       16     0.00000055     0.24233401     0.75766543
       17     0.00000063     0.19243016     0.80756922
       18     0.00000058     0.17063762     0.82936179
       19     0.00000059     0.16472019     0.83527922
       20     0.00000048     0.16760812     0.83239140
       21     0.00000030     0.17504543     0.82495427
       22     0.00000045     0.18438678     0.81561277
       23     0.00000035     0.19392403     0.80607563
       24     0.00000025     0.20247443     0.79752532
       25     0.00000040     0.20911031     0.79088930
       26     0.00000028     0.21297764     0.78702207
       27     0.00000023     0.21317110     0.78682867
       28     0.00000037     0.20867248     0.79132715
       29     0.00000028     0.19819582     0.80180390
       30     0.00000021     0.17977488     0.82022491
       31     0.00000036     0.15585729     0.84414235
       32     0.00000033     0.12760282     0.87239686
       33     0.00000021     0.09627953     0.90372025
       34     0.00000035     0.06384077     0.93615888
       35     0.00000042     0.03523891     0.96476067
       36     0.00000029     0.02443678     0.97556293
       37     0.00000034     0.06042532     0.93957434
       38     0.00000050     0.16462971     0.83536978
       39     0.00000042     0.30469280     0.69530678
       40     0.00000035     0.43566946     0.56433019
       41     0.00000053     0.54757562     0.45242385
       42     0.00000047     0.60601008     0.39398944
       43     0.00000019     0.79680678     0.20319303
       44     0.00000040     0.88741590     0.11258370
       45     0.00000077     0.92684058     0.07315865
       46     0.00000051     0.94626192     0.05373757
       47     0.00000030     0.95671916     0.04328055
       48     0.00000073     0.96243159     0.03756769
       49     0.00000088     0.96519775     0.03480137
       50     0.00000044     0.96583752     0.03416204
       51     0.00000046     0.96477737     0.03522218
       52     0.00000093     0.96212194     0.03787713
       53     0.00000080     0.95800300     0.04199620
       54     0.00000036     0.95263336     0.04736628
       55     0.00000059     0.94640899     0.05359043
       56     0.00000092     0.93997992     0.06001916
       57     0.00000056     0.93425232     0.06574711
       58     0.00000027     0.93027833     0.06972140
       59     0.00000057     0.92902194     0.07097749
       60     0.00000066     0.93106629     0.06893305
       61     0.00000026     0.93633312     0.06366662
       62     0.00000016     0.94392237     0.05607747
       63     0.00000044     0.95211168     0.04788788
       64     0.00000043     0.95862530     0.04137427
       65     0.00000011     0.96130674     0.03869314
       66     0.00000014     0.95943711     0.04056275
       67     0.00000038     0.95494855     0.04505107
       68     0.00000027     0.95173885     0.04826087
       69     0.00000003     0.95293715     0.04706282
       70     0.00000013     0.95899828     0.04100159
       71     0.00000022     0.96825795     0.03174183
       72     0.00000008     0.97844786     0.02155206
       73     0.00000000     0.98763541     0.01236459
       74     0.00000000     1.00000000     0.00000000
       75     0.00000006     0.99689081     0.00310913
       76     0.00000009     0.99079313     0.00920678
       77     0.00000001     0.98644053     0.01355946
       78     0.00000003     0.98644462     0.01355536
       79     0.00000000     1.00000000     0.00000000
       80     0.00000001     0.99928642     0.00071356
       81     0.00000002     0.99799442     0.00200556
       82     0.00000000     0.99733894     0.00266106
       83     0.00000000     0.99777787     0.00222213
       84     0.00000002     0.99879412     0.00120587
       85     0.00000002     0.99948552     0.00051446
       86     0.00000000     0.99940015     0.00059985
       87     0.00000002     0.99885389     0.00114608
       88     0.00000006     0.99849194     0.00150800
       89     0.00000004     0.99861113     0.00138883
       90     0.00000003     0.99895771     0.00104227
       91     0.00000010     0.99913293     0.00086698
       92     0.00000016     0.99905198     0.00094785
       93     0.00000012     0.99892525     0.00107462
       94     0.00000016     0.99889880     0.00110104
       95     0.00000031     0.99890115     0.00109855
       96     0.00000036     0.99885957     0.00114007
       97     0.00000033     0.99887076     0.00112892
       98     0.00000049     0.99901517     0.00098435
       99     0.00000072     0.99913017     0.00086911
      100     0.00000072     0.99899157     0.00100771
      101     0.00000072     0.99870294     0.00129634
      102     0.00000103     0.99865314     0.00134582
      103     0.00000135     0.99897658     0.00102207
      104     0.00000132     0.99927372     0.00072496
      105     0.00000135     0.99910155     0.00089710
      106     0.00000176     0.99862504     0.00137320
      107     0.00000215     0.99846838     0.00152947
      108     0.00000216     0.99887673     0.00112111
      109     0.00000218     0.99933228     0.00066553
      110     0.00000261     0.99921543     0.00078196
      111     0.00000306     0.99864962     0.00134732
      112     0.00000313     0.99836559     0.00163128
      113     0.00000311     0.99873887     0.00125802
      114     0.00000347     0.99928841     0.00070812
      115     0.00000398     0.99930780     0.00068821
      116     0.00000416     0.99878327     0.00121256
      117     0.00000408     0.99839351     0.00160241
      118     0.00000424     0.99862222     0.00137354
      119     0.00000479     0.99915729     0.00083793
      120     0.00000525     0.99932491     0.00066984
