#     Density Matrix: population Re; see the manual for detail orders
        0     0.00000000     0.00000000     1.00000000
        1     0.00000006     0.00000180     0.99999814
        2     0.00000007     0.00002138     0.99997854
        3     0.00000014     0.00007430     0.99992556
        4     0.00000016     0.00015520     0.99984463
        5     0.00000025     0.00024441     0.99975534
        6     0.00000029     0.00034384     0.99965587
        7     0.00000036     0.00053539     0.99946425
        8     0.00000043     0.00107187     0.99892770
        9     0.00000040     0.00260121     0.99739839
       10     0.00000056     0.00698759     0.99301185
       11     0.00000037     0.02102400     0.97897563
       12     0.00000059     0.07627160     0.92372781
       13     0.00000023     0.29696995     0.70302982
       14     0.00000045     0.63091406     0.36908548
       15     0.00000025     0.47615117     0.52384858
       16     0.00000099     0.35457043     0.64542858
       17     0.00000004     0.30730862     0.69269134
       18     0.00000079     0.27388018     0.72611902
       19     0.00000059     0.25358991     0.74640950
       20     0.00000012     0.24385427     0.75614561
       21     0.00000096     0.24167396     0.75832507
       22     0.00000028     0.24428620     0.75571352
       23     0.00000036     0.24944614     0.75055350
       24     0.00000097     0.25549375     0.74450528
       25     0.00000013     0.26132375     0.73867613
       26     0.00000055     0.26629260     0.73370686
       27     0.00000096     0.27011672     0.72988233
       28     0.00000009     0.27277440     0.72722551
       29     0.00000057     0.27436057     0.72563886
       30     0.00000095     0.27505294     0.72494611
       31     0.00000012     0.27509107     0.72490881
       32     0.00000048     0.27470161     0.72529792
       33     0.00000094     0.27409511     0.72590394
       34     0.00000022     0.27345095     0.72654883
       35     0.00000032     0.27291888     0.72708080
       36     0.00000092     0.27262608     0.72737299
       37     0.00000041     0.27268227     0.72731732
       38     0.00000015     0.27319910     0.72680075
       39     0.00000078     0.27433732     0.72566189
       40     0.00000067     0.27646460     0.72353473
       41     0.00000011     0.28091789     0.71908200
       42     0.00000051     0.30196279     0.69803670
       43     0.00000062     0.54050830     0.45949108
       44     0.00000007     0.73311339     0.26688654
       45     0.00000017     0.74213468     0.25786515
       46     0.00000061     0.74526349     0.25473590
       47     0.00000035     0.74743728     0.25256237
       48     0.00000000     0.74935363     0.25064637
       49     0.00000043     0.75121960     0.24877996
       50     0.00000072     0.75311764     0.24688164
       51     0.00000019     0.75506326     0.24493655
       52     0.00000012     0.75703761     0.24296227
       53     0.00000083     0.75901978     0.24097939
       54     0.00000076     0.76096725     0.23903199
       55     0.00000008     0.76282571     0.23717422
       56     0.00000053     0.76453424     0.23546523
       57     0.00000134     0.76603011     0.23396855
       58     0.00000074     0.76724843     0.23275084
       59     0.00000022     0.76812258     0.23187720
       60     0.00000135     0.76861267     0.23138598
       61     0.00000185     0.76866482     0.23133333
       62     0.00000072     0.76817404     0.23182523
       63     0.00000092     0.76708661     0.23291247
       64     0.00000259     0.76540032     0.23459709
       65     0.00000233     0.76318875     0.23680891
       66     0.00000092     0.76044743     0.23955165
       67     0.00000199     0.75716831     0.24282969
       68     0.00000370     0.75354816     0.24644814
       69     0.00000246     0.74976856     0.25022898
       70     0.00000118     0.74613756     0.25386126
       71     0.00000269     0.74307369     0.25692362
       72     0.00000358     0.74102455     0.25897187
       73     0.00000180     0.74052511     0.25947309
       74     0.00000082     0.74211916     0.25788002
       75     0.00000189     0.74628484     0.25371328
       76     0.00000211     0.75334292     0.24665497
       77     0.00000090     0.76340446     0.23659464
       78     0.00000015     0.77609492     0.22390493
       79     0.00000053     0.79043037     0.20956911
       80     0.00000180     0.80488982     0.19510839
       81     0.00000272     0.81752754     0.18246974
       82     0.00000204     0.82622865     0.17376931
       83     0.00000229     0.82897226     0.17102546
       84     0.00000556     0.82433025     0.17566418
       85     0.00000747     0.81222329     0.18776924
       86     0.00000529     0.79416418     0.20583053
       87     0.00000430     0.77338558     0.22661012
       88     0.00000640     0.75445657     0.24553703
       89     0.00000610     0.74226785     0.25772605
       90     0.00000274     0.74058147     0.25941579
       91     0.00000091     0.75052615     0.24947294
       92     0.00000115     0.76960929     0.23038956
       93     0.00000213     0.79187641     0.20812147
       94     0.00000336     0.80952823     0.19046842
       95     0.00000316     0.81576844     0.18422841
       96     0.00000285     0.80789294     0.19210422
       97     0.00000544     0.78925611     0.21073845
       98     0.00000712     0.76863507     0.23135781
       99     0.00000428     0.75620967     0.24378606
      100     0.00000119     0.75846337     0.24153544
      101     0.00000097     0.77379388     0.22620515
      102     0.00000264     0.79274979     0.20724756
      103     0.00000545     0.80328199     0.19671256
      104     0.00000568     0.79891932     0.20107501
      105     0.00000338     0.78355686     0.21643976
      106     0.00000415     0.76922729     0.23076855
      107     0.00000619     0.76708645     0.23290736
      108     0.00000639     0.77806264     0.22193097
      109     0.00000591     0.79174198     0.20825212
      110     0.00000485     0.79555523     0.20443991
      111     0.00000574     0.78675584     0.21323843
      112     0.00000965     0.77523015     0.22476020
      113     0.00001250     0.77320175     0.22678575
      114     0.00001278     0.78191014     0.21807708
      115     0.00001212     0.79041580     0.20957208
      116     0.00001193     0.78879432     0.21119375
      117     0.00001510     0.78022742     0.21975748
      118     0.00002155     0.77637928     0.22359917
      119     0.00002873     0.78163982     0.21833145
      120     0.00003592     0.78765826     0.21230582
