#     Density Matrix: population Re; see the manual for detail orders
        0     0.00000000     0.00000000     1.00000000
        1     0.00000004     0.00000098     0.99999898
        2     0.00000005     0.00001006     0.99998989
        3     0.00000018     0.00002854     0.99997128
        4     0.00000016     0.00004637     0.99995347
        5     0.00000041     0.00005436     0.99994523
        6     0.00000035     0.00006052     0.99993913
        7     0.00000067     0.00009546     0.99990387
        8     0.00000058     0.00020800     0.99979142
        9     0.00000092     0.00047106     0.99952802
       10     0.00000074     0.00104234     0.99895692
       11     0.00000104     0.00242699     0.99757197
       12     0.00000080     0.00670424     0.99329496
       13     0.00000098     0.02550176     0.97449725
       14     0.00000077     0.15779789     0.84220134
       15     0.00000037     0.63910332     0.36089631
       16     0.00000018     0.59294814     0.40705168
       17     0.00000174     0.33570629     0.66429196
       18     0.00000081     0.25267017     0.74732902
       19     0.00000097     0.21292364     0.78707539
       20     0.00000143     0.18874321     0.81125537
       21     0.00000037     0.17065008     0.82934955
       22     0.00000086     0.15449069     0.84550845
       23     0.00000096     0.13845679     0.86154225
       24     0.00000019     0.12199484     0.87800497
       25     0.00000063     0.10523891     0.89476046
       26     0.00000068     0.08869074     0.91130858
       27     0.00000008     0.07311117     0.92688875
       28     0.00000036     0.05908114     0.94091850
       29     0.00000048     0.04701553     0.95298398
       30     0.00000005     0.03703701     0.96296294
       31     0.00000014     0.02907342     0.97092644
       32     0.00000034     0.02288591     0.97711375
       33     0.00000008     0.01811735     0.98188257
       34     0.00000006     0.01445485     0.98554509
       35     0.00000020     0.01163287     0.98836693
       36     0.00000000     1.00000000     0.00000000
       37     0.00000000     0.99999184     0.00000816
       38     0.00000000     0.99995686     0.00004314
       39     0.00000000     0.99987243     0.00012757
       40     0.00000000     0.99970391     0.00029609
       41     0.00000000     0.99940002     0.00059998
       42     0.00000000     0.99888590     0.00111409
       43     0.00000000     0.99805131     0.00194869
       44     0.00000000     0.99672752     0.00327248
       45     0.00000000     0.99463229     0.00536771
       46     0.00000000     0.99122606     0.00877394
       47     0.00000000     0.98528621     0.01471378
       48     0.00000001     0.97348999     0.02651001
       49     0.00000001     0.94504863     0.05495135
       50     0.00000004     0.86147040     0.13852956
       51     0.00000015     0.64413890     0.35586095
       52     0.00000036     0.45034856     0.54965108
       53     0.00000059     0.54022541     0.45977400
       54     0.00000014     0.70613051     0.29386934
       55     0.00000011     0.81818524     0.18181466
       56     0.00000034     0.87569381     0.12430585
       57     0.00000003     0.89565831     0.10434166
       58     0.00000032     0.89440055     0.10559913
       59     0.00000013     0.88569880     0.11430107
       60     0.00000014     0.87940510     0.12059476
       61     0.00000033     0.88018585     0.11981382
       62     0.00000005     0.88771604     0.11228391
       63     0.00000022     0.89853456     0.10146522
       64     0.00000008     0.90864664     0.09135328
       65     0.00000016     0.91566124     0.08433860
       66     0.00000015     0.91957410     0.08042574
       67     0.00000006     0.92207680     0.07792314
       68     0.00000025     0.92501465     0.07498511
       69     0.00000007     0.92909144     0.07090849
       70     0.00000013     0.93371826     0.06628161
       71     0.00000010     0.93788456     0.06211535
       72     0.00000023     0.94111662     0.05888315
       73     0.00000006     0.94370033     0.05629961
       74     0.00000015     0.94610241     0.05389744
       75     0.00000027     0.94835506     0.05164467
       76     0.00000009     0.95013949     0.04986042
       77     0.00000006     0.95140132     0.04859862
       78     0.00000030     0.95266444     0.04733526
       79     0.00000026     0.95452106     0.04547868
       80     0.00000001     0.95679782     0.04320217
       81     0.00000031     0.95849057     0.04150913
       82     0.00000037     0.95878495     0.04121469
       83     0.00000003     0.95814854     0.04185142
       84     0.00000019     0.95815391     0.04184591
       85     0.00000053     0.95994879     0.04005067
       86     0.00000017     0.96287812     0.03712171
       87     0.00000007     0.96488564     0.03511429
       88     0.00000054     0.96450876     0.03549070
       89     0.00000042     0.96255393     0.03744565
       90     0.00000001     0.96160317     0.03839681
       91     0.00000041     0.96359609     0.03640350
       92     0.00000071     0.96782561     0.03217368
       93     0.00000017     0.97138886     0.02861097
       94     0.00000016     0.97174741     0.02825243
       95     0.00000073     0.96912069     0.03087858
       96     0.00000055     0.96650664     0.03349281
       97     0.00000005     0.96710924     0.03289071
       98     0.00000049     0.97151548     0.02848404
       99     0.00000090     0.97722877     0.02277032
      100     0.00000033     0.98071319     0.01928648
      101     0.00000012     0.98008342     0.01991647
      102     0.00000064     0.97660685     0.02339251
      103     0.00000073     0.97373452     0.02626475
      104     0.00000021     0.97429832     0.02570147
      105     0.00000022     0.97844279     0.02155699
      106     0.00000080     0.98388656     0.01611264
      107     0.00000068     0.98774543     0.01225388
      108     0.00000012     0.98836983     0.01163005
      109     0.00000024     0.98624672     0.01375305
      110     0.00000068     0.98357586     0.01642345
      111     0.00000056     0.98259945     0.01739999
      112     0.00000009     0.98407948     0.01592043
      113     0.00000024     0.98711272     0.01288704
      114     0.00000000     1.00000000     0.00000000
      115     0.00000044     0.99989843     0.00010114
      116     0.00000084     0.99969321     0.00030594
      117     0.00000044     0.99954139     0.00045817
      118     0.00000001     0.99952985     0.00047014
      119     0.00000030     0.99963789     0.00036181
      120     0.00000066     0.99977710     0.00022224
