#     Density Matrix: population Re; see the manual for detail orders
        0     0.00000000     0.00000000     1.00000000
        1     0.00000005     0.00000637     0.99999358
        2     0.00000007     0.00004663     0.99995330
        3     0.00000011     0.00008922     0.99991067
        4     0.00000014     0.00010424     0.99989562
        5     0.00000018     0.00010177     0.99989805
        6     0.00000021     0.00013523     0.99986457
        7     0.00000024     0.00030276     0.99969701
        8     0.00000027     0.00082207     0.99917767
        9     0.00000029     0.00244808     0.99755163
       10     0.00000030     0.00906052     0.99093917
       11     0.00000030     0.05380815     0.94619155
       12     0.00000012     0.73080477     0.26919512
       13     0.00000005     0.49081728     0.50918267
       14     0.00000112     0.08761075     0.91238813
       15     0.00000026     0.03997917     0.96002056
       16     0.00000031     0.02258281     0.97741688
       17     0.00000048     0.01639877     0.98360075
       18     0.00000035     0.01452743     0.98547222
       19     0.00000029     0.01413707     0.98586265
       20     0.00000024     0.01404544     0.98595433
       21     0.00000025     0.01380679     0.98619296
       22     0.00000026     0.01331998     0.98667976
       23     0.00000025     0.01260092     0.98739883
       24     0.00000011     0.01167942     0.98832046
       25     0.00000030     0.01057193     0.98942777
       26     0.00000032     0.00936944     0.99063025
       27     0.00000010     0.00819659     0.99180331
       28     0.00000020     0.00719804     0.99280177
       29     0.00000025     0.00652054     0.99347921
       30     0.00000016     0.00650804     0.99349180
       31     0.00000015     0.00779021     0.99220964
       32     0.00000024     0.01204568     0.98795408
       33     0.00000019     0.02357053     0.97642928
       34     0.00000013     0.05814069     0.94185918
       35     0.00000018     0.14884918     0.85115064
       36     0.00000024     0.33541445     0.66458531
       37     0.00000011     0.54251945     0.45748043
       38     0.00000007     0.67808952     0.32191041
       39     0.00000018     0.75377230     0.24622753
       40     0.00000015     0.79702505     0.20297480
       41     0.00000005     0.82199597     0.17800399
       42     0.00000008     0.83754474     0.16245518
       43     0.00000015     0.84875195     0.15124790
       44     0.00000013     0.85748101     0.14251886
       45     0.00000007     0.86446888     0.13553105
       46     0.00000006     0.87023606     0.12976388
       47     0.00000008     0.87527011     0.12472981
       48     0.00000007     0.87988666     0.12011328
       49     0.00000005     0.88405010     0.11594985
       50     0.00000006     0.88783813     0.11216180
       51     0.00000006     0.89136924     0.10863069
       52     0.00000004     0.89463250     0.10536746
       53     0.00000004     0.89758595     0.10241401
       54     0.00000005     0.90021708     0.09978287
       55     0.00000006     0.90251017     0.09748977
       56     0.00000007     0.90444701     0.09555293
       57     0.00000005     0.90603030     0.09396965
       58     0.00000005     0.90727791     0.09272204
       59     0.00000008     0.90821807     0.09178185
       60     0.00000009     0.90890733     0.09109258
       61     0.00000009     0.90942409     0.09057582
       62     0.00000012     0.90986620     0.09013369
       63     0.00000013     0.91024425     0.08975561
       64     0.00000017     0.91075059     0.08924924
       65     0.00000019     0.91159748     0.08840232
       66     0.00000018     0.91258041     0.08741941
       67     0.00000014     0.91392047     0.08607940
       68     0.00000018     0.91578922     0.08421060
       69     0.00000029     0.91769561     0.08230410
       70     0.00000029     0.91957560     0.08042411
       71     0.00000019     0.92152855     0.07847126
       72     0.00000033     0.92355180     0.07644787
       73     0.00000046     0.92541750     0.07458203
       74     0.00000032     0.92687914     0.07312054
       75     0.00000020     0.92789217     0.07210763
       76     0.00000029     0.92849715     0.07150256
       77     0.00000035     0.92881170     0.07118795
       78     0.00000026     0.92902058     0.07097916
       79     0.00000015     0.92967662     0.07032324
       80     0.00000015     0.93103004     0.06896982
       81     0.00000037     0.93283288     0.06716675
       82     0.00000053     0.93478234     0.06521713
       83     0.00000051     0.93694305     0.06305645
       84     0.00000062     0.93950922     0.06049016
       85     0.00000113     0.94222704     0.05777183
       86     0.00000163     0.94477463     0.05522375
       87     0.00000186     0.94672582     0.05327232
       88     0.00000237     0.94771349     0.05228413
       89     0.00000280     0.94795341     0.05204380
       90     0.00000291     0.94762438     0.05237271
       91     0.00000309     0.94687658     0.05312034
       92     0.00000334     0.94624901     0.05374765
       93     0.00000336     0.94639117     0.05360547
       94     0.00000326     0.94783788     0.05215886
       95     0.00000330     0.95113288     0.04886383
       96     0.00000292     0.95642880     0.04356828
       97     0.00000227     0.96337629     0.03662144
       98     0.00000210     0.97124644     0.02875146
       99     0.00000253     0.97917286     0.02082461
      100     0.00000328     0.98607616     0.01392056
      101     0.00000366     0.99107792     0.00891842
      102     0.00000360     0.99379270     0.00620370
      103     0.00000397     0.99435732     0.00563871
      104     0.00000514     0.99337092     0.00662394
      105     0.00000643     0.99175448     0.00823908
      106     0.00000656     0.99052097     0.00947247
      107     0.00000585     0.99034801     0.00964614
      108     0.00000596     0.99147383     0.00852022
      109     0.00000666     0.99362197     0.00637137
      110     0.00000724     0.99612984     0.00386291
      111     0.00000763     0.99824708     0.00174530
      112     0.00000824     0.99944290     0.00054886
      113     0.00000929     0.99961403     0.00037668
      114     0.00001031     0.99909657     0.00089313
      115     0.00001061     0.99845894     0.00153045
      116     0.00001119     0.99817227     0.00181654
      117     0.00001291     0.99841874     0.00156835
      118     0.00001459     0.99903364     0.00095176
      119     0.00001559     0.99965073     0.00033368
      120     0.00001699     0.99995714     0.00002587
