#     Density Matrix: population Re; see the manual for detail orders
        0     0.00000000     0.00000000     1.00000000
        1     0.00000001     0.00000005     0.99999994
        2     0.00000001     0.00000012     0.99999987
        3     0.00000005     0.00000095     0.99999899
        4     0.00000008     0.00000810     0.99999182
        5     0.00000018     0.00002969     0.99997014
        6     0.00000024     0.00007457     0.99992519
        7     0.00000040     0.00016515     0.99983445
        8     0.00000049     0.00037628     0.99962323
        9     0.00000065     0.00091890     0.99908045
       10     0.00000069     0.00236651     0.99763280
       11     0.00000080     0.00648054     0.99351867
       12     0.00000075     0.01986484     0.98013442
       13     0.00000076     0.07246665     0.92753259
       14     0.00000053     0.27381544     0.72618404
       15     0.00000051     0.60180466     0.39819483
       16     0.00000039     0.53400613     0.46599348
       17     0.00000117     0.41516060     0.58483822
       18     0.00000007     0.35806909     0.64193084
       19     0.00000102     0.31796398     0.68203499
       20     0.00000082     0.29272879     0.70727039
       21     0.00000011     0.27861249     0.72138740
       22     0.00000114     0.27209983     0.72789904
       23     0.00000041     0.27030149     0.72969810
       24     0.00000039     0.27102609     0.72897352
       25     0.00000121     0.27274759     0.72725120
       26     0.00000023     0.27449150     0.72550826
       27     0.00000053     0.27565944     0.72434003
       28     0.00000115     0.27589880     0.72410006
       29     0.00000018     0.27499598     0.72500384
       30     0.00000052     0.27279546     0.72720402
       31     0.00000115     0.26913524     0.73086361
       32     0.00000025     0.26378775     0.73621200
       33     0.00000038     0.25639281     0.74360681
       34     0.00000117     0.24635977     0.75363905
       35     0.00000043     0.23269531     0.76730426
       36     0.00000017     0.21437130     0.78562853
       37     0.00000101     0.18741892     0.81258007
       38     0.00000071     0.14526831     0.85473099
       39     0.00000006     0.08154635     0.91845359
       40     0.00000069     0.03869572     0.96130359
       41     0.00000092     0.17386051     0.82613857
       42     0.00000020     0.39806973     0.60193007
       43     0.00000031     0.55177295     0.44822674
       44     0.00000079     0.66623706     0.33376215
       45     0.00000033     0.77758764     0.22241203
       46     0.00000001     0.89460492     0.10539507
       47     0.00000040     0.97055230     0.02944731
       48     0.00000051     0.96831329     0.03168621
       49     0.00000008     0.93674436     0.06325556
       50     0.00000014     0.90785669     0.09214317
       51     0.00000058     0.88912279     0.11087663
       52     0.00000041     0.87894341     0.12105618
       53     0.00000001     0.87445321     0.12554678
       54     0.00000037     0.87381548     0.12618415
       55     0.00000073     0.87577832     0.12422095
       56     0.00000027     0.87924865     0.12075108
       57     0.00000006     0.88260868     0.11739125
       58     0.00000074     0.88378882     0.11621044
       59     0.00000091     0.88005085     0.11994824
       60     0.00000009     0.86797459     0.13202532
       61     0.00000051     0.84362951     0.15636997
       62     0.00000151     0.80323849     0.19676000
       63     0.00000067     0.74482263     0.25517670
       64     0.00000016     0.67066747     0.32933237
       65     0.00000110     0.59106160     0.40893730
       66     0.00000072     0.52732359     0.47267569
       67     0.00000006     0.50799815     0.49200179
       68     0.00000044     0.55518492     0.44481465
       69     0.00000028     0.66369102     0.33630870
       70     0.00000006     0.79425270     0.20574724
       71     0.00000013     0.89512015     0.10487972
       72     0.00000006     0.93449033     0.06550961
       73     0.00000057     0.91430634     0.08569309
       74     0.00000032     0.86111414     0.13888553
       75     0.00000008     0.80782986     0.19217006
       76     0.00000059     0.77785830     0.22214111
       77     0.00000016     0.77817376     0.22182608
       78     0.00000010     0.80035450     0.19964540
       79     0.00000013     0.82779072     0.17220915
       80     0.00000021     0.84539547     0.15460432
       81     0.00000045     0.84655561     0.15344394
       82     0.00000000     0.83534140     0.16465859
       83     0.00000046     0.82214468     0.17785486
       84     0.00000029     0.81565799     0.18434172
       85     0.00000001     0.81828872     0.18171127
       86     0.00000007     0.82546292     0.17453700
       87     0.00000027     0.83095434     0.16904538
       88     0.00000033     0.83130232     0.16869735
       89     0.00000009     0.82792576     0.17207415
       90     0.00000066     0.82479831     0.17520103
       91     0.00000030     0.82419512     0.17580457
       92     0.00000000     0.82485366     0.17514634
       93     0.00000028     0.82505691     0.17494281
       94     0.00000077     0.82494017     0.17505905
       95     0.00000026     0.82586366     0.17413608
       96     0.00000049     0.82782896     0.17217055
       97     0.00000104     0.82858585     0.17141311
       98     0.00000044     0.82645569     0.17354388
       99     0.00000027     0.82285149     0.17714824
      100     0.00000139     0.82176566     0.17823295
      101     0.00000146     0.82524443     0.17475411
      102     0.00000061     0.83024501     0.16975438
      103     0.00000151     0.83118058     0.16881791
      104     0.00000196     0.82586150     0.17413655
      105     0.00000108     0.81943590     0.18056302
      106     0.00000154     0.81878863     0.18120983
      107     0.00000325     0.82543032     0.17456644
      108     0.00000245     0.83290951     0.16708804
      109     0.00000156     0.83317721     0.16682123
      110     0.00000295     0.82533252     0.17466453
      111     0.00000370     0.81709142     0.18290488
      112     0.00000267     0.81697206     0.18302527
      113     0.00000341     0.82536495     0.17463163
      114     0.00000530     0.83417119     0.16582351
      115     0.00000410     0.83453662     0.16545928
      116     0.00000258     0.82633992     0.17365750
      117     0.00000396     0.81775406     0.18224198
      118     0.00000642     0.81688274     0.18311084
      119     0.00000587     0.82428129     0.17571284
      120     0.00000465     0.83271087     0.16728448
