#     Density Matrix: population Re; see the manual for detail orders
        0     0.00000000     0.00000000     1.00000000
        1     0.00000001     0.00000530     0.99999469
        2     0.00000001     0.00004581     0.99995418
        3     0.00000001     0.00011121     0.99988878
        4     0.00000003     0.00016801     0.99983195
        5     0.00000006     0.00019463     0.99980531
        6     0.00000011     0.00021774     0.99978215
        7     0.00000015     0.00032699     0.99967286
        8     0.00000020     0.00066569     0.99933411
        9     0.00000024     0.00144280     0.99855697
       10     0.00000027     0.00307373     0.99692600
       11     0.00000029     0.00670739     0.99329231
       12     0.00000030     0.01602941     0.98397028
       13     0.00000030     0.04363338     0.95636632
       14     0.00000027     0.12576690     0.87423283
       15     0.00000019     0.27893378     0.72106602
       16     0.00000013     0.35443846     0.64556140
       17     0.00000020     0.28176604     0.71823376
       18     0.00000028     0.17935494     0.82064478
       19     0.00000032     0.10369631     0.89630337
       20     0.00000035     0.05660602     0.94339363
       21     0.00000035     0.02974467     0.97025498
       22     0.00000034     0.01565234     0.98434732
       23     0.00000032     0.00913870     0.99086097
       24     0.00000031     0.00687138     0.99312831
       25     0.00000029     0.00678519     0.99321452
       26     0.00000027     0.00763932     0.99236040
       27     0.00000026     0.00872211     0.99127763
       28     0.00000025     0.00965263     0.99034711
       29     0.00000025     0.01025930     0.98974045
       30     0.00000024     0.01049651     0.98950325
       31     0.00000024     0.01039524     0.98960452
       32     0.00000024     0.01002717     0.98997259
       33     0.00000024     0.00949217     0.99050760
       34     0.00000023     0.00890880     0.99109097
       35     0.00000023     0.00843145     0.99156832
       36     0.00000024     0.00828213     0.99171764
       37     0.00000024     0.00882187     0.99117789
       38     0.00000024     0.01071029     0.98928947
       39     0.00000024     0.01526813     0.98473162
       40     0.00000023     0.02536292     0.97463684
       41     0.00000023     0.04763188     0.95236789
       42     0.00000024     0.09740706     0.90259270
       43     0.00000024     0.20262110     0.79737867
       44     0.00000023     0.37721724     0.62278254
       45     0.00000022     0.56932520     0.43067457
       46     0.00000020     0.71314618     0.28685361
       47     0.00000017     0.80377232     0.19622751
       48     0.00000015     0.86416647     0.13583339
       49     0.00000012     0.91481374     0.08518614
       50     0.00000014     0.96895482     0.03104504
       51     0.00000026     0.99871434     0.00128540
       52     0.00000024     0.95753061     0.04246915
       53     0.00000013     0.87038227     0.12961759
       54     0.00000014     0.78823322     0.21176664
       55     0.00000018     0.72738322     0.27261660
       56     0.00000014     0.68575824     0.31424162
       57     0.00000011     0.65910100     0.34089890
       58     0.00000014     0.64436324     0.35563663
       59     0.00000016     0.63952658     0.36047326
       60     0.00000015     0.64320762     0.35679222
       61     0.00000017     0.65426625     0.34573358
       62     0.00000024     0.67148521     0.32851455
       63     0.00000031     0.69339516     0.30660452
       64     0.00000038     0.71791806     0.28208155
       65     0.00000049     0.74246389     0.25753562
       66     0.00000063     0.76378877     0.23621060
       67     0.00000076     0.77839707     0.22160218
       68     0.00000087     0.78311000     0.21688914
       69     0.00000098     0.77604826     0.22395076
       70     0.00000104     0.75778837     0.24221059
       71     0.00000103     0.73234652     0.26765245
       72     0.00000096     0.70756695     0.29243209
       73     0.00000083     0.69406247     0.30593670
       74     0.00000065     0.70245577     0.29754358
       75     0.00000045     0.73882590     0.26117366
       76     0.00000027     0.80009568     0.19990405
       77     0.00000015     0.87263791     0.12736194
       78     0.00000010     0.93738522     0.06261468
       79     0.00000012     0.97896065     0.02103923
       80     0.00000017     0.99296289     0.00703694
       81     0.00000021     0.98653339     0.01346640
       82     0.00000021     0.97285767     0.02714212
       83     0.00000018     0.96380798     0.03619184
       84     0.00000012     0.96487615     0.03512372
       85     0.00000007     0.97439802     0.02560190
       86     0.00000004     0.98649327     0.01350668
       87     0.00000004     0.99546466     0.00453530
       88     0.00000005     0.99893574     0.00106421
       89     0.00000006     0.99820016     0.00179979
       90     0.00000006     0.99630218     0.00369776
       91     0.00000006     0.99563554     0.00436440
       92     0.00000005     0.99669067     0.00330928
       93     0.00000005     0.99843752     0.00156243
       94     0.00000006     0.99962527     0.00037467
       95     0.00000008     0.99981448     0.00018544
       96     0.00000011     0.99945274     0.00054715
       97     0.00000013     0.99921787     0.00078200
       98     0.00000016     0.99938089     0.00061895
       99     0.00000019     0.99972553     0.00027427
      100     0.00000025     0.99992945     0.00007030
      101     0.00000033     0.99991347     0.00008620
      102     0.00000042     0.99983188     0.00016769
      103     0.00000052     0.99982885     0.00017063
      104     0.00000065     0.99989505     0.00010430
      105     0.00000081     0.99994694     0.00005225
      106     0.00000100     0.99995655     0.00004244
      107     0.00000122     0.99995606     0.00004271
      108     0.00000147     0.99996241     0.00003612
      109     0.00000176     0.99996119     0.00003705
      110     0.00000209     0.99995362     0.00004429
      111     0.00000248     0.99996288     0.00003465
      112     0.00000289     0.99998701     0.00001010
      113     0.00000335     0.99999232     0.00000433
      114     0.00000385     0.99996887     0.00002728
      115     0.00000441     0.99995206     0.00004353
      116     0.00000502     0.99996762     0.00002736
      117     0.00000567     0.99999017     0.00000416
      118     0.00000636     0.99998442     0.00000922
      119     0.00000710     0.99996015     0.00003275
      120     0.00000791     0.99995332     0.00003877
