#     Density Matrix: population Re; see the manual for detail orders
        0     0.00000000     0.00000000     1.00000000
        1     0.00000003     0.00000607     0.99999390
        2     0.00000004     0.00003242     0.99996754
        3     0.00000018     0.00003821     0.99996161
        4     0.00000020     0.00005812     0.99994168
        5     0.00000048     0.00014809     0.99985143
        6     0.00000050     0.00027282     0.99972668
        7     0.00000084     0.00035087     0.99964829
        8     0.00000085     0.00042629     0.99957286
        9     0.00000115     0.00084696     0.99915189
       10     0.00000108     0.00247669     0.99752223
       11     0.00000133     0.00738717     0.99261150
       12     0.00000111     0.02193529     0.97806361
       13     0.00000125     0.07067782     0.92932093
       14     0.00000078     0.23425950     0.76573971
       15     0.00000049     0.49362503     0.50637448
       16     0.00000062     0.50696177     0.49303761
       17     0.00000149     0.35566708     0.64433143
       18     0.00000060     0.27270712     0.72729228
       19     0.00000033     0.23238938     0.76761029
       20     0.00000107     0.20358463     0.79641429
       21     0.00000026     0.18523243     0.81476731
       22     0.00000063     0.17517168     0.82482769
       23     0.00000089     0.17107515     0.82892396
       24     0.00000012     0.17085282     0.82914705
       25     0.00000070     0.17280627     0.82719303
       26     0.00000067     0.17562587     0.82437346
       27     0.00000010     0.17834479     0.82165510
       28     0.00000068     0.18026964     0.81972967
       29     0.00000057     0.18089076     0.81910867
       30     0.00000008     0.17980705     0.82019287
       31     0.00000063     0.17665055     0.82334882
       32     0.00000060     0.17100462     0.82899478
       33     0.00000006     0.16231543     0.83768451
       34     0.00000056     0.14976870     0.85023074
       35     0.00000075     0.13213350     0.86786575
       36     0.00000013     0.10769148     0.89230839
       37     0.00000039     0.07510545     0.92489416
       38     0.00000090     0.04050857     0.95949054
       39     0.00000036     0.04636304     0.95363660
       40     0.00000018     0.16412048     0.83587934
       41     0.00000104     0.35393671     0.64606225
       42     0.00000108     0.50334674     0.49665218
       43     0.00000022     0.58495725     0.41504252
       44     0.00000056     0.62972483     0.37027460
       45     0.00000124     0.65641232     0.34358644
       46     0.00000066     0.67361513     0.32638421
       47     0.00000020     0.68542343     0.31457637
       48     0.00000098     0.69394774     0.30605128
       49     0.00000128     0.70035591     0.29964281
       50     0.00000042     0.70533366     0.29466592
       51     0.00000034     0.70929247     0.29070719
       52     0.00000121     0.71248574     0.28751305
       53     0.00000107     0.71507905     0.28491988
       54     0.00000024     0.71717416     0.28282560
       55     0.00000054     0.71883590     0.28116356
       56     0.00000126     0.72011025     0.27988849
       57     0.00000082     0.72103453     0.27896465
       58     0.00000017     0.72164300     0.27835683
       59     0.00000056     0.72197382     0.27802562
       60     0.00000107     0.72207095     0.27792798
       61     0.00000063     0.72198758     0.27801179
       62     0.00000009     0.72178256     0.27821736
       63     0.00000042     0.72151753     0.27848205
       64     0.00000079     0.72125373     0.27874548
       65     0.00000046     0.72105509     0.27894446
       66     0.00000004     0.72098178     0.27901818
       67     0.00000019     0.72108055     0.27891926
       68     0.00000057     0.72138560     0.27861383
       69     0.00000058     0.72192734     0.27807208
       70     0.00000022     0.72268996     0.27730982
       71     0.00000009     0.72362791     0.27637200
       72     0.00000050     0.72467897     0.27532054
       73     0.00000100     0.72575338     0.27424563
       74     0.00000093     0.72672634     0.27327274
       75     0.00000055     0.72743247     0.27256697
       76     0.00000093     0.72769584     0.27230323
       77     0.00000207     0.72733019     0.27266774
       78     0.00000260     0.72615662     0.27384078
       79     0.00000202     0.72403025     0.27596773
       80     0.00000200     0.72087477     0.27912323
       81     0.00000355     0.71670688     0.28328957
       82     0.00000474     0.71166747     0.28832779
       83     0.00000396     0.70604890     0.29394714
       84     0.00000293     0.70030018     0.29969689
       85     0.00000360     0.69500708     0.30498933
       86     0.00000456     0.69086509     0.30913035
       87     0.00000380     0.68860053     0.31139567
       88     0.00000210     0.68884034     0.31115756
       89     0.00000128     0.69200559     0.30799313
       90     0.00000133     0.69816982     0.30182884
       91     0.00000123     0.70696380     0.29303497
       92     0.00000099     0.71752651     0.28247250
       93     0.00000103     0.72852736     0.27147161
       94     0.00000120     0.73831007     0.26168873
       95     0.00000204     0.74512964     0.25486832
       96     0.00000455     0.74750460     0.25249085
       97     0.00000762     0.74458950     0.25540288
       98     0.00000866     0.73648657     0.26350476
       99     0.00000792     0.72442160     0.27557048
      100     0.00000821     0.71064818     0.28934361
      101     0.00000960     0.69809359     0.30189681
      102     0.00000898     0.68971533     0.31027569
      103     0.00000566     0.68770892     0.31228542
      104     0.00000241     0.69280004     0.30719756
      105     0.00000096     0.70380677     0.29619227
      106     0.00000088     0.71774905     0.28225007
      107     0.00000251     0.73054827     0.26944922
      108     0.00000623     0.73822955     0.26176422
      109     0.00000979     0.73828213     0.26170808
      110     0.00001120     0.73069910     0.26928971
      111     0.00001173     0.71824961     0.28173866
      112     0.00001269     0.70568136     0.29430595
      113     0.00001202     0.69798695     0.30200103
      114     0.00000829     0.69833825     0.30165346
      115     0.00000423     0.70651652     0.29347925
      116     0.00000309     0.71870393     0.28129298
      117     0.00000503     0.72901326     0.27098170
      118     0.00001002     0.73227081     0.26771917
      119     0.00001768     0.72681241     0.27316991
      120     0.00002281     0.71572263     0.28425455
