#     Density Matrix: population Re; see the manual for detail orders
        0     0.00000000     0.00000000     1.00000000
        1     0.00000009     0.00000173     0.99999818
        2     0.00000013     0.00001424     0.99998563
        3     0.00000024     0.00003292     0.99996683
        4     0.00000030     0.00004746     0.99995223
        5     0.00000043     0.00005047     0.99994910
        6     0.00000054     0.00004697     0.99995248
        7     0.00000058     0.00006640     0.99993302
        8     0.00000082     0.00019491     0.99980428
        9     0.00000062     0.00074594     0.99925343
       10     0.00000103     0.00378021     0.99621876
       11     0.00000059     0.07311436     0.92688505
       12     0.00000073     0.05853230     0.94146697
       13     0.00000094     0.21926007     0.78073899
       14     0.00000044     0.13721867     0.86278089
       15     0.00000097     0.11997120     0.88002783
       16     0.00000056     0.11606622     0.88393322
       17     0.00000055     0.11639705     0.88360240
       18     0.00000084     0.11786824     0.88213092
       19     0.00000030     0.11919355     0.88080615
       20     0.00000059     0.11983547     0.88016394
       21     0.00000057     0.11961844     0.88038099
       22     0.00000013     0.11853983     0.88146003
       23     0.00000075     0.11675610     0.88324315
       24     0.00000061     0.11438548     0.88561391
       25     0.00000003     0.11137709     0.88862287
       26     0.00000060     0.10783535     0.89216405
       27     0.00000057     0.10407009     0.89592934
       28     0.00000005     0.10011848     0.89988147
       29     0.00000041     0.09653210     0.90346749
       30     0.00000052     0.09593280     0.90406668
       31     0.00000006     0.11142805     0.88857189
       32     0.00000017     0.20688195     0.79311787
       33     0.00000044     0.45022615     0.54977341
       34     0.00000018     0.67322269     0.32677714
       35     0.00000004     0.77135377     0.22864619
       36     0.00000032     0.81068186     0.18931781
       37     0.00000028     0.83037847     0.16962126
       38     0.00000002     0.84201652     0.15798346
       39     0.00000018     0.84969267     0.15030716
       40     0.00000035     0.85515914     0.14484051
       41     0.00000012     0.85927602     0.14072386
       42     0.00000004     0.86250958     0.13749038
       43     0.00000029     0.86513126     0.13486845
       44     0.00000029     0.86730715     0.13269255
       45     0.00000004     0.86913946     0.13086050
       46     0.00000010     0.87069121     0.12930869
       47     0.00000034     0.87193880     0.12806086
       48     0.00000024     0.87297170     0.12702807
       49     0.00000002     0.87387156     0.12612842
       50     0.00000015     0.87459492     0.12540493
       51     0.00000033     0.87515459     0.12484508
       52     0.00000017     0.87556440     0.12443543
       53     0.00000001     0.87583975     0.12416024
       54     0.00000016     0.87599861     0.12400123
       55     0.00000029     0.87606216     0.12393755
       56     0.00000014     0.87605438     0.12394548
       57     0.00000000     0.87600250     0.12399749
       58     0.00000014     0.87592360     0.12407626
       59     0.00000025     0.87583576     0.12416398
       60     0.00000012     0.87576089     0.12423900
       61     0.00000000     0.87571112     0.12428888
       62     0.00000011     0.87569312     0.12430677
       63     0.00000019     0.87570815     0.12429165
       64     0.00000009     0.87575212     0.12424779
       65     0.00000001     0.87581637     0.12418361
       66     0.00000009     0.87588961     0.12411031
       67     0.00000014     0.87595979     0.12404007
       68     0.00000008     0.87600641     0.12399351
       69     0.00000006     0.87603673     0.12396322
       70     0.00000009     0.87604106     0.12395885
       71     0.00000009     0.87601065     0.12398926
       72     0.00000006     0.87595053     0.12404941
       73     0.00000008     0.87586582     0.12413411
       74     0.00000009     0.87576353     0.12423638
       75     0.00000009     0.87569138     0.12430853
       76     0.00000009     0.87565809     0.12434182
       77     0.00000010     0.87559225     0.12440765
       78     0.00000008     0.87550493     0.12449499
       79     0.00000010     0.87546618     0.12453372
       80     0.00000016     0.87546251     0.12453732
       81     0.00000012     0.87546217     0.12453771
       82     0.00000003     0.87546455     0.12453542
       83     0.00000012     0.87548367     0.12451621
       84     0.00000026     0.87549255     0.12450719
       85     0.00000018     0.87550851     0.12449132
       86     0.00000002     0.87556624     0.12443374
       87     0.00000013     0.87563223     0.12436764
       88     0.00000033     0.87572287     0.12427680
       89     0.00000025     0.87571794     0.12428181
       90     0.00000003     0.87563607     0.12436390
       91     0.00000006     0.87562882     0.12437112
       92     0.00000027     0.87564736     0.12435238
       93     0.00000028     0.87564687     0.12435285
       94     0.00000008     0.87563019     0.12436973
       95     0.00000002     0.87560253     0.12439746
       96     0.00000015     0.87557244     0.12442742
       97     0.00000028     0.87569092     0.12430880
       98     0.00000024     0.87598219     0.12401756
       99     0.00000010     0.87615082     0.12384908
      100     0.00000002     0.87620111     0.12379886
      101     0.00000018     0.87626353     0.12373629
      102     0.00000044     0.87636042     0.12363914
      103     0.00000043     0.87635596     0.12364362
      104     0.00000008     0.87613817     0.12386175
      105     0.00000019     0.87568400     0.12431581
      106     0.00000065     0.87516350     0.12483585
      107     0.00000067     0.87465417     0.12534516
      108     0.00000025     0.87406402     0.12593573
      109     0.00000028     0.87348216     0.12651757
      110     0.00000085     0.87302355     0.12697561
      111     0.00000125     0.87277350     0.12722525
      112     0.00000098     0.87290626     0.12709276
      113     0.00000022     0.87342142     0.12657836
      114     0.00000020     0.87429834     0.12570145
      115     0.00000158     0.87543262     0.12456579
      116     0.00000313     0.87657084     0.12342602
      117     0.00000325     0.87758418     0.12241258
      118     0.00000140     0.87828066     0.12171794
      119     0.00000012     0.87851315     0.12148673
      120     0.00000324     0.87821587     0.12178090
