#     Density Matrix: population Re; see the manual for detail orders
        0     0.00000000     0.00000000     1.00000000
        1     0.00000000     0.00000807     0.99999193
        2     0.00000001     0.00007128     0.99992871
        3     0.00000003     0.00017779     0.99982218
        4     0.00000005     0.00027202     0.99972793
        5     0.00000009     0.00030261     0.99969729
        6     0.00000014     0.00028397     0.99971590
        7     0.00000019     0.00035346     0.99964635
        8     0.00000025     0.00081958     0.99918017
        9     0.00000031     0.00226347     0.99773622
       10     0.00000037     0.00596706     0.99403257
       11     0.00000043     0.01577397     0.98422560
       12     0.00000045     0.04643562     0.95356393
       13     0.00000044     0.15542608     0.84457348
       14     0.00000027     0.41110533     0.58889440
       15     0.00000013     0.54287807     0.45712179
       16     0.00000037     0.43220297     0.56779665
       17     0.00000049     0.30814329     0.69185623
       18     0.00000062     0.22829926     0.77170012
       19     0.00000069     0.18374837     0.81625093
       20     0.00000056     0.16280245     0.83719699
       21     0.00000052     0.15719109     0.84280839
       22     0.00000067     0.16145050     0.83854883
       23     0.00000054     0.17212690     0.82787256
       24     0.00000037     0.18716710     0.81283253
       25     0.00000044     0.20540396     0.79459559
       26     0.00000049     0.22617663     0.77382288
       27     0.00000034     0.24891612     0.75108355
       28     0.00000037     0.27279391     0.72720571
       29     0.00000038     0.29613163     0.70386799
       30     0.00000036     0.31563802     0.68436162
       31     0.00000032     0.32434912     0.67565056
       32     0.00000038     0.31419266     0.68580696
       33     0.00000044     0.28111643     0.71888313
       34     0.00000043     0.22105587     0.77894371
       35     0.00000046     0.12613850     0.87386105
       36     0.00000043     0.02000621     0.97999336
       37     0.00000042     0.10906223     0.89093735
       38     0.00000065     0.29618786     0.70381149
       39     0.00000076     0.44137498     0.55862426
       40     0.00000057     0.52784292     0.47215650
       41     0.00000068     0.57737250     0.42262682
       42     0.00000093     0.60721644     0.39278264
       43     0.00000092     0.62623086     0.37376822
       44     0.00000078     0.63934324     0.36065598
       45     0.00000086     0.64994964     0.35004950
       46     0.00000108     0.66180838     0.33819054
       47     0.00000104     0.67830668     0.32169228
       48     0.00000095     0.69697763     0.30302142
       49     0.00000118     0.71761471     0.28238411
       50     0.00000132     0.73993295     0.26006573
       51     0.00000113     0.76343534     0.23656353
       52     0.00000111     0.78749536     0.21250353
       53     0.00000136     0.81140172     0.18859693
       54     0.00000145     0.83445584     0.16554271
       55     0.00000121     0.85610170     0.14389709
       56     0.00000120     0.87595528     0.12404352
       57     0.00000146     0.89381978     0.10617877
       58     0.00000146     0.90966929     0.09032925
       59     0.00000126     0.92359515     0.07640360
       60     0.00000123     0.93574766     0.06425111
       61     0.00000149     0.94630213     0.05369638
       62     0.00000158     0.95542713     0.04457129
       63     0.00000139     0.96327055     0.03672806
       64     0.00000135     0.96994579     0.03005285
       65     0.00000164     0.97556386     0.02443450
       66     0.00000193     0.98020815     0.01978992
       67     0.00000197     0.98393552     0.01606250
       68     0.00000203     0.98681282     0.01318516
       69     0.00000243     0.98888590     0.01111167
       70     0.00000000     1.00000000     0.00000000
       71     0.00000546     0.99993323     0.00006131
       72     0.00001296     0.99975133     0.00023571
       73     0.00000992     0.99948479     0.00050529
       74     0.00000145     0.99915529     0.00084326
       75     0.00000201     0.99878301     0.00121498
       76     0.00001137     0.99840581     0.00158282
       77     0.00001474     0.99808625     0.00189901
       78     0.00000685     0.99788412     0.00210902
       79     0.00000022     0.99783246     0.00216732
       80     0.00000509     0.99794651     0.00204840
       81     0.00001407     0.99822917     0.00175676
       82     0.00001397     0.99865169     0.00133434
       83     0.00000509     0.99913375     0.00086116
       84     0.00000030     0.99955484     0.00044487
       85     0.00000665     0.99979607     0.00019728
       86     0.00001563     0.99978040     0.00020397
       87     0.00001496     0.99948970     0.00049534
       88     0.00000560     0.99896714     0.00102727
       89     0.00000050     0.99831917     0.00168034
       90     0.00000674     0.99770862     0.00228464
       91     0.00001616     0.99731856     0.00266528
       92     0.00001681     0.99728799     0.00269520
       93     0.00000811     0.99764871     0.00234317
       94     0.00000094     0.99830227     0.00169680
       95     0.00000440     0.99904770     0.00094789
       96     0.00001524     0.99965139     0.00033337
       97     0.00002149     0.99992543     0.00005308
       98     0.00001607     0.99979204     0.00019189
       99     0.00000540     0.99931934     0.00067526
      100     0.00000251     0.99871267     0.00128482
      101     0.00001197     0.99824676     0.00174127
      102     0.00002446     0.99815108     0.00182445
      103     0.00002745     0.99849225     0.00148030
      104     0.00001860     0.99911963     0.00086176
      105     0.00000740     0.99972282     0.00026977
      106     0.00000647     0.99999010     0.00000343
      107     0.00001990     0.99978939     0.00019072
      108     0.00003743     0.99926490     0.00069767
      109     0.00004446     0.99876498     0.00119056
      110     0.00003607     0.99862998     0.00133395
      111     0.00002189     0.99895862     0.00101949
      112     0.00001692     0.99951927     0.00046380
      113     0.00002970     0.99989795     0.00007235
      114     0.00005596     0.99980867     0.00013537
      115     0.00008063     0.99933725     0.00058211
      116     0.00008945     0.99889892     0.00101163
      117     0.00008153     0.99889242     0.00102606
      118     0.00006922     0.99932118     0.00060960
      119     0.00007053     0.99976092     0.00016855
      120     0.00009851     0.99976120     0.00014029
