#     Density Matrix: population Re; see the manual for detail orders
        0     0.00000000     0.00000000     1.00000000
        1     0.00000001     0.00000002     0.99999997
        2     0.00000001     0.00000003     0.99999996
        3     0.00000004     0.00000047     0.99999949
        4     0.00000005     0.00000241     0.99999754
        5     0.00000010     0.00000546     0.99999444
        6     0.00000013     0.00000859     0.99999128
        7     0.00000018     0.00001329     0.99998653
        8     0.00000021     0.00002503     0.99997475
        9     0.00000025     0.00005298     0.99994677
       10     0.00000027     0.00011369     0.99988604
       11     0.00000030     0.00024932     0.99975038
       12     0.00000032     0.00058812     0.99941156
       13     0.00000034     0.00157389     0.99842577
       14     0.00000035     0.00509528     0.99490437
       15     0.00000035     0.02238188     0.97761777
       16     0.00000024     0.57435577     0.42564398
       17     0.00000007     0.56662775     0.43337218
       18     0.00000076     0.11353982     0.88645942
       19     0.00000039     0.04014909     0.95985053
       20     0.00000044     0.01507949     0.98492008
       21     0.00000052     0.00544145     0.99455803
       22     0.00000042     0.00177662     0.99822296
       23     0.00000043     0.00057559     0.99942398
       24     0.00000041     0.00035967     0.99963993
       25     0.00000054     0.00045965     0.99953981
       26     0.00000043     0.00057791     0.99942165
       27     0.00000034     0.00059542     0.99940424
       28     0.00000040     0.00047683     0.99952277
       29     0.00000036     0.00025647     0.99974317
       30     0.00000035     0.00004764     0.99995202
       31     0.00000043     0.00012507     0.99987450
       32     0.00000036     0.00118076     0.99881887
       33     0.00000030     0.00509174     0.99490796
       34     0.00000048     0.01755767     0.98244184
       35     0.00000041     0.05766740     0.94233218
       36     0.00000022     0.18105166     0.81894812
       37     0.00000035     0.42825964     0.57174002
       38     0.00000048     0.66987824     0.33012128
       39     0.00000038     0.80277123     0.19722839
       40     0.00000022     0.87178218     0.12821760
       41     0.00000049     0.91750948     0.08249003
       42     0.00000077     0.95141289     0.04858634
       43     0.00000042     0.97251743     0.02748215
       44     0.00000034     0.98415589     0.01584377
       45     0.00000064     0.98925493     0.01074442
       46     0.00000060     0.99010584     0.00989356
       47     0.00000039     0.98837716     0.01162245
       48     0.00000047     0.98522609     0.01477344
       49     0.00000060     0.98144295     0.01855645
       50     0.00000049     0.97755922     0.02244029
       51     0.00000042     0.97392445     0.02607513
       52     0.00000054     0.97076427     0.02923519
       53     0.00000056     0.96821067     0.03178877
       54     0.00000046     0.96633923     0.03366032
       55     0.00000047     0.96517661     0.03482291
       56     0.00000058     0.96471404     0.03528538
       57     0.00000058     0.96491436     0.03508506
       58     0.00000055     0.96570855     0.03429091
       59     0.00000063     0.96700669     0.03299269
       60     0.00000076     0.96869094     0.03130830
       61     0.00000084     0.97062216     0.02937700
       62     0.00000086     0.97263935     0.02735979
       63     0.00000100     0.97456125     0.02543775
       64     0.00000124     0.97619259     0.02380618
       65     0.00000142     0.97733768     0.02266090
       66     0.00000159     0.97781589     0.02218252
       67     0.00000184     0.97746824     0.02252992
       68     0.00000215     0.97618873     0.02380912
       69     0.00000243     0.97394422     0.02605336
       70     0.00000268     0.97078259     0.02921473
       71     0.00000295     0.96687297     0.03312409
       72     0.00000320     0.96251220     0.03748460
       73     0.00000339     0.95811713     0.04187948
       74     0.00000350     0.95422841     0.04576808
       75     0.00000355     0.95144956     0.04854689
       76     0.00000353     0.95036064     0.04963584
       77     0.00000343     0.95143765     0.04855891
       78     0.00000330     0.95492755     0.04506915
       79     0.00000317     0.96073683     0.03926001
       80     0.00000308     0.96837631     0.03162061
       81     0.00000299     0.97696083     0.02303618
       82     0.00000299     0.98532747     0.01466954
       83     0.00000324     0.99226243     0.00773433
       84     0.00000349     0.99678887     0.00320764
       85     0.00000386     0.99844010     0.00155605
       86     0.00000417     0.99742994     0.00256589
       87     0.00000428     0.99462782     0.00536790
       88     0.00000418     0.99132438     0.00867144
       89     0.00000397     0.98885310     0.01114293
       90     0.00000405     0.98816525     0.01183070
       91     0.00000391     0.98950238     0.01049371
       92     0.00000349     0.99235819     0.00763832
       93     0.00000347     0.99570133     0.00429520
       94     0.00000366     0.99842944     0.00156690
       95     0.00000375     0.99982464     0.00017161
       96     0.00000372     0.99982273     0.00017355
       97     0.00000370     0.99895978     0.00103652
       98     0.00000374     0.99803498     0.00196128
       99     0.00000375     0.99767711     0.00231914
      100     0.00000370     0.99805207     0.00194422
      101     0.00000367     0.99886366     0.00113267
      102     0.00000374     0.99961851     0.00037775
      103     0.00000392     0.99996564     0.00003043
      104     0.00000418     0.99988617     0.00010965
      105     0.00000448     0.99963047     0.00036505
      106     0.00000485     0.99948506     0.00051010
      107     0.00000521     0.99956349     0.00043130
      108     0.00000571     0.99977092     0.00022337
      109     0.00000633     0.99993470     0.00005897
      110     0.00000705     0.99996437     0.00002858
      111     0.00000791     0.99990406     0.00008803
      112     0.00000900     0.99985663     0.00013438
      113     0.00001033     0.99987596     0.00011372
      114     0.00001192     0.99993288     0.00005520
      115     0.00001383     0.99996900     0.00001717
      116     0.00001612     0.99996378     0.00002010
      117     0.00001895     0.99994360     0.00003745
      118     0.00002247     0.99993937     0.00003816
      119     0.00002680     0.99995168     0.00002152
      120     0.00003213     0.99996026     0.00000761
