#     Density Matrix: population Re; see the manual for detail orders
        0     0.00000000     0.00000000     1.00000000
        1     0.00000001     0.00000908     0.99999091
        2     0.00000003     0.00007488     0.99992510
        3     0.00000005     0.00016739     0.99983256
        4     0.00000008     0.00022615     0.99977378
        5     0.00000011     0.00023992     0.99975997
        6     0.00000014     0.00028988     0.99970998
        7     0.00000017     0.00055514     0.99944469
        8     0.00000020     0.00138181     0.99861799
        9     0.00000022     0.00371986     0.99627991
       10     0.00000024     0.01129231     0.98870745
       11     0.00000025     0.04326185     0.95673789
       12     0.00000011     0.59474028     0.40525961
       13     0.00000003     0.56722568     0.43277428
       14     0.00000042     0.16015088     0.83984870
       15     0.00000022     0.06452667     0.93547311
       16     0.00000032     0.02593080     0.97406888
       17     0.00000032     0.01068862     0.98931106
       18     0.00000027     0.00544235     0.99455738
       19     0.00000035     0.00439170     0.99560796
       20     0.00000029     0.00487623     0.99512348
       21     0.00000022     0.00568167     0.99431812
       22     0.00000025     0.00629474     0.99370500
       23     0.00000025     0.00655172     0.99344803
       24     0.00000023     0.00645794     0.99354184
       25     0.00000024     0.00609087     0.99390889
       26     0.00000023     0.00555491     0.99444487
       27     0.00000022     0.00495895     0.99504083
       28     0.00000022     0.00441329     0.99558648
       29     0.00000021     0.00403159     0.99596820
       30     0.00000020     0.00394112     0.99605869
       31     0.00000019     0.00429627     0.99570353
       32     0.00000018     0.00530574     0.99469408
       33     0.00000017     0.00727682     0.99272301
       34     0.00000017     0.01070827     0.98929157
       35     0.00000016     0.01649255     0.98350729
       36     0.00000016     0.02643292     0.97356692
       37     0.00000016     0.04474339     0.95525645
       38     0.00000016     0.08342802     0.91657182
       39     0.00000017     0.18559490     0.81440493
       40     0.00000020     0.47506725     0.52493256
       41     0.00000024     0.85027837     0.14972139
       42     0.00000023     0.98604372     0.01395605
       43     0.00000016     0.99986705     0.00013279
       44     0.00000018     0.99806431     0.00193551
       45     0.00000025     0.99488261     0.00511714
       46     0.00000025     0.99205284     0.00794691
       47     0.00000023     0.98977109     0.01022868
       48     0.00000029     0.98800971     0.01199000
       49     0.00000034     0.98671469     0.01328498
       50     0.00000033     0.98583821     0.01416146
       51     0.00000036     0.98533649     0.01466316
       52     0.00000043     0.98516685     0.01483272
       53     0.00000049     0.98528434     0.01471517
       54     0.00000052     0.98563737     0.01436212
       55     0.00000059     0.98616653     0.01383288
       56     0.00000071     0.98680148     0.01319781
       57     0.00000080     0.98746409     0.01253511
       58     0.00000089     0.98806410     0.01193501
       59     0.00000104     0.98850300     0.01149596
       60     0.00000123     0.98867968     0.01131909
       61     0.00000140     0.98849062     0.01150798
       62     0.00000158     0.98784408     0.01215435
       63     0.00000180     0.98666547     0.01333272
       64     0.00000204     0.98491629     0.01508166
       65     0.00000225     0.98260857     0.01738919
       66     0.00000243     0.97982740     0.02017016
       67     0.00000261     0.97674131     0.02325607
       68     0.00000274     0.97362159     0.02637567
       69     0.00000281     0.97082930     0.02916789
       70     0.00000281     0.96879672     0.03120047
       71     0.00000278     0.96796349     0.03203373
       72     0.00000270     0.96869979     0.03129751
       73     0.00000258     0.97120642     0.02879100
       74     0.00000247     0.97540982     0.02458771
       75     0.00000239     0.98090821     0.01908940
       76     0.00000236     0.98697981     0.01301784
       77     0.00000238     0.99269640     0.00730122
       78     0.00000245     0.99712320     0.00287434
       79     0.00000256     0.99957195     0.00042550
       80     0.00000266     0.99982399     0.00017335
       81     0.00000272     0.99823648     0.00176080
       82     0.00000272     0.99566737     0.00432991
       83     0.00000266     0.99321518     0.00678217
       84     0.00000253     0.99184847     0.00814900
       85     0.00000238     0.99206017     0.00793744
       86     0.00000224     0.99370157     0.00629618
       87     0.00000214     0.99607237     0.00392549
       88     0.00000207     0.99825914     0.00173879
       89     0.00000205     0.99955769     0.00044026
       90     0.00000205     0.99977538     0.00022256
       91     0.00000205     0.99925172     0.00074623
       92     0.00000202     0.99859848     0.00139950
       93     0.00000198     0.99832464     0.00167338
       94     0.00000198     0.99857489     0.00142313
       95     0.00000200     0.99912811     0.00086988
       96     0.00000207     0.99962342     0.00037451
       97     0.00000217     0.99983045     0.00016738
       98     0.00000229     0.99977205     0.00022566
       99     0.00000243     0.99964019     0.00035738
      100     0.00000261     0.99960797     0.00038942
      101     0.00000283     0.99970425     0.00029292
      102     0.00000314     0.99983709     0.00015977
      103     0.00000353     0.99991012     0.00008634
      104     0.00000403     0.99990813     0.00008783
      105     0.00000465     0.99988456     0.00011079
      106     0.00000542     0.99988927     0.00010530
      107     0.00000639     0.99992229     0.00007132
      108     0.00000760     0.99995168     0.00004072
      109     0.00000911     0.99995857     0.00003232
      110     0.00001100     0.99995323     0.00003577
      111     0.00001336     0.99995339     0.00003325
      112     0.00001633     0.99996127     0.00002240
      113     0.00002006     0.99996677     0.00001317
      114     0.00002477     0.99996448     0.00001075
      115     0.00003071     0.99995862     0.00001067
      116     0.00003823     0.99995360     0.00000817
      117     0.00004780     0.99994771     0.00000449
      118     0.00006004     0.99993739     0.00000257
      119     0.00007577     0.99992205     0.00000218
      120     0.00009611     0.99990230     0.00000159
