#     Density Matrix: population Re; see the manual for detail orders
        0     0.00000000     0.00000000     1.00000000
        1     0.00000007     0.00000090     0.99999904
        2     0.00000008     0.00000944     0.99999047
        3     0.00000012     0.00003011     0.99996976
        4     0.00000014     0.00006486     0.99993500
        5     0.00000017     0.00012786     0.99987197
        6     0.00000020     0.00027446     0.99972534
        7     0.00000023     0.00066046     0.99933932
        8     0.00000025     0.00172919     0.99827056
        9     0.00000028     0.00493819     0.99506153
       10     0.00000030     0.01597125     0.98402845
       11     0.00000030     0.05970047     0.94029923
       12     0.00000014     0.59390855     0.40609131
       13     0.00000007     0.59349980     0.40650013
       14     0.00000042     0.28355774     0.71644184
       15     0.00000023     0.14984850     0.85015127
       16     0.00000035     0.07996794     0.92003171
       17     0.00000034     0.04578048     0.95421918
       18     0.00000028     0.03034814     0.96965158
       19     0.00000030     0.02435703     0.97564267
       20     0.00000026     0.02274735     0.97725239
       21     0.00000024     0.02283103     0.97716873
       22     0.00000025     0.02326024     0.97673951
       23     0.00000023     0.02344496     0.97655481
       24     0.00000024     0.02318629     0.97681348
       25     0.00000024     0.02249353     0.97750623
       26     0.00000024     0.02145062     0.97854913
       27     0.00000025     0.02016295     0.97983680
       28     0.00000026     0.01872605     0.98127369
       29     0.00000026     0.01721592     0.98278383
       30     0.00000026     0.01568980     0.98430994
       31     0.00000027     0.01419438     0.98580535
       32     0.00000027     0.01278451     0.98721522
       33     0.00000027     0.01155104     0.98844868
       34     0.00000028     0.01071812     0.98928160
       35     0.00000029     0.01094941     0.98905031
       36     0.00000030     0.01479755     0.98520215
       37     0.00000032     0.03790095     0.96209874
       38     0.00000036     0.24598543     0.75401421
       39     0.00000043     0.72270027     0.27729930
       40     0.00000040     0.92760424     0.07239536
       41     0.00000029     0.95955995     0.04043976
       42     0.00000033     0.96938753     0.03061215
       43     0.00000042     0.97393320     0.02606638
       44     0.00000039     0.97652880     0.02347082
       45     0.00000036     0.97821534     0.02178430
       46     0.00000043     0.97940696     0.02059260
       47     0.00000049     0.98030373     0.01969577
       48     0.00000049     0.98100741     0.01899211
       49     0.00000051     0.98157538     0.01842411
       50     0.00000060     0.98204018     0.01795922
       51     0.00000066     0.98242087     0.01757848
       52     0.00000068     0.98272789     0.01727143
       53     0.00000075     0.98296693     0.01703232
       54     0.00000085     0.98314218     0.01685697
       55     0.00000092     0.98325763     0.01674145
       56     0.00000098     0.98332454     0.01667448
       57     0.00000107     0.98336188     0.01663704
       58     0.00000119     0.98339959     0.01659922
       59     0.00000128     0.98348160     0.01651712
       60     0.00000135     0.98366806     0.01633059
       61     0.00000145     0.98402988     0.01596867
       62     0.00000156     0.98464094     0.01535749
       63     0.00000166     0.98557149     0.01442685
       64     0.00000175     0.98686973     0.01312852
       65     0.00000187     0.98854468     0.01145346
       66     0.00000201     0.99055004     0.00944795
       67     0.00000217     0.99277343     0.00722439
       68     0.00000235     0.99503164     0.00496601
       69     0.00000257     0.99708358     0.00291385
       70     0.00000283     0.99866002     0.00133715
       71     0.00000310     0.99950918     0.00048771
       72     0.00000338     0.99945540     0.00054122
       73     0.00000363     0.99845712     0.00153925
       74     0.00000385     0.99664772     0.00334843
       75     0.00000402     0.99434306     0.00565291
       76     0.00000412     0.99200171     0.00799417
       77     0.00000413     0.99013628     0.00985959
       78     0.00000407     0.98919319     0.01080274
       79     0.00000399     0.98943054     0.01056547
       80     0.00000390     0.99082873     0.00916737
       81     0.00000383     0.99307513     0.00692104
       82     0.00000381     0.99563964     0.00435655
       83     0.00000386     0.99792081     0.00207533
       84     0.00000396     0.99942827     0.00056777
       85     0.00000408     0.99993542     0.00006051
       86     0.00000419     0.99954470     0.00045110
       87     0.00000428     0.99863634     0.00135938
       88     0.00000433     0.99771509     0.00228059
       89     0.00000433     0.99721325     0.00278242
       90     0.00000432     0.99732856     0.00266712
       91     0.00000433     0.99796745     0.00202822
       92     0.00000439     0.99881958     0.00117603
       93     0.00000450     0.99952532     0.00047017
       94     0.00000466     0.99985261     0.00014273
       95     0.00000485     0.99979309     0.00020206
       96     0.00000506     0.99953098     0.00046396
       97     0.00000525     0.99931116     0.00068359
       98     0.00000544     0.99929052     0.00070404
       99     0.00000567     0.99946388     0.00053045
      100     0.00000597     0.99970184     0.00029219
      101     0.00000634     0.99986182     0.00013185
      102     0.00000677     0.99988706     0.00010618
      103     0.00000725     0.99982640     0.00016635
      104     0.00000780     0.99977355     0.00021865
      105     0.00000840     0.99978583     0.00020578
      106     0.00000900     0.99984953     0.00014146
      107     0.00000987     0.99991047     0.00007966
      108     0.00001120     0.99993103     0.00005777
      109     0.00001279     0.99991876     0.00006845
      110     0.00001446     0.99990660     0.00007894
      111     0.00001625     0.99991485     0.00006889
      112     0.00001843     0.99993549     0.00004608
      113     0.00002128     0.99994891     0.00002982
      114     0.00002494     0.99994778     0.00002728
      115     0.00002949     0.99994095     0.00002956
      116     0.00003503     0.99993849     0.00002648
      117     0.00004179     0.99993980     0.00001841
      118     0.00005021     0.99993763     0.00001216
      119     0.00006085     0.99992858     0.00001056
      120     0.00007442     0.99991525     0.00001034
