#     Density Matrix: population Re; see the manual for detail orders
        0     0.00000000     0.00000000     1.00000000
        1     0.00000000     0.00000572     0.99999428
        2     0.00000001     0.00005136     0.99994864
        3     0.00000001     0.00012737     0.99987262
        4     0.00000004     0.00018574     0.99981422
        5     0.00000005     0.00018676     0.99981318
        6     0.00000011     0.00014708     0.99985281
        7     0.00000014     0.00016000     0.99983986
        8     0.00000022     0.00037974     0.99962004
        9     0.00000028     0.00099640     0.99900333
       10     0.00000034     0.00227310     0.99772656
       11     0.00000044     0.00481198     0.99518759
       12     0.00000043     0.01052615     0.98947342
       13     0.00000056     0.02598975     0.97400969
       14     0.00000043     0.07327015     0.92672942
       15     0.00000046     0.20342028     0.79657926
       16     0.00000019     0.40250010     0.59749971
       17     0.00000032     0.48720773     0.51279195
       18     0.00000044     0.43581639     0.56418317
       19     0.00000064     0.36068415     0.63931521
       20     0.00000076     0.30527996     0.69471929
       21     0.00000067     0.27441623     0.72558310
       22     0.00000076     0.26518016     0.73481908
       23     0.00000066     0.27432373     0.72567561
       24     0.00000051     0.29962535     0.70037414
       25     0.00000054     0.34009909     0.65990037
       26     0.00000041     0.39559699     0.60440260
       27     0.00000033     0.46581956     0.53418011
       28     0.00000035     0.54863903     0.45136063
       29     0.00000023     0.63808616     0.36191361
       30     0.00000019     0.72426408     0.27573573
       31     0.00000022     0.79702018     0.20297960
       32     0.00000015     0.85065947     0.14934038
       33     0.00000012     0.88482176     0.11517812
       34     0.00000018     0.90097589     0.09902393
       35     0.00000017     0.89631089     0.10368895
       36     0.00000015     0.87514143     0.12485842
       37     0.00000025     0.83022933     0.16977042
       38     0.00000032     0.74506747     0.25493221
       39     0.00000030     0.58643525     0.41356445
       40     0.00000030     0.30886035     0.69113935
       41     0.00000029     0.04796739     0.95203232
       42     0.00000034     0.01403256     0.98596710
       43     0.00000048     0.07146198     0.92853754
       44     0.00000039     0.11865692     0.88134269
       45     0.00000017     0.15086266     0.84913716
       46     0.00000013     0.17496015     0.82503972
       47     0.00000013     0.19781760     0.80218227
       48     0.00000006     0.22589638     0.77410357
       49     0.00000000     0.34980987     0.65019013
       50     0.00000006     0.50858128     0.49141867
       51     0.00000017     0.64740156     0.35259828
       52     0.00000012     0.74127466     0.25872522
       53     0.00000005     0.79714854     0.20285141
       54     0.00000022     0.82899306     0.17100673
       55     0.00000040     0.84652358     0.15347602
       56     0.00000028     0.85524735     0.14475237
       57     0.00000018     0.85828756     0.14171226
       58     0.00000047     0.85758970     0.14240983
       59     0.00000067     0.85461870     0.14538063
       60     0.00000045     0.85075700     0.14924255
       61     0.00000038     0.84767078     0.15232883
       62     0.00000073     0.84776052     0.15223875
       63     0.00000086     0.85102074     0.14897839
       64     0.00000054     0.85847193     0.14152753
       65     0.00000043     0.87046603     0.12953354
       66     0.00000074     0.88593093     0.11406833
       67     0.00000085     0.90129508     0.09870407
       68     0.00000056     0.90972651     0.09027294
       69     0.00000044     0.90388038     0.09611918
       70     0.00000079     0.88534249     0.11465672
       71     0.00000095     0.86959491     0.13040415
       72     0.00000056     0.87094386     0.12905558
       73     0.00000027     0.88887232     0.11112741
       74     0.00000039     0.91450424     0.08549537
       75     0.00000041     0.94030098     0.05969861
       76     0.00000017     0.96243448     0.03756535
       77     0.00000002     0.97943978     0.02056020
       78     0.00000000     1.00000000     0.00000000
       79     0.00000027     0.99852601     0.00147372
       80     0.00000048     0.99564751     0.00435201
       81     0.00000015     0.99332474     0.00667510
       82     0.00000003     0.99264610     0.00735387
       83     0.00000022     0.99362865     0.00637113
       84     0.00000024     0.99544971     0.00455006
       85     0.00000013     0.99701757     0.00298230
       86     0.00000005     0.99760123     0.00239872
       87     0.00000021     0.99717757     0.00282223
       88     0.00000026     0.99631441     0.00368534
       89     0.00000006     0.99569985     0.00430009
       90     0.00000011     0.99566623     0.00433366
       91     0.00000021     0.99604785     0.00395194
       92     0.00000019     0.99643430     0.00356551
       93     0.00000006     0.99656022     0.00343972
       94     0.00000013     0.99647894     0.00352093
       95     0.00000032     0.99639819     0.00360149
       96     0.00000014     0.99639786     0.00360201
       97     0.00000004     0.99635817     0.00364179
       98     0.00000023     0.99617368     0.00382609
       99     0.00000034     0.99597578     0.00402388
      100     0.00000009     0.99604568     0.00395423
      101     0.00000008     0.99646017     0.00353975
      102     0.00000044     0.99688114     0.00311843
      103     0.00000032     0.99681616     0.00318352
      104     0.00000001     0.99616257     0.00383742
      105     0.00000023     0.99544995     0.00454982
      106     0.00000060     0.99541488     0.00458452
      107     0.00000028     0.99624010     0.00375962
      108     0.00000002     0.99724120     0.00275878
      109     0.00000049     0.99742248     0.00257703
      110     0.00000068     0.99644604     0.00355328
      111     0.00000019     0.99506296     0.00493685
      112     0.00000011     0.99451250     0.00548739
      113     0.00000075     0.99538614     0.00461312
      114     0.00000077     0.99701632     0.00298291
      115     0.00000015     0.99799813     0.00200173
      116     0.00000024     0.99741061     0.00258914
      117     0.00000088     0.99564879     0.00435033
      118     0.00000080     0.99411669     0.00588250
      119     0.00000017     0.99405460     0.00594523
      120     0.00000034     0.99551734     0.00448233
