#     Density Matrix: population Re; see the manual for detail orders
        0     0.00000000     0.00000000     1.00000000
        1     0.00000001     0.00000037     0.99999963
        2     0.00000002     0.00000170     0.99999828
        3     0.00000006     0.00000158     0.99999836
        4     0.00000009     0.00000420     0.99999570
        5     0.00000013     0.00001903     0.99998084
        6     0.00000018     0.00005841     0.99994142
        7     0.00000022     0.00015175     0.99984803
        8     0.00000026     0.00042245     0.99957729
        9     0.00000030     0.00154277     0.99845693
       10     0.00000034     0.01009685     0.98990282
       11     0.00000016     0.67797439     0.32202545
       12     0.00000003     0.44333312     0.55666686
       13     0.00000114     0.01358727     0.98641160
       14     0.00000028     0.00399395     0.99600577
       15     0.00000045     0.00154564     0.99845391
       16     0.00000054     0.00116155     0.99883792
       17     0.00000032     0.00141324     0.99858644
       18     0.00000049     0.00180701     0.99819250
       19     0.00000041     0.00216627     0.99783332
       20     0.00000041     0.00243885     0.99756074
       21     0.00000047     0.00262091     0.99737863
       22     0.00000044     0.00272436     0.99727520
       23     0.00000038     0.00276718     0.99723244
       24     0.00000037     0.00276755     0.99723208
       25     0.00000034     0.00273995     0.99725970
       26     0.00000032     0.00269455     0.99730514
       27     0.00000026     0.00264077     0.99735897
       28     0.00000018     0.00258990     0.99740992
       29     0.00000021     0.00256227     0.99743752
       30     0.00000021     0.00260239     0.99739740
       31     0.00000017     0.00281887     0.99718097
       32     0.00000019     0.00350413     0.99649567
       33     0.00000022     0.00559758     0.99440220
       34     0.00000013     0.01321190     0.98678797
       35     0.00000012     0.05910639     0.94089349
       36     0.00000015     0.38431488     0.61568497
       37     0.00000011     0.81984186     0.18015803
       38     0.00000014     0.93434415     0.06565571
       39     0.00000019     0.95804178     0.04195804
       40     0.00000014     0.96713433     0.03286553
       41     0.00000010     0.97185630     0.02814361
       42     0.00000017     0.97475832     0.02524151
       43     0.00000018     0.97673114     0.02326868
       44     0.00000011     0.97814720     0.02185269
       45     0.00000010     0.97918678     0.02081312
       46     0.00000015     0.97994459     0.02005526
       47     0.00000016     0.98047425     0.01952559
       48     0.00000012     0.98081361     0.01918627
       49     0.00000015     0.98099471     0.01900515
       50     0.00000018     0.98104961     0.01895022
       51     0.00000015     0.98101362     0.01898623
       52     0.00000013     0.98092380     0.01907608
       53     0.00000015     0.98081852     0.01918134
       54     0.00000016     0.98073488     0.01926497
       55     0.00000013     0.98070465     0.01929522
       56     0.00000012     0.98075236     0.01924752
       57     0.00000013     0.98089089     0.01910898
       58     0.00000014     0.98112100     0.01887886
       59     0.00000012     0.98142984     0.01857004
       60     0.00000011     0.98179454     0.01820535
       61     0.00000012     0.98218613     0.01781375
       62     0.00000012     0.98257384     0.01742604
       63     0.00000010     0.98292936     0.01707053
       64     0.00000009     0.98323227     0.01676763
       65     0.00000011     0.98347453     0.01652536
       66     0.00000013     0.98365966     0.01634022
       67     0.00000011     0.98380256     0.01619733
       68     0.00000011     0.98392704     0.01607285
       69     0.00000013     0.98405954     0.01594033
       70     0.00000015     0.98422519     0.01577467
       71     0.00000015     0.98444173     0.01555812
       72     0.00000017     0.98471686     0.01528297
       73     0.00000020     0.98504397     0.01495583
       74     0.00000019     0.98540258     0.01459723
       75     0.00000017     0.98576252     0.01423731
       76     0.00000021     0.98608860     0.01391119
       77     0.00000025     0.98634964     0.01365011
       78     0.00000025     0.98652380     0.01347595
       79     0.00000025     0.98660594     0.01339381
       80     0.00000030     0.98660858     0.01339112
       81     0.00000037     0.98656058     0.01343906
       82     0.00000041     0.98650447     0.01349512
       83     0.00000044     0.98648585     0.01351371
       84     0.00000051     0.98654689     0.01345260
       85     0.00000063     0.98671287     0.01328650
       86     0.00000076     0.98698955     0.01300969
       87     0.00000088     0.98735610     0.01264302
       88     0.00000103     0.98777037     0.01222860
       89     0.00000121     0.98817803     0.01182075
       90     0.00000139     0.98852434     0.01147427
       91     0.00000153     0.98877342     0.01122505
       92     0.00000168     0.98892010     0.01107822
       93     0.00000184     0.98900044     0.01099772
       94     0.00000200     0.98909005     0.01090795
       95     0.00000212     0.98928911     0.01070877
       96     0.00000220     0.98969957     0.01029823
       97     0.00000233     0.99039622     0.00960144
       98     0.00000250     0.99139734     0.00860016
       99     0.00000273     0.99265176     0.00734551
      100     0.00000297     0.99403937     0.00595765
      101     0.00000323     0.99539186     0.00460491
      102     0.00000354     0.99652980     0.00346665
      103     0.00000394     0.99730444     0.00269162
      104     0.00000441     0.99763692     0.00235867
      105     0.00000488     0.99754024     0.00245487
      106     0.00000533     0.99711795     0.00287672
      107     0.00000573     0.99653909     0.00345518
      108     0.00000609     0.99599548     0.00399843
      109     0.00000641     0.99565260     0.00434099
      110     0.00000668     0.99561089     0.00438243
      111     0.00000688     0.99588746     0.00410566
      112     0.00000705     0.99642194     0.00357101
      113     0.00000722     0.99710235     0.00289044
      114     0.00000743     0.99780098     0.00219159
      115     0.00000769     0.99840591     0.00158640
      116     0.00000799     0.99884270     0.00114931
      117     0.00000828     0.99908001     0.00091171
      118     0.00000849     0.99912597     0.00086554
      119     0.00000852     0.99901844     0.00097304
      120     0.00000860     0.99881568     0.00117572
