#     Density Matrix: population Re; see the manual for detail orders
        0     0.00000000     0.00000000     1.00000000
        1     0.00000008     0.00000344     0.99999647
        2     0.00000013     0.00002085     0.99997902
        3     0.00000016     0.00002956     0.99997029
        4     0.00000020     0.00002360     0.99997620
        5     0.00000023     0.00001226     0.99998751
        6     0.00000027     0.00000431     0.99999542
        7     0.00000029     0.00000149     0.99999822
        8     0.00000032     0.00000117     0.99999851
        9     0.00000034     0.00000208     0.99999758
       10     0.00000035     0.00001357     0.99998608
       11     0.00000036     0.00013397     0.99986566
       12     0.00000037     0.01284723     0.98715240
       13     0.00000036     0.00793116     0.99206848
       14     0.00000037     0.02228568     0.97771395
       15     0.00000035     0.01354600     0.98645365
       16     0.00000037     0.01000549     0.98999414
       17     0.00000038     0.00801345     0.99198617
       18     0.00000039     0.00673979     0.99325982
       19     0.00000039     0.00586963     0.99412998
       20     0.00000037     0.00525981     0.99473982
       21     0.00000039     0.00483513     0.99516447
       22     0.00000042     0.00455371     0.99544587
       23     0.00000040     0.00438710     0.99561250
       24     0.00000039     0.00431904     0.99568057
       25     0.00000039     0.00434106     0.99565855
       26     0.00000038     0.00445544     0.99554418
       27     0.00000036     0.00467830     0.99532134
       28     0.00000034     0.00505618     0.99494348
       29     0.00000031     0.00570950     0.99429018
       30     0.00000029     0.00698763     0.99301208
       31     0.00000026     0.01027638     0.98972336
       32     0.00000024     0.02739761     0.97260216
       33     0.00000015     0.35711519     0.64288466
       34     0.00000011     0.85646459     0.14353530
       35     0.00000023     0.93833744     0.06166233
       36     0.00000019     0.95115580     0.04884401
       37     0.00000010     0.95609503     0.04390488
       38     0.00000013     0.95866450     0.04133537
       39     0.00000015     0.96023132     0.03976852
       40     0.00000009     0.96128851     0.03871140
       41     0.00000007     0.96205956     0.03794036
       42     0.00000010     0.96265596     0.03734393
       43     0.00000009     0.96314800     0.03685191
       44     0.00000005     0.96358245     0.03641750
       45     0.00000006     0.96399079     0.03600915
       46     0.00000007     0.96439947     0.03560046
       47     0.00000006     0.96482592     0.03517402
       48     0.00000004     0.96528475     0.03471521
       49     0.00000005     0.96578276     0.03421719
       50     0.00000006     0.96631796     0.03368198
       51     0.00000005     0.96688423     0.03311573
       52     0.00000004     0.96747115     0.03252881
       53     0.00000006     0.96806129     0.03193865
       54     0.00000006     0.96863969     0.03136025
       55     0.00000006     0.96918672     0.03081323
       56     0.00000006     0.96968965     0.03031029
       57     0.00000008     0.97013955     0.02986038
       58     0.00000008     0.97053293     0.02946699
       59     0.00000008     0.97087500     0.02912492
       60     0.00000009     0.97117722     0.02882270
       61     0.00000010     0.97145600     0.02854390
       62     0.00000011     0.97173353     0.02826637
       63     0.00000010     0.97203415     0.02796575
       64     0.00000010     0.97237969     0.02762021
       65     0.00000012     0.97278737     0.02721251
       66     0.00000012     0.97326741     0.02673247
       67     0.00000012     0.97382065     0.02617923
       68     0.00000012     0.97443750     0.02556238
       69     0.00000014     0.97509936     0.02490050
       70     0.00000015     0.97578172     0.02421812
       71     0.00000016     0.97645673     0.02354311
       72     0.00000018     0.97709842     0.02290140
       73     0.00000021     0.97768545     0.02231434
       74     0.00000025     0.97820472     0.02179503
       75     0.00000029     0.97865350     0.02134622
       76     0.00000032     0.97903872     0.02096096
       77     0.00000037     0.97937495     0.02062468
       78     0.00000043     0.97968270     0.02031688
       79     0.00000048     0.97998481     0.02001471
       80     0.00000052     0.98030142     0.01969806
       81     0.00000056     0.98064857     0.01935087
       82     0.00000062     0.98103606     0.01896332
       83     0.00000067     0.98146748     0.01853185
       84     0.00000070     0.98194175     0.01805755
       85     0.00000074     0.98245631     0.01754295
       86     0.00000079     0.98300678     0.01699243
       87     0.00000085     0.98359115     0.01640800
       88     0.00000091     0.98421722     0.01578187
       89     0.00000099     0.98488449     0.01511452
       90     0.00000108     0.98559340     0.01440552
       91     0.00000121     0.98633488     0.01366391
       92     0.00000137     0.98709022     0.01290841
       93     0.00000156     0.98783260     0.01216584
       94     0.00000176     0.98851782     0.01148042
       95     0.00000201     0.98910333     0.01089466
       96     0.00000228     0.98955897     0.01043875
       97     0.00000254     0.98987108     0.01012637
       98     0.00000279     0.99005518     0.00994203
       99     0.00000300     0.99015951     0.00983749
      100     0.00000319     0.99024641     0.00975040
      101     0.00000336     0.99040376     0.00959288
      102     0.00000347     0.99071184     0.00928470
      103     0.00000353     0.99122745     0.00876902
      104     0.00000357     0.99196792     0.00802851
      105     0.00000364     0.99290164     0.00709472
      106     0.00000376     0.99395340     0.00604283
      107     0.00000394     0.99501651     0.00497955
      108     0.00000417     0.99597840     0.00401744
      109     0.00000444     0.99674197     0.00325359
      110     0.00000477     0.99724782     0.00274741
      111     0.00000511     0.99748489     0.00251000
      112     0.00000544     0.99748909     0.00250547
      113     0.00000575     0.99733325     0.00266100
      114     0.00000600     0.99711073     0.00288327
      115     0.00000616     0.99691681     0.00307703
      116     0.00000622     0.99682945     0.00316433
      117     0.00000623     0.99689795     0.00309582
      118     0.00000623     0.99713419     0.00285959
      119     0.00000624     0.99751352     0.00248024
      120     0.00000628     0.99798097     0.00201275
