#     Density Matrix: population Re; see the manual for detail orders
        0     0.00000000     0.00000000     1.00000000
        1     0.00000001     0.00000003     0.99999996
        2     0.00000002     0.00000011     0.99999987
        3     0.00000009     0.00000029     0.99999962
        4     0.00000013     0.00000492     0.99999495
        5     0.00000030     0.00002911     0.99997058
        6     0.00000038     0.00009690     0.99990273
        7     0.00000060     0.00023413     0.99976527
        8     0.00000063     0.00048686     0.99951251
        9     0.00000085     0.00100299     0.99899616
       10     0.00000082     0.00226067     0.99773852
       11     0.00000097     0.00581651     0.99418252
       12     0.00000087     0.01742031     0.98257882
       13     0.00000088     0.06271540     0.93728372
       14     0.00000064     0.24627095     0.75372841
       15     0.00000023     0.55429021     0.44570955
       16     0.00000028     0.52606819     0.47393153
       17     0.00000078     0.34826360     0.65173562
       18     0.00000066     0.23207250     0.76792684
       19     0.00000084     0.16843432     0.83156484
       20     0.00000083     0.13595395     0.86404522
       21     0.00000091     0.12114625     0.87885284
       22     0.00000193     0.11589634     0.88410173
       23     0.00000082     0.11516549     0.88483369
       24     0.00000079     0.11581837     0.88418084
       25     0.00000110     0.11604109     0.88395782
       26     0.00000006     0.11459120     0.88540874
       27     0.00000085     0.11054147     0.88945767
       28     0.00000137     0.10363955     0.89635908
       29     0.00000013     0.09286587     0.90713400
       30     0.00000058     0.07714991     0.92284950
       31     0.00000122     0.05621008     0.94378871
       32     0.00000023     0.03097088     0.96902890
       33     0.00000030     0.00907794     0.99092175
       34     0.00000116     0.01613596     0.98386288
       35     0.00000048     0.08802171     0.91197780
       36     0.00000008     0.21230607     0.78769385
       37     0.00000105     0.33207472     0.66792423
       38     0.00000087     0.42179645     0.57820267
       39     0.00000001     0.48816374     0.51183625
       40     0.00000060     0.54519627     0.45480313
       41     0.00000105     0.61219617     0.38780278
       42     0.00000023     0.74246853     0.25753124
       43     0.00000015     0.96234223     0.03765762
       44     0.00000072     0.85810640     0.14189288
       45     0.00000037     0.73023124     0.26976839
       46     0.00000005     0.68369350     0.31630645
       47     0.00000046     0.66453153     0.33546801
       48     0.00000051     0.65711049     0.34288900
       49     0.00000008     0.65672498     0.34327494
       50     0.00000014     0.66122822     0.33877164
       51     0.00000030     0.66900001     0.33099970
       52     0.00000025     0.67942787     0.32057188
       53     0.00000005     0.69214118     0.30785877
       54     0.00000020     0.70598061     0.29401919
       55     0.00000049     0.71905408     0.28094543
       56     0.00000014     0.72860875     0.27139111
       57     0.00000011     0.73062744     0.26937244
       58     0.00000083     0.71964035     0.28035882
       59     0.00000057     0.68906664     0.31093279
       60     0.00000006     0.63273432     0.36726562
       61     0.00000104     0.54840692     0.45159205
       62     0.00000079     0.44471183     0.55528737
       63     0.00000008     0.35074844     0.64925147
       64     0.00000107     0.32016910     0.67982983
       65     0.00000063     0.40605850     0.59394087
       66     0.00000005     0.59750351     0.40249644
       67     0.00000050     0.79401194     0.20598755
       68     0.00000012     0.89141697     0.10858291
       69     0.00000069     0.87178944     0.12820986
       70     0.00000028     0.78851301     0.21148671
       71     0.00000030     0.70575891     0.29424079
       72     0.00000088     0.66241418     0.33758494
       73     0.00000003     0.66523918     0.33476079
       74     0.00000063     0.69726534     0.30273403
       75     0.00000019     0.73273192     0.26726790
       76     0.00000053     0.75170434     0.24829513
       77     0.00000042     0.74874039     0.25125919
       78     0.00000025     0.73246132     0.26753843
       79     0.00000087     0.71727119     0.28272794
       80     0.00000005     0.71300505     0.28699490
       81     0.00000049     0.71940199     0.28059752
       82     0.00000021     0.72864458     0.27135521
       83     0.00000062     0.73293006     0.26706932
       84     0.00000005     0.73056634     0.26943362
       85     0.00000068     0.72579616     0.27420316
       86     0.00000045     0.72342672     0.27657283
       87     0.00000012     0.72428929     0.27571058
       88     0.00000025     0.72591910     0.27408065
       89     0.00000079     0.72643744     0.27356177
       90     0.00000021     0.72654035     0.27345945
       91     0.00000041     0.72742624     0.27257334
       92     0.00000092     0.72812655     0.27187253
       93     0.00000019     0.72661710     0.27338272
       94     0.00000014     0.72350132     0.27649854
       95     0.00000117     0.72260678     0.27739205
       96     0.00000068     0.72625655     0.27374277
       97     0.00000018     0.73105867     0.26894115
       98     0.00000135     0.73081464     0.26918401
       99     0.00000105     0.72438014     0.27561881
      100     0.00000014     0.71871902     0.28128085
      101     0.00000156     0.72133607     0.27866237
      102     0.00000205     0.73040709     0.26959086
      103     0.00000042     0.73558260     0.26441699
      104     0.00000131     0.72977950     0.27021919
      105     0.00000270     0.71855886     0.28143844
      106     0.00000126     0.71479000     0.28520874
      107     0.00000108     0.72379064     0.27620828
      108     0.00000345     0.73633586     0.26366069
      109     0.00000248     0.73829949     0.26169803
      110     0.00000080     0.72681811     0.27318109
      111     0.00000263     0.71386656     0.28613081
      112     0.00000430     0.71334294     0.28665277
      113     0.00000213     0.72600794     0.27398994
      114     0.00000203     0.73879780     0.26120017
      115     0.00000422     0.73876380     0.26123198
      116     0.00000325     0.72627027     0.27372649
      117     0.00000121     0.71398871     0.28601008
      118     0.00000321     0.71362440     0.28637239
      119     0.00000658     0.72451733     0.27547609
      120     0.00000378     0.73560270     0.26439352
