#     Density Matrix: population Re; see the manual for detail orders
        0     0.00000000     0.00000000     1.00000000
        1     0.00000007     0.00000048     0.99999945
        2     0.00000009     0.00000513     0.99999479
        3     0.00000014     0.00001645     0.99998341
        4     0.00000015     0.00003466     0.99996519
        5     0.00000020     0.00006412     0.99993568
        6     0.00000022     0.00012344     0.99987633
        7     0.00000026     0.00025926     0.99974048
        8     0.00000029     0.00058326     0.99941644
        9     0.00000032     0.00140264     0.99859704
       10     0.00000035     0.00372014     0.99627951
       11     0.00000037     0.01152667     0.98847296
       12     0.00000036     0.04475373     0.95524591
       13     0.00000016     0.58915786     0.41084197
       14     0.00000006     0.58193058     0.41806936
       15     0.00000065     0.19760668     0.80239267
       16     0.00000031     0.08531778     0.91468191
       17     0.00000045     0.03691213     0.96308743
       18     0.00000044     0.01695235     0.98304721
       19     0.00000037     0.00966947     0.99033016
       20     0.00000042     0.00779252     0.99220706
       21     0.00000038     0.00790819     0.99209143
       22     0.00000036     0.00845308     0.99154656
       23     0.00000038     0.00877544     0.99122418
       24     0.00000039     0.00866035     0.99133925
       25     0.00000039     0.00808989     0.99190972
       26     0.00000038     0.00713280     0.99286682
       27     0.00000038     0.00590207     0.99409755
       28     0.00000037     0.00456245     0.99543718
       29     0.00000036     0.00339292     0.99660672
       30     0.00000035     0.00294502     0.99705463
       31     0.00000034     0.00442900     0.99557066
       32     0.00000032     0.01069736     0.98930232
       33     0.00000031     0.02875499     0.97124470
       34     0.00000030     0.07513345     0.92486625
       35     0.00000029     0.17826185     0.82173786
       36     0.00000028     0.34702592     0.65297380
       37     0.00000024     0.53163246     0.46836730
       38     0.00000025     0.68087619     0.31912356
       39     0.00000032     0.78456491     0.21543477
       40     0.00000026     0.84630661     0.15369313
       41     0.00000019     0.88269978     0.11730003
       42     0.00000023     0.90507659     0.09492318
       43     0.00000025     0.91960992     0.08038983
       44     0.00000020     0.92956820     0.07043159
       45     0.00000019     0.93673282     0.06326699
       46     0.00000023     0.94210832     0.05789145
       47     0.00000023     0.94628259     0.05371718
       48     0.00000020     0.94960844     0.05039135
       49     0.00000022     0.95230430     0.04769549
       50     0.00000025     0.95449761     0.04550214
       51     0.00000024     0.95626836     0.04373139
       52     0.00000023     0.95766481     0.04233496
       53     0.00000025     0.95871961     0.04128014
       54     0.00000028     0.95945428     0.04054544
       55     0.00000028     0.95989623     0.04010349
       56     0.00000028     0.96007368     0.03992604
       57     0.00000030     0.96002665     0.03997305
       58     0.00000032     0.95981015     0.04018953
       59     0.00000033     0.95948544     0.04051423
       60     0.00000033     0.95912211     0.04087755
       61     0.00000036     0.95880195     0.04119770
       62     0.00000039     0.95860032     0.04139929
       63     0.00000042     0.95858589     0.04141368
       64     0.00000046     0.95881023     0.04118931
       65     0.00000052     0.95929926     0.04070022
       66     0.00000061     0.96004516     0.03995423
       67     0.00000071     0.96100349     0.03899580
       68     0.00000083     0.96209583     0.03790333
       69     0.00000098     0.96321086     0.03678816
       70     0.00000117     0.96421435     0.03578449
       71     0.00000138     0.96497263     0.03502599
       72     0.00000159     0.96536593     0.03463247
       73     0.00000182     0.96531511     0.03468307
       74     0.00000206     0.96479598     0.03520196
       75     0.00000230     0.96385385     0.03614384
       76     0.00000251     0.96260780     0.03738969
       77     0.00000269     0.96124648     0.03875083
       78     0.00000284     0.96000827     0.03998889
       79     0.00000295     0.95915744     0.04083961
       80     0.00000301     0.95895630     0.04104068
       81     0.00000303     0.95962422     0.04037275
       82     0.00000302     0.96130136     0.03869562
       83     0.00000301     0.96402318     0.03597381
       84     0.00000302     0.96769069     0.03230629
       85     0.00000310     0.97207301     0.02792389
       86     0.00000327     0.97680973     0.02318700
       87     0.00000356     0.98145568     0.01854076
       88     0.00000400     0.98553643     0.01445957
       89     0.00000458     0.98862791     0.01136751
       90     0.00000527     0.99043982     0.00955491
       91     0.00000601     0.99088749     0.00910650
       92     0.00000673     0.99012642     0.00986685
       93     0.00000734     0.98854960     0.01144306
       94     0.00000777     0.98671890     0.01327333
       95     0.00000798     0.98525254     0.01473948
       96     0.00000797     0.98468280     0.01530923
       97     0.00000781     0.98532304     0.01466916
       98     0.00000758     0.98717710     0.01281531
       99     0.00000743     0.98992702     0.01006555
      100     0.00000747     0.99300545     0.00698708
      101     0.00000773     0.99575791     0.00423436
      102     0.00000820     0.99763378     0.00235802
      103     0.00000879     0.99836057     0.00163065
      104     0.00000934     0.99803263     0.00195803
      105     0.00000974     0.99707459     0.00291567
      106     0.00000991     0.99608485     0.00390524
      107     0.00000986     0.99560554     0.00438460
      108     0.00000971     0.99591337     0.00407692
      109     0.00000963     0.99691797     0.00307240
      110     0.00000977     0.99822141     0.00176881
      111     0.00001019     0.99932077     0.00066904
      112     0.00001086     0.99985339     0.00013575
      113     0.00001167     0.99976447     0.00022386
      114     0.00001248     0.99930544     0.00068208
      115     0.00001324     0.99886854     0.00111822
      116     0.00001400     0.99875595     0.00123006
      117     0.00001488     0.99902244     0.00096268
      118     0.00001605     0.99948083     0.00050312
      119     0.00001761     0.99985540     0.00012698
      120     0.00001957     0.99997221     0.00000822
