#     Density Matrix: population Re; see the manual for detail orders
        0     0.00000000     0.00000000     1.00000000
        1     0.00000003     0.00001131     0.99998866
        2     0.00000005     0.00009225     0.99990770
        3     0.00000008     0.00020943     0.99979050
        4     0.00000011     0.00030250     0.99969740
        5     0.00000013     0.00035813     0.99964174
        6     0.00000017     0.00047857     0.99952126
        7     0.00000019     0.00099921     0.99900061
        8     0.00000021     0.00295504     0.99704475
        9     0.00000023     0.01072692     0.98927285
       10     0.00000010     0.49506695     0.50493295
       11     0.00000012     0.59365972     0.40634017
       12     0.00000067     0.72307792     0.27692141
       13     0.00000033     0.51360759     0.48639208
       14     0.00000044     0.41233776     0.58766180
       15     0.00000009     0.35931517     0.64068474
       16     0.00000027     0.31974777     0.68025196
       17     0.00000025     0.29004542     0.70995433
       18     0.00000012     0.26715309     0.73284680
       19     0.00000022     0.24881255     0.75118724
       20     0.00000014     0.23342585     0.76657401
       21     0.00000017     0.22005109     0.77994874
       22     0.00000022     0.20814302     0.79185676
       23     0.00000018     0.19757756     0.80242226
       24     0.00000022     0.18826406     0.81173572
       25     0.00000025     0.17998357     0.82001618
       26     0.00000025     0.17284707     0.82715268
       27     0.00000021     0.16679750     0.83320229
       28     0.00000026     0.16168188     0.83831786
       29     0.00000031     0.15739610     0.84260359
       30     0.00000026     0.15375211     0.84624764
       31     0.00000027     0.15067860     0.84932113
       32     0.00000030     0.14803158     0.85196812
       33     0.00000026     0.14570095     0.85429879
       34     0.00000026     0.14359349     0.85640625
       35     0.00000024     0.14162896     0.85837080
       36     0.00000012     0.13973267     0.86026721
       37     0.00000013     0.13785071     0.86214916
       38     0.00000023     0.13587972     0.86412005
       39     0.00000032     0.13370647     0.86629321
       40     0.00000023     0.13111485     0.86888492
       41     0.00000020     0.12746490     0.87253490
       42     0.00000027     0.12024327     0.87975645
       43     0.00000031     0.25192924     0.74807045
       44     0.00000002     0.64811673     0.35188325
       45     0.00000019     0.70628686     0.29371295
       46     0.00000047     0.71830782     0.28169171
       47     0.00000021     0.72496666     0.27503313
       48     0.00000001     0.73003301     0.26996698
       49     0.00000027     0.73445293     0.26554680
       50     0.00000038     0.73855517     0.26144445
       51     0.00000013     0.74246305     0.25753682
       52     0.00000010     0.74628454     0.25371536
       53     0.00000029     0.74993553     0.25006418
       54     0.00000029     0.75336584     0.24663387
       55     0.00000020     0.75665539     0.24334441
       56     0.00000037     0.75976448     0.24023515
       57     0.00000060     0.76272171     0.23727769
       58     0.00000058     0.76553439     0.23446503
       59     0.00000059     0.76821124     0.23178817
       60     0.00000092     0.77080750     0.22919158
       61     0.00000118     0.77336369     0.22663513
       62     0.00000117     0.77570018     0.22429864
       63     0.00000128     0.77782294     0.22217578
       64     0.00000170     0.78028379     0.21971451
       65     0.00000197     0.78316375     0.21683428
       66     0.00000193     0.78625904     0.21373904
       67     0.00000204     0.78932896     0.21066900
       68     0.00000236     0.79277856     0.20721908
       69     0.00000243     0.79700093     0.20299664
       70     0.00000223     0.80186924     0.19812853
       71     0.00000211     0.80747024     0.19252765
       72     0.00000205     0.81420661     0.18579134
       73     0.00000188     0.82247225     0.17752587
       74     0.00000155     0.83231357     0.16768487
       75     0.00000129     0.84379783     0.15620088
       76     0.00000121     0.85700616     0.14299263
       77     0.00000123     0.87155954     0.12843924
       78     0.00000121     0.88634465     0.11365414
       79     0.00000133     0.90054827     0.09945040
       80     0.00000173     0.91344850     0.08654977
       81     0.00000241     0.92411685     0.07588075
       82     0.00000314     0.93182207     0.06817479
       83     0.00000376     0.93622955     0.06376670
       84     0.00000432     0.93753009     0.06246558
       85     0.00000504     0.93641902     0.06357594
       86     0.00000593     0.93424716     0.06574690
       87     0.00000614     0.93266493     0.06732893
       88     0.00000555     0.93303546     0.06695898
       89     0.00000467     0.93638475     0.06361058
       90     0.00000382     0.94303308     0.05696310
       91     0.00000350     0.95241112     0.04758537
       92     0.00000375     0.96320439     0.03679186
       93     0.00000425     0.97365538     0.02634037
       94     0.00000430     0.98204549     0.01795020
       95     0.00000451     0.98730849     0.01268700
       96     0.00000573     0.98929330     0.01070096
       97     0.00000693     0.98879926     0.01119380
       98     0.00000785     0.98728470     0.01270744
       99     0.00000787     0.98627689     0.01371524
      100     0.00000692     0.98683582     0.01315726
      101     0.00000666     0.98916963     0.01082370
      102     0.00000785     0.99260218     0.00738998
      103     0.00000922     0.99598614     0.00400464
      104     0.00000996     0.99827645     0.00171359
      105     0.00001002     0.99903662     0.00095337
      106     0.00000990     0.99859208     0.00139802
      107     0.00001094     0.99776816     0.00222090
      108     0.00001274     0.99737086     0.00261640
      109     0.00001422     0.99774775     0.00223803
      110     0.00001505     0.99866068     0.00132427
      111     0.00001577     0.99954931     0.00043492
      112     0.00001716     0.99996282     0.00002002
      113     0.00001916     0.99984968     0.00013116
      114     0.00002116     0.99950991     0.00046893
      115     0.00002441     0.99932883     0.00064676
      116     0.00002829     0.99944508     0.00052663
      117     0.00003162     0.99971684     0.00025154
      118     0.00003405     0.99990444     0.00006150
      119     0.00003813     0.99989979     0.00006208
      120     0.00004455     0.99978781     0.00016764
