#     Density Matrix: population Re; see the manual for detail orders
        0     0.00000000     0.00000000     1.00000000
        1     0.00000010     0.00000172     0.99999818
        2     0.00000011     0.00001634     0.99998355
        3     0.00000032     0.00004633     0.99995336
        4     0.00000027     0.00008748     0.99991225
        5     0.00000062     0.00014811     0.99985126
        6     0.00000049     0.00029677     0.99970273
        7     0.00000090     0.00075962     0.99923948
        8     0.00000071     0.00220535     0.99779394
        9     0.00000102     0.00696576     0.99303322
       10     0.00000086     0.02594323     0.97405590
       11     0.00000085     0.12837911     0.87162005
       12     0.00000113     0.62443225     0.37556662
       13     0.00000012     0.61498399     0.38501589
       14     0.00000192     0.40206738     0.59793070
       15     0.00000008     0.30674852     0.69325140
       16     0.00000140     0.25548060     0.74451800
       17     0.00000116     0.22271554     0.77728330
       18     0.00000015     0.19780118     0.80219867
       19     0.00000198     0.17578501     0.82421301
       20     0.00000064     0.15453298     0.84546638
       21     0.00000041     0.13349036     0.86650924
       22     0.00000150     0.11301519     0.88698331
       23     0.00000038     0.09381687     0.90618275
       24     0.00000051     0.07655893     0.92344056
       25     0.00000104     0.06169640     0.93830256
       26     0.00000040     0.04933184     0.95066776
       27     0.00000058     0.03940343     0.96059599
       28     0.00000076     0.03176070     0.96823853
       29     0.00000048     0.02621959     0.97377993
       30     0.00000059     0.02265908     0.97734033
       31     0.00000066     0.02103324     0.97896610
       32     0.00000061     0.02141783     0.97858155
       33     0.00000056     0.02413258     0.97586686
       34     0.00000048     0.02996845     0.97003107
       35     0.00000076     0.04075402     0.95924522
       36     0.00000052     0.06268637     0.93731311
       37     0.00000043     0.10027385     0.89972572
       38     0.00000095     0.15949884     0.84050022
       39     0.00000042     0.23926859     0.76073099
       40     0.00000051     0.32152838     0.67847111
       41     0.00000105     0.37479478     0.62520417
       42     0.00000027     0.37720164     0.62279809
       43     0.00000073     0.35134135     0.64865792
       44     0.00000115     0.41671330     0.58328555
       45     0.00000026     0.65411446     0.34588528
       46     0.00000042     0.85667730     0.14332227
       47     0.00000076     0.95049312     0.04950612
       48     0.00000053     0.98613418     0.01386529
       49     0.00000000     1.00000000     0.00000000
       50     0.00000000     0.99522743     0.00477257
       51     0.00000001     0.98727515     0.01272484
       52     0.00000001     0.98202468     0.01797532
       53     0.00000001     0.98136932     0.01863068
       54     0.00000002     0.98435580     0.01564419
       55     0.00000001     0.98856039     0.01143960
       56     0.00000000     1.00000000     0.00000000
       57     0.00000000     0.99980783     0.00019217
       58     0.00000001     0.99945307     0.00054693
       59     0.00000000     0.99923812     0.00076188
       60     0.00000000     0.99929625     0.00070375
       61     0.00000001     0.99954374     0.00045625
       62     0.00000000     0.99977807     0.00022193
       63     0.00000000     0.99984458     0.00015542
       64     0.00000000     0.99974424     0.00025575
       65     0.00000000     0.99960452     0.00039548
       66     0.00000000     0.99955196     0.00044804
       67     0.00000000     0.99960732     0.00039268
       68     0.00000000     0.99969315     0.00030685
       69     0.00000000     0.99972925     0.00027075
       70     0.00000000     0.99970788     0.00029212
       71     0.00000000     0.99967686     0.00032314
       72     0.00000000     0.99966841     0.00033158
       73     0.00000000     0.99966802     0.00033197
       74     0.00000000     0.99965469     0.00034531
       75     0.00000000     0.99964554     0.00035445
       76     0.00000001     0.99967374     0.00032625
       77     0.00000001     0.99972633     0.00027367
       78     0.00000001     0.99973754     0.00026245
       79     0.00000002     0.99966815     0.00033183
       80     0.00000002     0.99957643     0.00042355
       81     0.00000001     0.99957229     0.00042770
       82     0.00000003     0.99968483     0.00031514
       83     0.00000005     0.99980142     0.00019853
       84     0.00000003     0.99977562     0.00022434
       85     0.00000004     0.99960131     0.00039865
       86     0.00000007     0.99944810     0.00055183
       87     0.00000007     0.99949144     0.00050849
       88     0.00000005     0.99970986     0.00029009
       89     0.00000008     0.99988073     0.00011919
       90     0.00000010     0.99980193     0.00019796
       91     0.00000008     0.99951412     0.00048580
       92     0.00000008     0.99928195     0.00071798
       93     0.00000011     0.99933873     0.00066116
       94     0.00000012     0.99964684     0.00035305
       95     0.00000008     0.99991837     0.00008155
       96     0.00000009     0.99988273     0.00011718
       97     0.00000013     0.99954475     0.00045512
       98     0.00000011     0.99918749     0.00081240
       99     0.00000008     0.99911921     0.00088071
      100     0.00000010     0.99940009     0.00059981
      101     0.00000012     0.99979235     0.00020753
      102     0.00000010     0.99996937     0.00003053
      103     0.00000007     0.99979169     0.00020824
      104     0.00000008     0.99941324     0.00058668
      105     0.00000010     0.99914107     0.00085883
      106     0.00000008     0.99918141     0.00081851
      107     0.00000005     0.99948656     0.00051339
      108     0.00000006     0.99981457     0.00018537
      109     0.00000007     0.99993323     0.00006670
      110     0.00000006     0.99979314     0.00020680
      111     0.00000003     0.99954017     0.00045980
      112     0.00000003     0.99937884     0.00062113
      113     0.00000004     0.99941226     0.00058769
      114     0.00000004     0.99958417     0.00041579
      115     0.00000001     0.99975126     0.00024873
      116     0.00000001     0.99980750     0.00019249
      117     0.00000001     0.99975376     0.00024623
      118     0.00000001     0.99966845     0.00033154
      119     0.00000000     0.99962407     0.00037593
      120     0.00000000     0.99963140     0.00036860
