#     Density Matrix: population Re; see the manual for detail orders
        0     0.00000000     0.00000000     1.00000000
        1     0.00000007     0.00000446     0.99999547
        2     0.00000010     0.00003817     0.99996173
        3     0.00000014     0.00009154     0.99990832
        4     0.00000016     0.00013889     0.99986095
        5     0.00000019     0.00017732     0.99982248
        6     0.00000021     0.00026353     0.99973626
        7     0.00000023     0.00055598     0.99944379
        8     0.00000025     0.00147350     0.99852625
        9     0.00000026     0.00452812     0.99547163
       10     0.00000013     0.50127494     0.49872494
       11     0.00000017     0.51962568     0.48037416
       12     0.00000019     0.18634616     0.81365364
       13     0.00000021     0.11560509     0.88439470
       14     0.00000028     0.10023440     0.89976532
       15     0.00000028     0.07925504     0.92074468
       16     0.00000030     0.05980179     0.94019790
       17     0.00000028     0.04465179     0.95534793
       18     0.00000027     0.03381581     0.96618392
       19     0.00000028     0.02648405     0.97351567
       20     0.00000028     0.02172972     0.97827000
       21     0.00000028     0.01875962     0.98124010
       22     0.00000028     0.01695746     0.98304227
       23     0.00000027     0.01586862     0.98413112
       24     0.00000026     0.01517847     0.98482127
       25     0.00000025     0.01467129     0.98532846
       26     0.00000024     0.01420910     0.98579066
       27     0.00000023     0.01371040     0.98628937
       28     0.00000022     0.01314468     0.98685510
       29     0.00000022     0.01253916     0.98746062
       30     0.00000022     0.01201012     0.98798966
       31     0.00000020     0.01185677     0.98814302
       32     0.00000020     0.01278707     0.98721273
       33     0.00000020     0.01651391     0.98348589
       34     0.00000019     0.02740216     0.97259765
       35     0.00000018     0.05697260     0.94302722
       36     0.00000018     0.13254435     0.86745547
       37     0.00000018     0.28741679     0.71258303
       38     0.00000017     0.49234486     0.50765496
       39     0.00000016     0.66452986     0.33546998
       40     0.00000014     0.78253586     0.21746400
       41     0.00000012     0.87647357     0.12352631
       42     0.00000015     0.96020170     0.03979815
       43     0.00000020     0.95458228     0.04541752
       44     0.00000015     0.85511215     0.14488770
       45     0.00000009     0.76155759     0.23844232
       46     0.00000012     0.69834578     0.30165410
       47     0.00000013     0.65687125     0.34312862
       48     0.00000009     0.63007603     0.36992388
       49     0.00000008     0.61413357     0.38586635
       50     0.00000010     0.60695140     0.39304850
       51     0.00000009     0.60737501     0.39262490
       52     0.00000008     0.61466026     0.38533966
       53     0.00000009     0.62824082     0.37175908
       54     0.00000013     0.64746794     0.35253193
       55     0.00000016     0.67144658     0.32855326
       56     0.00000020     0.69885820     0.30114161
       57     0.00000027     0.72778730     0.27221243
       58     0.00000036     0.75572266     0.24427697
       59     0.00000045     0.77951836     0.22048118
       60     0.00000055     0.79575871     0.20424074
       61     0.00000065     0.80140569     0.19859366
       62     0.00000073     0.79469839     0.20530088
       63     0.00000077     0.77632196     0.22367727
       64     0.00000077     0.75039892     0.24960031
       65     0.00000072     0.72472091     0.27527837
       66     0.00000062     0.70986303     0.29013635
       67     0.00000048     0.71635994     0.28363958
       68     0.00000033     0.75020202     0.24979765
       69     0.00000019     0.80852981     0.19147000
       70     0.00000010     0.87821467     0.12178523
       71     0.00000008     0.94072404     0.05927589
       72     0.00000010     0.98107668     0.01892322
       73     0.00000012     0.99483642     0.00516346
       74     0.00000013     0.98869768     0.01130219
       75     0.00000014     0.97526677     0.02473309
       76     0.00000012     0.96602163     0.03397825
       77     0.00000008     0.96645926     0.03354066
       78     0.00000005     0.97522259     0.02477736
       79     0.00000003     0.98676919     0.01323078
       80     0.00000003     0.99553865     0.00446132
       81     0.00000003     0.99903264     0.00096733
       82     0.00000004     0.99832688     0.00167308
       83     0.00000005     0.99635669     0.00364326
       84     0.00000005     0.99556011     0.00443984
       85     0.00000004     0.99653267     0.00346729
       86     0.00000004     0.99829281     0.00170715
       87     0.00000006     0.99954445     0.00045549
       88     0.00000008     0.99977636     0.00022357
       89     0.00000010     0.99941035     0.00058955
       90     0.00000013     0.99915051     0.00084937
       91     0.00000016     0.99930201     0.00069782
       92     0.00000021     0.99965677     0.00034302
       93     0.00000027     0.99988041     0.00011932
       94     0.00000036     0.99988272     0.00011692
       95     0.00000047     0.99981304     0.00018649
       96     0.00000058     0.99981044     0.00018898
       97     0.00000072     0.99986606     0.00013322
       98     0.00000091     0.99990854     0.00009055
       99     0.00000114     0.99992503     0.00007382
      100     0.00000139     0.99994496     0.00005365
      101     0.00000167     0.99996337     0.00003496
      102     0.00000201     0.99995212     0.00004587
      103     0.00000241     0.99992666     0.00007093
      104     0.00000283     0.99993453     0.00006264
      105     0.00000332     0.99997586     0.00002082
      106     0.00000386     0.99999498     0.00000116
      107     0.00000445     0.99996579     0.00002975
      108     0.00000509     0.99993345     0.00006146
      109     0.00000578     0.99994468     0.00004955
      110     0.00000657     0.99997888     0.00001455
      111     0.00000738     0.99998493     0.00000769
      112     0.00000824     0.99995846     0.00003330
      113     0.00000919     0.99994075     0.00005006
      114     0.00001024     0.99995322     0.00003654
      115     0.00001138     0.99997191     0.00001671
      116     0.00001261     0.99996985     0.00001754
      117     0.00001391     0.99995445     0.00003164
      118     0.00001525     0.99994903     0.00003572
      119     0.00001667     0.99995778     0.00002555
      120     0.00001829     0.99996525     0.00001646
