#     Density Matrix: population Re; see the manual for detail orders
        0     0.00000000     0.00000000     1.00000000
        1     0.00000008     0.00002866     0.99997125
        2     0.00000005     0.00019481     0.99980513
        3     0.00000003     0.00032912     0.99967085
        4     0.00000005     0.00031907     0.99968088
        5     0.00000002     0.00020640     0.99979359
        6     0.00000015     0.00010515     0.99989470
        7     0.00000005     0.00007736     0.99992259
        8     0.00000033     0.00009450     0.99990517
        9     0.00000014     0.00010152     0.99989834
       10     0.00000054     0.00009267     0.99990679
       11     0.00000030     0.00012361     0.99987609
       12     0.00000071     0.00026357     0.99973572
       13     0.00000050     0.00054436     0.99945514
       14     0.00000074     0.00097895     0.99902031
       15     0.00000075     0.00188678     0.99811247
       16     0.00000061     0.00778340     0.99221600
       17     0.00000092     0.32495552     0.67504356
       18     0.00000017     0.29806862     0.70193121
       19     0.00000315     0.33346746     0.66652939
       20     0.00000096     0.30014074     0.69985830
       21     0.00000196     0.27973833     0.72025971
       22     0.00000263     0.26754158     0.73245578
       23     0.00000053     0.26085663     0.73914284
       24     0.00000263     0.25793634     0.74206103
       25     0.00000148     0.25758342     0.74241510
       26     0.00000081     0.25896429     0.74103491
       27     0.00000296     0.26151644     0.73848059
       28     0.00000104     0.26480724     0.73519172
       29     0.00000103     0.26842751     0.73157146
       30     0.00000286     0.27215620     0.72784094
       31     0.00000113     0.27599915     0.72399972
       32     0.00000130     0.27983272     0.72016598
       33     0.00000312     0.28369528     0.71630160
       34     0.00000164     0.28766818     0.71233018
       35     0.00000130     0.29191346     0.70808523
       36     0.00000278     0.29656415     0.70343307
       37     0.00000199     0.30209082     0.69790719
       38     0.00000113     0.30947965     0.69051922
       39     0.00000224     0.32015757     0.67984019
       40     0.00000213     0.34102574     0.65897213
       41     0.00000113     0.41342626     0.58657260
       42     0.00000181     0.70108288     0.29891532
       43     0.00000262     0.82414485     0.17585253
       44     0.00000153     0.80702055     0.19297792
       45     0.00000137     0.79822767     0.20177096
       46     0.00000245     0.79349930     0.20649825
       47     0.00000218     0.79069465     0.20930318
       48     0.00000137     0.78889346     0.21110518
       49     0.00000190     0.78761462     0.21238348
       50     0.00000248     0.78678812     0.21320940
       51     0.00000180     0.78631470     0.21368351
       52     0.00000145     0.78612901     0.21386954
       53     0.00000216     0.78618330     0.21381454
       54     0.00000232     0.78643989     0.21355779
       55     0.00000163     0.78686174     0.21313663
       56     0.00000158     0.78740862     0.21258980
       57     0.00000220     0.78804070     0.21195710
       58     0.00000221     0.78871967     0.21127812
       59     0.00000164     0.78940631     0.21059205
       60     0.00000161     0.79006227     0.20993613
       61     0.00000216     0.79065607     0.20934176
       62     0.00000227     0.79116478     0.20883294
       63     0.00000168     0.79157215     0.20842617
       64     0.00000148     0.79187052     0.20812799
       65     0.00000218     0.79206460     0.20793322
       66     0.00000248     0.79216986     0.20782766
       67     0.00000164     0.79220747     0.20779089
       68     0.00000131     0.79220288     0.20779581
       69     0.00000239     0.79218574     0.20781187
       70     0.00000275     0.79215456     0.20784269
       71     0.00000165     0.79216125     0.20783709
       72     0.00000139     0.79226294     0.20773568
       73     0.00000270     0.79241621     0.20758109
       74     0.00000284     0.79262412     0.20737304
       75     0.00000126     0.79273410     0.20726464
       76     0.00000134     0.79271715     0.20728150
       77     0.00000284     0.79284521     0.20715195
       78     0.00000255     0.79295110     0.20704635
       79     0.00000084     0.79302277     0.20697639
       80     0.00000115     0.79314211     0.20685674
       81     0.00000276     0.79318849     0.20680876
       82     0.00000235     0.79319581     0.20680184
       83     0.00000103     0.79327827     0.20672070
       84     0.00000121     0.79333860     0.20666019
       85     0.00000222     0.79332685     0.20667092
       86     0.00000237     0.79339743     0.20660020
       87     0.00000185     0.79358396     0.20641419
       88     0.00000118     0.79389615     0.20610267
       89     0.00000087     0.79448934     0.20550979
       90     0.00000154     0.79508728     0.20491119
       91     0.00000267     0.79547966     0.20451767
       92     0.00000144     0.79581512     0.20418344
       93     0.00000003     0.79582981     0.20417016
       94     0.00000176     0.79538957     0.20460867
       95     0.00000417     0.79450816     0.20548767
       96     0.00000283     0.79309235     0.20690482
       97     0.00000023     0.79118264     0.20881713
       98     0.00000197     0.78891819     0.21107984
       99     0.00000568     0.78654113     0.21345319
      100     0.00000491     0.78437570     0.21561940
      101     0.00000109     0.78278308     0.21721583
      102     0.00000073     0.78210181     0.21789746
      103     0.00000364     0.78258444     0.21741192
      104     0.00000455     0.78433581     0.21565964
      105     0.00000257     0.78725745     0.21273998
      106     0.00000060     0.79102235     0.20897705
      107     0.00000005     0.79509995     0.20490000
      108     0.00000251     0.79895815     0.20103934
      109     0.00000924     0.80179122     0.19819954
      110     0.00001372     0.80297221     0.19701407
      111     0.00001025     0.80225986     0.19772989
      112     0.00000360     0.79961298     0.20038342
      113     0.00000926     0.79554954     0.20444120
      114     0.00002397     0.79087510     0.20910093
      115     0.00002584     0.78639852     0.21357564
      116     0.00001160     0.78309789     0.21689050
      117     0.00000233     0.78181842     0.21817925
      118     0.00000621     0.78285273     0.21714106
      119     0.00001168     0.78602452     0.21396379
      120     0.00001198     0.79058656     0.20940146
