#     Density Matrix: population Re; see the manual for detail orders
        0     0.00000000     0.00000000     1.00000000
        1     0.00000012     0.00000218     0.99999770
        2     0.00000013     0.00002833     0.99997155
        3     0.00000027     0.00010921     0.99989053
        4     0.00000023     0.00025710     0.99974266
        5     0.00000043     0.00048564     0.99951392
        6     0.00000039     0.00090977     0.99908984
        7     0.00000055     0.00199544     0.99800402
        8     0.00000057     0.00531997     0.99467945
        9     0.00000054     0.01674279     0.98325667
       10     0.00000088     0.06296634     0.93703279
       11     0.00000039     0.25768078     0.74231883
       12     0.00000060     0.62664009     0.37335931
       13     0.00000007     0.50675403     0.49324589
       14     0.00000094     0.37178278     0.62821629
       15     0.00000005     0.32062546     0.67937450
       16     0.00000075     0.28612912     0.71387013
       17     0.00000066     0.26658775     0.73341160
       18     0.00000008     0.25853125     0.74146867
       19     0.00000106     0.25847938     0.74151956
       20     0.00000026     0.26353845     0.73646129
       21     0.00000037     0.27159193     0.72840770
       22     0.00000102     0.28124667     0.71875232
       23     0.00000006     0.29173594     0.70826400
       24     0.00000063     0.30277719     0.69722218
       25     0.00000094     0.31437001     0.68562906
       26     0.00000001     0.32678751     0.67321248
       27     0.00000069     0.34032348     0.65967583
       28     0.00000080     0.35546591     0.64453329
       29     0.00000001     0.37265559     0.62734440
       30     0.00000061     0.39233270     0.60766670
       31     0.00000077     0.41467599     0.58532325
       32     0.00000004     0.43960862     0.56039134
       33     0.00000044     0.46619904     0.53380051
       34     0.00000072     0.49110133     0.50889795
       35     0.00000012     0.50597990     0.49401998
       36     0.00000024     0.50827682     0.49172295
       37     0.00000064     0.49570221     0.50429715
       38     0.00000028     0.46702580     0.53297393
       39     0.00000012     0.42323701     0.57676287
       40     0.00000054     0.36839266     0.63160680
       41     0.00000043     0.30880302     0.69119655
       42     0.00000008     0.24990147     0.75009845
       43     0.00000035     0.18764574     0.81235391
       44     0.00000065     0.20206618     0.79793317
       45     0.00000051     0.41978362     0.58021587
       46     0.00000039     0.31693630     0.68306330
       47     0.00000053     0.21791987     0.78207960
       48     0.00000060     0.14137556     0.85862384
       49     0.00000054     0.07693772     0.92306174
       50     0.00000055     0.06966781     0.93033165
       51     0.00000044     0.20669194     0.79330762
       52     0.00000042     0.41100418     0.58899540
       53     0.00000056     0.52662738     0.47337205
       54     0.00000051     0.57975083     0.42024866
       55     0.00000054     0.60906707     0.39093239
       56     0.00000053     0.62955283     0.37044664
       57     0.00000042     0.64782336     0.35217622
       58     0.00000058     0.66734616     0.33265326
       59     0.00000060     0.69043044     0.30956897
       60     0.00000041     0.71918160     0.28081799
       61     0.00000054     0.75248210     0.24751736
       62     0.00000060     0.78507257     0.21492683
       63     0.00000032     0.81496702     0.18503267
       64     0.00000057     0.84109854     0.15890090
       65     0.00000077     0.86312785     0.13687138
       66     0.00000033     0.88121029     0.11878938
       67     0.00000065     0.89568121     0.10431814
       68     0.00000100     0.90673339     0.09326561
       69     0.00000035     0.91454911     0.08545054
       70     0.00000061     0.91905082     0.08094857
       71     0.00000080     0.91847965     0.08151955
       72     0.00000037     0.84913423     0.15086540
       73     0.00000104     0.86481531     0.13518365
       74     0.00000073     0.98416693     0.01583234
       75     0.00000108     0.98267445     0.01732447
       76     0.00000083     0.98085509     0.01914408
       77     0.00000081     0.98017674     0.01982246
       78     0.00000107     0.98057554     0.01942339
       79     0.00000073     0.98166947     0.01832981
       80     0.00000102     0.98300475     0.01699423
       81     0.00000079     0.98421610     0.01578311
       82     0.00000097     0.98511613     0.01488290
       83     0.00000091     0.98572412     0.01427497
       84     0.00000085     0.98620395     0.01379520
       85     0.00000101     0.98672655     0.01327244
       86     0.00000081     0.98735829     0.01264090
       87     0.00000103     0.98803921     0.01195977
       88     0.00000081     0.98866201     0.01133718
       89     0.00000102     0.98917789     0.01082109
       90     0.00000082     0.98961820     0.01038098
       91     0.00000000     1.00000000     0.00000000
       92     0.00000000     1.00000000     0.00000000
       93     0.00000000     1.00000000     0.00000000
       94     0.00000000     0.99999998     0.00000002
       95     0.00000000     0.99999992     0.00000008
       96     0.00000000     0.99999986     0.00000014
       97     0.00000000     0.99999985     0.00000015
       98     0.00000000     0.99999991     0.00000009
       99     0.00000000     0.99999993     0.00000007
      100     0.00000000     0.99999986     0.00000014
      101     0.00000000     0.99999978     0.00000022
      102     0.00000000     0.99999976     0.00000024
      103     0.00000000     0.99999982     0.00000017
      104     0.00000000     0.99999989     0.00000011
      105     0.00000000     0.99999987     0.00000012
      106     0.00000000     0.99999977     0.00000023
      107     0.00000000     0.99999970     0.00000029
      108     0.00000000     0.99999975     0.00000024
      109     0.00000000     0.99999987     0.00000012
      110     0.00000000     0.99999997     0.00000003
      111     0.00000000     0.99999998     0.00000001
      112     0.00000000     0.99999994     0.00000006
      113     0.00000000     0.99999990     0.00000009
      114     0.00000001     0.99999990     0.00000009
      115     0.00000000     0.99999994     0.00000005
      116     0.00000000     0.99999998     0.00000002
      117     0.00000001     0.99999998     0.00000001
      118     0.00000000     0.99999999     0.00000001
      119     0.00000000     1.00000000     0.00000000
      120     0.00000000     0.99999998     0.00000002
