#     Density Matrix: population Re; see the manual for detail orders
        0     0.00000000     0.00000000     1.00000000
        1     0.00000000     0.00000001     0.99999999
        2     0.00000001     0.00000004     0.99999995
        3     0.00000007     0.00000013     0.99999980
        4     0.00000012     0.00000006     0.99999981
        5     0.00000017     0.00000256     0.99999727
        6     0.00000019     0.00001198     0.99998783
        7     0.00000023     0.00002896     0.99997081
        8     0.00000026     0.00005891     0.99994083
        9     0.00000030     0.00012816     0.99987154
       10     0.00000033     0.00032649     0.99967318
       11     0.00000036     0.00099476     0.99900488
       12     0.00000039     0.00392561     0.99607400
       13     0.00000040     0.02664998     0.97334962
       14     0.00000019     0.73449610     0.26550371
       15     0.00000001     0.44139508     0.55860491
       16     0.00000104     0.03984391     0.96015506
       17     0.00000023     0.01471120     0.98528857
       18     0.00000040     0.00778988     0.99220972
       19     0.00000045     0.00630706     0.99369248
       20     0.00000029     0.00643824     0.99356147
       21     0.00000038     0.00687715     0.99312247
       22     0.00000035     0.00719593     0.99280372
       23     0.00000035     0.00730328     0.99269638
       24     0.00000032     0.00722211     0.99277757
       25     0.00000024     0.00701140     0.99298835
       26     0.00000025     0.00672825     0.99327150
       27     0.00000020     0.00641989     0.99357991
       28     0.00000012     0.00612341     0.99387647
       29     0.00000018     0.00587216     0.99412766
       30     0.00000023     0.00570041     0.99429937
       31     0.00000014     0.00566142     0.99433844
       32     0.00000013     0.00586324     0.99413663
       33     0.00000016     0.00657864     0.99342120
       34     0.00000012     0.00870409     0.99129579
       35     0.00000009     0.01693968     0.98306023
       36     0.00000009     0.11338184     0.88661807
       37     0.00000010     0.60226380     0.39773611
       38     0.00000009     0.92921644     0.07078347
       39     0.00000009     0.96173797     0.03826194
       40     0.00000007     0.97055337     0.02944655
       41     0.00000009     0.97461195     0.02538795
       42     0.00000010     0.97696559     0.02303431
       43     0.00000008     0.97851331     0.02148661
       44     0.00000008     0.97960707     0.02039285
       45     0.00000009     0.98041097     0.01958893
       46     0.00000010     0.98101105     0.01898886
       47     0.00000009     0.98145772     0.01854220
       48     0.00000008     0.98178279     0.01821712
       49     0.00000009     0.98201223     0.01798768
       50     0.00000009     0.98216701     0.01783290
       51     0.00000008     0.98226746     0.01773246
       52     0.00000008     0.98233394     0.01766598
       53     0.00000008     0.98238597     0.01761395
       54     0.00000007     0.98244184     0.01755809
       55     0.00000006     0.98251776     0.01748217
       56     0.00000006     0.98262547     0.01737447
       57     0.00000006     0.98277234     0.01722760
       58     0.00000005     0.98295950     0.01704045
       59     0.00000004     0.98318217     0.01681778
       60     0.00000004     0.98342982     0.01657014
       61     0.00000004     0.98368651     0.01631345
       62     0.00000003     0.98393435     0.01606562
       63     0.00000003     0.98415406     0.01584592
       64     0.00000003     0.98432818     0.01567179
       65     0.00000003     0.98444409     0.01555588
       66     0.00000003     0.98449497     0.01550500
       67     0.00000002     0.98448216     0.01551782
       68     0.00000003     0.98441576     0.01558421
       69     0.00000003     0.98431422     0.01568575
       70     0.00000003     0.98420343     0.01579654
       71     0.00000003     0.98411365     0.01588633
       72     0.00000003     0.98407657     0.01592339
       73     0.00000004     0.98412157     0.01587839
       74     0.00000004     0.98427141     0.01572855
       75     0.00000005     0.98453853     0.01546142
       76     0.00000006     0.98492293     0.01507701
       77     0.00000008     0.98541146     0.01458846
       78     0.00000009     0.98597871     0.01402120
       79     0.00000010     0.98658926     0.01341063
       80     0.00000012     0.98720273     0.01279715
       81     0.00000014     0.98777919     0.01222067
       82     0.00000016     0.98828533     0.01171451
       83     0.00000018     0.98869952     0.01130030
       84     0.00000020     0.98901544     0.01098436
       85     0.00000022     0.98924501     0.01075478
       86     0.00000023     0.98941705     0.01058272
       87     0.00000025     0.98957382     0.01042593
       88     0.00000026     0.98976559     0.01023415
       89     0.00000028     0.99004112     0.00995859
       90     0.00000030     0.99043896     0.00956073
       91     0.00000032     0.99097791     0.00902177
       92     0.00000036     0.99165041     0.00834923
       93     0.00000041     0.99241987     0.00757971
       94     0.00000049     0.99322395     0.00677556
       95     0.00000058     0.99398136     0.00601806
       96     0.00000069     0.99460661     0.00539270
       97     0.00000084     0.99502528     0.00497388
       98     0.00000102     0.99518917     0.00480981
       99     0.00000123     0.99508912     0.00490965
      100     0.00000146     0.99475927     0.00523927
      101     0.00000170     0.99427538     0.00572291
      102     0.00000197     0.99374503     0.00625301
      103     0.00000223     0.99328913     0.00670864
      104     0.00000249     0.99302205     0.00697546
      105     0.00000274     0.99302820     0.00696906
      106     0.00000300     0.99334909     0.00664792
      107     0.00000327     0.99397093     0.00602580
      108     0.00000357     0.99482902     0.00516741
      109     0.00000393     0.99582061     0.00417547
      110     0.00000437     0.99682480     0.00317083
      111     0.00000492     0.99772636     0.00226872
      112     0.00000557     0.99843711     0.00155732
      113     0.00000631     0.99890731     0.00108638
      114     0.00000711     0.99913003     0.00086286
      115     0.00000792     0.99913591     0.00085618
      116     0.00000868     0.99898471     0.00100661
      117     0.00000933     0.99875484     0.00123584
      118     0.00000983     0.99853262     0.00145755
      119     0.00001019     0.99839931     0.00159049
      120     0.00001044     0.99841654     0.00157302
