#     Density Matrix: population Re; see the manual for detail orders
        0     0.00000000     0.00000000     1.00000000
        1     0.00000002     0.00000099     0.99999899
        2     0.00000001     0.00000590     0.99999409
        3     0.00000000     0.00000756     0.99999244
        4     0.00000002     0.00000713     0.99999285
        5     0.00000001     0.00001235     0.99998763
        6     0.00000007     0.00002132     0.99997860
        7     0.00000008     0.00002566     0.99997426
        8     0.00000014     0.00003097     0.99996889
        9     0.00000016     0.00006065     0.99993919
       10     0.00000021     0.00014321     0.99985658
       11     0.00000024     0.00031972     0.99968004
       12     0.00000028     0.00070565     0.99929407
       13     0.00000031     0.00168959     0.99831010
       14     0.00000034     0.00471502     0.99528464
       15     0.00000037     0.01628193     0.98371770
       16     0.00000038     0.07274772     0.92725190
       17     0.00000018     0.66736750     0.33263232
       18     0.00000004     0.57004740     0.42995257
       19     0.00000074     0.19726647     0.80273279
       20     0.00000035     0.09519677     0.90480288
       21     0.00000053     0.04975936     0.95024011
       22     0.00000058     0.03023527     0.96976415
       23     0.00000048     0.02261153     0.97738799
       24     0.00000058     0.02023458     0.97976484
       25     0.00000053     0.01989702     0.98010244
       26     0.00000052     0.02007117     0.97992832
       27     0.00000056     0.02007903     0.97992042
       28     0.00000053     0.01965468     0.98034479
       29     0.00000054     0.01872576     0.98127370
       30     0.00000057     0.01729964     0.98269979
       31     0.00000057     0.01542342     0.98457601
       32     0.00000058     0.01317402     0.98682540
       33     0.00000060     0.01068239     0.98931701
       34     0.00000061     0.00821096     0.99178842
       35     0.00000063     0.00635115     0.99364822
       36     0.00000064     0.00653686     0.99346250
       37     0.00000065     0.01251676     0.98748258
       38     0.00000066     0.03475191     0.96524744
       39     0.00000065     0.10156444     0.89843491
       40     0.00000064     0.26098937     0.73900999
       41     0.00000063     0.50212190     0.49787747
       42     0.00000075     0.72167239     0.27832686
       43     0.00000098     0.85508808     0.14491094
       44     0.00000086     0.91748269     0.08251645
       45     0.00000075     0.94694261     0.05305664
       46     0.00000089     0.96233796     0.03766114
       47     0.00000096     0.97120500     0.02879404
       48     0.00000084     0.97670213     0.02329703
       49     0.00000085     0.98028525     0.01971390
       50     0.00000097     0.98269124     0.01730779
       51     0.00000095     0.98432379     0.01567525
       52     0.00000088     0.98542189     0.01457723
       53     0.00000093     0.98613740     0.01386167
       54     0.00000100     0.98657383     0.01342517
       55     0.00000096     0.98681201     0.01318703
       56     0.00000092     0.98691645     0.01308263
       57     0.00000097     0.98694557     0.01305346
       58     0.00000099     0.98695402     0.01304498
       59     0.00000095     0.98699418     0.01300486
       60     0.00000093     0.98711549     0.01288358
       61     0.00000097     0.98736333     0.01263570
       62     0.00000099     0.98777533     0.01222368
       63     0.00000097     0.98837751     0.01162152
       64     0.00000097     0.98918275     0.01081628
       65     0.00000102     0.99018501     0.00981397
       66     0.00000107     0.99135896     0.00863997
       67     0.00000110     0.99265917     0.00733973
       68     0.00000116     0.99402035     0.00597849
       69     0.00000127     0.99536066     0.00463807
       70     0.00000140     0.99658780     0.00341080
       71     0.00000153     0.99760558     0.00239289
       72     0.00000170     0.99832363     0.00167467
       73     0.00000191     0.99866861     0.00132947
       74     0.00000215     0.99859597     0.00140188
       75     0.00000239     0.99810171     0.00189591
       76     0.00000262     0.99723161     0.00276577
       77     0.00000286     0.99608564     0.00391150
       78     0.00000308     0.99481426     0.00518266
       79     0.00000325     0.99360615     0.00639060
       80     0.00000337     0.99266280     0.00733382
       81     0.00000347     0.99216737     0.00782916
       82     0.00000353     0.99224553     0.00775093
       83     0.00000358     0.99293176     0.00706466
       84     0.00000363     0.99414893     0.00584745
       85     0.00000370     0.99571012     0.00428618
       86     0.00000383     0.99734585     0.00265032
       87     0.00000402     0.99875817     0.00123782
       88     0.00000424     0.99969029     0.00030547
       89     0.00000449     0.99999398     0.00000153
       90     0.00000474     0.99967537     0.00031989
       91     0.00000495     0.99890108     0.00109397
       92     0.00000509     0.99795728     0.00203763
       93     0.00000517     0.99716802     0.00282682
       94     0.00000518     0.99679581     0.00319901
       95     0.00000517     0.99695686     0.00303797
       96     0.00000519     0.99758367     0.00241114
       97     0.00000526     0.99845160     0.00154313
       98     0.00000543     0.99926722     0.00072735
       99     0.00000568     0.99978312     0.00021119
      100     0.00000601     0.99989386     0.00010013
      101     0.00000638     0.99966882     0.00032480
      102     0.00000676     0.99930673     0.00068651
      103     0.00000715     0.99903285     0.00096000
      104     0.00000757     0.99899071     0.00100172
      105     0.00000807     0.99918277     0.00080916
      106     0.00000870     0.99948934     0.00050195
      107     0.00000951     0.99975027     0.00024022
      108     0.00001050     0.99985955     0.00012995
      109     0.00001167     0.99981690     0.00017143
      110     0.00001302     0.99970917     0.00027781
      111     0.00001456     0.99964043     0.00034501
      112     0.00001637     0.99966199     0.00032164
      113     0.00001852     0.99974937     0.00023210
      114     0.00002122     0.99983616     0.00014262
      115     0.00002459     0.99987192     0.00010349
      116     0.00002834     0.99985620     0.00011546
      117     0.00003273     0.99982690     0.00014037
      118     0.00003819     0.99981999     0.00014183
      119     0.00004498     0.99983956     0.00011546
      120     0.00005346     0.99986291     0.00008363
