#     Density Matrix: population Re; see the manual for detail orders
        0     0.00000000     0.00000000     1.00000000
        1     0.00000001     0.00000034     0.99999966
        2     0.00000001     0.00000263     0.99999736
        3     0.00000001     0.00000551     0.99999448
        4     0.00000009     0.00000673     0.99999318
        5     0.00000010     0.00000619     0.99999372
        6     0.00000031     0.00000912     0.99999057
        7     0.00000033     0.00002681     0.99997286
        8     0.00000064     0.00007509     0.99992427
        9     0.00000063     0.00017999     0.99981938
       10     0.00000096     0.00041518     0.99958386
       11     0.00000086     0.00106394     0.99893520
       12     0.00000114     0.00346845     0.99653041
       13     0.00000094     0.01721448     0.98278458
       14     0.00000098     0.20204487     0.79795415
       15     0.00000020     0.79071922     0.20928058
       16     0.00000234     0.43163405     0.56836361
       17     0.00000401     0.25379855     0.74619744
       18     0.00000026     0.21828462     0.78171511
       19     0.00000492     0.20187910     0.79811598
       20     0.00000196     0.19537346     0.80462458
       21     0.00000139     0.19380840     0.80619021
       22     0.00000450     0.19425576     0.80573974
       23     0.00000068     0.19500204     0.80499728
       24     0.00000259     0.19507554     0.80492186
       25     0.00000387     0.19398057     0.80601556
       26     0.00000054     0.19153325     0.80846621
       27     0.00000293     0.18766007     0.81233700
       28     0.00000360     0.18235043     0.81764596
       29     0.00000074     0.17558417     0.82441509
       30     0.00000306     0.16723870     0.83275824
       31     0.00000427     0.15706611     0.84292962
       32     0.00000095     0.14461626     0.85538279
       33     0.00000220     0.12920273     0.87079507
       34     0.00000422     0.10996066     0.89003512
       35     0.00000156     0.08694942     0.91304902
       36     0.00000125     0.06883292     0.93116584
       37     0.00000406     0.10376466     0.89623128
       38     0.00000275     0.25863201     0.74136524
       39     0.00000069     0.45841171     0.54158760
       40     0.00000350     0.59222408     0.40777242
       41     0.00000427     0.66021530     0.33978043
       42     0.00000110     0.69686891     0.30312999
       43     0.00000177     0.71871816     0.28128007
       44     0.00000462     0.73284918     0.26714620
       45     0.00000278     0.74258418     0.25741305
       46     0.00000066     0.74964046     0.25035888
       47     0.00000316     0.75500834     0.24498850
       48     0.00000442     0.75925324     0.24074234
       49     0.00000147     0.76274747     0.23725105
       50     0.00000104     0.76573611     0.23426285
       51     0.00000400     0.76835661     0.23163939
       52     0.00000369     0.77067997     0.22931634
       53     0.00000078     0.77271922     0.22728000
       54     0.00000172     0.77444835     0.22554993
       55     0.00000440     0.77581806     0.22417755
       56     0.00000301     0.77676595     0.22323104
       57     0.00000059     0.77722835     0.22277105
       58     0.00000217     0.77715711     0.22284072
       59     0.00000424     0.77654751     0.22344825
       60     0.00000261     0.77544776     0.22454963
       61     0.00000072     0.77394810     0.22605118
       62     0.00000207     0.77218607     0.22781186
       63     0.00000380     0.77034422     0.22965198
       64     0.00000284     0.76861277     0.23138439
       65     0.00000101     0.76715888     0.23284011
       66     0.00000135     0.76610934     0.23388932
       67     0.00000341     0.76552181     0.23447477
       68     0.00000385     0.76535922     0.23463693
       69     0.00000150     0.76549621     0.23450229
       70     0.00000057     0.76572698     0.23427245
       71     0.00000383     0.76582569     0.23417048
       72     0.00000589     0.76556120     0.23443291
       73     0.00000252     0.76472149     0.23527599
       74     0.00000011     0.76315957     0.23684032
       75     0.00000417     0.76083403     0.23916180
       76     0.00000764     0.75783002     0.24216235
       77     0.00000387     0.75434808     0.24564805
       78     0.00000001     0.75068372     0.24931627
       79     0.00000344     0.74719812     0.25279843
       80     0.00000768     0.74427432     0.25571801
       81     0.00000497     0.74225760     0.25773744
       82     0.00000042     0.74141822     0.25858136
       83     0.00000140     0.74189878     0.25809981
       84     0.00000488     0.74369757     0.25629755
       85     0.00000493     0.74666298     0.25333209
       86     0.00000237     0.75050856     0.24948907
       87     0.00000064     0.75482742     0.24517193
       88     0.00000096     0.75914064     0.24085840
       89     0.00000361     0.76297491     0.23702148
       90     0.00000664     0.76591292     0.23408044
       91     0.00000544     0.76761860     0.23237596
       92     0.00000093     0.76788274     0.23211632
       93     0.00000159     0.76665372     0.23334468
       94     0.00000949     0.76407235     0.23591817
       95     0.00001355     0.76045667     0.23952978
       96     0.00000725     0.75628076     0.24371199
       97     0.00000095     0.75214001     0.24785904
       98     0.00000464     0.74869837     0.25129699
       99     0.00001118     0.74663031     0.25335851
      100     0.00000980     0.74650277     0.25348744
      101     0.00000344     0.74862650     0.25137006
      102     0.00000029     0.75290934     0.24709037
      103     0.00000050     0.75876680     0.24123270
      104     0.00000212     0.76508905     0.23490883
      105     0.00000702     0.77040036     0.22959262
      106     0.00001221     0.77316995     0.22681785
      107     0.00000998     0.77222712     0.22776291
      108     0.00000324     0.76723161     0.23276516
      109     0.00000464     0.75899450     0.24100087
      110     0.00001478     0.74947728     0.25050794
      111     0.00001888     0.74139133     0.25858979
      112     0.00001106     0.73740786     0.26258109
      113     0.00000215     0.73920156     0.26079629
      114     0.00000003     0.74668989     0.25331009
      115     0.00000087     0.75778798     0.24221115
      116     0.00000318     0.76891083     0.23108599
      117     0.00001065     0.77615649     0.22383286
      118     0.00001839     0.77677891     0.22320270
      119     0.00001620     0.77038638     0.22959742
      120     0.00000751     0.75929996     0.24069253
