#     Density Matrix: population Re; see the manual for detail orders
        0     0.00000000     0.00000000     1.00000000
        1     0.00000000     0.00000035     0.99999965
        2     0.00000000     0.00000348     0.99999652
        3     0.00000000     0.00000923     0.99999077
        4     0.00000001     0.00001302     0.99998697
        5     0.00000001     0.00001140     0.99998859
        6     0.00000006     0.00000676     0.99999318
        7     0.00000022     0.00000562     0.99999416
        8     0.00000038     0.00003595     0.99996367
        9     0.00000051     0.00015874     0.99984075
       10     0.00000059     0.00039518     0.99960423
       11     0.00000072     0.00075822     0.99924106
       12     0.00000076     0.00146215     0.99853709
       13     0.00000081     0.00360266     0.99639653
       14     0.00000083     0.01228586     0.98771331
       15     0.00000072     0.05778366     0.94221562
       16     0.00000059     0.32501430     0.67498511
       17     0.00000018     0.69757780     0.30242203
       18     0.00000066     0.43356876     0.56643058
       19     0.00000172     0.29919226     0.70080602
       20     0.00000045     0.24605955     0.75394000
       21     0.00000111     0.22393406     0.77606483
       22     0.00000107     0.21583252     0.78416641
       23     0.00000028     0.21401532     0.78598441
       24     0.00000064     0.21436829     0.78563107
       25     0.00000038     0.21455947     0.78544015
       26     0.00000005     0.21347965     0.78652030
       27     0.00000039     0.21076316     0.78923645
       28     0.00000019     0.20652449     0.79347532
       29     0.00000001     0.20109816     0.79890183
       30     0.00000020     0.19486608     0.80513372
       31     0.00000009     0.18816151     0.81183840
       32     0.00000005     0.18123945     0.81876050
       33     0.00000012     0.17430820     0.82569169
       34     0.00000005     0.16760122     0.83239873
       35     0.00000009     0.16147319     0.83852672
       36     0.00000012     0.15649040     0.84350948
       37     0.00000003     0.15350179     0.84649817
       38     0.00000010     0.15366983     0.84633007
       39     0.00000010     0.15843343     0.84156648
       40     0.00000005     0.16934764     0.83065231
       41     0.00000009     0.18776732     0.81223258
       42     0.00000005     0.21430441     0.78569554
       43     0.00000013     0.24801589     0.75198398
       44     0.00000014     0.28532206     0.71467781
       45     0.00000001     0.31886285     0.68113714
       46     0.00000029     0.33690167     0.66309804
       47     0.00000022     0.32465431     0.67534546
       48     0.00000005     0.26986488     0.73013507
       49     0.00000053     0.17475027     0.82524919
       50     0.00000024     0.06981105     0.93018872
       51     0.00000025     0.01018831     0.98981144
       52     0.00000069     0.03670032     0.96329898
       53     0.00000011     0.13264043     0.86735947
       54     0.00000045     0.23527718     0.76472237
       55     0.00000037     0.28958283     0.71041680
       56     0.00000016     0.28139348     0.71860636
       57     0.00000068     0.23193097     0.76806835
       58     0.00000013     0.17562716     0.82437272
       59     0.00000064     0.14013891     0.85986045
       60     0.00000042     0.13557486     0.86442471
       61     0.00000028     0.15419933     0.84580039
       62     0.00000064     0.17843264     0.82156672
       63     0.00000008     0.19228167     0.80771825
       64     0.00000062     0.18999662     0.81000276
       65     0.00000010     0.17738573     0.82261417
       66     0.00000048     0.16570897     0.83429054
       67     0.00000022     0.16290813     0.83709164
       68     0.00000026     0.16858574     0.83141400
       69     0.00000029     0.17603851     0.82396120
       70     0.00000013     0.17887551     0.82112436
       71     0.00000036     0.17616338     0.82383627
       72     0.00000004     0.17189495     0.82810501
       73     0.00000034     0.17019140     0.82980826
       74     0.00000000     0.17151113     0.82848887
       75     0.00000022     0.17338500     0.82661478
       76     0.00000000     0.17392708     0.82607291
       77     0.00000030     0.17361087     0.82638883
       78     0.00000003     0.17362210     0.82637788
       79     0.00000013     0.17370812     0.82629174
       80     0.00000008     0.17279422     0.82720570
       81     0.00000014     0.17132656     0.82867330
       82     0.00000001     0.17142131     0.82857868
       83     0.00000020     0.17388543     0.82611437
       84     0.00000019     0.17618727     0.82381254
       85     0.00000001     0.17503485     0.82496514
       86     0.00000007     0.17097781     0.82902212
       87     0.00000026     0.16871610     0.83128364
       88     0.00000013     0.17162111     0.82837876
       89     0.00000002     0.17692580     0.82307418
       90     0.00000027     0.17827507     0.82172466
       91     0.00000023     0.17339048     0.82660929
       92     0.00000003     0.16751045     0.83248952
       93     0.00000013     0.16770450     0.83229538
       94     0.00000046     0.17436296     0.82563657
       95     0.00000019     0.18017646     0.81982335
       96     0.00000001     0.17831125     0.82168874
       97     0.00000018     0.17042914     0.82957069
       98     0.00000044     0.16512313     0.83487643
       99     0.00000027     0.16838525     0.83161448
      100     0.00000013     0.17689068     0.82310919
      101     0.00000047     0.18159745     0.81840207
      102     0.00000024     0.17752580     0.82247396
      103     0.00000012     0.16896797     0.83103191
      104     0.00000005     0.16475454     0.83524542
      105     0.00000061     0.16899557     0.83100382
      106     0.00000077     0.17713481     0.82286442
      107     0.00000009     0.18100477     0.81899513
      108     0.00000006     0.17713771     0.82286223
      109     0.00000008     0.16979597     0.83020395
      110     0.00000058     0.16619571     0.83380371
      111     0.00000061     0.16932366     0.83067574
      112     0.00000019     0.17554092     0.82445889
      113     0.00000048     0.17876410     0.82123542
      114     0.00000022     0.17646251     0.82353726
      115     0.00000019     0.17153936     0.82846045
      116     0.00000026     0.16884773     0.83115200
      117     0.00000019     0.17038875     0.82961106
      118     0.00000078     0.17394454     0.82605467
      119     0.00000053     0.17591305     0.82408642
      120     0.00000002     0.17493196     0.82506803
