#     Density Matrix: population Re; see the manual for detail orders
        0     0.00000000     0.00000000     1.00000000
        1     0.00000006     0.00000002     0.99999992
        2     0.00000004     0.00000012     0.99999984
        3     0.00000001     0.00000373     0.99999626
        4     0.00000003     0.00001679     0.99998318
        5     0.00000001     0.00003786     0.99996213
        6     0.00000009     0.00005934     0.99994058
        7     0.00000008     0.00008204     0.99991789
        8     0.00000016     0.00012854     0.99987129
        9     0.00000017     0.00024805     0.99975178
       10     0.00000023     0.00053466     0.99946511
       11     0.00000026     0.00122715     0.99877259
       12     0.00000030     0.00313234     0.99686736
       13     0.00000033     0.00974853     0.99025114
       14     0.00000036     0.04196898     0.95803066
       15     0.00000019     0.63239489     0.36760493
       16     0.00000004     0.53322990     0.46677005
       17     0.00000063     0.09758995     0.90240942
       18     0.00000030     0.03006053     0.96993916
       19     0.00000048     0.00818428     0.99181524
       20     0.00000042     0.00158902     0.99841057
       21     0.00000029     0.00059079     0.99940892
       22     0.00000043     0.00154353     0.99845604
       23     0.00000037     0.00296640     0.99703322
       24     0.00000042     0.00426788     0.99573169
       25     0.00000050     0.00525073     0.99474876
       26     0.00000040     0.00589095     0.99410865
       27     0.00000043     0.00623565     0.99376392
       28     0.00000040     0.00635505     0.99364455
       29     0.00000030     0.00631807     0.99368163
       30     0.00000034     0.00618317     0.99381649
       31     0.00000036     0.00599552     0.99400412
       32     0.00000033     0.00578879     0.99421088
       33     0.00000025     0.00558612     0.99441363
       34     0.00000026     0.00540559     0.99459415
       35     0.00000029     0.00526406     0.99473564
       36     0.00000028     0.00518414     0.99481558
       37     0.00000021     0.00521362     0.99478618
       38     0.00000026     0.00550627     0.99449347
       39     0.00000021     0.00695660     0.99304319
       40     0.00000015     0.14195663     0.85804322
       41     0.00000019     0.75429854     0.24570127
       42     0.00000026     0.97620357     0.02379617
       43     0.00000028     0.98095692     0.01904280
       44     0.00000021     0.98206290     0.01793690
       45     0.00000019     0.98228801     0.01771181
       46     0.00000028     0.98217160     0.01782812
       47     0.00000028     0.98189495     0.01810477
       48     0.00000020     0.98154143     0.01845837
       49     0.00000020     0.98116090     0.01883890
       50     0.00000029     0.98078605     0.01921367
       51     0.00000030     0.98044604     0.01955366
       52     0.00000025     0.98016525     0.01983450
       53     0.00000026     0.97996045     0.02003929
       54     0.00000031     0.97984697     0.02015272
       55     0.00000031     0.97983201     0.02016768
       56     0.00000029     0.97991295     0.02008676
       57     0.00000031     0.98007736     0.01992233
       58     0.00000034     0.98030296     0.01969670
       59     0.00000033     0.98055803     0.01944164
       60     0.00000031     0.98080376     0.01919594
       61     0.00000032     0.98100043     0.01899925
       62     0.00000035     0.98111211     0.01888755
       63     0.00000033     0.98111486     0.01888480
       64     0.00000032     0.98100280     0.01899688
       65     0.00000033     0.98078997     0.01920970
       66     0.00000036     0.98051314     0.01948651
       67     0.00000036     0.98022533     0.01977431
       68     0.00000037     0.97998729     0.02001234
       69     0.00000040     0.97985881     0.02014079
       70     0.00000045     0.97988519     0.02011436
       71     0.00000048     0.98008849     0.01991103
       72     0.00000051     0.98046485     0.01953463
       73     0.00000061     0.98098124     0.01901815
       74     0.00000068     0.98158114     0.01841819
       75     0.00000065     0.98219668     0.01780267
       76     0.00000071     0.98275829     0.01724100
       77     0.00000085     0.98320986     0.01678930
       78     0.00000089     0.98352099     0.01647812
       79     0.00000084     0.98369797     0.01630119
       80     0.00000084     0.98378522     0.01621393
       81     0.00000093     0.98386152     0.01613755
       82     0.00000097     0.98402922     0.01596981
       83     0.00000090     0.98439527     0.01560383
       84     0.00000084     0.98504936     0.01494980
       85     0.00000091     0.98604128     0.01395781
       86     0.00000099     0.98736355     0.01263547
       87     0.00000100     0.98894269     0.01105631
       88     0.00000103     0.99064434     0.00935463
       89     0.00000117     0.99229152     0.00770731
       90     0.00000144     0.99369199     0.00630657
       91     0.00000168     0.99467790     0.00532042
       92     0.00000183     0.99514046     0.00485771
       93     0.00000206     0.99505697     0.00494097
       94     0.00000247     0.99450635     0.00549119
       95     0.00000288     0.99365627     0.00634085
       96     0.00000309     0.99273528     0.00726162
       97     0.00000318     0.99198646     0.00801035
       98     0.00000332     0.99161556     0.00838112
       99     0.00000350     0.99174393     0.00825257
      100     0.00000365     0.99238460     0.00761175
      101     0.00000370     0.99344235     0.00655395
      102     0.00000378     0.99474139     0.00525483
      103     0.00000397     0.99606892     0.00392712
      104     0.00000432     0.99722554     0.00277014
      105     0.00000482     0.99806219     0.00193299
      106     0.00000539     0.99850646     0.00148815
      107     0.00000590     0.99856810     0.00142601
      108     0.00000637     0.99833189     0.00166175
      109     0.00000677     0.99794043     0.00205281
      110     0.00000705     0.99756542     0.00242754
      111     0.00000718     0.99737003     0.00262279
      112     0.00000720     0.99746562     0.00252718
      113     0.00000722     0.99787388     0.00211890
      114     0.00000732     0.99850956     0.00148311
      115     0.00000755     0.99919932     0.00079313
      116     0.00000791     0.99973670     0.00025539
      117     0.00000836     0.99995849     0.00003315
      118     0.00000886     0.99981283     0.00017831
      119     0.00000937     0.99938698     0.00060365
      120     0.00000979     0.99887738     0.00111282
