#     Density Matrix: population Re; see the manual for detail orders
        0     0.00000000     0.00000000     1.00000000
        1     0.00000000     0.00000099     0.99999901
        2     0.00000000     0.00000690     0.99999309
        3     0.00000000     0.00001199     0.99998801
        4     0.00000001     0.00001137     0.99998862
        5     0.00000002     0.00000663     0.99999334
        6     0.00000005     0.00000586     0.99999409
        7     0.00000008     0.00001676     0.99998317
        8     0.00000011     0.00003987     0.99996002
        9     0.00000014     0.00007193     0.99992792
       10     0.00000018     0.00012001     0.99987981
       11     0.00000021     0.00022158     0.99977821
       12     0.00000024     0.00048653     0.99951323
       13     0.00000026     0.00125367     0.99874606
       14     0.00000029     0.00383705     0.99616266
       15     0.00000030     0.01527106     0.98472864
       16     0.00000029     0.09171641     0.90828330
       17     0.00000010     0.76095901     0.23904089
       18     0.00000013     0.51075422     0.48924565
       19     0.00000099     0.15470794     0.84529108
       20     0.00000021     0.08225103     0.91774876
       21     0.00000052     0.05188244     0.94811704
       22     0.00000047     0.03898864     0.96101089
       23     0.00000039     0.03346651     0.96653310
       24     0.00000049     0.03084024     0.96915927
       25     0.00000045     0.02913442     0.97086513
       26     0.00000046     0.02751775     0.97248179
       27     0.00000049     0.02567691     0.97432260
       28     0.00000049     0.02355820     0.97644131
       29     0.00000051     0.02120112     0.97879837
       30     0.00000052     0.01869401     0.98130547
       31     0.00000051     0.01614811     0.98385137
       32     0.00000051     0.01370204     0.98629745
       33     0.00000050     0.01154467     0.98845482
       34     0.00000049     0.00997658     0.99002293
       35     0.00000047     0.00950907     0.99049046
       36     0.00000045     0.01109669     0.98890285
       37     0.00000043     0.01663617     0.98336340
       38     0.00000041     0.03008081     0.96991877
       39     0.00000039     0.05989385     0.94010576
       40     0.00000037     0.12302018     0.87697945
       41     0.00000033     0.24685017     0.75314950
       42     0.00000035     0.44093166     0.55906799
       43     0.00000040     0.64519520     0.35480440
       44     0.00000031     0.78123438     0.21876530
       45     0.00000025     0.85389229     0.14610746
       46     0.00000029     0.89253715     0.10746256
       47     0.00000029     0.91464229     0.08535743
       48     0.00000023     0.92829008     0.07170969
       49     0.00000023     0.93726094     0.06273883
       50     0.00000026     0.94344935     0.05655039
       51     0.00000024     0.94787818     0.05212157
       52     0.00000022     0.95113442     0.04886537
       53     0.00000024     0.95357607     0.04642369
       54     0.00000027     0.95543386     0.04456588
       55     0.00000025     0.95686848     0.04313126
       56     0.00000025     0.95799032     0.04200943
       57     0.00000028     0.95888865     0.04111107
       58     0.00000030     0.95963894     0.04036075
       59     0.00000030     0.96031096     0.03968874
       60     0.00000031     0.96096746     0.03903224
       61     0.00000033     0.96166876     0.03833091
       62     0.00000035     0.96246997     0.03752968
       63     0.00000035     0.96342320     0.03657645
       64     0.00000036     0.96456460     0.03543505
       65     0.00000038     0.96591443     0.03408518
       66     0.00000040     0.96747157     0.03252803
       67     0.00000041     0.96920664     0.03079295
       68     0.00000043     0.97106462     0.02893495
       69     0.00000047     0.97296626     0.02703327
       70     0.00000052     0.97481879     0.02518069
       71     0.00000056     0.97652404     0.02347540
       72     0.00000061     0.97799497     0.02200441
       73     0.00000069     0.97916809     0.02083122
       74     0.00000077     0.98001407     0.01998516
       75     0.00000086     0.98053990     0.01945924
       76     0.00000094     0.98078974     0.01920932
       77     0.00000102     0.98083382     0.01916515
       78     0.00000112     0.98075644     0.01924244
       79     0.00000121     0.98064296     0.01935583
       80     0.00000129     0.98056550     0.01943321
       81     0.00000136     0.98057229     0.01942635
       82     0.00000143     0.98068975     0.01930882
       83     0.00000150     0.98092099     0.01907750
       84     0.00000155     0.98125249     0.01874595
       85     0.00000160     0.98166462     0.01833379
       86     0.00000163     0.98214005     0.01785831
       87     0.00000168     0.98267068     0.01732764
       88     0.00000172     0.98326103     0.01673725
       89     0.00000177     0.98392407     0.01607416
       90     0.00000183     0.98467709     0.01532108
       91     0.00000192     0.98552907     0.01446901
       92     0.00000205     0.98647264     0.01352531
       93     0.00000221     0.98747307     0.01252472
       94     0.00000242     0.98846739     0.01153018
       95     0.00000269     0.98936681     0.01063050
       96     0.00000300     0.99006751     0.00992949
       97     0.00000335     0.99047125     0.00952540
       98     0.00000371     0.99051049     0.00948580
       99     0.00000406     0.99016854     0.00982739
      100     0.00000437     0.98950182     0.01049381
      101     0.00000461     0.98864382     0.01135158
      102     0.00000475     0.98779675     0.01219850
      103     0.00000479     0.98720121     0.01279400
      104     0.00000474     0.98709077     0.01290449
      105     0.00000462     0.98763450     0.01236088
      106     0.00000450     0.98888400     0.01111151
      107     0.00000442     0.99073967     0.00925592
      108     0.00000444     0.99294909     0.00704646
      109     0.00000461     0.99514944     0.00484595
      110     0.00000493     0.99694672     0.00304836
      111     0.00000537     0.99801955     0.00197508
      112     0.00000589     0.99821366     0.00178045
      113     0.00000641     0.99759868     0.00239492
      114     0.00000684     0.99646162     0.00353155
      115     0.00000713     0.99523127     0.00476160
      116     0.00000726     0.99435252     0.00564022
      117     0.00000727     0.99414881     0.00584392
      118     0.00000725     0.99471890     0.00527385
      119     0.00000731     0.99590843     0.00408426
      120     0.00000754     0.99736751     0.00262495
