#     Density Matrix: population Re; see the manual for detail orders
        0     0.00000000     0.00000000     1.00000000
        1     0.00000001     0.00000193     0.99999806
        2     0.00000003     0.00001356     0.99998641
        3     0.00000006     0.00002490     0.99997503
        4     0.00000011     0.00002836     0.99997153
        5     0.00000016     0.00002386     0.99997599
        6     0.00000024     0.00001594     0.99998382
        7     0.00000027     0.00000934     0.99999039
        8     0.00000040     0.00000631     0.99999329
        9     0.00000040     0.00000718     0.99999242
       10     0.00000057     0.00001654     0.99998289
       11     0.00000053     0.00077912     0.99922035
       12     0.00000068     0.00120137     0.99879795
       13     0.00000066     0.00096171     0.99903764
       14     0.00000068     0.00097437     0.99902495
       15     0.00000075     0.00092866     0.99907058
       16     0.00000067     0.00085830     0.99914103
       17     0.00000080     0.00079259     0.99920661
       18     0.00000074     0.00075846     0.99924080
       19     0.00000076     0.00077803     0.99922121
       20     0.00000088     0.00086704     0.99913208
       21     0.00000070     0.00103474     0.99896455
       22     0.00000077     0.00128650     0.99871273
       23     0.00000084     0.00162663     0.99837253
       24     0.00000065     0.00205999     0.99793936
       25     0.00000076     0.00259723     0.99740202
       26     0.00000080     0.00326134     0.99673786
       27     0.00000062     0.00409765     0.99590174
       28     0.00000071     0.00519268     0.99480661
       29     0.00000076     0.00671262     0.99328662
       30     0.00000059     0.00899073     0.99100869
       31     0.00000063     0.01274726     0.98725211
       32     0.00000073     0.01971475     0.98028452
       33     0.00000057     0.03473370     0.96526572
       34     0.00000053     0.07408851     0.92591096
       35     0.00000063     0.19598531     0.80401406
       36     0.00000054     0.47525051     0.52474895
       37     0.00000049     0.75699878     0.24300074
       38     0.00000074     0.88403108     0.11596818
       39     0.00000071     0.92674356     0.07325573
       40     0.00000046     0.94360986     0.05638968
       41     0.00000057     0.95145152     0.04854791
       42     0.00000077     0.95549783     0.04450139
       43     0.00000060     0.95774559     0.04225381
       44     0.00000043     0.95913623     0.04086334
       45     0.00000063     0.96013822     0.03986114
       46     0.00000076     0.96094211     0.03905713
       47     0.00000055     0.96168328     0.03831617
       48     0.00000045     0.96244400     0.03755555
       49     0.00000068     0.96327481     0.03672451
       50     0.00000079     0.96420478     0.03579442
       51     0.00000059     0.96524573     0.03475368
       52     0.00000052     0.96639486     0.03360462
       53     0.00000077     0.96763817     0.03236106
       54     0.00000093     0.96895365     0.03104543
       55     0.00000075     0.97031384     0.02968542
       56     0.00000063     0.97168908     0.02831029
       57     0.00000088     0.97305180     0.02694732
       58     0.00000112     0.97437998     0.02561890
       59     0.00000099     0.97565810     0.02434091
       60     0.00000079     0.97687714     0.02312207
       61     0.00000094     0.97803454     0.02196452
       62     0.00000126     0.97913348     0.02086526
       63     0.00000126     0.98018061     0.01981813
       64     0.00000100     0.98118295     0.01881605
       65     0.00000097     0.98214596     0.01785307
       66     0.00000129     0.98307273     0.01692598
       67     0.00000151     0.98396324     0.01603525
       68     0.00000134     0.98481360     0.01518505
       69     0.00000112     0.98561642     0.01438246
       70     0.00000126     0.98636283     0.01363591
       71     0.00000162     0.98704529     0.01295309
       72     0.00000174     0.98765950     0.01233876
       73     0.00000149     0.98820548     0.01179302
       74     0.00000130     0.98868836     0.01131033
       75     0.00000150     0.98911876     0.01087973
       76     0.00000185     0.98951182     0.01048633
       77     0.00000190     0.98988423     0.01011387
       78     0.00000000     1.00000000     0.00000000
       79     0.00000236     0.99999764     0.00000000
       80     0.00000631     0.99999366     0.00000003
       81     0.00000663     0.99999313     0.00000024
       82     0.00000296     0.99999616     0.00000088
       83     0.00000007     0.99999764     0.00000229
       84     0.00000165     0.99999354     0.00000481
       85     0.00000569     0.99998560     0.00000871
       86     0.00000720     0.99997873     0.00001407
       87     0.00000438     0.99997486     0.00002077
       88     0.00000068     0.99997095     0.00002837
       89     0.00000049     0.99996332     0.00003619
       90     0.00000395     0.99995264     0.00004341
       91     0.00000699     0.99994388     0.00004913
       92     0.00000616     0.99994128     0.00005256
       93     0.00000247     0.99994438     0.00005316
       94     0.00000004     0.99994922     0.00005074
       95     0.00000145     0.99995302     0.00004553
       96     0.00000503     0.99995679     0.00003819
       97     0.00000687     0.99996350     0.00002963
       98     0.00000508     0.99997394     0.00002098
       99     0.00000161     0.99998509     0.00001330
      100     0.00000001     0.99999246     0.00000754
      101     0.00000176     0.99999399     0.00000426
      102     0.00000491     0.99999143     0.00000366
      103     0.00000626     0.99998823     0.00000551
      104     0.00000453     0.99998620     0.00000927
      105     0.00000150     0.99998438     0.00001413
      106     0.00000005     0.99998079     0.00001916
      107     0.00000138     0.99997515     0.00002347
      108     0.00000401     0.99996967     0.00002631
      109     0.00000539     0.99996744     0.00002718
      110     0.00000430     0.99996985     0.00002585
      111     0.00000186     0.99997563     0.00002251
      112     0.00000027     0.99998191     0.00001782
      113     0.00000077     0.99998637     0.00001286
      114     0.00000264     0.99998831     0.00000905
      115     0.00000409     0.99998796     0.00000795
      116     0.00000388     0.99998511     0.00001102
      117     0.00000236     0.99997844     0.00001920
      118     0.00000092     0.99996644     0.00003263
      119     0.00000066     0.99994895     0.00005039
      120     0.00000149     0.99992798     0.00007053
