#     Density Matrix: population Re; see the manual for detail orders
        0     0.00000000     0.00000000     1.00000000
        1     0.00000001     0.00000453     0.99999547
        2     0.00000002     0.00004708     0.99995289
        3     0.00000006     0.00014639     0.99985355
        4     0.00000011     0.00028930     0.99971059
        5     0.00000018     0.00045654     0.99954328
        6     0.00000026     0.00070707     0.99929267
        7     0.00000034     0.00134625     0.99865342
        8     0.00000042     0.00334259     0.99665699
        9     0.00000047     0.00987088     0.99012865
       10     0.00000055     0.03385015     0.96614930
       11     0.00000049     0.13801262     0.86198689
       12     0.00000032     0.45114457     0.54885511
       13     0.00000030     0.59122397     0.40877573
       14     0.00000099     0.38117548     0.61882353
       15     0.00000075     0.28704840     0.71295085
       16     0.00000006     0.25097086     0.74902908
       17     0.00000094     0.22665678     0.77334228
       18     0.00000023     0.21218029     0.78781947
       19     0.00000031     0.20499714     0.79500255
       20     0.00000068     0.20275379     0.79724553
       21     0.00000000     0.20355727     0.79644272
       22     0.00000058     0.20600617     0.79399326
       23     0.00000044     0.20914817     0.79085139
       24     0.00000004     0.21239125     0.78760871
       25     0.00000069     0.21540592     0.78459339
       26     0.00000028     0.21803923     0.78196049
       27     0.00000013     0.22024484     0.77975503
       28     0.00000077     0.22203401     0.77796522
       29     0.00000024     0.22344450     0.77655526
       30     0.00000016     0.22452047     0.77547937
       31     0.00000081     0.22530479     0.77469440
       32     0.00000028     0.22583783     0.77416189
       33     0.00000012     0.22615955     0.77384034
       34     0.00000080     0.22631401     0.77368519
       35     0.00000039     0.22635598     0.77364363
       36     0.00000004     0.22635875     0.77364121
       37     0.00000071     0.22642467     0.77357462
       38     0.00000057     0.22670604     0.77329340
       39     0.00000000     0.22744701     0.77255299
       40     0.00000052     0.22907825     0.77092123
       41     0.00000074     0.23247597     0.76752329
       42     0.00000009     0.23983631     0.76016360
       43     0.00000024     0.25889786     0.74110190
       44     0.00000080     0.34357646     0.65642274
       45     0.00000023     0.65711064     0.34288912
       46     0.00000013     0.83128955     0.16871032
       47     0.00000076     0.83510433     0.16489491
       48     0.00000054     0.83278004     0.16721941
       49     0.00000001     0.83171812     0.16828188
       50     0.00000044     0.83136235     0.16863721
       51     0.00000083     0.83130530     0.16869387
       52     0.00000025     0.83133664     0.16866311
       53     0.00000008     0.83135305     0.16864687
       54     0.00000078     0.83131369     0.16868554
       55     0.00000075     0.83121601     0.16878324
       56     0.00000006     0.83108057     0.16891937
       57     0.00000041     0.83094420     0.16905539
       58     0.00000112     0.83085496     0.16914392
       59     0.00000056     0.83086355     0.16913589
       60     0.00000010     0.83101553     0.16898436
       61     0.00000106     0.83134582     0.16865312
       62     0.00000136     0.83187276     0.16812588
       63     0.00000035     0.83259097     0.16740868
       64     0.00000061     0.83346748     0.16653191
       65     0.00000188     0.83444465     0.16555348
       66     0.00000136     0.83544456     0.16455408
       67     0.00000038     0.83637626     0.16362337
       68     0.00000146     0.83715094     0.16284760
       69     0.00000232     0.83770369     0.16229399
       70     0.00000106     0.83801261     0.16198633
       71     0.00000055     0.83811329     0.16188616
       72     0.00000181     0.83811311     0.16188508
       73     0.00000191     0.83819649     0.16180160
       74     0.00000056     0.83860899     0.16139045
       75     0.00000034     0.83962306     0.16037660
       76     0.00000115     0.84149453     0.15850432
       77     0.00000124     0.84440414     0.15559462
       78     0.00000056     0.84838502     0.15161442
       79     0.00000013     0.85325574     0.14674413
       80     0.00000090     0.85858235     0.14141674
       81     0.00000253     0.86367966     0.13631780
       82     0.00000272     0.86765786     0.13233942
       83     0.00000173     0.86953402     0.13046424
       84     0.00000339     0.86841421     0.13158240
       85     0.00000676     0.86372591     0.13626733
       86     0.00000653     0.85544276     0.14455071
       87     0.00000436     0.84425143     0.15574421
       88     0.00000593     0.83161129     0.16838278
       89     0.00000839     0.81962879     0.18036282
       90     0.00000626     0.81071118     0.18928256
       91     0.00000289     0.80702555     0.19297157
       92     0.00000270     0.80987444     0.19012285
       93     0.00000339     0.81913105     0.18086556
       94     0.00000288     0.83294865     0.16704846
       95     0.00000209     0.84794458     0.15205333
       96     0.00000180     0.85993910     0.14005910
       97     0.00000419     0.86518634     0.13480947
       98     0.00000898     0.86176521     0.13822581
       99     0.00001029     0.85062304     0.14936667
      100     0.00000745     0.83571408     0.16427847
      101     0.00000678     0.82287802     0.17711519
      102     0.00000812     0.81758837     0.18240351
      103     0.00000682     0.82234508     0.17764809
      104     0.00000439     0.83497966     0.16501595
      105     0.00000361     0.84911457     0.15088183
      106     0.00000575     0.85711963     0.14287462
      107     0.00001222     0.85442998     0.14555780
      108     0.00001776     0.84276837     0.15721387
      109     0.00001566     0.82976242     0.17022192
      110     0.00001019     0.82431716     0.17567265
      111     0.00000819     0.83023931     0.16975250
      112     0.00001106     0.84280791     0.15718103
      113     0.00001883     0.85182952     0.14815165
      114     0.00002647     0.84985834     0.15011519
      115     0.00002737     0.83904069     0.16093194
      116     0.00002461     0.82975210     0.17022329
      117     0.00002474     0.83094357     0.16903170
      118     0.00003127     0.84089196     0.15907677
      119     0.00004611     0.84858787     0.15136602
      120     0.00006255     0.84567596     0.15426149
