#     Density Matrix: population Re; see the manual for detail orders
        0     0.00000000     0.00000000     1.00000000
        1     0.00000003     0.00000290     0.99999707
        2     0.00000002     0.00001788     0.99998211
        3     0.00000000     0.00002558     0.99997442
        4     0.00000007     0.00002328     0.99997665
        5     0.00000003     0.00002599     0.99997398
        6     0.00000023     0.00003975     0.99996002
        7     0.00000014     0.00004963     0.99995023
        8     0.00000048     0.00004226     0.99995726
        9     0.00000034     0.00004237     0.99995728
       10     0.00000076     0.00013481     0.99986442
       11     0.00000055     0.00048143     0.99951802
       12     0.00000101     0.00142696     0.99857203
       13     0.00000070     0.00410981     0.99588949
       14     0.00000109     0.01442650     0.98557241
       15     0.00000072     0.08462283     0.91537645
       16     0.00000062     0.55980231     0.44019707
       17     0.00000003     0.64517629     0.35482369
       18     0.00000104     0.32218074     0.67781822
       19     0.00000011     0.25225336     0.74774653
       20     0.00000082     0.21707268     0.78292650
       21     0.00000069     0.20135338     0.79864593
       22     0.00000014     0.19698970     0.80301016
       23     0.00000105     0.19923782     0.80076113
       24     0.00000028     0.20522721     0.79477251
       25     0.00000034     0.21333310     0.78666656
       26     0.00000099     0.22266732     0.77733169
       27     0.00000011     0.23279294     0.76720696
       28     0.00000047     0.24364319     0.75635634
       29     0.00000070     0.25523473     0.74476457
       30     0.00000003     0.26776851     0.73223146
       31     0.00000041     0.28153887     0.71846071
       32     0.00000065     0.29681747     0.70318188
       33     0.00000007     0.31371079     0.68628914
       34     0.00000027     0.33214974     0.66784999
       35     0.00000057     0.35199197     0.64800746
       36     0.00000010     0.37298901     0.62701089
       37     0.00000012     0.38825970     0.61174018
       38     0.00000044     0.39725596     0.60274360
       39     0.00000019     0.39981856     0.60018125
       40     0.00000003     0.39695738     0.60304259
       41     0.00000038     0.39914714     0.60085249
       42     0.00000022     0.50500028     0.49499950
       43     0.00000004     0.59023731     0.40976266
       44     0.00000024     0.54709314     0.45290662
       45     0.00000030     0.48036848     0.51963122
       46     0.00000008     0.40900419     0.59099572
       47     0.00000002     0.34198871     0.65801126
       48     0.00000017     0.28735558     0.71264424
       49     0.00000016     0.25305909     0.74694075
       50     0.00000002     0.26127163     0.73872835
       51     0.00000003     0.35784243     0.64215754
       52     0.00000008     0.61578321     0.38421672
       53     0.00000006     0.75274844     0.24725150
       54     0.00000000     0.80141789     0.19858211
       55     0.00000007     0.82318129     0.17681864
       56     0.00000016     0.83529681     0.16470303
       57     0.00000008     0.84296548     0.15703444
       58     0.00000004     0.84849640     0.15150356
       59     0.00000017     0.85307559     0.14692424
       60     0.00000021     0.85725823     0.14274156
       61     0.00000007     0.86195432     0.13804561
       62     0.00000013     0.86617299     0.13382688
       63     0.00000025     0.86999264     0.13000711
       64     0.00000012     0.87389575     0.12610413
       65     0.00000001     0.87866621     0.12133378
       66     0.00000012     0.88579606     0.11420382
       67     0.00000012     0.89758629     0.10241359
       68     0.00000000     0.91650501     0.08349498
       69     0.00000011     0.93925663     0.06074326
       70     0.00000023     0.91009372     0.08990605
       71     0.00000027     0.70117449     0.29882524
       72     0.00000025     0.59137156     0.40862819
       73     0.00000024     0.70464840     0.29535137
       74     0.00000010     0.82672426     0.17327565
       75     0.00000002     0.90176949     0.09823049
       76     0.00000005     0.94384855     0.05615139
       77     0.00000001     0.96531067     0.03468932
       78     0.00000002     0.97355475     0.02644523
       79     0.00000003     0.97413768     0.02586229
       80     0.00000000     0.97209055     0.02790945
       81     0.00000004     0.97109242     0.02890754
       82     0.00000001     0.97259043     0.02740957
       83     0.00000002     0.97597868     0.02402130
       84     0.00000002     0.97975765     0.02024233
       85     0.00000000     0.98262278     0.01737722
       86     0.00000002     0.98412493     0.01587505
       87     0.00000000     0.98472169     0.01527830
       88     0.00000002     0.98515918     0.01484079
       89     0.00000001     0.98593863     0.01406136
       90     0.00000001     0.98704607     0.01295392
       91     0.00000001     0.98812998     0.01187001
       92     0.00000001     0.98895323     0.01104676
       93     0.00000001     0.98957123     0.01042875
       94     0.00000000     1.00000000     0.00000000
       95     0.00000001     0.99999978     0.00000021
       96     0.00000001     0.99999856     0.00000143
       97     0.00000000     0.99999636     0.00000364
       98     0.00000001     0.99999486     0.00000513
       99     0.00000003     0.99999505     0.00000492
      100     0.00000001     0.99999585     0.00000414
      101     0.00000001     0.99999420     0.00000579
      102     0.00000005     0.99998935     0.00001059
      103     0.00000004     0.99998324     0.00001672
      104     0.00000001     0.99998007     0.00001992
      105     0.00000007     0.99998159     0.00001834
      106     0.00000009     0.99998409     0.00001582
      107     0.00000003     0.99998131     0.00001866
      108     0.00000006     0.99997086     0.00002908
      109     0.00000013     0.99995805     0.00004182
      110     0.00000008     0.99995086     0.00004906
      111     0.00000005     0.99995165     0.00004830
      112     0.00000014     0.99995427     0.00004559
      113     0.00000015     0.99994956     0.00005029
      114     0.00000007     0.99993358     0.00006635
      115     0.00000010     0.99991173     0.00008817
      116     0.00000019     0.99989473     0.00010508
      117     0.00000013     0.99988908     0.00011079
      118     0.00000007     0.99989063     0.00010930
      119     0.00000015     0.99988807     0.00011178
      120     0.00000019     0.99987261     0.00012720
