#     Density Matrix: population Re; see the manual for detail orders
        0     0.00000000     0.00000000     1.00000000
        1     0.00000000     0.00000743     0.99999257
        2     0.00000001     0.00006154     0.99993845
        3     0.00000004     0.00014138     0.99985858
        4     0.00000008     0.00019880     0.99980112
        5     0.00000013     0.00019971     0.99980016
        6     0.00000019     0.00016677     0.99983304
        7     0.00000026     0.00022224     0.99977749
        8     0.00000033     0.00065319     0.99934647
        9     0.00000041     0.00214131     0.99785828
       10     0.00000047     0.00692530     0.99307423
       11     0.00000052     0.02662476     0.97337472
       12     0.00000047     0.16043210     0.83956743
       13     0.00000018     0.64855533     0.35144449
       14     0.00000056     0.53985617     0.46014327
       15     0.00000150     0.27907690     0.72092160
       16     0.00000000     0.22282024     0.77717976
       17     0.00000161     0.19241445     0.80758393
       18     0.00000075     0.17758943     0.82240982
       19     0.00000036     0.17185736     0.82814228
       20     0.00000161     0.17101150     0.82898688
       21     0.00000018     0.17233393     0.82766589
       22     0.00000077     0.17411999     0.82587924
       23     0.00000126     0.17536431     0.82463443
       24     0.00000003     0.17553131     0.82446866
       25     0.00000103     0.17438808     0.82561089
       26     0.00000110     0.17188048     0.82811842
       27     0.00000003     0.16805138     0.83194860
       28     0.00000101     0.16296798     0.83703101
       29     0.00000117     0.15667872     0.84332011
       30     0.00000004     0.14920580     0.85079416
       31     0.00000084     0.14052369     0.85947546
       32     0.00000128     0.13055378     0.86944494
       33     0.00000015     0.11922905     0.88077079
       34     0.00000048     0.10674083     0.89325869
       35     0.00000123     0.09443771     0.90556106
       36     0.00000041     0.08847387     0.91152571
       37     0.00000016     0.11165780     0.88834205
       38     0.00000118     0.21207662     0.78792220
       39     0.00000091     0.38994527     0.61005382
       40     0.00000003     0.55939530     0.44060467
       41     0.00000070     0.68637833     0.31362097
       42     0.00000119     0.79764469     0.20235413
       43     0.00000028     0.90488998     0.09510975
       44     0.00000023     0.91582806     0.08417171
       45     0.00000118     0.80783385     0.19216497
       46     0.00000088     0.71857776     0.28142136
       47     0.00000005     0.66900288     0.33099707
       48     0.00000065     0.64194399     0.35805536
       49     0.00000128     0.62766339     0.37233533
       50     0.00000048     0.62131397     0.37868556
       51     0.00000009     0.62019027     0.37980964
       52     0.00000106     0.62249637     0.37750256
       53     0.00000122     0.62676279     0.37323599
       54     0.00000017     0.63150585     0.36849398
       55     0.00000041     0.63498928     0.36501030
       56     0.00000173     0.63515012     0.36484815
       57     0.00000124     0.62940390     0.37059486
       58     0.00000000     0.61477469     0.38522531
       59     0.00000120     0.58826567     0.41173313
       60     0.00000199     0.54741090     0.45258711
       61     0.00000041     0.49186601     0.50813358
       62     0.00000039     0.42529729     0.57470232
       63     0.00000179     0.35671028     0.64328792
       64     0.00000080     0.30261591     0.69738330
       65     0.00000009     0.28425077     0.71574914
       66     0.00000097     0.31973757     0.68026146
       67     0.00000035     0.41178069     0.58821896
       68     0.00000027     0.53776606     0.46223366
       69     0.00000045     0.65342305     0.34657650
       70     0.00000005     0.71401347     0.28598648
       71     0.00000107     0.69979400     0.30020493
       72     0.00000049     0.62680612     0.37319339
       73     0.00000028     0.53632446     0.46367527
       74     0.00000129     0.47152125     0.52847746
       75     0.00000011     0.45626082     0.54373907
       76     0.00000066     0.48633514     0.51366420
       77     0.00000042     0.53580858     0.46419101
       78     0.00000038     0.57368140     0.42631822
       79     0.00000082     0.58141890     0.41858028
       80     0.00000004     0.56173241     0.43826756
       81     0.00000120     0.53373949     0.46625931
       82     0.00000024     0.51812195     0.48187781
       83     0.00000046     0.52278566     0.47721388
       84     0.00000030     0.53928740     0.46071230
       85     0.00000061     0.55201650     0.44798289
       86     0.00000050     0.55184903     0.44815047
       87     0.00000032     0.54240991     0.45758977
       88     0.00000122     0.53436025     0.46563853
       89     0.00000013     0.53427711     0.46572276
       90     0.00000020     0.53958639     0.46041341
       91     0.00000048     0.54352341     0.45647611
       92     0.00000137     0.54312796     0.45687066
       93     0.00000010     0.54098281     0.45901709
       94     0.00000090     0.54011228     0.45988681
       95     0.00000116     0.54010139     0.45989745
       96     0.00000052     0.53934607     0.46065340
       97     0.00000016     0.53878915     0.46121068
       98     0.00000231     0.54064308     0.45935461
       99     0.00000190     0.54374248     0.45625562
      100     0.00000016     0.54358787     0.45641197
      101     0.00000111     0.53895629     0.46104260
      102     0.00000311     0.53529445     0.46470244
      103     0.00000211     0.53819149     0.46180640
      104     0.00000118     0.54496026     0.45503857
      105     0.00000344     0.54678393     0.45321263
      106     0.00000336     0.54034134     0.45965530
      107     0.00000184     0.53342162     0.46657654
      108     0.00000249     0.53531704     0.46468047
      109     0.00000678     0.54412269     0.45587053
      110     0.00000531     0.54859160     0.45140309
      111     0.00000173     0.54276399     0.45723428
      112     0.00000233     0.53394114     0.46605653
      113     0.00000779     0.53338980     0.46660242
      114     0.00000963     0.54169280     0.45829757
      115     0.00000454     0.54819614     0.45179933
      116     0.00000285     0.54489817     0.45509898
      117     0.00000553     0.53638631     0.46360815
      118     0.00001108     0.53343528     0.46655365
      119     0.00001087     0.53921534     0.46077379
      120     0.00000653     0.54599691     0.45399656
