#     Density Matrix: population Re; see the manual for detail orders
        0     0.00000000     0.00000000     1.00000000
        1     0.00000001     0.00000061     0.99999938
        2     0.00000004     0.00000566     0.99999430
        3     0.00000011     0.00001333     0.99998656
        4     0.00000014     0.00001598     0.99998388
        5     0.00000017     0.00001212     0.99998770
        6     0.00000019     0.00000821     0.99999160
        7     0.00000022     0.00001056     0.99998921
        8     0.00000025     0.00002405     0.99997570
        9     0.00000027     0.00005799     0.99994173
       10     0.00000029     0.00014743     0.99985228
       11     0.00000030     0.00045442     0.99954528
       12     0.00000031     0.00209521     0.99790448
       13     0.00000031     0.02891918     0.97108050
       14     0.00000015     0.46009778     0.53990206
       15     0.00000023     0.80867280     0.19132697
       16     0.00000025     0.76124459     0.23875517
       17     0.00000028     0.80520478     0.19479495
       18     0.00000017     0.84088785     0.15911198
       19     0.00000008     0.86591802     0.13408190
       20     0.00000007     0.88271927     0.11728066
       21     0.00000004     0.89354001     0.10645995
       22     0.00000001     0.89999897     0.10000102
       23     0.00000001     0.90323366     0.09676633
       24     0.00000001     0.90418947     0.09581052
       25     0.00000000     0.90366327     0.09633673
       26     0.00000000     0.90220222     0.09779778
       27     0.00000000     0.90023218     0.09976782
       28     0.00000000     0.89826281     0.10173719
       29     0.00000000     0.89651691     0.10348309
       30     0.00000001     0.89513650     0.10486349
       31     0.00000001     0.89428639     0.10571360
       32     0.00000001     0.89408295     0.10591704
       33     0.00000001     0.89466326     0.10533672
       34     0.00000002     0.89621761     0.10378237
       35     0.00000002     0.89900841     0.10099157
       36     0.00000002     0.90334078     0.09665920
       37     0.00000001     0.90953487     0.09046511
       38     0.00000001     0.91780970     0.08219029
       39     0.00000001     0.92822483     0.07177516
       40     0.00000002     0.94057205     0.05942793
       41     0.00000001     0.95409652     0.04590347
       42     0.00000000     0.96732818     0.03267181
       43     0.00000000     0.97793165     0.02206834
       44     0.00000002     0.98247958     0.01752040
       45     0.00000002     0.97634896     0.02365102
       46     0.00000002     0.95384083     0.04615915
       47     0.00000004     0.90897162     0.09102835
       48     0.00000005     0.83889522     0.16110473
       49     0.00000008     0.75461413     0.24538579
       50     0.00000013     0.69829123     0.30170864
       51     0.00000016     0.72267763     0.27732221
       52     0.00000011     0.81424727     0.18575262
       53     0.00000006     0.90708279     0.09291715
       54     0.00000002     0.96617076     0.03382921
       55     0.00000001     0.99296257     0.00703743
       56     0.00000000     0.99983194     0.00016806
       57     0.00000000     0.99806129     0.00193871
       58     0.00000000     0.99489164     0.00510836
       59     0.00000000     0.99358646     0.00641353
       60     0.00000000     0.99452359     0.00547641
       61     0.00000000     0.99660202     0.00339798
       62     0.00000000     0.99850558     0.00149442
       63     0.00000000     0.99948982     0.00051018
       64     0.00000000     0.99956899     0.00043101
       65     0.00000000     0.99923138     0.00076862
       66     0.00000000     0.99898555     0.00101445
       67     0.00000000     0.99904584     0.00095415
       68     0.00000000     0.99930849     0.00069151
       69     0.00000000     0.99955174     0.00044826
       70     0.00000001     0.99965261     0.00034738
       71     0.00000001     0.99964942     0.00035057
       72     0.00000001     0.99964029     0.00035969
       73     0.00000002     0.99965902     0.00034096
       74     0.00000002     0.99966380     0.00033618
       75     0.00000003     0.99963015     0.00036982
       76     0.00000004     0.99961118     0.00038878
       77     0.00000005     0.99967555     0.00032440
       78     0.00000006     0.99979768     0.00020226
       79     0.00000007     0.99985328     0.00014665
       80     0.00000009     0.99975849     0.00024143
       81     0.00000010     0.99959471     0.00040518
       82     0.00000012     0.99954728     0.00045260
       83     0.00000014     0.99969763     0.00030223
       84     0.00000016     0.99990659     0.00009324
       85     0.00000019     0.99994705     0.00005276
       86     0.00000021     0.99975763     0.00024216
       87     0.00000024     0.99952808     0.00047168
       88     0.00000027     0.99950400     0.00049573
       89     0.00000030     0.99971969     0.00028001
       90     0.00000033     0.99995540     0.00004426
       91     0.00000037     0.99996593     0.00003370
       92     0.00000040     0.99973306     0.00026654
       93     0.00000044     0.99947634     0.00052323
       94     0.00000048     0.99942756     0.00057196
       95     0.00000051     0.99960932     0.00039017
       96     0.00000055     0.99982998     0.00016947
       97     0.00000059     0.99987645     0.00012296
       98     0.00000063     0.99970425     0.00029512
       99     0.00000067     0.99945845     0.00054088
      100     0.00000071     0.99933183     0.00066747
      101     0.00000074     0.99940009     0.00059917
      102     0.00000078     0.99957969     0.00041953
      103     0.00000081     0.99971745     0.00028174
      104     0.00000083     0.99971888     0.00028029
      105     0.00000086     0.99960960     0.00038954
      106     0.00000087     0.99949607     0.00050306
      107     0.00000089     0.99947387     0.00052524
      108     0.00000090     0.99956126     0.00043783
      109     0.00000091     0.99970117     0.00029792
      110     0.00000091     0.99981592     0.00018317
      111     0.00000091     0.99986399     0.00013510
      112     0.00000090     0.99985805     0.00014105
      113     0.00000089     0.99984132     0.00015779
      114     0.00000088     0.99985011     0.00014902
      115     0.00000086     0.99988997     0.00010917
      116     0.00000084     0.99994059     0.00005857
      117     0.00000082     0.99997866     0.00002052
      118     0.00000079     0.99999573     0.00000348
      119     0.00000077     0.99999882     0.00000041
      120     0.00000074     0.99999855     0.00000071
