#     Density Matrix: population Re; see the manual for detail orders
        0     0.00000000     0.00000000     1.00000000
        1     0.00000005     0.00000298     0.99999697
        2     0.00000007     0.00003214     0.99996780
        3     0.00000013     0.00010243     0.99989744
        4     0.00000016     0.00020308     0.99979676
        5     0.00000025     0.00031568     0.99968408
        6     0.00000029     0.00047111     0.99952859
        7     0.00000036     0.00084861     0.99915104
        8     0.00000046     0.00198180     0.99801774
        9     0.00000043     0.00542559     0.99457398
       10     0.00000063     0.01667200     0.98332737
       11     0.00000041     0.06074494     0.93925464
       12     0.00000057     0.24874702     0.75125241
       13     0.00000031     0.62566529     0.37433440
       14     0.00000026     0.52014670     0.47985304
       15     0.00000128     0.36460271     0.63539601
       16     0.00000059     0.28177531     0.71822410
       17     0.00000059     0.23128650     0.76871292
       18     0.00000098     0.19576211     0.80423690
       19     0.00000022     0.16703880     0.83296098
       20     0.00000052     0.14125436     0.85874512
       21     0.00000058     0.11699928     0.88300013
       22     0.00000006     0.09418770     0.90581224
       23     0.00000038     0.07348488     0.92651474
       24     0.00000035     0.05564562     0.94435403
       25     0.00000001     0.04103041     0.95896958
       26     0.00000024     0.02957462     0.97042514
       27     0.00000021     0.02087706     0.97912273
       28     0.00000000     0.01441586     0.98558414
       29     0.00000000     1.00000000     0.00000000
       30     0.00000005     0.99993669     0.00006326
       31     0.00000008     0.99971369     0.00028623
       32     0.00000002     0.99927124     0.00072875
       33     0.00000002     0.99853544     0.00146454
       34     0.00000009     0.99742090     0.00257900
       35     0.00000006     0.99583676     0.00416318
       36     0.00000000     0.99369602     0.00630398
       37     0.00000006     0.99092718     0.00907275
       38     0.00000009     0.98748514     0.01251477
       39     0.00000001     0.98334692     0.01665306
       40     0.00000003     0.97846672     0.02153325
       41     0.00000009     0.97264504     0.02735487
       42     0.00000004     0.96522091     0.03477905
       43     0.00000001     0.95452613     0.04547386
       44     0.00000009     0.93726457     0.06273534
       45     0.00000009     0.90927470     0.09072520
       46     0.00000002     0.87105481     0.12894518
       47     0.00000012     0.83704144     0.16295845
       48     0.00000020     0.83050034     0.16949947
       49     0.00000005     0.85843464     0.14156531
       50     0.00000003     0.90450084     0.09549913
       51     0.00000008     0.94849082     0.05150910
       52     0.00000002     0.97960729     0.02039269
       53     0.00000000     1.00000000     0.00000000
       54     0.00000001     0.99656540     0.00343459
       55     0.00000002     0.99049211     0.00950787
       56     0.00000000     0.98654464     0.01345536
       57     0.00000001     0.98656884     0.01343115
       58     0.00000001     0.98961810     0.01038189
       59     0.00000000     1.00000000     0.00000000
       60     0.00000001     0.99971348     0.00028652
       61     0.00000001     0.99920963     0.00079036
       62     0.00000000     0.99895048     0.00104952
       63     0.00000001     0.99909240     0.00090760
       64     0.00000002     0.99945288     0.00054710
       65     0.00000001     0.99972494     0.00027505
       66     0.00000001     0.99974392     0.00025607
       67     0.00000004     0.99958718     0.00041279
       68     0.00000004     0.99944862     0.00055134
       69     0.00000002     0.99943843     0.00056155
       70     0.00000005     0.99950988     0.00049007
       71     0.00000007     0.99956123     0.00043869
       72     0.00000005     0.99956662     0.00043333
       73     0.00000008     0.99957691     0.00042301
       74     0.00000013     0.99961102     0.00038884
       75     0.00000010     0.99960536     0.00039454
       76     0.00000012     0.99950917     0.00049071
       77     0.00000020     0.99939843     0.00060137
       78     0.00000020     0.99942125     0.00057855
       79     0.00000018     0.99960129     0.00039853
       80     0.00000029     0.99975168     0.00024803
       81     0.00000032     0.99966073     0.00033894
       82     0.00000028     0.99936640     0.00063332
       83     0.00000037     0.99917106     0.00082856
       84     0.00000049     0.99931981     0.00067970
       85     0.00000044     0.99968743     0.00031213
       86     0.00000048     0.99986659     0.00013293
       87     0.00000064     0.99960835     0.00039101
       88     0.00000066     0.99913046     0.00086888
       89     0.00000061     0.99892034     0.00107904
       90     0.00000077     0.99921718     0.00078205
       91     0.00000089     0.99973343     0.00026568
       92     0.00000082     0.99993207     0.00006711
       93     0.00000084     0.99957908     0.00042008
       94     0.00000103     0.99899348     0.00100549
       95     0.00000106     0.99873433     0.00126461
       96     0.00000096     0.99904887     0.00095016
       97     0.00000105     0.99963735     0.00036160
       98     0.00000120     0.99995246     0.00004634
       99     0.00000114     0.99971950     0.00027936
      100     0.00000103     0.99917342     0.00082555
      101     0.00000113     0.99881514     0.00118373
      102     0.00000126     0.99894783     0.00105091
      103     0.00000116     0.99942926     0.00056957
      104     0.00000103     0.99983727     0.00016170
      105     0.00000109     0.99985861     0.00014030
      106     0.00000117     0.99953864     0.00046018
      107     0.00000108     0.99919544     0.00080348
      108     0.00000094     0.99911756     0.00088150
      109     0.00000097     0.99933202     0.00066700
      110     0.00000105     0.99962630     0.00037264
      111     0.00000098     0.99976410     0.00023492
      112     0.00000082     0.99968191     0.00031727
      113     0.00000079     0.99950445     0.00049476
      114     0.00000087     0.99940013     0.00059901
      115     0.00000088     0.99943150     0.00056762
      116     0.00000076     0.99953172     0.00046752
      117     0.00000067     0.99959974     0.00039959
      118     0.00000070     0.99959970     0.00039961
      119     0.00000075     0.99956967     0.00042958
      120     0.00000072     0.99955442     0.00044486
