#     Density Matrix: population Re; see the manual for detail orders
        0     0.00000000     0.00000000     1.00000000
        1     0.00000002     0.00003688     0.99996310
        2     0.00000004     0.00032687     0.99967309
        3     0.00000008     0.00083358     0.99916634
        4     0.00000013     0.00134243     0.99865744
        5     0.00000017     0.00162298     0.99837686
        6     0.00000026     0.00165435     0.99834539
        7     0.00000027     0.00187869     0.99812104
        8     0.00000041     0.00345620     0.99654339
        9     0.00000036     0.00861961     0.99138003
       10     0.00000053     0.02149403     0.97850544
       11     0.00000041     0.04988906     0.95011053
       12     0.00000053     0.10625352     0.89374595
       13     0.00000038     0.19462538     0.80537424
       14     0.00000052     0.27667767     0.72332181
       15     0.00000081     0.30235059     0.69764860
       16     0.00000107     0.27230558     0.72769335
       17     0.00000117     0.22538337     0.77461547
       18     0.00000121     0.18454192     0.81545687
       19     0.00000112     0.15503291     0.84496598
       20     0.00000100     0.13617960     0.86381940
       21     0.00000090     0.12585579     0.87414331
       22     0.00000069     0.12144993     0.87854938
       23     0.00000050     0.12051135     0.87948815
       24     0.00000053     0.12115541     0.87884406
       25     0.00000033     0.12181429     0.87818538
       26     0.00000016     0.12131722     0.87868261
       27     0.00000015     0.11888724     0.88111260
       28     0.00000010     0.11409437     0.88590552
       29     0.00000004     0.10677121     0.89322875
       30     0.00000004     0.09703092     0.90296904
       31     0.00000001     0.08531644     0.91468355
       32     0.00000001     0.07241643     0.92758356
       33     0.00000002     0.05965471     0.94034526
       34     0.00000001     0.04886487     0.95113512
       35     0.00000002     0.04242633     0.95757365
       36     0.00000005     0.04316094     0.95683901
       37     0.00000004     0.05402994     0.94597002
       38     0.00000004     0.07753864     0.92246132
       39     0.00000002     0.11481578     0.88518419
       40     0.00000005     0.16433104     0.83566891
       41     0.00000006     0.22046874     0.77953120
       42     0.00000005     0.27285432     0.72714563
       43     0.00000004     0.30763565     0.69236431
       44     0.00000006     0.31162404     0.68837590
       45     0.00000011     0.27873798     0.72126191
       46     0.00000015     0.21523547     0.78476438
       47     0.00000017     0.13932661     0.86067322
       48     0.00000011     0.07386209     0.92613780
       49     0.00000018     0.03636824     0.96363158
       50     0.00000019     0.03248604     0.96751377
       51     0.00000009     0.05540202     0.94459790
       52     0.00000020     0.09037895     0.90962085
       53     0.00000017     0.12145310     0.87854673
       54     0.00000018     0.13733205     0.86266777
       55     0.00000034     0.13478950     0.86521015
       56     0.00000020     0.11863385     0.88136595
       57     0.00000029     0.09857514     0.90142457
       58     0.00000038     0.08431652     0.91568310
       59     0.00000012     0.08113819     0.91886169
       60     0.00000035     0.08795634     0.91204331
       61     0.00000017     0.09873042     0.90126941
       62     0.00000022     0.10646092     0.89353886
       63     0.00000034     0.10732706     0.89267261
       64     0.00000014     0.10246932     0.89753054
       65     0.00000044     0.09640431     0.90359525
       66     0.00000017     0.09338583     0.90661400
       67     0.00000020     0.09450646     0.90549334
       68     0.00000016     0.09763468     0.90236515
       69     0.00000011     0.09983124     0.90016866
       70     0.00000030     0.09991903     0.90008067
       71     0.00000011     0.09889692     0.90110297
       72     0.00000032     0.09823228     0.90176740
       73     0.00000009     0.09815934     0.90184057
       74     0.00000006     0.09784816     0.90215178
       75     0.00000002     0.09698793     0.90301205
       76     0.00000015     0.09660117     0.90339868
       77     0.00000025     0.09783712     0.90216263
       78     0.00000007     0.10008382     0.89991610
       79     0.00000015     0.10100516     0.89899469
       80     0.00000005     0.09900818     0.90099177
       81     0.00000006     0.09553232     0.90446762
       82     0.00000004     0.09415763     0.90584233
       83     0.00000023     0.09688675     0.90311301
       84     0.00000029     0.10150097     0.89849874
       85     0.00000005     0.10330356     0.89669639
       86     0.00000003     0.09995866     0.90004131
       87     0.00000010     0.09436526     0.90563464
       88     0.00000030     0.09215539     0.90784431
       89     0.00000023     0.09590690     0.90409287
       90     0.00000029     0.10219530     0.89780441
       91     0.00000035     0.10484248     0.89515717
       92     0.00000009     0.10110153     0.89889838
       93     0.00000006     0.09451661     0.90548333
       94     0.00000018     0.09144084     0.90855899
       95     0.00000071     0.09476817     0.90523111
       96     0.00000080     0.10120057     0.89879862
       97     0.00000026     0.10460262     0.89539712
       98     0.00000009     0.10195962     0.89804029
       99     0.00000002     0.09605824     0.90394174
      100     0.00000056     0.09252144     0.90747800
      101     0.00000102     0.09437302     0.90562596
      102     0.00000081     0.09944192     0.90055727
      103     0.00000080     0.10281483     0.89718437
      104     0.00000031     0.10162032     0.89837937
      105     0.00000006     0.09746790     0.90253204
      106     0.00000059     0.09448559     0.90551382
      107     0.00000092     0.09521986     0.90477922
      108     0.00000145     0.09846247     0.90153607
      109     0.00000134     0.10085511     0.89914355
      110     0.00000027     0.10032535     0.89967439
      111     0.00000006     0.09785963     0.90214031
      112     0.00000047     0.09611550     0.90388403
      113     0.00000129     0.09658930     0.90340941
      114     0.00000216     0.09836320     0.90163464
      115     0.00000140     0.09944458     0.90055401
      116     0.00000019     0.09895889     0.90104091
      117     0.00000013     0.09779271     0.90220716
      118     0.00000086     0.09728021     0.90271892
      119     0.00000223     0.09771250     0.90228527
      120     0.00000272     0.09832531     0.90167197
