#     Density Matrix: population Re; see the manual for detail orders
        0     0.00000000     0.00000000     1.00000000
        1     0.00000000     0.00000754     0.99999245
        2     0.00000001     0.00005208     0.99994791
        3     0.00000001     0.00008555     0.99991444
        4     0.00000005     0.00007236     0.99992759
        5     0.00000006     0.00003159     0.99996835
        6     0.00000011     0.00000410     0.99999579
        7     0.00000012     0.00000348     0.99999639
        8     0.00000016     0.00001441     0.99998543
        9     0.00000018     0.00002031     0.99997951
       10     0.00000020     0.00001740     0.99998240
       11     0.00000021     0.00001101     0.99998877
       12     0.00000023     0.00001013     0.99998964
       13     0.00000025     0.00003001     0.99996974
       14     0.00000026     0.00011859     0.99988115
       15     0.00000027     0.00054278     0.99945695
       16     0.00000027     0.00480396     0.99519576
       17     0.00000015     0.49454370     0.50545615
       18     0.00000033     0.50934118     0.49065849
       19     0.00000048     0.24838074     0.75161878
       20     0.00000010     0.20445855     0.79554135
       21     0.00000020     0.17630904     0.82369076
       22     0.00000018     0.15557046     0.84442937
       23     0.00000013     0.13908722     0.86091265
       24     0.00000018     0.12546294     0.87453687
       25     0.00000017     0.11401457     0.88598526
       26     0.00000019     0.10421821     0.89578160
       27     0.00000017     0.09604988     0.90394994
       28     0.00000015     0.08939594     0.91060392
       29     0.00000020     0.08399397     0.91600583
       30     0.00000024     0.07975378     0.92024599
       31     0.00000010     0.07659302     0.92340689
       32     0.00000013     0.07449830     0.92550157
       33     0.00000019     0.07341898     0.92658083
       34     0.00000016     0.07342470     0.92657514
       35     0.00000007     0.07486746     0.92513247
       36     0.00000010     0.07826079     0.92173911
       37     0.00000012     0.08456076     0.91543912
       38     0.00000007     0.09622675     0.90377318
       39     0.00000006     0.12045845     0.87954149
       40     0.00000008     0.18749251     0.81250741
       41     0.00000008     0.44637840     0.55362152
       42     0.00000009     0.83774856     0.16225135
       43     0.00000006     0.97591484     0.02408510
       44     0.00000003     0.99121388     0.00878609
       45     0.00000005     0.99342914     0.00657081
       46     0.00000006     0.99380512     0.00619482
       47     0.00000003     0.99385203     0.00614794
       48     0.00000004     0.99385791     0.00614205
       49     0.00000008     0.99387983     0.00612009
       50     0.00000006     0.99392170     0.00607824
       51     0.00000002     0.99397961     0.00602036
       52     0.00000003     0.99404900     0.00595097
       53     0.00000005     0.99412705     0.00587290
       54     0.00000003     0.99421238     0.00578759
       55     0.00000002     0.99430510     0.00569489
       56     0.00000003     0.99440298     0.00559699
       57     0.00000004     0.99450555     0.00549441
       58     0.00000003     0.99462142     0.00537855
       59     0.00000002     0.99475226     0.00524772
       60     0.00000003     0.99489238     0.00510759
       61     0.00000004     0.99503993     0.00496003
       62     0.00000003     0.99519220     0.00480777
       63     0.00000002     0.99534552     0.00465446
       64     0.00000004     0.99549554     0.00450442
       65     0.00000005     0.99563802     0.00436193
       66     0.00000004     0.99576885     0.00423111
       67     0.00000004     0.99588475     0.00411522
       68     0.00000006     0.99598380     0.00401615
       69     0.00000009     0.99606503     0.00393488
       70     0.00000012     0.99612891     0.00387097
       71     0.00000007     0.99618219     0.00381774
       72     0.00000004     0.99622953     0.00377044
       73     0.00000015     0.99627285     0.00372701
       74     0.00000034     0.99631680     0.00368285
       75     0.00000032     0.99636581     0.00363387
       76     0.00000015     0.99642357     0.00357628
       77     0.00000019     0.99649235     0.00350746
       78     0.00000042     0.99657325     0.00342633
       79     0.00000048     0.99666597     0.00333355
       80     0.00000033     0.99676860     0.00323106
       81     0.00000030     0.99687730     0.00312239
       82     0.00000053     0.99698800     0.00301148
       83     0.00000071     0.99709690     0.00290240
       84     0.00000064     0.99720072     0.00279865
       85     0.00000056     0.99729682     0.00270262
       86     0.00000073     0.99738402     0.00261525
       87     0.00000085     0.99746408     0.00253508
       88     0.00000048     0.99753789     0.00246162
       89     0.00000028     0.99760774     0.00239198
       90     0.00000065     0.99767674     0.00232260
       91     0.00000138     0.99774220     0.00225642
       92     0.00000215     0.99780962     0.00218824
       93     0.00000209     0.99788751     0.00211040
       94     0.00000162     0.99796897     0.00202941
       95     0.00000147     0.99804205     0.00195648
       96     0.00000145     0.99810587     0.00189267
       97     0.00000270     0.99817783     0.00181947
       98     0.00000387     0.99825687     0.00173926
       99     0.00000362     0.99833556     0.00166082
      100     0.00000280     0.99841474     0.00158245
      101     0.00000294     0.99849510     0.00150196
      102     0.00000404     0.99857874     0.00141722
      103     0.00000484     0.99866819     0.00132697
      104     0.00000467     0.99876366     0.00123167
      105     0.00000421     0.99886233     0.00113346
      106     0.00000399     0.99896594     0.00103007
      107     0.00000330     0.99906112     0.00093558
      108     0.00000345     0.99913854     0.00085801
      109     0.00000526     0.99919388     0.00080086
      110     0.00000555     0.99922474     0.00076971
      111     0.00000426     0.99923354     0.00076220
      112     0.00000330     0.99921991     0.00077680
      113     0.00000384     0.99918846     0.00080770
      114     0.00000549     0.99914653     0.00084798
      115     0.00000721     0.99910769     0.00088510
      116     0.00000707     0.99908621     0.00090671
      117     0.00000522     0.99908941     0.00090537
      118     0.00000313     0.99912236     0.00087451
      119     0.00000273     0.99918494     0.00081233
      120     0.00000398     0.99927365     0.00072238
