#    Density matrix based averaged BO population
       0     0.00000000     0.00000000     1.00000000
       1     0.00000002     0.00000442     0.99999556
       2     0.00000003     0.00003484     0.99996513
       3     0.00000004     0.00007829     0.99992166
       4     0.00000007     0.00011892     0.99988101
       5     0.00000009     0.00015934     0.99984056
       6     0.00000013     0.00023790     0.99976197
       7     0.00000016     0.00046747     0.99953237
       8     0.00000019     0.00117528     0.99882452
       9     0.00000022     0.00621834     0.99378144
      10     0.00000024     0.03374219     0.96625757
      11     0.00000025     0.08598566     0.91401408
      12     0.00000027     0.16026539     0.83973434
      13     0.00000028     0.21176931     0.78823041
      14     0.00000031     0.22190683     0.77809285
      15     0.00000033     0.23511016     0.76488951
      16     0.00000031     0.26638555     0.73361413
      17     0.00000031     0.28011954     0.71988015
      18     0.00000034     0.23616382     0.76383584
      19     0.00000035     0.18955441     0.81044524
      20     0.00000033     0.16724135     0.83275831
      21     0.00000033     0.15943264     0.84056703
      22     0.00000031     0.15679986     0.84319983
      23     0.00000030     0.15682220     0.84317750
      24     0.00000030     0.15727264     0.84272706
      25     0.00000030     0.15764138     0.84235832
      26     0.00000029     0.15774111     0.84225860
      27     0.00000028     0.15756417     0.84243555
      28     0.00000027     0.15717720     0.84282252
      29     0.00000028     0.15669103     0.84330868
      30     0.00000028     0.15628062     0.84371910
      31     0.00000027     0.15633096     0.84366877
      32     0.00000027     0.15802242     0.84197730
      33     0.00000027     0.16625768     0.83374205
      34     0.00000026     0.18285078     0.81714896
      35     0.00000026     0.20443899     0.79556075
      36     0.00000026     0.24605689     0.75394285
      37     0.00000025     0.30994218     0.69005757
      38     0.00000025     0.39901054     0.60098921
      39     0.00000025     0.50012550     0.49987425
      40     0.00000025     0.58790163     0.41209812
      41     0.00000025     0.66723985     0.33275990
      42     0.00000025     0.74837582     0.25162393
      43     0.00000025     0.81604126     0.18395849
      44     0.00000025     0.85579606     0.14420369
      45     0.00000025     0.87957924     0.12042051
      46     0.00000026     0.89519042     0.10480933
      47     0.00000026     0.90028218     0.09971756
      48     0.00000026     0.89843685     0.10156289
      49     0.00000026     0.90024661     0.09975313
      50     0.00000027     0.90602060     0.09397913
      51     0.00000027     0.90962403     0.09037570
      52     0.00000027     0.91488225     0.08511748
      53     0.00000028     0.91823929     0.08176043
      54     0.00000028     0.92176972     0.07823000
      55     0.00000029     0.92570085     0.07429887
      56     0.00000030     0.92921204     0.07078766
      57     0.00000032     0.93168366     0.06831601
      58     0.00000034     0.93345523     0.06654444
      59     0.00000035     0.93489197     0.06510768
      60     0.00000038     0.93616569     0.06383393
      61     0.00000041     0.93728376     0.06271583
      62     0.00000044     0.93817442     0.06182514
      63     0.00000047     0.93877858     0.06122095
      64     0.00000051     0.93910693     0.06089256
      65     0.00000056     0.93925509     0.06074436
      66     0.00000060     0.93940331     0.06059608
      67     0.00000064     0.93978739     0.06021197
      68     0.00000068     0.94062515     0.05937417
      69     0.00000074     0.94200546     0.05799380
      70     0.00000080     0.94377508     0.05622412
      71     0.00000085     0.94497942     0.05501974
      72     0.00000090     0.94488217     0.05511693
      73     0.00000097     0.94745804     0.05254099
      74     0.00000104     0.94984547     0.05015349
      75     0.00000110     0.95168492     0.04831398
      76     0.00000116     0.95337442     0.04662442
      77     0.00000122     0.95505880     0.04493998
      78     0.00000128     0.95670127     0.04329745
      79     0.00000137     0.95817190     0.04182673
      80     0.00000147     0.95935544     0.04064309
      81     0.00000155     0.96021958     0.03977887
      82     0.00000162     0.96083684     0.03916153
      83     0.00000171     0.96135157     0.03864672
      84     0.00000180     0.96191277     0.03808544
      85     0.00000188     0.96262179     0.03737634
      86     0.00000192     0.96351754     0.03648053
      87     0.00000196     0.96458214     0.03541590
      88     0.00000203     0.96575989     0.03423808
      89     0.00000210     0.96697804     0.03301986
      90     0.00000217     0.96816825     0.03182958
      91     0.00000223     0.96927773     0.03072004
      92     0.00000232     0.97027546     0.02972222
      93     0.00000243     0.97114889     0.02884867
      94     0.00000255     0.97190269     0.02809476
      95     0.00000265     0.97255936     0.02743799
      96     0.00000276     0.97315461     0.02684263
      97     0.00000290     0.97372969     0.02626741
      98     0.00000305     0.97431363     0.02568332
      99     0.00000319     0.97490997     0.02508685
     100     0.00000333     0.97549577     0.02450090
     101     0.00000349     0.97603818     0.02395833
     102     0.00000365     0.97651244     0.02348390
     103     0.00000384     0.97691911     0.02307705
     104     0.00000404     0.97728591     0.02271005
     105     0.00000424     0.97765444     0.02234132
     106     0.00000446     0.97807213     0.02192342
     107     0.00000471     0.97858093     0.02141436
     108     0.00000503     0.97921387     0.02078111
     109     0.00000541     0.98000238     0.01999220
     110     0.00000583     0.98096070     0.01903347
     111     0.00000628     0.98204308     0.01795065
     112     0.00000681     0.98314503     0.01684817
     113     0.00000746     0.98409076     0.01590178
     114     0.00000824     0.98473779     0.01525398
     115     0.00000913     0.98515840     0.01483246
     116     0.00001016     0.98549695     0.01449289
     117     0.00001136     0.98590072     0.01408792
     118     0.00001284     0.98635619     0.01363097
     119     0.00001471     0.98672650     0.01325878
     120     0.00001709     0.98693901     0.01304390