#     Density Matrix: population Re; see the manual for detail orders
        0     0.00000000     0.00000000     1.00000000
        1     0.00000011     0.00000468     0.99999521
        2     0.00000012     0.00004968     0.99995019
        3     0.00000021     0.00016078     0.99983901
        4     0.00000022     0.00034148     0.99965830
        5     0.00000030     0.00061036     0.99938934
        6     0.00000038     0.00112969     0.99886993
        7     0.00000036     0.00254097     0.99745867
        8     0.00000055     0.00704517     0.99295428
        9     0.00000032     0.02302225     0.97697743
       10     0.00000063     0.08792752     0.91207185
       11     0.00000017     0.31923247     0.68076736
       12     0.00000022     0.58144074     0.41855904
       13     0.00000013     0.51051087     0.48948900
       14     0.00000063     0.35822711     0.64177226
       15     0.00000028     0.25694753     0.74305219
       16     0.00000057     0.19821425     0.80178518
       17     0.00000065     0.16629618     0.83370317
       18     0.00000028     0.15055752     0.84944220
       19     0.00000074     0.14422422     0.85577504
       20     0.00000049     0.14304588     0.85695363
       21     0.00000022     0.14443464     0.85556513
       22     0.00000056     0.14688775     0.85311169
       23     0.00000061     0.14958603     0.85041336
       24     0.00000023     0.15213988     0.84785989
       25     0.00000071     0.15440860     0.84559070
       26     0.00000067     0.15638622     0.84361311
       27     0.00000029     0.15805330     0.84194641
       28     0.00000068     0.15944491     0.84055441
       29     0.00000072     0.16041558     0.83958370
       30     0.00000032     0.16036862     0.83963106
       31     0.00000056     0.15713809     0.84286135
       32     0.00000077     0.10970141     0.89029782
       33     0.00000035     0.04840468     0.95159497
       34     0.00000011     0.43320741     0.56679248
       35     0.00000111     0.44522783     0.55477106
       36     0.00000090     0.45102222     0.54897688
       37     0.00000008     0.45704069     0.54295924
       38     0.00000044     0.46653408     0.53346549
       39     0.00000085     0.48529728     0.51470188
       40     0.00000037     0.52792557     0.47207406
       41     0.00000015     0.63624473     0.36375512
       42     0.00000062     0.86465496     0.13534442
       43     0.00000063     0.98457710     0.01542227
       44     0.00000010     0.93279248     0.06720742
       45     0.00000034     0.89108672     0.10891294
       46     0.00000084     0.87102727     0.12897189
       47     0.00000046     0.86082780     0.13917175
       48     0.00000007     0.85599636     0.14400357
       49     0.00000052     0.85483971     0.14515978
       50     0.00000078     0.85630907     0.14369015
       51     0.00000029     0.85985817     0.14014154
       52     0.00000011     0.86516256     0.13483733
       53     0.00000058     0.87195524     0.12804418
       54     0.00000074     0.87988727     0.12011199
       55     0.00000027     0.88836072     0.11163902
       56     0.00000011     0.89630654     0.10369335
       57     0.00000073     0.90186301     0.09813627
       58     0.00000093     0.90190881     0.09809026
       59     0.00000019     0.89137733     0.10862248
       60     0.00000023     0.86236077     0.13763900
       61     0.00000122     0.80325339     0.19674539
       62     0.00000083     0.69963961     0.30035956
       63     0.00000000     0.54442512     0.45557488
       64     0.00000098     0.37648484     0.62351419
       65     0.00000128     0.32492816     0.67507057
       66     0.00000018     0.47713723     0.52286259
       67     0.00000021     0.70514983     0.29484996
       68     0.00000035     0.86344812     0.13655153
       69     0.00000027     0.92980467     0.07019506
       70     0.00000069     0.93458711     0.06541219
       71     0.00000024     0.91002463     0.08997513
       72     0.00000022     0.87976052     0.12023926
       73     0.00000082     0.85811853     0.14188065
       74     0.00000022     0.85067166     0.14932812
       75     0.00000030     0.85571015     0.14428955
       76     0.00000041     0.86695261     0.13304697
       77     0.00000021     0.87716786     0.12283192
       78     0.00000058     0.88155458     0.11844484
       79     0.00000012     0.87952030     0.12047958
       80     0.00000048     0.87411180     0.12588772
       81     0.00000048     0.86955136     0.13044816
       82     0.00000016     0.86847009     0.13152975
       83     0.00000046     0.87057704     0.12942250
       84     0.00000020     0.87350095     0.12649885
       85     0.00000051     0.87494704     0.12505245
       86     0.00000017     0.87437862     0.12562121
       87     0.00000042     0.87296259     0.12703699
       88     0.00000041     0.87211101     0.12788858
       89     0.00000022     0.87216995     0.12782983
       90     0.00000033     0.87248335     0.12751632
       91     0.00000031     0.87251109     0.12748860
       92     0.00000045     0.87254648     0.12745307
       93     0.00000013     0.87314222     0.12685765
       94     0.00000046     0.87402035     0.12597919
       95     0.00000039     0.87403238     0.12596723
       96     0.00000024     0.87253737     0.12746239
       97     0.00000022     0.87064161     0.12935818
       98     0.00000053     0.87049617     0.12950330
       99     0.00000039     0.87294433     0.12705529
      100     0.00000012     0.87603562     0.12396426
      101     0.00000047     0.87648480     0.12351472
      102     0.00000054     0.87306731     0.12693215
      103     0.00000019     0.86846416     0.13153565
      104     0.00000020     0.86720312     0.13279668
      105     0.00000071     0.87127032     0.12872897
      106     0.00000046     0.87765539     0.12234415
      107     0.00000006     0.88057592     0.11942401
      108     0.00000045     0.87668306     0.12331649
      109     0.00000073     0.86849294     0.13150633
      110     0.00000030     0.86269305     0.13730665
      111     0.00000008     0.86458025     0.13541968
      112     0.00000073     0.87339486     0.12660441
      113     0.00000075     0.88259544     0.11740382
      114     0.00000011     0.88491901     0.11508088
      115     0.00000022     0.87810441     0.12189537
      116     0.00000069     0.86673418     0.13326513
      117     0.00000069     0.85883824     0.14116108
      118     0.00000010     0.86001583     0.13998407
      119     0.00000028     0.86950393     0.13049578
      120     0.00000095     0.88091722     0.11908183
