#     Density Matrix: population Re; see the manual for detail orders
        0     0.00000000     0.00000000     1.00000000
        1     0.00000001     0.00000178     0.99999821
        2     0.00000001     0.00000977     0.99999022
        3     0.00000002     0.00001082     0.99998917
        4     0.00000002     0.00000694     0.99999304
        5     0.00000004     0.00000738     0.99999259
        6     0.00000005     0.00001144     0.99998850
        7     0.00000009     0.00001908     0.99998084
        8     0.00000012     0.00004890     0.99995098
        9     0.00000016     0.00014028     0.99985956
       10     0.00000020     0.00036490     0.99963490
       11     0.00000024     0.00090952     0.99909024
       12     0.00000028     0.00237267     0.99762706
       13     0.00000032     0.00692624     0.99307344
       14     0.00000034     0.02376471     0.97623494
       15     0.00000034     0.09370006     0.90629960
       16     0.00000027     0.28488508     0.71511464
       17     0.00000015     0.41520390     0.58479595
       18     0.00000020     0.33771938     0.66228042
       19     0.00000033     0.22437837     0.77562130
       20     0.00000040     0.14363079     0.85636881
       21     0.00000045     0.09330919     0.90669036
       22     0.00000046     0.06336070     0.93663884
       23     0.00000046     0.04603057     0.95396897
       24     0.00000048     0.03618618     0.96381334
       25     0.00000045     0.03069913     0.96930042
       26     0.00000044     0.02770460     0.97229496
       27     0.00000042     0.02604557     0.97395401
       28     0.00000039     0.02503231     0.97496731
       29     0.00000035     0.02428624     0.97571340
       30     0.00000028     0.02363426     0.97636546
       31     0.00000021     0.02307859     0.97692120
       32     0.00000024     0.02280904     0.97719072
       33     0.00000023     0.02327632     0.97672345
       34     0.00000019     0.02535272     0.97464709
       35     0.00000023     0.03063878     0.96936099
       36     0.00000027     0.04201234     0.95798739
       37     0.00000018     0.06453160     0.93546823
       38     0.00000019     0.10636242     0.89363739
       39     0.00000027     0.17828585     0.82171388
       40     0.00000024     0.29190921     0.70809055
       41     0.00000026     0.45411495     0.54588479
       42     0.00000033     0.63378601     0.36621366
       43     0.00000027     0.76383210     0.23616763
       44     0.00000024     0.83448059     0.16551917
       45     0.00000035     0.87013250     0.12986715
       46     0.00000037     0.88881478     0.11118485
       47     0.00000029     0.89917913     0.10082058
       48     0.00000032     0.90522368     0.09477600
       49     0.00000046     0.90889480     0.09110474
       50     0.00000046     0.91122270     0.08877684
       51     0.00000038     0.91279639     0.08720323
       52     0.00000044     0.91397402     0.08602554
       53     0.00000054     0.91499628     0.08500318
       54     0.00000050     0.91603933     0.08396017
       55     0.00000044     0.91722233     0.08277723
       56     0.00000051     0.91863172     0.08136777
       57     0.00000055     0.92033454     0.07966491
       58     0.00000050     0.92237391     0.07762558
       59     0.00000048     0.92476317     0.07523636
       60     0.00000052     0.92750515     0.07249433
       61     0.00000056     0.93058449     0.06941495
       62     0.00000055     0.93395296     0.06604650
       63     0.00000056     0.93755636     0.06244308
       64     0.00000063     0.94133998     0.05865940
       65     0.00000073     0.94523465     0.05476463
       66     0.00000083     0.94914164     0.05085754
       67     0.00000096     0.95293981     0.04705923
       68     0.00000117     0.95648295     0.04351588
       69     0.00000144     0.95960679     0.04039177
       70     0.00000174     0.96211411     0.03788416
       71     0.00000206     0.96380279     0.03619515
       72     0.00000242     0.96447502     0.03552256
       73     0.00000282     0.96401624     0.03598094
       74     0.00000322     0.96241715     0.03757963
       75     0.00000360     0.95979285     0.04020355
       76     0.00000390     0.95649934     0.04349676
       77     0.00000405     0.95313805     0.04685790
       78     0.00000409     0.95038572     0.04961019
       79     0.00000414     0.94900641     0.05098946
       80     0.00000406     0.94969519     0.05030075
       81     0.00000380     0.95284494     0.04715127
       82     0.00000355     0.95846144     0.04153501
       83     0.00000345     0.96603746     0.03395908
       84     0.00000348     0.97461853     0.02537799
       85     0.00000358     0.98295307     0.01704335
       86     0.00000375     0.98975874     0.01023751
       87     0.00000398     0.99407385     0.00592217
       88     0.00000433     0.99552884     0.00446683
       89     0.00000476     0.99443226     0.00556297
       90     0.00000503     0.99175946     0.00823551
       91     0.00000490     0.98883277     0.01116233
       92     0.00000457     0.98693214     0.01306329
       93     0.00000426     0.98687848     0.01311726
       94     0.00000411     0.98876550     0.01123039
       95     0.00000388     0.99197613     0.00802000
       96     0.00000367     0.99545388     0.00454244
       97     0.00000371     0.99815082     0.00184548
       98     0.00000399     0.99944440     0.00055161
       99     0.00000418     0.99935496     0.00064085
      100     0.00000427     0.99845850     0.00153723
      101     0.00000422     0.99755004     0.00244574
      102     0.00000420     0.99724361     0.00275219
      103     0.00000411     0.99770015     0.00229574
      104     0.00000409     0.99862261     0.00137330
      105     0.00000430     0.99950484     0.00049085
      106     0.00000476     0.99995575     0.00003948
      107     0.00000504     0.99991163     0.00008333
      108     0.00000517     0.99961021     0.00038462
      109     0.00000542     0.99938014     0.00061445
      110     0.00000589     0.99940731     0.00058680
      111     0.00000657     0.99964059     0.00035284
      112     0.00000746     0.99988446     0.00010808
      113     0.00000835     0.99998019     0.00001146
      114     0.00000902     0.99992324     0.00006774
      115     0.00000970     0.99982867     0.00016163
      116     0.00001068     0.99980633     0.00018300
      117     0.00001227     0.99986793     0.00011979
      118     0.00001435     0.99994281     0.00004284
      119     0.00001664     0.99996634     0.00001702
      120     0.00001898     0.99994084     0.00004019
