#     Density Matrix: population Re; see the manual for detail orders
        0     0.00000000     0.00000000     1.00000000
        1     0.00000006     0.00000133     0.99999861
        2     0.00000004     0.00001968     0.99998028
        3     0.00000002     0.00008521     0.99991477
        4     0.00000005     0.00021563     0.99978432
        5     0.00000006     0.00040766     0.99959228
        6     0.00000013     0.00067699     0.99932289
        7     0.00000018     0.00115941     0.99884041
        8     0.00000024     0.00230671     0.99769305
        9     0.00000039     0.00535899     0.99464062
       10     0.00000032     0.01385601     0.98614367
       11     0.00000060     0.03916246     0.96083694
       12     0.00000030     0.11816364     0.88183606
       13     0.00000055     0.30982637     0.69017308
       14     0.00000087     0.51109912     0.48890001
       15     0.00000086     0.44554376     0.55445538
       16     0.00000119     0.33844302     0.66155579
       17     0.00000194     0.26997510     0.73002296
       18     0.00000034     0.22717402     0.77282564
       19     0.00000128     0.19903326     0.80096546
       20     0.00000078     0.17865270     0.82134651
       21     0.00000010     0.16181858     0.83818132
       22     0.00000065     0.14628906     0.85371028
       23     0.00000033     0.13120412     0.86879555
       24     0.00000006     0.11640960     0.88359034
       25     0.00000056     0.10219352     0.89780592
       26     0.00000024     0.08887620     0.91112356
       27     0.00000017     0.07683172     0.92316811
       28     0.00000039     0.06642405     0.93357556
       29     0.00000022     0.05809503     0.94190475
       30     0.00000024     0.05270662     0.94729314
       31     0.00000023     0.05170020     0.94829958
       32     0.00000027     0.05805481     0.94194493
       33     0.00000027     0.07935590     0.92064383
       34     0.00000017     0.14721185     0.85278798
       35     0.00000030     0.26863606     0.73136364
       36     0.00000024     0.42993578     0.57006398
       37     0.00000020     0.58449283     0.41550697
       38     0.00000031     0.69680299     0.30319670
       39     0.00000015     0.75511794     0.24488191
       40     0.00000023     0.75769030     0.24230946
       41     0.00000034     0.71252566     0.28747399
       42     0.00000008     0.64628134     0.35371858
       43     0.00000030     0.60242795     0.39757175
       44     0.00000042     0.62144566     0.37855392
       45     0.00000011     0.70777380     0.29222609
       46     0.00000028     0.81924214     0.18075759
       47     0.00000037     0.91181432     0.08818531
       48     0.00000019     0.96978296     0.03021684
       49     0.00000000     1.00000000     0.00000000
       50     0.00000000     0.99309136     0.00690864
       51     0.00000001     0.97998237     0.02001762
       52     0.00000001     0.96999556     0.03000443
       53     0.00000001     0.96772152     0.03227847
       54     0.00000002     0.97265638     0.02734360
       55     0.00000001     0.98080480     0.01919519
       56     0.00000001     0.98742179     0.01257820
       57     0.00000001     0.98957319     0.01042680
       58     0.00000000     0.98735481     0.01264519
       59     0.00000000     0.98332243     0.01667757
       60     0.00000001     0.98057666     0.01942333
       61     0.00000002     0.98073574     0.01926423
       62     0.00000002     0.98312869     0.01687129
       63     0.00000002     0.98564451     0.01435547
       64     0.00000001     0.98649805     0.01350194
       65     0.00000000     0.98552600     0.01447400
       66     0.00000000     0.98401386     0.01598614
       67     0.00000001     0.98341548     0.01658451
       68     0.00000001     0.98408459     0.01591540
       69     0.00000000     0.98519116     0.01480884
       70     0.00000000     0.98570995     0.01429004
       71     0.00000000     0.98542440     0.01457560
       72     0.00000000     0.98492973     0.01507027
       73     0.00000001     0.98479476     0.01520523
       74     0.00000000     0.98501284     0.01498716
       75     0.00000000     0.98520559     0.01479441
       76     0.00000001     0.98525229     0.01474769
       77     0.00000004     0.98536941     0.01463055
       78     0.00000003     0.98555671     0.01444326
       79     0.00000003     0.98554338     0.01445659
       80     0.00000007     0.98518771     0.01481222
       81     0.00000007     0.98490450     0.01509542
       82     0.00000006     0.98526562     0.01473432
       83     0.00000010     0.98612001     0.01387988
       84     0.00000014     0.98651904     0.01348082
       85     0.00000010     0.98589506     0.01410483
       86     0.00000011     0.98498299     0.01501690
       87     0.00000018     0.98513433     0.01486550
       88     0.00000017     0.98657063     0.01342920
       89     0.00000012     0.98790204     0.01209784
       90     0.00000016     0.98767888     0.01232096
       91     0.00000022     0.98622958     0.01377019
       92     0.00000018     0.98547568     0.01452413
       93     0.00000014     0.98670882     0.01329104
       94     0.00000020     0.98899509     0.01100471
       95     0.00000000     1.00000000     0.00000000
       96     0.00000038     0.99990117     0.00009845
       97     0.00000075     0.99969884     0.00030041
       98     0.00000037     0.99959716     0.00040247
       99     0.00000000     0.99970119     0.00029881
      100     0.00000036     0.99990333     0.00009631
      101     0.00000075     0.99999521     0.00000404
      102     0.00000042     0.99988170     0.00011787
      103     0.00000001     0.99967460     0.00032539
      104     0.00000026     0.99957494     0.00042480
      105     0.00000071     0.99967603     0.00032326
      106     0.00000054     0.99987883     0.00012063
      107     0.00000007     0.99999657     0.00000337
      108     0.00000012     0.99993569     0.00006420
      109     0.00000058     0.99977386     0.00022556
      110     0.00000066     0.99967251     0.00032683
      111     0.00000023     0.99972153     0.00027825
      112     0.00000001     0.99986696     0.00013303
      113     0.00000037     0.99997895     0.00002068
      114     0.00000070     0.99997587     0.00002344
      115     0.00000047     0.99988881     0.00011072
      116     0.00000006     0.99981415     0.00018579
      117     0.00000009     0.99981728     0.00018263
      118     0.00000049     0.99988126     0.00011825
      119     0.00000063     0.99994085     0.00005852
      120     0.00000031     0.99995145     0.00004824
