#     Density Matrix: population Re; see the manual for detail orders
        0     0.00000000     0.00000000     1.00000000
        1     0.00000000     0.00000423     0.99999577
        2     0.00000001     0.00002544     0.99997455
        3     0.00000003     0.00003290     0.99996707
        4     0.00000005     0.00002325     0.99997670
        5     0.00000008     0.00002083     0.99997909
        6     0.00000012     0.00003320     0.99996667
        7     0.00000016     0.00004872     0.99995112
        8     0.00000019     0.00007533     0.99992448
        9     0.00000022     0.00016004     0.99983974
       10     0.00000024     0.00038556     0.99961420
       11     0.00000026     0.00090829     0.99909145
       12     0.00000028     0.00214890     0.99785082
       13     0.00000029     0.00549479     0.99450492
       14     0.00000029     0.01632393     0.98367578
       15     0.00000028     0.05859051     0.94140920
       16     0.00000014     0.61097595     0.38902391
       17     0.00000003     0.83899643     0.16100354
       18     0.00000042     0.39010459     0.60989499
       19     0.00000060     0.19120584     0.80879357
       20     0.00000009     0.12428839     0.87571152
       21     0.00000036     0.09191930     0.90808034
       22     0.00000027     0.07775981     0.92223992
       23     0.00000022     0.07250066     0.92749913
       24     0.00000030     0.07106110     0.92893859
       25     0.00000025     0.07081171     0.92918804
       26     0.00000027     0.07052636     0.92947336
       27     0.00000032     0.06970805     0.93029163
       28     0.00000029     0.06826210     0.93173761
       29     0.00000028     0.06626574     0.93373398
       30     0.00000030     0.06387714     0.93612256
       31     0.00000028     0.06128653     0.93871319
       32     0.00000028     0.05869670     0.94130303
       33     0.00000028     0.05635791     0.94364181
       34     0.00000028     0.05461960     0.94538012
       35     0.00000027     0.05405947     0.94594026
       36     0.00000027     0.05578006     0.94421967
       37     0.00000027     0.06216632     0.93783341
       38     0.00000026     0.07890251     0.92109723
       39     0.00000026     0.12030278     0.87969696
       40     0.00000026     0.21785397     0.78214577
       41     0.00000026     0.39841475     0.60158499
       42     0.00000026     0.60607459     0.39392515
       43     0.00000024     0.75705882     0.24294095
       44     0.00000026     0.85135027     0.14864947
       45     0.00000041     0.91006022     0.08993937
       46     0.00000037     0.94223891     0.05776072
       47     0.00000026     0.96025279     0.03974695
       48     0.00000034     0.97094258     0.02905708
       49     0.00000042     0.97771426     0.02228531
       50     0.00000036     0.98226717     0.01773247
       51     0.00000033     0.98548301     0.01451666
       52     0.00000043     0.98784370     0.01215586
       53     0.00000049     0.98962693     0.01037258
       54     0.00000045     0.99100275     0.00899680
       55     0.00000047     0.99208163     0.00791789
       56     0.00000058     0.99294081     0.00705860
       57     0.00000064     0.99363709     0.00636226
       58     0.00000064     0.99421363     0.00578573
       59     0.00000071     0.99470371     0.00529559
       60     0.00000084     0.99513215     0.00486702
       61     0.00000092     0.99551564     0.00448344
       62     0.00000096     0.99586249     0.00413655
       63     0.00000106     0.99617219     0.00382675
       64     0.00000122     0.99643494     0.00356384
       65     0.00000134     0.99663253     0.00336613
       66     0.00000143     0.99673854     0.00326003
       67     0.00000156     0.99672065     0.00327779
       68     0.00000174     0.99654382     0.00345445
       69     0.00000189     0.99617510     0.00382300
       70     0.00000202     0.99558918     0.00440880
       71     0.00000216     0.99477496     0.00522288
       72     0.00000235     0.99374249     0.00625517
       73     0.00000252     0.99252906     0.00746843
       74     0.00000265     0.99120312     0.00879423
       75     0.00000277     0.98986530     0.01013192
       76     0.00000291     0.98864227     0.01135482
       77     0.00000305     0.98767685     0.01232011
       78     0.00000314     0.98711170     0.01288516
       79     0.00000322     0.98706645     0.01293033
       80     0.00000330     0.98761474     0.01238196
       81     0.00000339     0.98876142     0.01123519
       82     0.00000347     0.99042492     0.00957161
       83     0.00000356     0.99243674     0.00755971
       84     0.00000366     0.99455588     0.00544047
       85     0.00000378     0.99650470     0.00349152
       86     0.00000393     0.99801878     0.00197729
       87     0.00000408     0.99890402     0.00109191
       88     0.00000421     0.99908677     0.00090902
       89     0.00000433     0.99864135     0.00135432
       90     0.00000442     0.99778117     0.00221441
       91     0.00000447     0.99681106     0.00318447
       92     0.00000445     0.99605035     0.00394520
       93     0.00000440     0.99574388     0.00425173
       94     0.00000432     0.99599015     0.00400553
       95     0.00000423     0.99671451     0.00328126
       96     0.00000414     0.99769743     0.00229843
       97     0.00000409     0.99865373     0.00134218
       98     0.00000405     0.99933586     0.00066009
       99     0.00000403     0.99962093     0.00037504
      100     0.00000400     0.99954638     0.00044962
      101     0.00000395     0.99927864     0.00071741
      102     0.00000389     0.99902852     0.00096759
      103     0.00000382     0.99895348     0.00104271
      104     0.00000376     0.99909275     0.00090349
      105     0.00000375     0.99936699     0.00062926
      106     0.00000372     0.99963866     0.00035762
      107     0.00000370     0.99979727     0.00019903
      108     0.00000374     0.99981595     0.00018030
      109     0.00000384     0.99975151     0.00024465
      110     0.00000397     0.99969367     0.00030236
      111     0.00000410     0.99970151     0.00029439
      112     0.00000426     0.99977170     0.00022404
      113     0.00000450     0.99985553     0.00013997
      114     0.00000481     0.99990494     0.00009025
      115     0.00000522     0.99990854     0.00008624
      116     0.00000567     0.99989168     0.00010265
      117     0.00000617     0.99988689     0.00010694
      118     0.00000689     0.99990520     0.00008791
      119     0.00000783     0.99993265     0.00005952
      120     0.00000893     0.99994969     0.00004138
