#     Density Matrix: population Re; see the manual for detail orders
        0     0.00000000     0.00000000     1.00000000
        1     0.00000000     0.00000035     0.99999965
        2     0.00000001     0.00000370     0.99999629
        3     0.00000001     0.00001001     0.99998998
        4     0.00000009     0.00001372     0.99998619
        5     0.00000010     0.00001097     0.99998893
        6     0.00000027     0.00000500     0.99999472
        7     0.00000032     0.00000115     0.99999852
        8     0.00000057     0.00000022     0.99999922
        9     0.00000065     0.00000108     0.99999827
       10     0.00000089     0.00000992     0.99998919
       11     0.00000093     0.00004758     0.99995149
       12     0.00000112     0.00015999     0.99983889
       13     0.00000103     0.00046986     0.99952911
       14     0.00000120     0.00144937     0.99854943
       15     0.00000099     0.00582507     0.99417394
       16     0.00000113     0.04705952     0.95293935
       17     0.00000064     0.15833017     0.84166918
       18     0.00000143     0.42941687     0.57058171
       19     0.00000126     0.16126416     0.83873458
       20     0.00000029     0.14774032     0.85225938
       21     0.00000110     0.15059076     0.84940814
       22     0.00000067     0.15782956     0.84216977
       23     0.00000046     0.16578819     0.83421136
       24     0.00000104     0.17335320     0.82664575
       25     0.00000032     0.18035950     0.81964019
       26     0.00000061     0.18702198     0.81297741
       27     0.00000092     0.19364403     0.80635505
       28     0.00000012     0.20052024     0.79947964
       29     0.00000072     0.20788172     0.79211756
       30     0.00000088     0.21590736     0.78409176
       31     0.00000010     0.22467332     0.77532658
       32     0.00000059     0.23416979     0.76582961
       33     0.00000087     0.24428189     0.75571724
       34     0.00000014     0.25471680     0.74528306
       35     0.00000045     0.26456888     0.73543067
       36     0.00000093     0.28075425     0.71924482
       37     0.00000024     0.35740778     0.64259198
       38     0.00000019     0.56385457     0.43614524
       39     0.00000084     0.73520327     0.26479589
       40     0.00000058     0.78278207     0.21721735
       41     0.00000007     0.79593461     0.20406531
       42     0.00000058     0.80229142     0.19770800
       43     0.00000084     0.80702735     0.19297182
       44     0.00000022     0.81186371     0.18813606
       45     0.00000020     0.81839798     0.18160182
       46     0.00000079     0.82673235     0.17326686
       47     0.00000061     0.83612493     0.16387446
       48     0.00000007     0.84625431     0.15374562
       49     0.00000036     0.85681685     0.14318279
       50     0.00000079     0.86754762     0.13245159
       51     0.00000042     0.87822119     0.12177839
       52     0.00000004     0.88864503     0.11135493
       53     0.00000049     0.89870586     0.10129365
       54     0.00000092     0.90821474     0.09178433
       55     0.00000045     0.91703175     0.08296780
       56     0.00000007     0.92514101     0.07485893
       57     0.00000059     0.93250412     0.06749529
       58     0.00000101     0.93911509     0.06088390
       59     0.00000050     0.94499443     0.05500507
       60     0.00000011     0.95018155     0.04981835
       61     0.00000070     0.95473109     0.04526821
       62     0.00000122     0.95870850     0.04129028
       63     0.00000069     0.96218206     0.03781725
       64     0.00000020     0.96521681     0.03478299
       65     0.00000086     0.96787353     0.03212562
       66     0.00000158     0.97020832     0.02979011
       67     0.00000107     0.97226949     0.02772944
       68     0.00000036     0.97405331     0.02594633
       69     0.00000070     0.97563974     0.02435956
       70     0.00000166     0.97704395     0.02295439
       71     0.00000183     0.97830486     0.02169330
       72     0.00000102     0.97949772     0.02050125
       73     0.00000084     0.98058822     0.01941094
       74     0.00000178     0.98160469     0.01839353
       75     0.00000231     0.98257935     0.01741834
       76     0.00000158     0.98354458     0.01645384
       77     0.00000092     0.98452857     0.01547051
       78     0.00000149     0.98555390     0.01444461
       79     0.00000240     0.98663612     0.01336148
       80     0.00000218     0.98780829     0.01218953
       81     0.00000109     0.98902626     0.01097265
       82     0.00000000     1.00000000     0.00000000
       83     0.00000302     0.99998163     0.00001535
       84     0.00000761     0.99992648     0.00006591
       85     0.00000683     0.99983689     0.00015628
       86     0.00000185     0.99971130     0.00028685
       87     0.00000029     0.99954717     0.00045254
       88     0.00000490     0.99934382     0.00065128
       89     0.00000942     0.99912767     0.00086290
       90     0.00000740     0.99893693     0.00105567
       91     0.00000180     0.99878240     0.00121580
       92     0.00000047     0.99868228     0.00131725
       93     0.00000546     0.99865579     0.00133874
       94     0.00001038     0.99871495     0.00127467
       95     0.00000880     0.99886450     0.00112669
       96     0.00000287     0.99908785     0.00090928
       97     0.00000037     0.99934533     0.00065429
       98     0.00000488     0.99959024     0.00040488
       99     0.00001129     0.99978010     0.00020862
      100     0.00001204     0.99987969     0.00010827
      101     0.00000628     0.99986167     0.00013204
      102     0.00000113     0.99971235     0.00028652
      103     0.00000330     0.99944424     0.00055246
      104     0.00001109     0.99911709     0.00087182
      105     0.00001610     0.99881818     0.00116572
      106     0.00001293     0.99862638     0.00136069
      107     0.00000533     0.99859663     0.00139804
      108     0.00000189     0.99874096     0.00125714
      109     0.00000676     0.99902654     0.00096670
      110     0.00001550     0.99938264     0.00060186
      111     0.00001979     0.99971415     0.00026605
      112     0.00001566     0.99992386     0.00006048
      113     0.00000738     0.99994354     0.00004908
      114     0.00000350     0.99976573     0.00023077
      115     0.00000851     0.99945842     0.00053307
      116     0.00001824     0.99914796     0.00083380
      117     0.00002395     0.99897027     0.00100578
      118     0.00002079     0.99900984     0.00096936
      119     0.00001194     0.99925690     0.00073116
      120     0.00000539     0.99960160     0.00039301
