#     Density Matrix: population Re; see the manual for detail orders
        0     0.00000000     0.00000000     1.00000000
        1     0.00000004     0.00000159     0.99999837
        2     0.00000002     0.00001404     0.99998593
        3     0.00000001     0.00003319     0.99996681
        4     0.00000002     0.00004459     0.99995539
        5     0.00000001     0.00004167     0.99995832
        6     0.00000006     0.00003904     0.99996089
        7     0.00000006     0.00006429     0.99993565
        8     0.00000012     0.00014022     0.99985967
        9     0.00000014     0.00028680     0.99971306
       10     0.00000019     0.00056099     0.99943882
       11     0.00000022     0.00116221     0.99883757
       12     0.00000027     0.00275361     0.99724612
       13     0.00000031     0.00776072     0.99223897
       14     0.00000035     0.02678044     0.97321922
       15     0.00000035     0.10927532     0.89072433
       16     0.00000014     0.67857162     0.32142823
       17     0.00000004     0.81833856     0.18166141
       18     0.00000072     0.45079938     0.54919990
       19     0.00000085     0.29219185     0.70780731
       20     0.00000010     0.22698005     0.77301986
       21     0.00000061     0.18688649     0.81311289
       22     0.00000038     0.16227417     0.83772545
       23     0.00000033     0.14675724     0.85324243
       24     0.00000050     0.13625025     0.86374925
       25     0.00000037     0.12837027     0.87162936
       26     0.00000041     0.12172901     0.87827057
       27     0.00000043     0.11565189     0.88434768
       28     0.00000040     0.10983947     0.89016013
       29     0.00000047     0.10419593     0.89580360
       30     0.00000048     0.09877449     0.90122503
       31     0.00000049     0.09366706     0.90633244
       32     0.00000053     0.08900650     0.91099297
       33     0.00000053     0.08492683     0.91507265
       34     0.00000053     0.08159594     0.91840353
       35     0.00000055     0.07924843     0.92075102
       36     0.00000055     0.07823112     0.92176834
       37     0.00000054     0.07907253     0.92092693
       38     0.00000054     0.08269165     0.91730781
       39     0.00000053     0.09073736     0.90926210
       40     0.00000052     0.10642950     0.89356997
       41     0.00000052     0.13652667     0.86347281
       42     0.00000052     0.19586716     0.80413232
       43     0.00000051     0.31299982     0.68699967
       44     0.00000048     0.51203563     0.48796389
       45     0.00000056     0.74131866     0.25868078
       46     0.00000075     0.88714418     0.11285507
       47     0.00000067     0.94211854     0.05788079
       48     0.00000056     0.96123133     0.03876812
       49     0.00000068     0.96898491     0.03101441
       50     0.00000079     0.97278314     0.02721606
       51     0.00000073     0.97497622     0.02502306
       52     0.00000072     0.97639194     0.02360735
       53     0.00000086     0.97734027     0.02265887
       54     0.00000093     0.97793630     0.02206277
       55     0.00000090     0.97821560     0.02178350
       56     0.00000095     0.97818112     0.02181794
       57     0.00000109     0.97783167     0.02216724
       58     0.00000116     0.97717010     0.02282874
       59     0.00000116     0.97621664     0.02378220
       60     0.00000123     0.97500796     0.02499081
       61     0.00000137     0.97360381     0.02639482
       62     0.00000144     0.97208184     0.02791672
       63     0.00000146     0.97053323     0.02946531
       64     0.00000154     0.96905989     0.03093857
       65     0.00000165     0.96775685     0.03224150
       66     0.00000171     0.96671217     0.03328612
       67     0.00000172     0.96599809     0.03400019
       68     0.00000176     0.96566984     0.03432840
       69     0.00000183     0.96576303     0.03423514
       70     0.00000186     0.96630175     0.03369639
       71     0.00000185     0.96729454     0.03270361
       72     0.00000185     0.96874482     0.03125334
       73     0.00000188     0.97065125     0.02934687
       74     0.00000192     0.97299546     0.02700262
       75     0.00000195     0.97573643     0.02426161
       76     0.00000202     0.97879473     0.02120326
       77     0.00000215     0.98204116     0.01795670
       78     0.00000234     0.98528313     0.01471453
       79     0.00000259     0.98827413     0.01172329
       80     0.00000288     0.99073185     0.00926527
       81     0.00000322     0.99237988     0.00761690
       82     0.00000362     0.99299844     0.00699794
       83     0.00000402     0.99248830     0.00750767
       84     0.00000438     0.99091933     0.00907629
       85     0.00000466     0.98855909     0.01143625
       86     0.00000483     0.98585625     0.01413891
       87     0.00000489     0.98338353     0.01661159
       88     0.00000481     0.98172958     0.01826562
       89     0.00000461     0.98137210     0.01862329
       90     0.00000435     0.98254248     0.01745317
       91     0.00000410     0.98514391     0.01485199
       92     0.00000392     0.98873326     0.01126282
       93     0.00000386     0.99261364     0.00738250
       94     0.00000394     0.99600237     0.00399369
       95     0.00000415     0.99825591     0.00173994
       96     0.00000443     0.99906610     0.00092947
       97     0.00000471     0.99856022     0.00143507
       98     0.00000491     0.99725424     0.00274085
       99     0.00000499     0.99586633     0.00412868
      100     0.00000495     0.99505354     0.00494151
      101     0.00000486     0.99517301     0.00482213
      102     0.00000478     0.99616728     0.00382795
      103     0.00000480     0.99762427     0.00237093
      104     0.00000497     0.99898487     0.00101016
      105     0.00000529     0.99980238     0.00019233
      106     0.00000569     0.99993163     0.00006268
      107     0.00000611     0.99955877     0.00043512
      108     0.00000649     0.99906518     0.00092833
      109     0.00000683     0.99880580     0.00118737
      110     0.00000718     0.99892715     0.00106568
      111     0.00000761     0.99932272     0.00066967
      112     0.00000819     0.99974010     0.00025171
      113     0.00000894     0.99996126     0.00002980
      114     0.00000980     0.99993439     0.00005580
      115     0.00001076     0.99977606     0.00021318
      116     0.00001181     0.99965818     0.00033001
      117     0.00001301     0.99967570     0.00031129
      118     0.00001443     0.99979501     0.00019055
      119     0.00001614     0.99991029     0.00007357
      120     0.00001817     0.99994510     0.00003673
