#     Density Matrix: population Re; see the manual for detail orders
        0     0.00000000     0.00000000     1.00000000
        1     0.00000002     0.00000283     0.99999715
        2     0.00000002     0.00002192     0.99997806
        3     0.00000007     0.00004278     0.99995716
        4     0.00000006     0.00004411     0.99995583
        5     0.00000022     0.00002528     0.99997450
        6     0.00000025     0.00001550     0.99998424
        7     0.00000056     0.00006940     0.99993004
        8     0.00000055     0.00025199     0.99974745
        9     0.00000081     0.00062451     0.99937467
       10     0.00000070     0.00131472     0.99868458
       11     0.00000090     0.00285613     0.99714297
       12     0.00000069     0.00749283     0.99250648
       13     0.00000082     0.02554614     0.97445304
       14     0.00000055     0.11329062     0.88670883
       15     0.00000038     0.43306123     0.56693839
       16     0.00000015     0.62914736     0.37085248
       17     0.00000091     0.41917594     0.58082315
       18     0.00000064     0.31456212     0.68543724
       19     0.00000007     0.27229646     0.72770347
       20     0.00000088     0.24542595     0.75457317
       21     0.00000026     0.23113344     0.76886630
       22     0.00000024     0.22618769     0.77381207
       23     0.00000074     0.22775454     0.77224472
       24     0.00000006     0.23361116     0.76638878
       25     0.00000038     0.24212368     0.75787594
       26     0.00000054     0.25213755     0.74786192
       27     0.00000000     0.26284860     0.73715140
       28     0.00000045     0.27368912     0.72631043
       29     0.00000050     0.28419907     0.71580043
       30     0.00000000     0.29389884     0.70610116
       31     0.00000049     0.30219208     0.69780744
       32     0.00000060     0.30820939     0.69179001
       33     0.00000002     0.31066035     0.68933963
       34     0.00000044     0.30760592     0.69239364
       35     0.00000079     0.29581866     0.70418055
       36     0.00000014     0.27179326     0.72820660
       37     0.00000030     0.23502730     0.76497240
       38     0.00000099     0.18491839     0.81508062
       39     0.00000046     0.12218116     0.87781838
       40     0.00000013     0.05768223     0.94231764
       41     0.00000099     0.04550959     0.95448943
       42     0.00000089     0.18288514     0.81711397
       43     0.00000011     0.47222653     0.52777335
       44     0.00000079     0.71295267     0.28704654
       45     0.00000139     0.82711560     0.17288301
       46     0.00000047     0.88189461     0.11810492
       47     0.00000036     0.91355703     0.08644261
       48     0.00000150     0.93405893     0.06593957
       49     0.00000123     0.94803964     0.05195913
       50     0.00000026     0.95775805     0.04224170
       51     0.00000106     0.96452418     0.03547476
       52     0.00000191     0.96915951     0.03083858
       53     0.00000087     0.97216239     0.02783674
       54     0.00000048     0.97378405     0.02621546
       55     0.00000184     0.97408325     0.02591491
       56     0.00000194     0.97298745     0.02701061
       57     0.00000062     0.97036823     0.02963115
       58     0.00000105     0.96616178     0.03383717
       59     0.00000240     0.96030283     0.03969477
       60     0.00000166     0.95309069     0.04690765
       61     0.00000055     0.94521843     0.05478102
       62     0.00000160     0.93776867     0.06222973
       63     0.00000240     0.93202098     0.06797662
       64     0.00000112     0.92910700     0.07089188
       65     0.00000051     0.92967999     0.07031951
       66     0.00000166     0.93375453     0.06624381
       67     0.00000171     0.94070197     0.05929631
       68     0.00000044     0.94960011     0.05039945
       69     0.00000052     0.95938226     0.04061721
       70     0.00000151     0.96894243     0.03105606
       71     0.00000124     0.97729908     0.02269968
       72     0.00000021     0.98368167     0.01631812
       73     0.00000033     0.98767963     0.01232004
       74     0.00000145     0.98932807     0.01067048
       75     0.00000122     0.98929142     0.01070736
       76     0.00000012     0.98868583     0.01131405
       77     0.00000032     0.98862074     0.01137893
       78     0.00000113     0.98972392     0.01027494
       79     0.00000000     1.00000000     0.00000000
       80     0.00000054     0.99775164     0.00224783
       81     0.00000095     0.99282895     0.00717010
       82     0.00000032     0.98850087     0.01149881
       83     0.00000004     0.98731218     0.01268778
       84     0.00000049     0.98972697     0.01027255
       85     0.00000000     1.00000000     0.00000000
       86     0.00000020     0.99932152     0.00067827
       87     0.00000043     0.99796854     0.00203102
       88     0.00000019     0.99712559     0.00287422
       89     0.00000000     0.99741954     0.00258046
       90     0.00000020     0.99849066     0.00150914
       91     0.00000036     0.99943385     0.00056579
       92     0.00000018     0.99954633     0.00045349
       93     0.00000003     0.99894319     0.00105678
       94     0.00000029     0.99834997     0.00164974
       95     0.00000057     0.99832613     0.00167330
       96     0.00000037     0.99880911     0.00119053
       97     0.00000016     0.99923240     0.00076745
       98     0.00000059     0.99920741     0.00079200
       99     0.00000109     0.99892217     0.00107674
      100     0.00000079     0.99876079     0.00123842
      101     0.00000055     0.99885533     0.00114411
      102     0.00000129     0.99902724     0.00097147
      103     0.00000214     0.99907016     0.00092769
      104     0.00000194     0.99901667     0.00098139
      105     0.00000154     0.99898989     0.00100857
      106     0.00000244     0.99898190     0.00101566
      107     0.00000394     0.99892873     0.00106733
      108     0.00000427     0.99889139     0.00110434
      109     0.00000365     0.99900012     0.00099623
      110     0.00000434     0.99912804     0.00086762
      111     0.00000663     0.99907251     0.00092086
      112     0.00000830     0.99885891     0.00113279
      113     0.00000814     0.99879434     0.00119751
      114     0.00000791     0.99901349     0.00097860
      115     0.00000983     0.99921808     0.00077209
      116     0.00001318     0.99905861     0.00092821
      117     0.00001557     0.99875478     0.00122965
      118     0.00001596     0.99876250     0.00122154
      119     0.00001610     0.99908463     0.00089927
      120     0.00001842     0.99923297     0.00074861
