#     Density Matrix: population Re; see the manual for detail orders
        0     0.00000000     0.00000000     1.00000000
        1     0.00000002     0.00000023     0.99999975
        2     0.00000003     0.00000182     0.99999816
        3     0.00000010     0.00000358     0.99999632
        4     0.00000011     0.00000370     0.99999619
        5     0.00000030     0.00000210     0.99999761
        6     0.00000032     0.00000056     0.99999912
        7     0.00000059     0.00000169     0.99999773
        8     0.00000060     0.00000751     0.99999189
        9     0.00000090     0.00001908     0.99998002
       10     0.00000084     0.00003866     0.99996050
       11     0.00000111     0.00008038     0.99991851
       12     0.00000096     0.00022388     0.99977516
       13     0.00000117     0.00109599     0.99890284
       14     0.00000098     0.02848269     0.97151633
       15     0.00000217     0.02205224     0.97794559
       16     0.00000312     0.06783541     0.93216147
       17     0.00000016     0.05253253     0.94746731
       18     0.00000107     0.04892933     0.95106960
       19     0.00000105     0.04728556     0.95271339
       20     0.00000018     0.04684274     0.95315708
       21     0.00000166     0.04714670     0.95285164
       22     0.00000049     0.04790947     0.95209004
       23     0.00000063     0.04894935     0.95105001
       24     0.00000165     0.05015663     0.94984172
       25     0.00000020     0.05146989     0.94852991
       26     0.00000093     0.05285822     0.94714085
       27     0.00000155     0.05430975     0.94568870
       28     0.00000013     0.05582459     0.94417528
       29     0.00000097     0.05740534     0.94259369
       30     0.00000147     0.05905902     0.94093952
       31     0.00000013     0.06078752     0.93921236
       32     0.00000079     0.06259280     0.93740642
       33     0.00000145     0.06447383     0.93552472
       34     0.00000023     0.06642420     0.93357558
       35     0.00000047     0.06844142     0.93155811
       36     0.00000140     0.07038392     0.92961469
       37     0.00000049     0.07273419     0.92726532
       38     0.00000013     0.07782228     0.92217759
       39     0.00000115     0.11237582     0.88762303
       40     0.00000095     0.44521422     0.55478482
       41     0.00000001     0.82504431     0.17495568
       42     0.00000084     0.87800991     0.12198926
       43     0.00000140     0.88896048     0.11103812
       44     0.00000034     0.89330926     0.10669040
       45     0.00000018     0.89568824     0.10431157
       46     0.00000122     0.89744329     0.10255549
       47     0.00000100     0.89923443     0.10076457
       48     0.00000005     0.90180107     0.09819887
       49     0.00000052     0.90487002     0.09512946
       50     0.00000133     0.90834589     0.09165279
       51     0.00000068     0.91209901     0.08790031
       52     0.00000001     0.91599403     0.08400596
       53     0.00000079     0.91991378     0.08008543
       54     0.00000135     0.92377371     0.07622494
       55     0.00000049     0.92752038     0.07247913
       56     0.00000005     0.93112590     0.06887406
       57     0.00000098     0.93458627     0.06541275
       58     0.00000139     0.93791703     0.06208158
       59     0.00000044     0.94114147     0.05885808
       60     0.00000006     0.94428210     0.05571784
       61     0.00000107     0.94735908     0.05263985
       62     0.00000155     0.95038812     0.04961033
       63     0.00000057     0.95337430     0.04662513
       64     0.00000003     0.95630952     0.04369044
       65     0.00000107     0.95917764     0.04082129
       66     0.00000186     0.96195845     0.03803969
       67     0.00000095     0.96462691     0.03537213
       68     0.00000003     0.96715349     0.03284647
       69     0.00000094     0.96951044     0.03048862
       70     0.00000222     0.97167764     0.02832014
       71     0.00000163     0.97364181     0.02635657
       72     0.00000024     0.97539447     0.02460529
       73     0.00000063     0.97693513     0.02306424
       74     0.00000231     0.97827567     0.02172202
       75     0.00000246     0.97943899     0.02055855
       76     0.00000084     0.98045334     0.01954581
       77     0.00000027     0.98134987     0.01864985
       78     0.00000181     0.98216410     0.01783409
       79     0.00000299     0.98293438     0.01706263
       80     0.00000193     0.98369512     0.01630295
       81     0.00000037     0.98447109     0.01552854
       82     0.00000081     0.98527768     0.01472151
       83     0.00000260     0.98612400     0.01387340
       84     0.00000305     0.98701233     0.01298462
       85     0.00000154     0.98793496     0.01206350
       86     0.00000032     0.98887423     0.01112544
       87     0.00000124     0.98980734     0.01019142
       88     0.00000000     1.00000000     0.00000000
       89     0.00000251     0.99999111     0.00000638
       90     0.00000667     0.99996728     0.00002605
       91     0.00000681     0.99993409     0.00005910
       92     0.00000272     0.99989268     0.00010460
       93     0.00000005     0.99983960     0.00016035
       94     0.00000269     0.99977440     0.00022290
       95     0.00000751     0.99970482     0.00028766
       96     0.00000841     0.99964264     0.00034895
       97     0.00000425     0.99959549     0.00040025
       98     0.00000040     0.99956455     0.00043504
       99     0.00000193     0.99955022     0.00044785
      100     0.00000730     0.99955736     0.00043533
      101     0.00001028     0.99959241     0.00039731
      102     0.00000742     0.99965505     0.00033754
      103     0.00000214     0.99973351     0.00026434
      104     0.00000071     0.99980894     0.00019034
      105     0.00000503     0.99986415     0.00013082
      106     0.00001053     0.99988825     0.00010122
      107     0.00001129     0.99987460     0.00011411
      108     0.00000654     0.99981764     0.00017582
      109     0.00000151     0.99971488     0.00028360
      110     0.00000170     0.99957382     0.00042448
      111     0.00000705     0.99941676     0.00057620
      112     0.00001206     0.99927729     0.00071065
      113     0.00001168     0.99918889     0.00079943
      114     0.00000640     0.99917302     0.00082058
      115     0.00000154     0.99923302     0.00076545
      116     0.00000185     0.99935521     0.00064294
      117     0.00000705     0.99951341     0.00047954
      118     0.00001233     0.99967359     0.00031409
      119     0.00001289     0.99979876     0.00018836
      120     0.00000827     0.99985600     0.00013573
