#     Density Matrix: population Re; see the manual for detail orders
        0     0.00000000     0.00000000     1.00000000
        1     0.00000000     0.00000967     0.99999033
        2     0.00000001     0.00007397     0.99992602
        3     0.00000002     0.00015280     0.99984718
        4     0.00000006     0.00019301     0.99980692
        5     0.00000011     0.00016869     0.99983120
        6     0.00000018     0.00009775     0.99990207
        7     0.00000026     0.00005759     0.99994215
        8     0.00000032     0.00023163     0.99976805
        9     0.00000046     0.00111677     0.99888277
       10     0.00000047     0.00481412     0.99518541
       11     0.00000064     0.03057418     0.96942518
       12     0.00000041     0.52195061     0.47804898
       13     0.00000006     0.67727729     0.32272265
       14     0.00000171     0.25314293     0.74685536
       15     0.00000021     0.20982099     0.79017880
       16     0.00000113     0.19084027     0.80915860
       17     0.00000116     0.18348457     0.81651427
       18     0.00000011     0.18202824     0.81797165
       19     0.00000143     0.18341252     0.81658605
       20     0.00000036     0.18590867     0.81409098
       21     0.00000046     0.18854972     0.81144982
       22     0.00000121     0.19083207     0.80916672
       23     0.00000006     0.19253913     0.80746081
       24     0.00000074     0.19363076     0.80636850
       25     0.00000099     0.19417205     0.80582695
       26     0.00000001     0.19428410     0.80571589
       27     0.00000081     0.19410988     0.80588931
       28     0.00000093     0.19379171     0.80620736
       29     0.00000001     0.19345948     0.80654051
       30     0.00000069     0.19322804     0.80677127
       31     0.00000098     0.19320287     0.80679615
       32     0.00000008     0.19349648     0.80650344
       33     0.00000043     0.19426711     0.80573246
       34     0.00000101     0.19580932     0.80418967
       35     0.00000029     0.19882869     0.80117102
       36     0.00000014     0.20563361     0.79436625
       37     0.00000091     0.23088704     0.76911205
       38     0.00000048     0.52958149     0.47041803
       39     0.00000004     0.82463863     0.17536133
       40     0.00000085     0.84851774     0.15148141
       41     0.00000097     0.85065817     0.14934086
       42     0.00000013     0.85148267     0.14851720
       43     0.00000032     0.85189258     0.14810710
       44     0.00000115     0.85199511     0.14800374
       45     0.00000073     0.85177352     0.14822574
       46     0.00000000     0.85117805     0.14882194
       47     0.00000067     0.85015479     0.14984454
       48     0.00000135     0.84866257     0.15133609
       49     0.00000056     0.84668014     0.15331929
       50     0.00000003     0.84421244     0.15578753
       51     0.00000100     0.84130142     0.15869758
       52     0.00000151     0.83803367     0.16196481
       53     0.00000051     0.83453398     0.16546551
       54     0.00000009     0.83095849     0.16904143
       55     0.00000122     0.82748618     0.17251260
       56     0.00000170     0.82430314     0.17569516
       57     0.00000058     0.82157669     0.17842272
       58     0.00000009     0.81942908     0.18057083
       59     0.00000124     0.81792124     0.18207752
       60     0.00000187     0.81704337     0.18295476
       61     0.00000083     0.81671025     0.18328893
       62     0.00000005     0.81677017     0.18322978
       63     0.00000094     0.81703079     0.18296826
       64     0.00000192     0.81729304     0.18270504
       65     0.00000130     0.81738341     0.18261529
       66     0.00000017     0.81718117     0.18281866
       67     0.00000041     0.81664027     0.18335932
       68     0.00000170     0.81579937     0.18419893
       69     0.00000208     0.81477085     0.18522707
       70     0.00000099     0.81371085     0.18628816
       71     0.00000017     0.81278244     0.18721739
       72     0.00000120     0.81212027     0.18787852
       73     0.00000290     0.81179984     0.18819727
       74     0.00000282     0.81181325     0.18818392
       75     0.00000117     0.81206375     0.18793508
       76     0.00000083     0.81238506     0.18761410
       77     0.00000289     0.81258127     0.18741585
       78     0.00000458     0.81247497     0.18752044
       79     0.00000347     0.81195369     0.18804285
       80     0.00000139     0.81100895     0.18898966
       81     0.00000165     0.80976200     0.19023635
       82     0.00000391     0.80846516     0.19153093
       83     0.00000481     0.80746975     0.19252545
       84     0.00000308     0.80716367     0.19283325
       85     0.00000108     0.80789087     0.19210805
       86     0.00000117     0.80986951     0.19012931
       87     0.00000285     0.81312389     0.18687326
       88     0.00000396     0.81744002     0.18255602
       89     0.00000336     0.82236062     0.17763602
       90     0.00000177     0.82723340     0.17276483
       91     0.00000108     0.83131055     0.16868836
       92     0.00000272     0.83388528     0.16611200
       93     0.00000572     0.83443916     0.16555512
       94     0.00000712     0.83276390     0.16722898
       95     0.00000550     0.82903293     0.17096156
       96     0.00000342     0.82380001     0.17619657
       97     0.00000429     0.81791343     0.18208229
       98     0.00000743     0.81235972     0.18763284
       99     0.00000873     0.80806202     0.19192925
      100     0.00000632     0.80568391     0.19430977
      101     0.00000288     0.80548965     0.19450748
      102     0.00000150     0.80729961     0.19269889
      103     0.00000214     0.81055617     0.18944169
      104     0.00000327     0.81447338     0.18552335
      105     0.00000429     0.81822935     0.18176636
      106     0.00000487     0.82114254     0.17885259
      107     0.00000429     0.82278877     0.17720693
      108     0.00000351     0.82303791     0.17695858
      109     0.00000520     0.82202091     0.17797388
      110     0.00000960     0.82005690     0.17993351
      111     0.00001255     0.81758053     0.18240692
      112     0.00001060     0.81509393     0.18489547
      113     0.00000585     0.81313312     0.18686103
      114     0.00000291     0.81221864     0.18777845
      115     0.00000271     0.81275860     0.18723869
      116     0.00000282     0.81490016     0.18509701
      117     0.00000247     0.81837410     0.18162343
      118     0.00000300     0.82242039     0.17757661
      119     0.00000413     0.82588045     0.17411542
      120     0.00000410     0.82749510     0.17250080
