#     Density Matrix: population Re; see the manual for detail orders
        0     0.00000000     0.00000000     1.00000000
        1     0.00000004     0.00000494     0.99999502
        2     0.00000006     0.00003966     0.99996027
        3     0.00000009     0.00008767     0.99991223
        4     0.00000012     0.00012353     0.99987635
        5     0.00000015     0.00015033     0.99984952
        6     0.00000019     0.00022197     0.99977784
        7     0.00000022     0.00047418     0.99952561
        8     0.00000024     0.00127356     0.99872620
        9     0.00000027     0.00400394     0.99599580
       10     0.00000028     0.01644992     0.98354979
       11     0.00000013     0.52782153     0.47217834
       12     0.00000021     0.28413992     0.71585986
       13     0.00000113     0.30157009     0.69842878
       14     0.00000007     0.16714701     0.83285293
       15     0.00000041     0.10167258     0.89832701
       16     0.00000032     0.06850404     0.93149564
       17     0.00000016     0.05150516     0.94849468
       18     0.00000029     0.04271111     0.95728861
       19     0.00000017     0.03795820     0.96204162
       20     0.00000019     0.03507526     0.96492455
       21     0.00000020     0.03297694     0.96702286
       22     0.00000017     0.03114509     0.96885474
       23     0.00000018     0.02937541     0.97062441
       24     0.00000017     0.02760908     0.97239075
       25     0.00000016     0.02585798     0.97414186
       26     0.00000016     0.02415754     0.97584230
       27     0.00000016     0.02254928     0.97745057
       28     0.00000015     0.02106166     0.97893820
       29     0.00000015     0.01972285     0.98027701
       30     0.00000014     0.01855473     0.98144513
       31     0.00000014     0.01758017     0.98241969
       32     0.00000014     0.01683800     0.98316187
       33     0.00000013     0.01639916     0.98360071
       34     0.00000013     0.01640802     0.98359185
       35     0.00000013     0.01719062     0.98280925
       36     0.00000013     0.01956389     0.98043598
       37     0.00000013     0.02598344     0.97401643
       38     0.00000013     0.04628829     0.95371158
       39     0.00000014     0.14013822     0.85986165
       40     0.00000015     0.48786896     0.51213090
       41     0.00000017     0.84117499     0.15882485
       42     0.00000015     0.94152713     0.05847272
       43     0.00000012     0.96479541     0.03520447
       44     0.00000014     0.97285414     0.02714572
       45     0.00000015     0.97640555     0.02359429
       46     0.00000014     0.97813291     0.02186696
       47     0.00000013     0.97895144     0.02104842
       48     0.00000015     0.97925103     0.02074882
       49     0.00000015     0.97922825     0.02077160
       50     0.00000013     0.97900144     0.02099843
       51     0.00000013     0.97865117     0.02134870
       52     0.00000014     0.97823982     0.02176003
       53     0.00000014     0.97782060     0.02217926
       54     0.00000013     0.97743699     0.02256287
       55     0.00000014     0.97712439     0.02287547
       56     0.00000015     0.97691013     0.02308972
       57     0.00000015     0.97681073     0.02318912
       58     0.00000015     0.97683274     0.02316711
       59     0.00000017     0.97697092     0.02302891
       60     0.00000018     0.97720988     0.02278994
       61     0.00000019     0.97752635     0.02247345
       62     0.00000021     0.97788979     0.02211001
       63     0.00000023     0.97826708     0.02173269
       64     0.00000026     0.97862440     0.02137534
       65     0.00000029     0.97893187     0.02106785
       66     0.00000031     0.97916878     0.02083091
       67     0.00000035     0.97932412     0.02067553
       68     0.00000040     0.97940062     0.02059898
       69     0.00000045     0.97941704     0.02058251
       70     0.00000050     0.97940413     0.02059537
       71     0.00000058     0.97940327     0.02059615
       72     0.00000067     0.97946077     0.02053856
       73     0.00000078     0.97961879     0.02038043
       74     0.00000090     0.97990784     0.02009125
       75     0.00000106     0.98034020     0.01965874
       76     0.00000126     0.98090165     0.01909709
       77     0.00000148     0.98155407     0.01844445
       78     0.00000173     0.98223212     0.01776614
       79     0.00000202     0.98285449     0.01714349
       80     0.00000233     0.98333259     0.01666508
       81     0.00000266     0.98358397     0.01641336
       82     0.00000300     0.98354632     0.01645068
       83     0.00000331     0.98319366     0.01680303
       84     0.00000361     0.98254687     0.01744952
       85     0.00000386     0.98168032     0.01831582
       86     0.00000406     0.98072136     0.01927458
       87     0.00000420     0.97983989     0.02015591
       88     0.00000427     0.97923286     0.02076287
       89     0.00000429     0.97909255     0.02090316
       90     0.00000426     0.97957861     0.02041713
       91     0.00000421     0.98078172     0.01921407
       92     0.00000417     0.98269752     0.01729831
       93     0.00000417     0.98521345     0.01478238
       94     0.00000423     0.98811034     0.01188543
       95     0.00000438     0.99108802     0.00890760
       96     0.00000465     0.99380962     0.00618573
       97     0.00000502     0.99595970     0.00403528
       98     0.00000550     0.99730398     0.00269052
       99     0.00000603     0.99774190     0.00225207
      100     0.00000659     0.99733653     0.00265688
      101     0.00000712     0.99631289     0.00367999
      102     0.00000757     0.99501921     0.00497322
      103     0.00000791     0.99385626     0.00613583
      104     0.00000813     0.99318565     0.00680622
      105     0.00000827     0.99323912     0.00675260
      106     0.00000840     0.99405082     0.00594078
      107     0.00000859     0.99544402     0.00454739
      108     0.00000892     0.99707593     0.00291515
      109     0.00000943     0.99854008     0.00145048
      110     0.00001012     0.99949626     0.00049362
      111     0.00001092     0.99978538     0.00020370
      112     0.00001173     0.99948303     0.00050523
      113     0.00001246     0.99886494     0.00112260
      114     0.00001304     0.99829228     0.00169469
      115     0.00001349     0.99806023     0.00192628
      116     0.00001390     0.99827652     0.00170958
      117     0.00001440     0.99882748     0.00115812
      118     0.00001509     0.99945024     0.00053467
      119     0.00001602     0.99987634     0.00010764
      120     0.00001712     0.99997051     0.00001237
