#     Density Matrix: population Re; see the manual for detail orders
        0     0.00000000     0.00000000     1.00000000
        1     0.00000009     0.00000002     0.99999989
        2     0.00000005     0.00000013     0.99999982
        3     0.00000003     0.00000410     0.99999588
        4     0.00000006     0.00001904     0.99998090
        5     0.00000001     0.00004494     0.99995505
        6     0.00000021     0.00007384     0.99992595
        7     0.00000006     0.00010404     0.99989590
        8     0.00000047     0.00016159     0.99983795
        9     0.00000021     0.00032223     0.99967756
       10     0.00000078     0.00075073     0.99924849
       11     0.00000042     0.00184529     0.99815429
       12     0.00000105     0.00485558     0.99514336
       13     0.00000067     0.01502611     0.98497322
       14     0.00000110     0.06299017     0.93700874
       15     0.00000074     0.33141435     0.66858491
       16     0.00000048     0.68774020     0.31225932
       17     0.00000043     0.41701306     0.58298651
       18     0.00000160     0.29161648     0.70838192
       19     0.00000002     0.24659470     0.75340528
       20     0.00000144     0.21908298     0.78091558
       21     0.00000104     0.20551329     0.79448567
       22     0.00000016     0.20242620     0.79757364
       23     0.00000153     0.20692500     0.79307347
       24     0.00000030     0.21677284     0.78322686
       25     0.00000065     0.23038190     0.76961745
       26     0.00000145     0.24672752     0.75327103
       27     0.00000006     0.26528102     0.73471892
       28     0.00000090     0.28588574     0.71411336
       29     0.00000120     0.30869203     0.69130677
       30     0.00000003     0.33406784     0.66593213
       31     0.00000087     0.36248966     0.63750946
       32     0.00000106     0.39449431     0.60550463
       33     0.00000007     0.43054082     0.56945912
       34     0.00000067     0.47079210     0.52920723
       35     0.00000098     0.51493166     0.48506736
       36     0.00000015     0.56181757     0.43818229
       37     0.00000036     0.60800606     0.39199358
       38     0.00000077     0.64792116     0.35207807
       39     0.00000029     0.68165589     0.31834382
       40     0.00000022     0.70974324     0.29025654
       41     0.00000070     0.73335612     0.26664318
       42     0.00000048     0.76225597     0.23774355
       43     0.00000042     0.73744106     0.26255851
       44     0.00000126     0.48037187     0.51962687
       45     0.00000119     0.46706238     0.53293643
       46     0.00000057     0.45472165     0.54527778
       47     0.00000085     0.43578291     0.56421624
       48     0.00000120     0.40789753     0.59210127
       49     0.00000087     0.36989753     0.63010160
       50     0.00000075     0.32021617     0.67978309
       51     0.00000100     0.24901162     0.75098738
       52     0.00000083     0.23476095     0.76523822
       53     0.00000081     0.41527884     0.58472035
       54     0.00000123     0.51709513     0.48290364
       55     0.00000109     0.54980193     0.45019699
       56     0.00000086     0.56524669     0.43475244
       57     0.00000102     0.57670157     0.42329742
       58     0.00000099     0.58953724     0.41046177
       59     0.00000103     0.60790211     0.39209687
       60     0.00000108     0.63543570     0.36456322
       61     0.00000090     0.66773081     0.33226828
       62     0.00000109     0.70245565     0.29754326
       63     0.00000121     0.73733219     0.26266660
       64     0.00000080     0.77055643     0.22944277
       65     0.00000110     0.80102138     0.19897752
       66     0.00000133     0.82834658     0.17165209
       67     0.00000072     0.85280270     0.14719658
       68     0.00000112     0.87525330     0.12474558
       69     0.00000140     0.89727402     0.10272457
       70     0.00000065     0.92189556     0.07810379
       71     0.00000108     0.95711935     0.04287957
       72     0.00000130     0.83603485     0.16396385
       73     0.00000271     0.95643990     0.04355739
       74     0.00000296     0.77398570     0.22601134
       75     0.00000514     0.87875729     0.12123757
       76     0.00000341     0.91121769     0.08877890
       77     0.00000429     0.92609937     0.07389634
       78     0.00000417     0.93563118     0.06436465
       79     0.00000380     0.94364865     0.05634754
       80     0.00000466     0.95113368     0.04886166
       81     0.00000344     0.95798071     0.04201585
       82     0.00000462     0.96382408     0.03617130
       83     0.00000385     0.96844746     0.03154869
       84     0.00000414     0.97192581     0.02807006
       85     0.00000414     0.97456777     0.02542809
       86     0.00000393     0.97674617     0.02324991
       87     0.00000435     0.97872140     0.02127426
       88     0.00000380     0.98057031     0.01942589
       89     0.00000431     0.98223883     0.01775685
       90     0.00000385     0.98365721     0.01633894
       91     0.00000437     0.98482415     0.01517148
       92     0.00000379     0.98580933     0.01418687
       93     0.00000431     0.98669576     0.01329992
       94     0.00000398     0.98752376     0.01247226
       95     0.00000415     0.98828226     0.01171359
       96     0.00000396     0.98894513     0.01105091
       97     0.00000428     0.98951076     0.01048496
       98     0.00000000     1.00000000     0.00000000
       99     0.00000000     0.99999999     0.00000001
      100     0.00000000     0.99999999     0.00000001
      101     0.00000000     0.99999999     0.00000001
      102     0.00000000     0.99999999     0.00000001
      103     0.00000000     0.99999999     0.00000001
      104     0.00000000     0.99999999     0.00000001
      105     0.00000000     0.99999999     0.00000001
      106     0.00000000     1.00000000     0.00000000
      107     0.00000000     0.99999998     0.00000002
      108     0.00000000     0.99999994     0.00000006
      109     0.00000000     0.99999990     0.00000010
      110     0.00000000     0.99999989     0.00000011
      111     0.00000000     0.99999990     0.00000010
      112     0.00000000     0.99999987     0.00000013
      113     0.00000000     0.99999975     0.00000025
      114     0.00000000     0.99999954     0.00000046
      115     0.00000000     0.99999932     0.00000068
      116     0.00000000     0.99999916     0.00000084
      117     0.00000000     0.99999902     0.00000098
      118     0.00000000     0.99999874     0.00000126
      119     0.00000000     0.99999820     0.00000180
      120     0.00000000     0.99999739     0.00000261
