#     Density Matrix: population Re; see the manual for detail orders
        0     0.00000000     0.00000000     1.00000000
        1     0.00000009     0.00000046     0.99999946
        2     0.00000010     0.00000230     0.99999761
        3     0.00000027     0.00000265     0.99999708
        4     0.00000023     0.00000415     0.99999562
        5     0.00000052     0.00001134     0.99998814
        6     0.00000040     0.00002495     0.99997465
        7     0.00000076     0.00004272     0.99995652
        8     0.00000060     0.00007133     0.99992807
        9     0.00000090     0.00016703     0.99983207
       10     0.00000079     0.00065201     0.99934720
       11     0.00000087     0.00466297     0.99533615
       12     0.00000084     0.41395613     0.58604303
       13     0.00000003     0.70487166     0.29512831
       14     0.00000173     0.13666863     0.86332964
       15     0.00000064     0.11659961     0.88339975
       16     0.00000071     0.10883673     0.89116257
       17     0.00000178     0.10638529     0.89361293
       18     0.00000002     0.10660685     0.89339314
       19     0.00000166     0.10826358     0.89173476
       20     0.00000121     0.11073882     0.88925997
       21     0.00000011     0.11373343     0.88626646
       22     0.00000173     0.11711653     0.88288174
       23     0.00000072     0.12084964     0.87914965
       24     0.00000034     0.12491280     0.87508687
       25     0.00000189     0.12930109     0.87069702
       26     0.00000054     0.13405757     0.86594189
       27     0.00000045     0.13914661     0.86085295
       28     0.00000195     0.14447999     0.85551806
       29     0.00000065     0.15000086     0.84999848
       30     0.00000037     0.15542865     0.84457098
       31     0.00000199     0.16021583     0.83978218
       32     0.00000105     0.16424682     0.83575212
       33     0.00000016     0.16948197     0.83051787
       34     0.00000150     0.19535821     0.80464029
       35     0.00000162     0.48805059     0.51194779
       36     0.00000033     0.79834328     0.20165639
       37     0.00000111     0.82641195     0.17358694
       38     0.00000194     0.83133538     0.16866268
       39     0.00000081     0.83318027     0.16681891
       40     0.00000052     0.83446482     0.16553466
       41     0.00000161     0.83630119     0.16369720
       42     0.00000143     0.83877991     0.16121866
       43     0.00000049     0.84191385     0.15808566
       44     0.00000094     0.84567443     0.15432464
       45     0.00000162     0.85002318     0.14997520
       46     0.00000101     0.85491549     0.14508350
       47     0.00000053     0.86029496     0.13970451
       48     0.00000121     0.86609131     0.13390748
       49     0.00000153     0.87222093     0.12777755
       50     0.00000079     0.87858330     0.12141591
       51     0.00000063     0.88506213     0.11493725
       52     0.00000138     0.89153820     0.10846042
       53     0.00000143     0.89789898     0.10209959
       54     0.00000066     0.90404371     0.09595563
       55     0.00000071     0.90988935     0.09010993
       56     0.00000149     0.91537740     0.08462111
       57     0.00000136     0.92047431     0.07952433
       58     0.00000059     0.92516651     0.07483291
       59     0.00000077     0.92945761     0.07054162
       60     0.00000155     0.93336770     0.06663075
       61     0.00000134     0.93692847     0.06307019
       62     0.00000056     0.94017588     0.05982356
       63     0.00000078     0.94314721     0.05685201
       64     0.00000157     0.94588084     0.05411759
       65     0.00000138     0.94841283     0.05158579
       66     0.00000057     0.95077157     0.04922787
       67     0.00000072     0.95297717     0.04702211
       68     0.00000157     0.95504429     0.04495414
       69     0.00000151     0.95698665     0.04301184
       70     0.00000079     0.95880053     0.04119868
       71     0.00000077     0.96048077     0.03951846
       72     0.00000151     0.96203086     0.03796763
       73     0.00000164     0.96345236     0.03654599
       74     0.00000089     0.96474946     0.03524965
       75     0.00000066     0.96592968     0.03406966
       76     0.00000141     0.96700660     0.03299199
       77     0.00000176     0.96799935     0.03199889
       78     0.00000104     0.96892791     0.03107105
       79     0.00000059     0.96980944     0.03018996
       80     0.00000126     0.97065769     0.02934105
       81     0.00000180     0.97148177     0.02851643
       82     0.00000122     0.97228271     0.02771607
       83     0.00000059     0.97305159     0.02694782
       84     0.00000105     0.97377269     0.02622625
       85     0.00000175     0.97442879     0.02556946
       86     0.00000145     0.97500456     0.02499399
       87     0.00000069     0.97548941     0.02450989
       88     0.00000078     0.97588271     0.02411651
       89     0.00000157     0.97619911     0.02379932
       90     0.00000178     0.97646870     0.02352952
       91     0.00000102     0.97673086     0.02326812
       92     0.00000046     0.97706888     0.02293066
       93     0.00000164     0.97747020     0.02252817
       94     0.00000300     0.97793050     0.02206650
       95     0.00000221     0.97847698     0.02152081
       96     0.00000043     0.97907803     0.02092154
       97     0.00000085     0.97968005     0.02031911
       98     0.00000286     0.98019754     0.01979960
       99     0.00000299     0.98056866     0.01942835
      100     0.00000091     0.98084995     0.01914914
      101     0.00000013     0.98107664     0.01892323
      102     0.00000214     0.98128936     0.01870850
      103     0.00000385     0.98162231     0.01837384
      104     0.00000260     0.98222776     0.01776964
      105     0.00000033     0.98322564     0.01677403
      106     0.00000054     0.98465274     0.01534673
      107     0.00000321     0.98642636     0.01357043
      108     0.00000478     0.98832927     0.01166595
      109     0.00000000     1.00000000     0.00000000
      110     0.00000255     0.99991200     0.00008545
      111     0.00000692     0.99963449     0.00035860
      112     0.00000713     0.99918619     0.00080668
      113     0.00000294     0.99864778     0.00134928
      114     0.00000005     0.99811467     0.00188528
      115     0.00000264     0.99768739     0.00230997
      116     0.00000787     0.99747609     0.00251605
      117     0.00000921     0.99752468     0.00246612
      118     0.00000503     0.99779998     0.00219499
      119     0.00000067     0.99820279     0.00179654
      120     0.00000184     0.99860977     0.00138839
