#     Density Matrix: population Re; see the manual for detail orders
        0     0.00000000     0.00000000     1.00000000
        1     0.00000005     0.00000590     0.99999405
        2     0.00000007     0.00005404     0.99994589
        3     0.00000021     0.00014102     0.99985877
        4     0.00000022     0.00022822     0.99977156
        5     0.00000047     0.00029034     0.99970919
        6     0.00000046     0.00039308     0.99960646
        7     0.00000077     0.00078175     0.99921749
        8     0.00000071     0.00200949     0.99798980
        9     0.00000098     0.00531319     0.99468583
       10     0.00000090     0.01401659     0.98598250
       11     0.00000097     0.03878994     0.96120910
       12     0.00000089     0.11376990     0.88622921
       13     0.00000055     0.29071952     0.70927993
       14     0.00000037     0.45887639     0.54112324
       15     0.00000080     0.43575201     0.56424719
       16     0.00000168     0.32273319     0.67726513
       17     0.00000049     0.25388501     0.74611450
       18     0.00000031     0.21721780     0.78278189
       19     0.00000105     0.18891116     0.81108780
       20     0.00000021     0.16955433     0.83044546
       21     0.00000036     0.15807686     0.84192278
       22     0.00000059     0.15272834     0.84727106
       23     0.00000012     0.15165700     0.84834288
       24     0.00000033     0.15319588     0.84680379
       25     0.00000033     0.15599742     0.84400225
       26     0.00000001     0.15904433     0.84095565
       27     0.00000033     0.16162569     0.83837398
       28     0.00000032     0.16328599     0.83671369
       29     0.00000001     0.16373132     0.83626867
       30     0.00000035     0.16277488     0.83722477
       31     0.00000047     0.16026709     0.83973244
       32     0.00000003     0.15602981     0.84397017
       33     0.00000033     0.14981293     0.85018674
       34     0.00000066     0.14122372     0.85877562
       35     0.00000016     0.12961308     0.87038676
       36     0.00000015     0.11392327     0.88607658
       37     0.00000073     0.09257726     0.90742202
       38     0.00000047     0.06447695     0.93552258
       39     0.00000004     0.04106876     0.95893120
       40     0.00000063     0.11006338     0.88993599
       41     0.00000090     0.35895128     0.64104782
       42     0.00000023     0.60412302     0.39587676
       43     0.00000017     0.76243927     0.23756056
       44     0.00000080     0.88056669     0.11943251
       45     0.00000071     0.94966012     0.05033917
       46     0.00000015     0.96958060     0.03041925
       47     0.00000051     0.96525800     0.03474149
       48     0.00000107     0.95286632     0.04713261
       49     0.00000060     0.93970095     0.06029845
       50     0.00000021     0.92870971     0.07129007
       51     0.00000088     0.92091714     0.07908198
       52     0.00000122     0.91644716     0.08355163
       53     0.00000053     0.91492917     0.08507030
       54     0.00000040     0.91564467     0.08435493
       55     0.00000125     0.91756226     0.08243649
       56     0.00000136     0.91930528     0.08069336
       57     0.00000056     0.91909902     0.08090042
       58     0.00000069     0.91475659     0.08524272
       59     0.00000166     0.90376914     0.09622920
       60     0.00000150     0.88357352     0.11642498
       61     0.00000061     0.85209631     0.14790307
       62     0.00000100     0.80865745     0.19134155
       63     0.00000181     0.75515591     0.24484228
       64     0.00000118     0.69719181     0.30280702
       65     0.00000036     0.64443029     0.35556935
       66     0.00000078     0.60926392     0.39073530
       67     0.00000096     0.60325518     0.39674387
       68     0.00000029     0.63211713     0.36788258
       69     0.00000000     0.69144874     0.30855126
       70     0.00000010     0.76617574     0.23382416
       71     0.00000024     0.83500432     0.16499544
       72     0.00000047     0.87836186     0.12163767
       73     0.00000019     0.88609719     0.11390261
       74     0.00000017     0.86131024     0.13868959
       75     0.00000077     0.81863539     0.18136384
       76     0.00000049     0.77783304     0.22216647
       77     0.00000001     0.75542134     0.24457865
       78     0.00000029     0.75791029     0.24208942
       79     0.00000013     0.77972957     0.22027030
       80     0.00000010     0.80689480     0.19310510
       81     0.00000023     0.82469530     0.17530446
       82     0.00000000     0.82549443     0.17450557
       83     0.00000028     0.81231210     0.18768762
       84     0.00000020     0.79594550     0.20405430
       85     0.00000003     0.78744930     0.21255067
       86     0.00000026     0.79088092     0.20911882
       87     0.00000003     0.80142020     0.19857976
       88     0.00000018     0.80999874     0.19000108
       89     0.00000013     0.81064899     0.18935088
       90     0.00000007     0.80467561     0.19532432
       91     0.00000028     0.79843167     0.20156805
       92     0.00000004     0.79713682     0.20286315
       93     0.00000012     0.80059172     0.19940817
       94     0.00000005     0.80448191     0.19551804
       95     0.00000024     0.80527368     0.19472608
       96     0.00000028     0.80332871     0.19667101
       97     0.00000000     0.80144530     0.19855470
       98     0.00000021     0.80126115     0.19873864
       99     0.00000029     0.80193466     0.19806505
      100     0.00000033     0.80219676     0.19780291
      101     0.00000009     0.80227890     0.19772101
      102     0.00000043     0.80299145     0.19700812
      103     0.00000088     0.80373105     0.19626807
      104     0.00000051     0.80295912     0.19704037
      105     0.00000017     0.80088467     0.19911516
      106     0.00000056     0.80008467     0.19991476
      107     0.00000167     0.80223073     0.19776760
      108     0.00000151     0.80512603     0.19487247
      109     0.00000060     0.80487631     0.19512308
      110     0.00000071     0.80117687     0.19882242
      111     0.00000198     0.79850382     0.20149420
      112     0.00000300     0.80061614     0.19938087
      113     0.00000216     0.80524702     0.19475082
      114     0.00000144     0.80646968     0.19352888
      115     0.00000210     0.80239157     0.19760633
      116     0.00000364     0.79802741     0.20196894
      117     0.00000450     0.79906427     0.20093123
      118     0.00000353     0.80434437     0.19565209
      119     0.00000299     0.80714260     0.19285441
      120     0.00000373     0.80383335     0.19616291
