#     Density Matrix: population Re; see the manual for detail orders
        0     0.00000000     0.00000000     1.00000000
        1     0.00000006     0.00000123     0.99999871
        2     0.00000004     0.00000601     0.99999395
        3     0.00000002     0.00000676     0.99999322
        4     0.00000004     0.00001044     0.99998951
        5     0.00000003     0.00002680     0.99997317
        6     0.00000013     0.00005417     0.99994570
        7     0.00000011     0.00007894     0.99992094
        8     0.00000028     0.00009039     0.99990932
        9     0.00000029     0.00010717     0.99989255
       10     0.00000046     0.00021638     0.99978316
       11     0.00000056     0.00066146     0.99933798
       12     0.00000058     0.00218337     0.99781605
       13     0.00000090     0.00793173     0.99206738
       14     0.00000060     0.04056843     0.95943097
       15     0.00000099     0.36173861     0.63826039
       16     0.00000010     0.75148265     0.24851724
       17     0.00000121     0.35526395     0.64473484
       18     0.00000238     0.24874182     0.75125580
       19     0.00000040     0.20050466     0.79949494
       20     0.00000206     0.16987529     0.83012264
       21     0.00000118     0.14614663     0.85385219
       22     0.00000039     0.12536558     0.87463403
       23     0.00000173     0.10602975     0.89396851
       24     0.00000049     0.08773875     0.91226076
       25     0.00000046     0.07082021     0.92917934
       26     0.00000132     0.05568056     0.94431812
       27     0.00000021     0.04271492     0.95728487
       28     0.00000041     0.03208383     0.96791576
       29     0.00000096     0.02369615     0.97630289
       30     0.00000011     0.01731214     0.98268775
       31     0.00000032     0.01257704     0.98742264
       32     0.00000000     1.00000000     0.00000000
       33     0.00000000     0.99999612     0.00000388
       34     0.00000000     0.99997942     0.00002058
       35     0.00000000     0.99994158     0.00005842
       36     0.00000000     0.99987404     0.00012596
       37     0.00000000     0.99976888     0.00023112
       38     0.00000000     0.99961981     0.00038019
       39     0.00000000     0.99942297     0.00057703
       40     0.00000000     0.99917731     0.00082269
       41     0.00000000     0.99888418     0.00111582
       42     0.00000000     0.99854438     0.00145562
       43     0.00000000     0.99814867     0.00185133
       44     0.00000000     0.99765098     0.00234902
       45     0.00000000     0.99688921     0.00311079
       46     0.00000000     0.99533188     0.00466812
       47     0.00000000     0.99112748     0.00887252
       48     0.00000001     0.97655101     0.02344899
       49     0.00000002     0.90834911     0.09165087
       50     0.00000009     0.57971054     0.42028938
       51     0.00000040     0.30600032     0.69399928
       52     0.00000049     0.56955406     0.43044545
       53     0.00000002     0.75862157     0.24137841
       54     0.00000020     0.84125670     0.15874310
       55     0.00000015     0.87054199     0.12945787
       56     0.00000005     0.87433031     0.12566964
       57     0.00000021     0.86951305     0.13048674
       58     0.00000001     0.86628188     0.13371811
       59     0.00000023     0.86899167     0.13100809
       60     0.00000005     0.87729832     0.12270163
       61     0.00000015     0.88821483     0.11178502
       62     0.00000017     0.89836462     0.10163521
       63     0.00000004     0.90563293     0.09436703
       64     0.00000018     0.90979129     0.09020853
       65     0.00000002     0.91205312     0.08794686
       66     0.00000019     0.91395703     0.08604278
       67     0.00000003     0.91633633     0.08366365
       68     0.00000015     0.91903172     0.08096813
       69     0.00000005     0.92140045     0.07859950
       70     0.00000014     0.92305166     0.07694820
       71     0.00000005     0.92412715     0.07587280
       72     0.00000012     0.92497039     0.07502949
       73     0.00000012     0.92566718     0.07433270
       74     0.00000006     0.92602346     0.07397648
       75     0.00000007     0.92596391     0.07403602
       76     0.00000015     0.92577907     0.07422078
       77     0.00000007     0.92581767     0.07418226
       78     0.00000006     0.92595774     0.07404220
       79     0.00000017     0.92557330     0.07442653
       80     0.00000007     0.92418678     0.07581315
       81     0.00000004     0.92211696     0.07788300
       82     0.00000018     0.92027649     0.07972333
       83     0.00000010     0.91916167     0.08083824
       84     0.00000002     0.91809589     0.08190409
       85     0.00000020     0.91572881     0.08427100
       86     0.00000017     0.91149795     0.08850189
       87     0.00000001     0.90651976     0.09348023
       88     0.00000020     0.90270459     0.09729520
       89     0.00000016     0.90069924     0.09930060
       90     0.00000001     0.89878272     0.10121727
       91     0.00000019     0.89427901     0.10572080
       92     0.00000037     0.88646596     0.11353366
       93     0.00000001     0.87798847     0.12201152
       94     0.00000018     0.87287911     0.12712070
       95     0.00000027     0.87261036     0.12738937
       96     0.00000011     0.87399095     0.12600895
       97     0.00000007     0.87152766     0.12847227
       98     0.00000052     0.86259685     0.13740262
       99     0.00000023     0.85066954     0.14933023
      100     0.00000006     0.84327985     0.15672009
      101     0.00000036     0.84592473     0.15407491
      102     0.00000029     0.85690987     0.14308984
      103     0.00000002     0.86789717     0.13210281
      104     0.00000029     0.87025670     0.12974301
      105     0.00000052     0.86223559     0.13776389
      106     0.00000010     0.85107849     0.14892141
      107     0.00000017     0.84796423     0.15203560
      108     0.00000051     0.85936553     0.14063396
      109     0.00000025     0.88203457     0.11796517
      110     0.00000005     0.90569911     0.09430084
      111     0.00000045     0.92042947     0.07957008
      112     0.00000041     0.92279449     0.07720510
      113     0.00000003     0.91740186     0.08259811
      114     0.00000022     0.91310882     0.08689096
      115     0.00000054     0.91638251     0.08361695
      116     0.00000024     0.92741770     0.07258207
      117     0.00000011     0.94167136     0.05832853
      118     0.00000059     0.95393697     0.04606245
      119     0.00000040     0.96136228     0.03863732
      120     0.00000002     0.96428562     0.03571436
