#     Density Matrix: population Re; see the manual for detail orders
        0     0.00000000     0.00000000     1.00000000
        1     0.00000001     0.00000017     0.99999982
        2     0.00000001     0.00000045     0.99999954
        3     0.00000000     0.00000105     0.99999895
        4     0.00000003     0.00000561     0.99999436
        5     0.00000003     0.00001265     0.99998732
        6     0.00000008     0.00001629     0.99998363
        7     0.00000009     0.00001489     0.99998502
        8     0.00000014     0.00001344     0.99998642
        9     0.00000016     0.00001792     0.99998192
       10     0.00000020     0.00003134     0.99996846
       11     0.00000023     0.00005634     0.99994343
       12     0.00000027     0.00010395     0.99989578
       13     0.00000029     0.00021836     0.99978134
       14     0.00000032     0.00059605     0.99940363
       15     0.00000034     0.00258697     0.99741269
       16     0.00000035     0.03853321     0.96146644
       17     0.00000018     0.43019571     0.56980411
       18     0.00000018     0.77024061     0.22975921
       19     0.00000008     0.73986346     0.26013645
       20     0.00000013     0.78321145     0.21678842
       21     0.00000008     0.82019855     0.17980137
       22     0.00000008     0.84839889     0.15160103
       23     0.00000007     0.86975515     0.13024478
       24     0.00000006     0.88610669     0.11389325
       25     0.00000006     0.89882141     0.10117853
       26     0.00000005     0.90886933     0.09113062
       27     0.00000005     0.91691039     0.08308956
       28     0.00000005     0.92342901     0.07657095
       29     0.00000004     0.92877693     0.07122302
       30     0.00000004     0.93321387     0.06678609
       31     0.00000003     0.93692222     0.06307774
       32     0.00000003     0.94002303     0.05997694
       33     0.00000002     0.94259167     0.05740830
       34     0.00000002     0.94465994     0.05534004
       35     0.00000002     0.94623400     0.05376598
       36     0.00000001     0.94729620     0.05270379
       37     0.00000001     0.94782682     0.05217317
       38     0.00000001     0.94780888     0.05219111
       39     0.00000001     0.94724425     0.05275573
       40     0.00000001     0.94617550     0.05382448
       41     0.00000002     0.94469649     0.05530350
       42     0.00000002     0.94297643     0.05702355
       43     0.00000002     0.94127190     0.05872808
       44     0.00000002     0.93995400     0.06004598
       45     0.00000002     0.93954682     0.06045316
       46     0.00000002     0.94072151     0.05927847
       47     0.00000002     0.94433507     0.05566491
       48     0.00000001     0.95136367     0.04863632
       49     0.00000001     0.96266941     0.03733058
       50     0.00000001     0.97788947     0.02211052
       51     0.00000001     0.99001605     0.00998395
       52     0.00000001     0.95621043     0.04378955
       53     0.00000005     0.72821233     0.27178762
       54     0.00000019     0.43053436     0.56946546
       55     0.00000026     0.47590320     0.52409654
       56     0.00000009     0.65540184     0.34459807
       57     0.00000003     0.79010959     0.20989039
       58     0.00000004     0.86927146     0.13072850
       59     0.00000001     0.90908981     0.09091018
       60     0.00000003     0.92597066     0.07402931
       61     0.00000003     0.93247762     0.06752235
       62     0.00000003     0.93671232     0.06328765
       63     0.00000003     0.94258329     0.05741668
       64     0.00000001     0.95077033     0.04922966
       65     0.00000001     0.95999243     0.04000757
       66     0.00000000     0.96837548     0.03162452
       67     0.00000000     0.97458205     0.02541795
       68     0.00000001     0.97833507     0.02166492
       69     0.00000001     0.98031173     0.01968826
       70     0.00000001     0.98158096     0.01841903
       71     0.00000001     0.98295944     0.01704055
       72     0.00000000     0.98466135     0.01533864
       73     0.00000000     0.98639390     0.01360610
       74     0.00000000     0.98775605     0.01224395
       75     0.00000000     0.98859851     0.01140149
       76     0.00000000     0.98909094     0.01090906
       77     0.00000000     0.98950591     0.01049409
       78     0.00000000     0.98997430     0.01002570
       79     0.00000000     0.99044456     0.00955544
       80     0.00000000     0.99083860     0.00916140
       81     0.00000000     0.99118867     0.00881133
       82     0.00000000     0.99159081     0.00840919
       83     0.00000000     0.99205127     0.00794873
       84     0.00000000     0.99244101     0.00755899
       85     0.00000000     0.99264709     0.00735291
       86     0.00000000     0.99274890     0.00725110
       87     0.00000001     0.99298819     0.00701180
       88     0.00000001     0.99352472     0.00647527
       89     0.00000001     0.99423501     0.00576498
       90     0.00000001     0.99479563     0.00520436
       91     0.00000001     0.99499638     0.00500361
       92     0.00000001     0.99496959     0.00503040
       93     0.00000001     0.99508851     0.00491148
       94     0.00000001     0.99561783     0.00438216
       95     0.00000001     0.99645196     0.00354803
       96     0.00000002     0.99719031     0.00280967
       97     0.00000002     0.99748149     0.00251849
       98     0.00000002     0.99732439     0.00267560
       99     0.00000002     0.99706837     0.00293161
      100     0.00000002     0.99712762     0.00287236
      101     0.00000002     0.99765460     0.00234537
      102     0.00000002     0.99842931     0.00157067
      103     0.00000003     0.99903144     0.00096853
      104     0.00000002     0.99914873     0.00085124
      105     0.00000002     0.99879099     0.00120899
      106     0.00000002     0.99827288     0.00172709
      107     0.00000003     0.99799527     0.00200471
      108     0.00000003     0.99818555     0.00181442
      109     0.00000003     0.99876509     0.00123488
      110     0.00000003     0.99941626     0.00058371
      111     0.00000002     0.99979052     0.00020946
      112     0.00000002     0.99971899     0.00028099
      113     0.00000002     0.99929863     0.00070135
      114     0.00000002     0.99881421     0.00118578
      115     0.00000001     0.99855823     0.00144175
      116     0.00000001     0.99866517     0.00133482
      117     0.00000001     0.99905555     0.00094443
      118     0.00000001     0.99950960     0.00049039
      119     0.00000001     0.99981041     0.00018958
      120     0.00000000     0.99986318     0.00013681
