#     Density Matrix: population Re; see the manual for detail orders
        0     0.00000000     0.00000000     1.00000000
        1     0.00000001     0.00001481     0.99998519
        2     0.00000003     0.00013399     0.99986598
        3     0.00000006     0.00035025     0.99964969
        4     0.00000010     0.00058695     0.99941296
        5     0.00000014     0.00079729     0.99920257
        6     0.00000019     0.00109098     0.99890883
        7     0.00000023     0.00188780     0.99811197
        8     0.00000027     0.00425625     0.99574348
        9     0.00000030     0.01110353     0.98889617
       10     0.00000032     0.03167306     0.96832663
       11     0.00000031     0.09516134     0.90483835
       12     0.00000026     0.24142129     0.75857845
       13     0.00000017     0.36744791     0.63255192
       14     0.00000019     0.33234379     0.66765601
       15     0.00000028     0.22763194     0.77236777
       16     0.00000033     0.13975815     0.86024152
       17     0.00000035     0.08180957     0.91819008
       18     0.00000035     0.04716134     0.95283831
       19     0.00000034     0.02784153     0.97215813
       20     0.00000044     0.01785213     0.98214743
       21     0.00000043     0.01322304     0.98677652
       22     0.00000019     0.01147202     0.98852779
       23     0.00000021     0.01111694     0.98888285
       24     0.00000017     0.01129816     0.98870167
       25     0.00000018     0.01155414     0.98844568
       26     0.00000025     0.01165250     0.98834725
       27     0.00000018     0.01148840     0.98851142
       28     0.00000016     0.01104257     0.98895727
       29     0.00000018     0.01032817     0.98967165
       30     0.00000013     0.00938386     0.99061600
       31     0.00000008     0.00826691     0.99173301
       32     0.00000012     0.00706065     0.99293923
       33     0.00000012     0.00590079     0.99409909
       34     0.00000009     0.00502768     0.99497223
       35     0.00000011     0.00496229     0.99503761
       36     0.00000014     0.00704445     0.99295541
       37     0.00000014     0.01546538     0.98453448
       38     0.00000011     0.04696771     0.95303219
       39     0.00000017     0.17622421     0.82377563
       40     0.00000026     0.50451692     0.49548282
       41     0.00000023     0.80823198     0.19176779
       42     0.00000015     0.92407486     0.07592499
       43     0.00000022     0.95994216     0.04005762
       44     0.00000026     0.97401856     0.02598117
       45     0.00000021     0.98076331     0.01923648
       46     0.00000018     0.98440690     0.01559291
       47     0.00000025     0.98649320     0.01350654
       48     0.00000028     0.98768621     0.01231352
       49     0.00000023     0.98831586     0.01168391
       50     0.00000024     0.98856127     0.01143848
       51     0.00000030     0.98854438     0.01145532
       52     0.00000028     0.98835433     0.01164539
       53     0.00000025     0.98805062     0.01194913
       54     0.00000028     0.98768539     0.01231433
       55     0.00000032     0.98731179     0.01268789
       56     0.00000029     0.98697424     0.01302547
       57     0.00000028     0.98670522     0.01329450
       58     0.00000032     0.98653603     0.01346365
       59     0.00000034     0.98648743     0.01351223
       60     0.00000033     0.98657031     0.01342937
       61     0.00000033     0.98678686     0.01321281
       62     0.00000036     0.98713185     0.01286780
       63     0.00000036     0.98759462     0.01240502
       64     0.00000037     0.98816259     0.01183704
       65     0.00000040     0.98882424     0.01117536
       66     0.00000045     0.98956606     0.01043350
       67     0.00000048     0.99037137     0.00962815
       68     0.00000054     0.99124147     0.00875799
       69     0.00000068     0.99215873     0.00784059
       70     0.00000083     0.99308977     0.00690941
       71     0.00000093     0.99399579     0.00600328
       72     0.00000107     0.99481599     0.00518294
       73     0.00000130     0.99547831     0.00452039
       74     0.00000159     0.99590844     0.00408997
       75     0.00000186     0.99602258     0.00397557
       76     0.00000210     0.99576072     0.00423718
       77     0.00000243     0.99510537     0.00489220
       78     0.00000280     0.99410978     0.00588742
       79     0.00000305     0.99289353     0.00710342
       80     0.00000318     0.99164866     0.00834816
       81     0.00000331     0.99061391     0.00938278
       82     0.00000344     0.99003498     0.00996158
       83     0.00000350     0.99010809     0.00988841
       84     0.00000348     0.99092555     0.00907097
       85     0.00000344     0.99243170     0.00756485
       86     0.00000353     0.99440927     0.00558720
       87     0.00000366     0.99650519     0.00349115
       88     0.00000376     0.99832649     0.00166975
       89     0.00000390     0.99953653     0.00045957
       90     0.00000420     0.99994629     0.00004951
       91     0.00000461     0.99958155     0.00041383
       92     0.00000476     0.99868468     0.00131056
       93     0.00000475     0.99764192     0.00235333
       94     0.00000483     0.99685646     0.00313871
       95     0.00000503     0.99661265     0.00338232
       96     0.00000524     0.99697995     0.00301480
       97     0.00000544     0.99779948     0.00219509
       98     0.00000556     0.99876004     0.00123440
       99     0.00000597     0.99952685     0.00046719
      100     0.00000663     0.99988261     0.00011076
      101     0.00000716     0.99981503     0.00017782
      102     0.00000754     0.99949160     0.00050086
      103     0.00000772     0.99916410     0.00082818
      104     0.00000830     0.99903180     0.00095990
      105     0.00000916     0.99915106     0.00083978
      106     0.00001007     0.99942708     0.00056285
      107     0.00001093     0.99969410     0.00029498
      108     0.00001203     0.99982589     0.00016208
      109     0.00001375     0.99980611     0.00018014
      110     0.00001568     0.99971676     0.00026756
      111     0.00001746     0.99965972     0.00032283
      112     0.00001919     0.99968329     0.00029752
      113     0.00002111     0.99976166     0.00021723
      114     0.00002344     0.99983386     0.00014269
      115     0.00002663     0.99985962     0.00011374
      116     0.00003086     0.99984659     0.00012255
      117     0.00003607     0.99983007     0.00013386
      118     0.00004236     0.99983427     0.00012337
      119     0.00004998     0.99985403     0.00009598
      120     0.00005913     0.99986872     0.00007215
