#     Density Matrix: population Re; see the manual for detail orders
        0     0.00000000     0.00000000     1.00000000
        1     0.00000014     0.00000516     0.99999471
        2     0.00000016     0.00003750     0.99996234
        3     0.00000037     0.00007056     0.99992906
        4     0.00000033     0.00007745     0.99992222
        5     0.00000068     0.00005429     0.99994503
        6     0.00000058     0.00001927     0.99998015
        7     0.00000093     0.00000262     0.99999645
        8     0.00000085     0.00004244     0.99995670
        9     0.00000102     0.00020667     0.99979231
       10     0.00000112     0.00076330     0.99923558
       11     0.00000089     0.00482399     0.99517512
       12     0.00000122     0.06460640     0.93539237
       13     0.00000059     0.14198775     0.85801166
       14     0.00000117     0.06720219     0.93279664
       15     0.00000080     0.07204375     0.92795544
       16     0.00000057     0.07712941     0.92287002
       17     0.00000109     0.08072477     0.91927414
       18     0.00000036     0.08303293     0.91696671
       19     0.00000081     0.08449343     0.91550575
       20     0.00000076     0.08555096     0.91444828
       21     0.00000026     0.08660159     0.91339815
       22     0.00000084     0.08798399     0.91201517
       23     0.00000053     0.08999151     0.91000796
       24     0.00000024     0.09288952     0.90711023
       25     0.00000073     0.09694383     0.90305544
       26     0.00000041     0.10245990     0.89753970
       27     0.00000016     0.10984266     0.89015718
       28     0.00000057     0.11969457     0.88030487
       29     0.00000036     0.13298676     0.86701288
       30     0.00000006     0.15137174     0.84862820
       31     0.00000036     0.17764298     0.82235666
       32     0.00000033     0.22172143     0.77827823
       33     0.00000003     0.32712993     0.67287004
       34     0.00000022     0.54537648     0.45462330
       35     0.00000032     0.79712690     0.20287278
       36     0.00000006     0.93400832     0.06599162
       37     0.00000011     0.97831507     0.02168483
       38     0.00000000     1.00000000     0.00000000
       39     0.00000037     0.99868631     0.00131331
       40     0.00000059     0.99648419     0.00351522
       41     0.00000013     0.99437953     0.00562034
       42     0.00000010     0.99256309     0.00743680
       43     0.00000060     0.99102817     0.00897123
       44     0.00000045     0.98972733     0.01027221
       45     0.00000001     0.98861229     0.01138770
       46     0.00000033     0.98764507     0.01235461
       47     0.00000069     0.98680226     0.01319705
       48     0.00000026     0.98606758     0.01393216
       49     0.00000003     0.98543137     0.01456860
       50     0.00000055     0.98489087     0.01510857
       51     0.00000066     0.98444533     0.01555401
       52     0.00000012     0.98409488     0.01590500
       53     0.00000014     0.98383815     0.01616171
       54     0.00000069     0.98367301     0.01632630
       55     0.00000055     0.98359755     0.01640190
       56     0.00000004     0.98360708     0.01639288
       57     0.00000025     0.98369405     0.01630570
       58     0.00000071     0.98385211     0.01614719
       59     0.00000044     0.98407585     0.01592371
       60     0.00000001     0.98435917     0.01564082
       61     0.00000028     0.98469736     0.01530236
       62     0.00000072     0.98508915     0.01491013
       63     0.00000049     0.98553599     0.01446352
       64     0.00000004     0.98603675     0.01396322
       65     0.00000029     0.98658627     0.01341345
       66     0.00000094     0.98717396     0.01282510
       67     0.00000086     0.98777811     0.01222103
       68     0.00000023     0.98835942     0.01164036
       69     0.00000057     0.98885940     0.01114003
       70     0.00000175     0.98920447     0.01079378
       71     0.00000181     0.98931237     0.01068582
       72     0.00000086     0.98910257     0.01089657
       73     0.00000134     0.98851726     0.01148141
       74     0.00000307     0.98755437     0.01244256
       75     0.00000315     0.98629331     0.01370354
       76     0.00000175     0.98490527     0.01509298
       77     0.00000205     0.98364632     0.01635163
       78     0.00000388     0.98282039     0.01717572
       79     0.00000400     0.98270971     0.01728630
       80     0.00000231     0.98349458     0.01650312
       81     0.00000191     0.98519948     0.01479861
       82     0.00000351     0.98768547     0.01231102
       83     0.00000000     1.00000000     0.00000000
       84     0.00000622     0.99966267     0.00033111
       85     0.00001458     0.99866055     0.00132487
       86     0.00001073     0.99713897     0.00285029
       87     0.00000133     0.99539987     0.00459880
       88     0.00000245     0.99386078     0.00613676
       89     0.00001222     0.99297281     0.00701497
       90     0.00001473     0.99307219     0.00691308
       91     0.00000631     0.99421647     0.00577722
       92     0.00000009     0.99610130     0.00389861
       93     0.00000553     0.99812329     0.00187118
       94     0.00001532     0.99957374     0.00041094
       95     0.00001552     0.99990371     0.00008077
       96     0.00000562     0.99897542     0.00101896
       97     0.00000059     0.99719437     0.00280503
       98     0.00000866     0.99541215     0.00457918
       99     0.00001866     0.99456058     0.00542077
      100     0.00001697     0.99514643     0.00483660
      101     0.00000627     0.99689175     0.00310198
      102     0.00000093     0.99880258     0.00119650
      103     0.00000885     0.99972360     0.00026754
      104     0.00002229     0.99909484     0.00088286
      105     0.00002511     0.99740812     0.00256677
      106     0.00001396     0.99594708     0.00403896
      107     0.00000333     0.99586844     0.00412823
      108     0.00000755     0.99724621     0.00274624
      109     0.00002468     0.99891188     0.00106345
      110     0.00003895     0.99940808     0.00055296
      111     0.00003626     0.99833173     0.00163200
      112     0.00002071     0.99681047     0.00316882
      113     0.00001123     0.99645126     0.00353751
      114     0.00002189     0.99763092     0.00234719
      115     0.00004891     0.99899238     0.00095871
      116     0.00007407     0.99895084     0.00097509
      117     0.00008086     0.99762588     0.00229326
      118     0.00006958     0.99677177     0.00315865
      119     0.00006004     0.99751220     0.00242777
      120     0.00007393     0.99876933     0.00115674
