#     Density Matrix: population Re; see the manual for detail orders
        0     0.00000000     0.00000000     1.00000000
        1     0.00000000     0.00000468     0.99999532
        2     0.00000001     0.00002630     0.99997369
        3     0.00000001     0.00003342     0.99996656
        4     0.00000003     0.00002943     0.99997054
        5     0.00000005     0.00003568     0.99996427
        6     0.00000008     0.00005665     0.99994327
        7     0.00000010     0.00007582     0.99992408
        8     0.00000014     0.00008153     0.99991833
        9     0.00000016     0.00009487     0.99990497
       10     0.00000018     0.00018432     0.99981550
       11     0.00000024     0.00048664     0.99951311
       12     0.00000030     0.00133042     0.99866928
       13     0.00000027     0.00382495     0.99617478
       14     0.00000025     0.01321188     0.98678787
       15     0.00000028     0.06662118     0.93337854
       16     0.00000009     0.68753603     0.31246388
       17     0.00000002     0.55114387     0.44885611
       18     0.00000078     0.14094998     0.85904924
       19     0.00000017     0.07177394     0.92822590
       20     0.00000032     0.04172982     0.95826985
       21     0.00000040     0.02915746     0.97084214
       22     0.00000019     0.02445610     0.97554371
       23     0.00000034     0.02309725     0.97690241
       24     0.00000030     0.02292140     0.97707830
       25     0.00000030     0.02296582     0.97703388
       26     0.00000031     0.02288989     0.97710980
       27     0.00000023     0.02258837     0.97741140
       28     0.00000034     0.02205895     0.97794071
       29     0.00000041     0.02139026     0.97860934
       30     0.00000033     0.02065831     0.97934136
       31     0.00000045     0.01992505     0.98007451
       32     0.00000047     0.01923055     0.98076898
       33     0.00000042     0.01861486     0.98138472
       34     0.00000048     0.01812340     0.98187612
       35     0.00000050     0.01784511     0.98215438
       36     0.00000048     0.01801088     0.98198865
       37     0.00000050     0.01941970     0.98057980
       38     0.00000053     0.02652374     0.97347573
       39     0.00000048     0.12168293     0.87831658
       40     0.00000040     0.59813940     0.40186021
       41     0.00000054     0.91471283     0.08528663
       42     0.00000062     0.94760946     0.05238993
       43     0.00000045     0.95689182     0.04310772
       44     0.00000045     0.96136478     0.03863478
       45     0.00000056     0.96415542     0.03584402
       46     0.00000052     0.96619113     0.03380835
       47     0.00000046     0.96784938     0.03215017
       48     0.00000049     0.96931647     0.03068304
       49     0.00000049     0.97067849     0.02932102
       50     0.00000050     0.97197632     0.02802318
       51     0.00000051     0.97323479     0.02676469
       52     0.00000048     0.97445824     0.02554128
       53     0.00000044     0.97563842     0.02436114
       54     0.00000047     0.97675790     0.02324163
       55     0.00000052     0.97779244     0.02220704
       56     0.00000052     0.97871828     0.02128120
       57     0.00000052     0.97950811     0.02049137
       58     0.00000052     0.98014237     0.01985710
       59     0.00000055     0.98061422     0.01938523
       60     0.00000058     0.98093108     0.01906834
       61     0.00000059     0.98111550     0.01888391
       62     0.00000060     0.98120567     0.01879373
       63     0.00000062     0.98124990     0.01874948
       64     0.00000065     0.98130186     0.01869748
       65     0.00000068     0.98141224     0.01858709
       66     0.00000071     0.98161124     0.01838805
       67     0.00000080     0.98192602     0.01807319
       68     0.00000086     0.98236346     0.01763568
       69     0.00000087     0.98289106     0.01710808
       70     0.00000092     0.98346267     0.01653641
       71     0.00000104     0.98401062     0.01598834
       72     0.00000115     0.98445647     0.01554238
       73     0.00000122     0.98472887     0.01526991
       74     0.00000128     0.98477621     0.01522250
       75     0.00000138     0.98457757     0.01542105
       76     0.00000150     0.98415359     0.01584491
       77     0.00000158     0.98356484     0.01643358
       78     0.00000161     0.98290698     0.01709141
       79     0.00000164     0.98229061     0.01770776
       80     0.00000164     0.98183194     0.01816642
       81     0.00000166     0.98162734     0.01837100
       82     0.00000171     0.98173282     0.01826547
       83     0.00000175     0.98215750     0.01784075
       84     0.00000177     0.98286158     0.01713666
       85     0.00000180     0.98376828     0.01622991
       86     0.00000182     0.98477459     0.01522359
       87     0.00000184     0.98577415     0.01422401
       88     0.00000190     0.98668006     0.01331804
       89     0.00000201     0.98743719     0.01256080
       90     0.00000214     0.98803204     0.01196581
       91     0.00000230     0.98848517     0.01151253
       92     0.00000245     0.98884562     0.01115193
       93     0.00000259     0.98917685     0.01082056
       94     0.00000274     0.98953190     0.01046535
       95     0.00000290     0.98993971     0.01005738
       96     0.00000303     0.99040208     0.00959488
       97     0.00000313     0.99089351     0.00910336
       98     0.00000322     0.99136804     0.00862874
       99     0.00000328     0.99178962     0.00820710
      100     0.00000327     0.99214254     0.00785419
      101     0.00000317     0.99243833     0.00755850
      102     0.00000304     0.99271727     0.00727969
      103     0.00000293     0.99303298     0.00696409
      104     0.00000289     0.99343018     0.00656693
      105     0.00000291     0.99392048     0.00607661
      106     0.00000299     0.99446562     0.00553139
      107     0.00000310     0.99497691     0.00501999
      108     0.00000328     0.99533348     0.00466324
      109     0.00000347     0.99541828     0.00457825
      110     0.00000360     0.99516288     0.00483352
      111     0.00000362     0.99458623     0.00541015
      112     0.00000351     0.99381222     0.00618427
      113     0.00000338     0.99305616     0.00694045
      114     0.00000322     0.99257209     0.00742470
      115     0.00000303     0.99257868     0.00741829
      116     0.00000280     0.99318304     0.00681416
      117     0.00000256     0.99432947     0.00566797
      118     0.00000243     0.99580348     0.00419410
      119     0.00000246     0.99728227     0.00271527
      120     0.00000266     0.99842675     0.00157060
