#     Density Matrix: population Re; see the manual for detail orders
        0     0.00000000     0.00000000     1.00000000
        1     0.00000001     0.00000118     0.99999881
        2     0.00000003     0.00000926     0.99999072
        3     0.00000007     0.00001964     0.99998029
        4     0.00000012     0.00002511     0.99997477
        5     0.00000020     0.00002200     0.99997780
        6     0.00000027     0.00001392     0.99998581
        7     0.00000037     0.00001379     0.99998584
        8     0.00000045     0.00005045     0.99994910
        9     0.00000054     0.00020974     0.99978972
       10     0.00000062     0.00096987     0.99902951
       11     0.00000065     0.01216975     0.98782960
       12     0.00000068     0.02002603     0.97997329
       13     0.00000206     0.07818852     0.92180941
       14     0.00000209     0.03734036     0.96265755
       15     0.00000015     0.03545397     0.96454588
       16     0.00000256     0.03565271     0.96434473
       17     0.00000040     0.03633440     0.96366520
       18     0.00000135     0.03694175     0.96305690
       19     0.00000199     0.03730008     0.96269793
       20     0.00000004     0.03740504     0.96259492
       21     0.00000218     0.03733044     0.96266738
       22     0.00000117     0.03718126     0.96281757
       23     0.00000034     0.03706920     0.96293046
       24     0.00000244     0.03710049     0.96289707
       25     0.00000075     0.03737052     0.96262873
       26     0.00000056     0.03796570     0.96203374
       27     0.00000239     0.03897030     0.96102731
       28     0.00000067     0.04047616     0.95952316
       29     0.00000051     0.04259791     0.95740158
       30     0.00000221     0.04549682     0.95450097
       31     0.00000084     0.04942091     0.95057825
       32     0.00000029     0.05477588     0.94522383
       33     0.00000188     0.06225120     0.93774692
       34     0.00000115     0.07312887     0.92686998
       35     0.00000015     0.09072358     0.90927627
       36     0.00000136     0.12384836     0.87615028
       37     0.00000145     0.21474829     0.78525026
       38     0.00000022     0.44300317     0.55699661
       39     0.00000066     0.73922683     0.26077252
       40     0.00000140     0.90433408     0.09566452
       41     0.00000061     0.95952119     0.04047821
       42     0.00000025     0.97909856     0.02090119
       43     0.00000111     0.98750194     0.01249694
       44     0.00000000     1.00000000     0.00000000
       45     0.00000029     0.99975578     0.00024393
       46     0.00000047     0.99925324     0.00074630
       47     0.00000011     0.99866692     0.00133297
       48     0.00000006     0.99806432     0.00193562
       49     0.00000042     0.99747407     0.00252551
       50     0.00000036     0.99691058     0.00308906
       51     0.00000002     0.99638186     0.00361812
       52     0.00000018     0.99589351     0.00410631
       53     0.00000049     0.99545166     0.00454784
       54     0.00000026     0.99506272     0.00493702
       55     0.00000000     0.99473129     0.00526871
       56     0.00000031     0.99446085     0.00553884
       57     0.00000053     0.99425433     0.00574514
       58     0.00000018     0.99411227     0.00588755
       59     0.00000003     0.99403113     0.00596884
       60     0.00000043     0.99400462     0.00599496
       61     0.00000056     0.99402465     0.00597479
       62     0.00000015     0.99408035     0.00591949
       63     0.00000006     0.99415804     0.00584190
       64     0.00000052     0.99424417     0.00575532
       65     0.00000065     0.99432773     0.00567163
       66     0.00000019     0.99439973     0.00560008
       67     0.00000008     0.99445355     0.00554637
       68     0.00000063     0.99448754     0.00551183
       69     0.00000087     0.99450578     0.00549334
       70     0.00000037     0.99451469     0.00548494
       71     0.00000015     0.99451986     0.00547999
       72     0.00000086     0.99452569     0.00547345
       73     0.00000136     0.99453363     0.00546501
       74     0.00000079     0.99453723     0.00546198
       75     0.00000037     0.99451946     0.00548016
       76     0.00000127     0.99445596     0.00554278
       77     0.00000215     0.99432031     0.00567754
       78     0.00000156     0.99408755     0.00591089
       79     0.00000082     0.99373959     0.00625959
       80     0.00000172     0.99327606     0.00672222
       81     0.00000301     0.99272469     0.00727229
       82     0.00000259     0.99214342     0.00785398
       83     0.00000143     0.99161530     0.00838327
       84     0.00000188     0.99124121     0.00875691
       85     0.00000344     0.99112769     0.00886887
       86     0.00000364     0.99136487     0.00863149
       87     0.00000232     0.99199823     0.00799945
       88     0.00000185     0.99300568     0.00699247
       89     0.00000329     0.99428854     0.00570818
       90     0.00000477     0.99567555     0.00431968
       91     0.00000437     0.99693951     0.00305613
       92     0.00000312     0.99783237     0.00216451
       93     0.00000365     0.99813973     0.00185662
       94     0.00000612     0.99774188     0.00225200
       95     0.00000758     0.99666041     0.00333200
       96     0.00000639     0.99507519     0.00491842
       97     0.00000495     0.99330586     0.00668918
       98     0.00000600     0.99175494     0.00823906
       99     0.00000823     0.99081599     0.00917578
      100     0.00000851     0.99076083     0.00923065
      101     0.00000658     0.99164000     0.00835342
      102     0.00000515     0.99323607     0.00675877
      103     0.00000629     0.99509890     0.00489481
      104     0.00000920     0.99666277     0.00332803
      105     0.00001115     0.99742050     0.00256835
      106     0.00001057     0.99710563     0.00288380
      107     0.00000928     0.99581949     0.00417124
      108     0.00001027     0.99404093     0.00594880
      109     0.00001345     0.99248322     0.00750333
      110     0.00001562     0.99182122     0.00816317
      111     0.00001492     0.99238274     0.00760235
      112     0.00001298     0.99394714     0.00603988
      113     0.00001293     0.99578036     0.00420671
      114     0.00001657     0.99694678     0.00303665
      115     0.00002270     0.99679277     0.00318453
      116     0.00002756     0.99536098     0.00461146
      117     0.00002842     0.99346101     0.00651057
      118     0.00002690     0.99226603     0.00770708
      119     0.00002712     0.99258811     0.00738478
      120     0.00003184     0.99426632     0.00570184
