#     Density Matrix: population Re; see the manual for detail orders
        0     0.00000000     0.00000000     1.00000000
        1     0.00000000     0.00000038     0.99999961
        2     0.00000002     0.00000315     0.99999683
        3     0.00000006     0.00000695     0.99999298
        4     0.00000011     0.00000878     0.99999111
        5     0.00000019     0.00000766     0.99999215
        6     0.00000027     0.00000779     0.99999195
        7     0.00000038     0.00001656     0.99998306
        8     0.00000049     0.00003866     0.99996086
        9     0.00000062     0.00007291     0.99992648
       10     0.00000073     0.00011773     0.99988154
       11     0.00000083     0.00018532     0.99981385
       12     0.00000090     0.00032599     0.99967310
       13     0.00000097     0.00068292     0.99931611
       14     0.00000098     0.00167061     0.99832841
       15     0.00000100     0.00472069     0.99527831
       16     0.00000094     0.01637318     0.98362588
       17     0.00000086     0.08019144     0.91980770
       18     0.00000099     0.56686147     0.43313755
       19     0.00000020     0.73543315     0.26456665
       20     0.00000379     0.53759001     0.46240621
       21     0.00000130     0.45669326     0.54330544
       22     0.00000084     0.42429026     0.57570889
       23     0.00000310     0.41313337     0.58686352
       24     0.00000058     0.41150024     0.58849918
       25     0.00000072     0.41328686     0.58671242
       26     0.00000208     0.41503034     0.58496758
       27     0.00000047     0.41475503     0.58524449
       28     0.00000052     0.41142335     0.58857613
       29     0.00000143     0.40464424     0.59535434
       30     0.00000061     0.39449324     0.60550615
       31     0.00000046     0.38137201     0.61862753
       32     0.00000096     0.36589017     0.63410887
       33     0.00000069     0.34876355     0.65123575
       34     0.00000063     0.33074594     0.66925343
       35     0.00000070     0.31259275     0.68740655
       36     0.00000059     0.29507226     0.70492715
       37     0.00000084     0.27885276     0.72114639
       38     0.00000081     0.26512877     0.73487042
       39     0.00000047     0.25529939     0.74470014
       40     0.00000082     0.25077595     0.74922323
       41     0.00000102     0.25350711     0.74649187
       42     0.00000057     0.26575627     0.73424316
       43     0.00000064     0.28970071     0.71029865
       44     0.00000085     0.32685360     0.67314555
       45     0.00000077     0.37711676     0.62288247
       46     0.00000075     0.43745849     0.56254076
       47     0.00000048     0.50051839     0.49948113
       48     0.00000083     0.55403448     0.44596469
       49     0.00000126     0.58203440     0.41796434
       50     0.00000032     0.56932747     0.43067221
       51     0.00000092     0.50919358     0.49080550
       52     0.00000193     0.41061000     0.58938807
       53     0.00000036     0.30001246     0.69998719
       54     0.00000099     0.21177763     0.78822138
       55     0.00000193     0.17231248     0.82768559
       56     0.00000016     0.18787978     0.81212006
       57     0.00000117     0.24336174     0.75663709
       58     0.00000109     0.31094682     0.68905208
       59     0.00000022     0.36305886     0.63694092
       60     0.00000167     0.38320560     0.61679273
       61     0.00000036     0.37059421     0.62940543
       62     0.00000102     0.33803611     0.66196288
       63     0.00000170     0.30451375     0.69548455
       64     0.00000012     0.28576492     0.71423496
       65     0.00000154     0.28740988     0.71258858
       66     0.00000058     0.30367872     0.69632070
       67     0.00000092     0.32206740     0.67793169
       68     0.00000112     0.33140450     0.66859438
       69     0.00000035     0.32821047     0.67178918
       70     0.00000159     0.31757479     0.68242362
       71     0.00000035     0.30835905     0.69164059
       72     0.00000099     0.30642035     0.69357866
       73     0.00000078     0.31100428     0.68899494
       74     0.00000079     0.31678621     0.68321300
       75     0.00000081     0.31913305     0.68086614
       76     0.00000049     0.31764702     0.68235249
       77     0.00000145     0.31521404     0.68478451
       78     0.00000049     0.31422491     0.68577460
       79     0.00000064     0.31430215     0.68569720
       80     0.00000077     0.31385644     0.68614279
       81     0.00000123     0.31294961     0.68704916
       82     0.00000054     0.31357808     0.68642137
       83     0.00000057     0.31654437     0.68345505
       84     0.00000162     0.31931290     0.68068549
       85     0.00000082     0.31812968     0.68186950
       86     0.00000036     0.31287945     0.68712019
       87     0.00000073     0.30851450     0.69148477
       88     0.00000209     0.31030586     0.68969205
       89     0.00000085     0.31755978     0.68243937
       90     0.00000025     0.32320551     0.67679425
       91     0.00000148     0.32081400     0.67918452
       92     0.00000161     0.31197862     0.68801976
       93     0.00000094     0.30544105     0.69455800
       94     0.00000012     0.30822525     0.69177464
       95     0.00000273     0.31801766     0.68197962
       96     0.00000240     0.32513881     0.67485878
       97     0.00000029     0.32232513     0.67767458
       98     0.00000025     0.31227663     0.68772312
       99     0.00000160     0.30491680     0.69508161
      100     0.00000385     0.30732982     0.69266633
      101     0.00000129     0.31681590     0.68318282
      102     0.00000039     0.32398852     0.67601110
      103     0.00000209     0.32225305     0.67774486
      104     0.00000213     0.31393030     0.68606757
      105     0.00000234     0.30732611     0.69267156
      106     0.00000039     0.30834851     0.69165110
      107     0.00000186     0.31522151     0.68477663
      108     0.00000460     0.32091909     0.67907630
      109     0.00000226     0.32043577     0.67956197
      110     0.00000070     0.31513023     0.68486907
      111     0.00000003     0.31057901     0.68942096
      112     0.00000204     0.31079176     0.68920620
      113     0.00000613     0.31477489     0.68521898
      114     0.00000387     0.31818135     0.68181477
      115     0.00000034     0.31799283     0.68200682
      116     0.00000004     0.31520378     0.68479617
      117     0.00000113     0.31294346     0.68705541
      118     0.00000566     0.31324942     0.68674492
      119     0.00000673     0.31523503     0.68475824
      120     0.00000207     0.31657412     0.68342381
