#     Density Matrix: population Re; see the manual for detail orders
        0     0.00000000     0.00000000     1.00000000
        1     0.00000000     0.00000013     0.99999987
        2     0.00000002     0.00000192     0.99999806
        3     0.00000006     0.00000803     0.99999192
        4     0.00000013     0.00001953     0.99998034
        5     0.00000021     0.00003610     0.99996370
        6     0.00000033     0.00006198     0.99993769
        7     0.00000045     0.00011765     0.99988190
        8     0.00000060     0.00026014     0.99973926
        9     0.00000071     0.00063678     0.99936251
       10     0.00000083     0.00168480     0.99831436
       11     0.00000090     0.00505306     0.99494604
       12     0.00000094     0.01938550     0.98061356
       13     0.00000089     0.11615538     0.88384374
       14     0.00000047     0.58202596     0.41797356
       15     0.00000020     0.63917321     0.36082659
       16     0.00000181     0.35397784     0.64602035
       17     0.00000105     0.26718037     0.73281858
       18     0.00000113     0.23192516     0.76807371
       19     0.00000133     0.21658935     0.78340932
       20     0.00000042     0.21041018     0.78958940
       21     0.00000098     0.20847378     0.79152523
       22     0.00000081     0.20823527     0.79176392
       23     0.00000020     0.20832724     0.79167256
       24     0.00000070     0.20805550     0.79194381
       25     0.00000047     0.20712958     0.79286995
       26     0.00000007     0.20549963     0.79450029
       27     0.00000044     0.20325241     0.79674715
       28     0.00000028     0.20054119     0.79945852
       29     0.00000001     0.19754182     0.80245817
       30     0.00000024     0.19443015     0.80556961
       31     0.00000017     0.19137892     0.80862091
       32     0.00000001     0.18856900     0.81143100
       33     0.00000013     0.18621062     0.81378926
       34     0.00000010     0.18457154     0.81542836
       35     0.00000004     0.18400255     0.81599741
       36     0.00000008     0.18495191     0.81504801
       37     0.00000006     0.18796037     0.81203957
       38     0.00000009     0.19361941     0.80638050
       39     0.00000006     0.20247897     0.79752097
       40     0.00000005     0.21488310     0.78511685
       41     0.00000016     0.23070756     0.76929228
       42     0.00000004     0.24898452     0.75101543
       43     0.00000008     0.26739817     0.73260175
       44     0.00000029     0.28167396     0.71832575
       45     0.00000004     0.28498502     0.71501494
       46     0.00000020     0.26775875     0.73224104
       47     0.00000041     0.21917590     0.78082369
       48     0.00000004     0.13423627     0.86576368
       49     0.00000047     0.03553135     0.96446819
       50     0.00000045     0.00891711     0.99108244
       51     0.00000010     0.15849604     0.84150386
       52     0.00000046     0.40687167     0.59312787
       53     0.00000005     0.55116148     0.44883847
       54     0.00000031     0.54456366     0.45543603
       55     0.00000028     0.46214521     0.53785451
       56     0.00000018     0.37521759     0.62478223
       57     0.00000064     0.32026868     0.67973068
       58     0.00000005     0.30516885     0.69483110
       59     0.00000055     0.31957670     0.68042275
       60     0.00000021     0.34523702     0.65476277
       61     0.00000026     0.36534823     0.63465151
       62     0.00000039     0.37121148     0.62878813
       63     0.00000008     0.36414583     0.63585409
       64     0.00000051     0.35228206     0.64771743
       65     0.00000000     0.34439316     0.65560684
       66     0.00000043     0.34442730     0.65557226
       67     0.00000002     0.35004123     0.64995875
       68     0.00000032     0.35562399     0.64437569
       69     0.00000006     0.35710043     0.64289951
       70     0.00000027     0.35465613     0.64534360
       71     0.00000014     0.35151067     0.64848919
       72     0.00000013     0.35038642     0.64961344
       73     0.00000014     0.35126283     0.64873703
       74     0.00000012     0.35234113     0.64765875
       75     0.00000009     0.35260195     0.64739795
       76     0.00000012     0.35276256     0.64723731
       77     0.00000019     0.35361356     0.64638624
       78     0.00000003     0.35424600     0.64575396
       79     0.00000012     0.35298506     0.64701482
       80     0.00000018     0.35014263     0.64985719
       81     0.00000005     0.34877000     0.65122995
       82     0.00000009     0.35147624     0.64852367
       83     0.00000022     0.35653813     0.64346165
       84     0.00000011     0.35854123     0.64145866
       85     0.00000005     0.35404391     0.64595604
       86     0.00000036     0.34639556     0.65360407
       87     0.00000010     0.34355141     0.65644849
       88     0.00000003     0.34994323     0.65005673
       89     0.00000022     0.36074078     0.63925899
       90     0.00000034     0.36535601     0.63464365
       91     0.00000001     0.35771718     0.64228280
       92     0.00000039     0.34326119     0.65673842
       93     0.00000040     0.33506251     0.66493709
       94     0.00000002     0.34199331     0.65800667
       95     0.00000013     0.35985892     0.64014095
       96     0.00000050     0.37406597     0.62593352
       97     0.00000026     0.37186228     0.62813746
       98     0.00000008     0.35350433     0.64649559
       99     0.00000056     0.33260245     0.66739699
      100     0.00000044     0.32537929     0.67462027
      101     0.00000004     0.33788837     0.66211159
      102     0.00000036     0.36143676     0.63856288
      103     0.00000070     0.37943073     0.62056857
      104     0.00000019     0.37973695     0.62026286
      105     0.00000009     0.36293981     0.63706010
      106     0.00000049     0.34089571     0.65910379
      107     0.00000058     0.32771539     0.67228403
      108     0.00000015     0.33031187     0.66968798
      109     0.00000046     0.34498640     0.65501314
      110     0.00000101     0.36138665     0.63861234
      111     0.00000032     0.36997101     0.63002867
      112     0.00000007     0.36766518     0.63233474
      113     0.00000029     0.35835836     0.64164135
      114     0.00000045     0.34898195     0.65101760
      115     0.00000038     0.34454481     0.65545481
      116     0.00000018     0.34556192     0.65443790
      117     0.00000105     0.34911643     0.65088252
      118     0.00000096     0.35190215     0.64809689
      119     0.00000010     0.35273843     0.64726147
      120     0.00000026     0.35279509     0.64720465
