#     Density Matrix: population Re; see the manual for detail orders
        0     0.00000000     0.00000000     1.00000000
        1     0.00000003     0.00000177     0.99999820
        2     0.00000004     0.00001019     0.99998977
        3     0.00000015     0.00001310     0.99998675
        4     0.00000016     0.00001426     0.99998558
        5     0.00000037     0.00002915     0.99997049
        6     0.00000038     0.00005950     0.99994012
        7     0.00000066     0.00008992     0.99990942
        8     0.00000066     0.00012333     0.99987601
        9     0.00000095     0.00023689     0.99976216
       10     0.00000087     0.00065444     0.99934468
       11     0.00000113     0.00194218     0.99805669
       12     0.00000095     0.00587093     0.99412812
       13     0.00000111     0.02017149     0.97982740
       14     0.00000086     0.09299961     0.90699953
       15     0.00000063     0.43460137     0.56539799
       16     0.00000016     0.67850384     0.32149600
       17     0.00000085     0.44008020     0.55991894
       18     0.00000095     0.33787103     0.66212801
       19     0.00000003     0.29854949     0.70145049
       20     0.00000115     0.27343938     0.72655947
       21     0.00000046     0.25918347     0.74081607
       22     0.00000026     0.25252632     0.74747342
       23     0.00000135     0.25071281     0.74928584
       24     0.00000034     0.25162549     0.74837417
       25     0.00000032     0.25367698     0.74632270
       26     0.00000087     0.25573415     0.74426498
       27     0.00000017     0.25703100     0.74296882
       28     0.00000026     0.25704046     0.74295928
       29     0.00000077     0.25533494     0.74466429
       30     0.00000019     0.25152546     0.74847435
       31     0.00000020     0.24513417     0.75486563
       32     0.00000080     0.23546313     0.76453607
       33     0.00000036     0.22134752     0.77865212
       34     0.00000008     0.20076210     0.79923782
       35     0.00000071     0.16994725     0.83005204
       36     0.00000063     0.12214802     0.87785135
       37     0.00000006     0.05425713     0.94574281
       38     0.00000047     0.04171028     0.95828926
       39     0.00000086     0.21259190     0.78740724
       40     0.00000032     0.41555240     0.58444728
       41     0.00000035     0.53601913     0.46398052
       42     0.00000096     0.59762792     0.40237112
       43     0.00000069     0.63296243     0.36703688
       44     0.00000021     0.65576693     0.34423286
       45     0.00000072     0.67191183     0.32808746
       46     0.00000108     0.68417312     0.31582580
       47     0.00000049     0.69397787     0.30602164
       48     0.00000036     0.70210069     0.29789895
       49     0.00000108     0.70897476     0.29102416
       50     0.00000109     0.71484418     0.28515473
       51     0.00000041     0.71982306     0.28017653
       52     0.00000064     0.72399105     0.27600831
       53     0.00000134     0.72740701     0.27259165
       54     0.00000099     0.73008380     0.26991520
       55     0.00000037     0.73206550     0.26793413
       56     0.00000081     0.73341141     0.26658777
       57     0.00000134     0.73419178     0.26580688
       58     0.00000082     0.73450307     0.26549611
       59     0.00000028     0.73450101     0.26549871
       60     0.00000069     0.73434573     0.26565358
       61     0.00000106     0.73422173     0.26577721
       62     0.00000061     0.73430978     0.26568962
       63     0.00000013     0.73480499     0.26519488
       64     0.00000031     0.73586112     0.26413857
       65     0.00000064     0.73757767     0.26242169
       66     0.00000058     0.74000513     0.25999428
       67     0.00000025     0.74311273     0.25688701
       68     0.00000012     0.74675029     0.25324960
       69     0.00000060     0.75065508     0.24934433
       70     0.00000140     0.75445575     0.24554285
       71     0.00000155     0.75768643     0.24231202
       72     0.00000114     0.75982162     0.24017724
       73     0.00000175     0.76033346     0.23966479
       74     0.00000365     0.75876398     0.24123238
       75     0.00000466     0.75480659     0.24518876
       76     0.00000393     0.74839448     0.25160159
       77     0.00000392     0.73977862     0.26021746
       78     0.00000596     0.72953387     0.27046017
       79     0.00000737     0.71869098     0.28130165
       80     0.00000598     0.70862143     0.29137259
       81     0.00000413     0.70073625     0.29925962
       82     0.00000430     0.69647547     0.30352023
       83     0.00000478     0.69694335     0.30305187
       84     0.00000357     0.70259826     0.29739818
       85     0.00000176     0.71301903     0.28697922
       86     0.00000088     0.72679300     0.27320611
       87     0.00000122     0.74162539     0.25837339
       88     0.00000304     0.75460873     0.24538823
       89     0.00000589     0.76288217     0.23711194
       90     0.00000753     0.76434259     0.23564988
       91     0.00000765     0.75829300     0.24169935
       92     0.00000928     0.74587239     0.25411833
       93     0.00001240     0.73013083     0.26985677
       94     0.00001256     0.71528240     0.28470504
       95     0.00000877     0.70567238     0.29431886
       96     0.00000475     0.70436798     0.29562726
       97     0.00000301     0.71193057     0.28806642
       98     0.00000268     0.72589827     0.27409905
       99     0.00000387     0.74134411     0.25865202
      100     0.00000663     0.75249899     0.24749438
      101     0.00000873     0.75499624     0.24499503
      102     0.00000973     0.74787337     0.25211690
      103     0.00001170     0.73431897     0.26566933
      104     0.00001369     0.72058836     0.27939795
      105     0.00001169     0.71323690     0.28675141
      106     0.00000662     0.71581899     0.28417440
      107     0.00000333     0.72677572     0.27322094
      108     0.00000345     0.73992372     0.26007284
      109     0.00000712     0.74769128     0.25230160
      110     0.00001424     0.74559674     0.25438902
      111     0.00001970     0.73526745     0.26471285
      112     0.00001795     0.72373318     0.27624887
      113     0.00001173     0.71891320     0.28107507
      114     0.00000742     0.72399853     0.27599405
      115     0.00000807     0.73464621     0.26534572
      116     0.00001538     0.74245163     0.25753298
      117     0.00002635     0.74126620     0.25870745
      118     0.00003087     0.73238785     0.26758128
      119     0.00002623     0.72395068     0.27602309
      120     0.00002025     0.72360252     0.27637723
