#     Density Matrix: population Re; see the manual for detail orders
        0     0.00000000     0.00000000     1.00000000
        1     0.00000006     0.00000386     0.99999609
        2     0.00000008     0.00003715     0.99996277
        3     0.00000009     0.00010778     0.99989213
        4     0.00000011     0.00021368     0.99978621
        5     0.00000013     0.00038779     0.99961208
        6     0.00000015     0.00077934     0.99922050
        7     0.00000017     0.00184827     0.99815156
        8     0.00000019     0.00507858     0.99492123
        9     0.00000020     0.01624462     0.98375517
       10     0.00000021     0.06226832     0.93773147
       11     0.00000017     0.23326766     0.76673217
       12     0.00000004     0.74260236     0.25739760
       13     0.00000013     0.55483724     0.44516263
       14     0.00000047     0.30257847     0.69742107
       15     0.00000011     0.20236949     0.79763041
       16     0.00000032     0.14327122     0.85672846
       17     0.00000028     0.10943683     0.89056289
       18     0.00000023     0.09044116     0.90955862
       19     0.00000031     0.07991650     0.92008319
       20     0.00000020     0.07408377     0.92591602
       21     0.00000013     0.07078134     0.92921853
       22     0.00000027     0.06884484     0.93115489
       23     0.00000027     0.06768659     0.93231315
       24     0.00000027     0.06702856     0.93297117
       25     0.00000036     0.06674783     0.93325181
       26     0.00000038     0.06681923     0.93318040
       27     0.00000040     0.06723297     0.93276663
       28     0.00000041     0.06798891     0.93201068
       29     0.00000041     0.06908342     0.93091617
       30     0.00000042     0.07049228     0.92950730
       31     0.00000041     0.07218355     0.92781604
       32     0.00000042     0.07406147     0.92593811
       33     0.00000046     0.07574050     0.92425903
       34     0.00000037     0.06996459     0.93003504
       35     0.00000014     0.06673893     0.93326093
       36     0.00000013     0.42925836     0.57074150
       37     0.00000064     0.42910955     0.57088980
       38     0.00000043     0.42691478     0.57308479
       39     0.00000006     0.42481340     0.57518654
       40     0.00000026     0.42325682     0.57674292
       41     0.00000042     0.42233109     0.57766849
       42     0.00000019     0.42212185     0.57787796
       43     0.00000010     0.42269868     0.57730122
       44     0.00000026     0.42392488     0.57607486
       45     0.00000028     0.42581354     0.57418617
       46     0.00000014     0.42841432     0.57158554
       47     0.00000013     0.43182803     0.56817184
       48     0.00000025     0.43606462     0.56393514
       49     0.00000024     0.44120091     0.55879885
       50     0.00000014     0.44724983     0.55275003
       51     0.00000016     0.45421202     0.54578783
       52     0.00000024     0.46204237     0.53795739
       53     0.00000022     0.47062507     0.52937471
       54     0.00000015     0.47982550     0.52017435
       55     0.00000016     0.48945648     0.51054336
       56     0.00000025     0.49935131     0.50064844
       57     0.00000028     0.50929062     0.49070909
       58     0.00000014     0.51909380     0.48090605
       59     0.00000008     0.52862144     0.47137847
       60     0.00000016     0.53781164     0.46218820
       61     0.00000027     0.54674384     0.45325589
       62     0.00000032     0.55539275     0.44460693
       63     0.00000027     0.56375897     0.43624076
       64     0.00000021     0.57201356     0.42798623
       65     0.00000019     0.58016403     0.41983578
       66     0.00000030     0.58825045     0.41174925
       67     0.00000067     0.59625327     0.40374606
       68     0.00000091     0.60405464     0.39594445
       69     0.00000078     0.61152938     0.38846984
       70     0.00000048     0.61855258     0.38144695
       71     0.00000057     0.62498331     0.37501612
       72     0.00000117     0.63073229     0.36926655
       73     0.00000172     0.63577151     0.36422677
       74     0.00000156     0.64013683     0.35986161
       75     0.00000110     0.64403195     0.35596695
       76     0.00000105     0.64771355     0.35228540
       77     0.00000119     0.65141573     0.34858307
       78     0.00000125     0.65536011     0.34463864
       79     0.00000114     0.65982337     0.34017548
       80     0.00000102     0.66497846     0.33502052
       81     0.00000101     0.67089070     0.32910829
       82     0.00000105     0.67752116     0.32247779
       83     0.00000113     0.68473441     0.31526446
       84     0.00000132     0.69232310     0.30767558
       85     0.00000132     0.70004529     0.29995339
       86     0.00000111     0.70764552     0.29235337
       87     0.00000086     0.71494144     0.28505770
       88     0.00000070     0.72179303     0.27820627
       89     0.00000100     0.72807667     0.27192233
       90     0.00000159     0.73381507     0.26618334
       91     0.00000195     0.73916697     0.26083108
       92     0.00000182     0.74433189     0.25566629
       93     0.00000138     0.74946052     0.25053810
       94     0.00000137     0.75472306     0.24527558
       95     0.00000219     0.76022618     0.23977163
       96     0.00000321     0.76590499     0.23409180
       97     0.00000354     0.77165788     0.22833858
       98     0.00000278     0.77754321     0.22245402
       99     0.00000195     0.78338095     0.21661710
      100     0.00000202     0.78890807     0.21108991
      101     0.00000252     0.79404277     0.20595471
      102     0.00000243     0.79879357     0.20120400
      103     0.00000158     0.80329799     0.19670042
      104     0.00000075     0.80782292     0.19217633
      105     0.00000043     0.81266543     0.18733414
      106     0.00000042     0.81793115     0.18206844
      107     0.00000051     0.82369673     0.17630277
      108     0.00000068     0.82992734     0.17007198
      109     0.00000085     0.83633452     0.16366463
      110     0.00000090     0.84239596     0.15760313
      111     0.00000097     0.84757068     0.15242835
      112     0.00000135     0.85149550     0.14850315
      113     0.00000191     0.85407234     0.14592575
      114     0.00000210     0.85559008     0.14440782
      115     0.00000181     0.85675184     0.14324635
      116     0.00000143     0.85843453     0.14156403
      117     0.00000128     0.86150417     0.13849455
      118     0.00000117     0.86654090     0.13345793
      119     0.00000080     0.87361692     0.12638229
      120     0.00000035     0.88225362     0.11774603
