#     Density Matrix: population Re; see the manual for detail orders
        0     0.00000000     0.00000000     1.00000000
        1     0.00000006     0.00000213     0.99999781
        2     0.00000009     0.00002354     0.99997637
        3     0.00000019     0.00007874     0.99992107
        4     0.00000023     0.00016809     0.99983169
        5     0.00000038     0.00028945     0.99971017
        6     0.00000043     0.00048511     0.99951447
        7     0.00000056     0.00093995     0.99905949
        8     0.00000066     0.00220566     0.99779368
        9     0.00000066     0.00590433     0.99409501
       10     0.00000086     0.01760265     0.98239649
       11     0.00000061     0.06056473     0.93943467
       12     0.00000077     0.22483557     0.77516365
       13     0.00000018     0.51978319     0.48021663
       14     0.00000029     0.53970395     0.46029576
       15     0.00000044     0.37923506     0.62076450
       16     0.00000063     0.25872467     0.74127469
       17     0.00000060     0.18813096     0.81186844
       18     0.00000056     0.15012899     0.84987044
       19     0.00000059     0.13191979     0.86807962
       20     0.00000048     0.12519423     0.87480529
       21     0.00000056     0.12463448     0.87536496
       22     0.00000054     0.12689625     0.87310321
       23     0.00000043     0.12994729     0.87005228
       24     0.00000041     0.13262036     0.86737923
       25     0.00000029     0.13426715     0.86573255
       26     0.00000039     0.13453380     0.86546582
       27     0.00000043     0.13321120     0.86678836
       28     0.00000032     0.13006603     0.86993365
       29     0.00000044     0.12469220     0.87530736
       30     0.00000058     0.11627662     0.88372279
       31     0.00000031     0.10306224     0.89693746
       32     0.00000045     0.08098401     0.91901554
       33     0.00000067     0.04094412     0.95905521
       34     0.00000035     0.02850988     0.97148977
       35     0.00000027     0.32406218     0.67593756
       36     0.00000078     0.61996797     0.38003125
       37     0.00000074     0.71304980     0.28694946
       38     0.00000022     0.74792560     0.25207419
       39     0.00000053     0.76446669     0.23553278
       40     0.00000095     0.77320684     0.22679221
       41     0.00000047     0.77794402     0.22205551
       42     0.00000024     0.78037965     0.21962010
       43     0.00000082     0.78140631     0.21859287
       44     0.00000087     0.78155563     0.21844349
       45     0.00000029     0.78117071     0.21882900
       46     0.00000040     0.78049238     0.21950722
       47     0.00000096     0.77969756     0.22030148
       48     0.00000074     0.77891634     0.22108292
       49     0.00000022     0.77823914     0.22176064
       50     0.00000050     0.77772198     0.22227752
       51     0.00000095     0.77739179     0.22260727
       52     0.00000060     0.77725034     0.22274906
       53     0.00000016     0.77727825     0.22272159
       54     0.00000045     0.77744232     0.22255723
       55     0.00000077     0.77770515     0.22229407
       56     0.00000046     0.77803320     0.22196634
       57     0.00000008     0.77840140     0.22159852
       58     0.00000022     0.77879756     0.22120222
       59     0.00000054     0.77922421     0.22077525
       60     0.00000052     0.77969335     0.22030613
       61     0.00000022     0.78021440     0.21978537
       62     0.00000012     0.78078108     0.21921879
       63     0.00000060     0.78136246     0.21863693
       64     0.00000119     0.78189063     0.21810818
       65     0.00000107     0.78225212     0.21774681
       66     0.00000067     0.78229649     0.21770284
       67     0.00000124     0.78185789     0.21814088
       68     0.00000243     0.78078767     0.21920990
       69     0.00000258     0.77899235     0.22100507
       70     0.00000176     0.77647213     0.22352612
       71     0.00000186     0.77335253     0.22664562
       72     0.00000307     0.76989949     0.23009744
       73     0.00000342     0.76650720     0.23348937
       74     0.00000232     0.76365434     0.23634335
       75     0.00000147     0.76183587     0.23816265
       76     0.00000186     0.76147916     0.23851898
       77     0.00000232     0.76285625     0.23714143
       78     0.00000185     0.76601142     0.23398673
       79     0.00000098     0.77071327     0.22928575
       80     0.00000058     0.77645506     0.22354436
       81     0.00000097     0.78250518     0.21749386
       82     0.00000207     0.78800518     0.21199274
       83     0.00000322     0.79209909     0.20789769
       84     0.00000352     0.79407655     0.20591993
       85     0.00000342     0.79351090     0.20648568
       86     0.00000464     0.79036456     0.20963080
       87     0.00000726     0.78503938     0.21495337
       88     0.00000881     0.77835060     0.22164059
       89     0.00000780     0.77142262     0.22856958
       90     0.00000604     0.76551373     0.23448022
       91     0.00000568     0.76179211     0.23820221
       92     0.00000599     0.76109220     0.23890181
       93     0.00000517     0.76370346     0.23629137
       94     0.00000345     0.76923428     0.23076227
       95     0.00000226     0.77660728     0.22339046
       96     0.00000223     0.78421612     0.21578164
       97     0.00000380     0.79023953     0.20975666
       98     0.00000751     0.79307029     0.20692221
       99     0.00001197     0.79177072     0.20821731
      100     0.00001419     0.78643143     0.21355438
      101     0.00001342     0.77830468     0.22168190
      102     0.00001215     0.76960774     0.23038011
      103     0.00001176     0.76297797     0.23701027
      104     0.00001049     0.76067632     0.23931318
      105     0.00000733     0.76375907     0.23623360
      106     0.00000433     0.77151564     0.22848002
      107     0.00000354     0.78146191     0.21853455
      108     0.00000495     0.79002729     0.20996776
      109     0.00000862     0.79381938     0.20617200
      110     0.00001470     0.79105307     0.20893222
      111     0.00002041     0.78253700     0.21744259
      112     0.00002122     0.77165985     0.22831893
      113     0.00001657     0.76316013     0.23682331
      114     0.00001047     0.76103973     0.23894980
      115     0.00000637     0.76651011     0.23348352
      116     0.00000545     0.77707516     0.22291938
      117     0.00000920     0.78746337     0.21252743
      118     0.00001791     0.79220486     0.20777723
      119     0.00002724     0.78866437     0.21130839
      120     0.00003127     0.77880219     0.22116654
