#     Density Matrix: population Re; see the manual for detail orders
        0     0.00000000     0.00000000     1.00000000
        1     0.00000001     0.00000088     0.99999911
        2     0.00000002     0.00000775     0.99999223
        3     0.00000005     0.00001932     0.99998063
        4     0.00000007     0.00003076     0.99996916
        5     0.00000011     0.00004343     0.99995646
        6     0.00000013     0.00007671     0.99992316
        7     0.00000016     0.00018150     0.99981834
        8     0.00000019     0.00047530     0.99952451
        9     0.00000021     0.00128688     0.99871290
       10     0.00000023     0.00379414     0.99620563
       11     0.00000025     0.01339653     0.98660322
       12     0.00000026     0.06255234     0.93744740
       13     0.00000012     0.66199055     0.33800933
       14     0.00000001     0.82160354     0.17839645
       15     0.00000022     0.58489936     0.41510042
       16     0.00000035     0.57444791     0.42555174
       17     0.00000026     0.61248150     0.38751824
       18     0.00000018     0.65354874     0.34645109
       19     0.00000014     0.68832822     0.31167164
       20     0.00000012     0.71550044     0.28449944
       21     0.00000008     0.73565351     0.26434641
       22     0.00000006     0.75004338     0.24995656
       23     0.00000004     0.75995820     0.24004176
       24     0.00000002     0.76668060     0.23331938
       25     0.00000001     0.77139583     0.22860416
       26     0.00000000     0.77505537     0.22494463
       27     0.00000000     0.77837229     0.22162771
       28     0.00000000     0.78179352     0.21820648
       29     0.00000000     0.78557652     0.21442348
       30     0.00000001     0.78983796     0.21016203
       31     0.00000001     0.79463893     0.20536106
       32     0.00000002     0.80012441     0.19987557
       33     0.00000002     0.80658032     0.19341966
       34     0.00000002     0.81445767     0.18554231
       35     0.00000002     0.82433207     0.17566792
       36     0.00000002     0.83685331     0.16314667
       37     0.00000002     0.85265162     0.14734835
       38     0.00000002     0.87193682     0.12806316
       39     0.00000001     0.89425632     0.10574367
       40     0.00000001     0.91819499     0.08180500
       41     0.00000002     0.94073474     0.05926524
       42     0.00000002     0.95681449     0.04318549
       43     0.00000001     0.95942315     0.04057683
       44     0.00000003     0.94033652     0.05966345
       45     0.00000006     0.89254245     0.10745749
       46     0.00000006     0.81637355     0.18362639
       47     0.00000007     0.73035703     0.26964289
       48     0.00000008     0.67893966     0.32106026
       49     0.00000005     0.70681190     0.29318804
       50     0.00000006     0.80243040     0.19756953
       51     0.00000004     0.90427014     0.09572982
       52     0.00000001     0.96982525     0.03017474
       53     0.00000000     0.99645521     0.00354478
       54     0.00000000     0.99930377     0.00069623
       55     0.00000000     0.99356044     0.00643956
       56     0.00000000     0.98856672     0.01143328
       57     0.00000000     0.98774770     0.01225230
       58     0.00000000     0.99051801     0.00948199
       59     0.00000000     0.99457299     0.00542701
       60     0.00000000     0.99776855     0.00223145
       61     0.00000000     0.99915133     0.00084867
       62     0.00000000     0.99903181     0.00096819
       63     0.00000000     0.99837723     0.00162276
       64     0.00000000     0.99804297     0.00195702
       65     0.00000000     0.99830133     0.00169867
       66     0.00000001     0.99888513     0.00111486
       67     0.00000001     0.99937043     0.00062956
       68     0.00000001     0.99954387     0.00045612
       69     0.00000001     0.99948604     0.00051394
       70     0.00000003     0.99941055     0.00058942
       71     0.00000003     0.99943483     0.00056514
       72     0.00000002     0.99952330     0.00047668
       73     0.00000005     0.99959065     0.00040931
       74     0.00000007     0.99962292     0.00037701
       75     0.00000006     0.99966566     0.00033428
       76     0.00000008     0.99973043     0.00026948
       77     0.00000012     0.99975808     0.00024180
       78     0.00000012     0.99970110     0.00029879
       79     0.00000013     0.99961689     0.00038298
       80     0.00000019     0.99962631     0.00037350
       81     0.00000020     0.99976197     0.00023783
       82     0.00000021     0.99989787     0.00010191
       83     0.00000027     0.99988118     0.00011856
       84     0.00000030     0.99972213     0.00027757
       85     0.00000032     0.99960441     0.00039527
       86     0.00000035     0.99967804     0.00032161
       87     0.00000040     0.99987807     0.00012154
       88     0.00000044     0.99999445     0.00000512
       89     0.00000047     0.99990641     0.00009312
       90     0.00000051     0.99971693     0.00028256
       91     0.00000055     0.99962997     0.00036947
       92     0.00000059     0.99973018     0.00026923
       93     0.00000063     0.99990482     0.00009455
       94     0.00000067     0.99997585     0.00002348
       95     0.00000070     0.99988212     0.00011718
       96     0.00000074     0.99972511     0.00027415
       97     0.00000076     0.99965639     0.00034285
       98     0.00000078     0.99972741     0.00027181
       99     0.00000081     0.99985704     0.00014214
      100     0.00000085     0.99992553     0.00007362
      101     0.00000089     0.99988589     0.00011322
      102     0.00000085     0.99979424     0.00020491
      103     0.00000086     0.99974239     0.00025674
      104     0.00000090     0.99977390     0.00022519
      105     0.00000088     0.99985632     0.00014280
      106     0.00000083     0.99992319     0.00007598
      107     0.00000080     0.99993488     0.00006432
      108     0.00000078     0.99990384     0.00009539
      109     0.00000077     0.99987427     0.00012496
      110     0.00000072     0.99988001     0.00011927
      111     0.00000066     0.99991787     0.00008147
      112     0.00000064     0.99995983     0.00003953
      113     0.00000063     0.99998126     0.00001810
      114     0.00000059     0.99997942     0.00001998
      115     0.00000054     0.99996927     0.00003019
      116     0.00000051     0.99996651     0.00003298
      117     0.00000053     0.99997548     0.00002398
      118     0.00000051     0.99998890     0.00001059
      119     0.00000043     0.99999771     0.00000186
      120     0.00000039     0.99999943     0.00000018
