#     Density Matrix: population Re; see the manual for detail orders
        0     0.00000000     0.00000000     1.00000000
        1     0.00000000     0.00000035     0.99999965
        2     0.00000001     0.00000252     0.99999747
        3     0.00000003     0.00000424     0.99999573
        4     0.00000006     0.00000343     0.99999651
        5     0.00000011     0.00000142     0.99999848
        6     0.00000015     0.00000025     0.99999960
        7     0.00000019     0.00000005     0.99999975
        8     0.00000023     0.00000002     0.99999975
        9     0.00000026     0.00000010     0.99999964
       10     0.00000029     0.00000132     0.99999839
       11     0.00000031     0.00000600     0.99999369
       12     0.00000034     0.00002177     0.99997789
       13     0.00000036     0.00008870     0.99991095
       14     0.00000037     0.00059580     0.99940383
       15     0.00000036     0.08363842     0.91636122
       16     0.00000024     0.05531156     0.94468820
       17     0.00000045     0.10741618     0.89258337
       18     0.00000036     0.06899460     0.93100504
       19     0.00000037     0.05123443     0.94876519
       20     0.00000040     0.04085454     0.95914506
       21     0.00000038     0.03411390     0.96588572
       22     0.00000039     0.02940465     0.97059496
       23     0.00000035     0.02592545     0.97407420
       24     0.00000030     0.02319889     0.97680081
       25     0.00000036     0.02092356     0.97907608
       26     0.00000038     0.01894558     0.98105404
       27     0.00000034     0.01714957     0.98285009
       28     0.00000034     0.01544543     0.98455423
       29     0.00000042     0.01371137     0.98628822
       30     0.00000034     0.01190161     0.98809804
       31     0.00000028     0.00997270     0.99002703
       32     0.00000042     0.00779636     0.99220322
       33     0.00000038     0.00546816     0.99453146
       34     0.00000027     0.00387267     0.99612706
       35     0.00000025     0.00859944     0.99140031
       36     0.00000027     0.07935722     0.92064251
       37     0.00000020     0.43109005     0.56890975
       38     0.00000022     0.79196990     0.20802988
       39     0.00000032     0.89393558     0.10606410
       40     0.00000029     0.92351129     0.07648841
       41     0.00000026     0.93635873     0.06364101
       42     0.00000027     0.94336418     0.05663555
       43     0.00000029     0.94775267     0.05224704
       44     0.00000031     0.95077825     0.04922145
       45     0.00000032     0.95302184     0.04697784
       46     0.00000030     0.95478956     0.04521014
       47     0.00000032     0.95624685     0.04375283
       48     0.00000033     0.95749481     0.04250486
       49     0.00000035     0.95858920     0.04141046
       50     0.00000034     0.95956707     0.04043259
       51     0.00000035     0.96046013     0.03953952
       52     0.00000036     0.96128311     0.03871654
       53     0.00000035     0.96204105     0.03795860
       54     0.00000032     0.96274151     0.03725817
       55     0.00000030     0.96339325     0.03660646
       56     0.00000036     0.96400588     0.03599376
       57     0.00000040     0.96458819     0.03541141
       58     0.00000037     0.96515140     0.03484822
       59     0.00000035     0.96570664     0.03429301
       60     0.00000045     0.96625812     0.03374143
       61     0.00000073     0.96682428     0.03317499
       62     0.00000080     0.96741342     0.03258579
       63     0.00000062     0.96801938     0.03198000
       64     0.00000058     0.96864025     0.03135918
       65     0.00000080     0.96927142     0.03072778
       66     0.00000098     0.96990686     0.03009215
       67     0.00000082     0.97054064     0.02945854
       68     0.00000042     0.97117047     0.02882911
       69     0.00000041     0.97178550     0.02821409
       70     0.00000082     0.97238664     0.02761254
       71     0.00000105     0.97297474     0.02702421
       72     0.00000082     0.97355410     0.02644507
       73     0.00000053     0.97412530     0.02587417
       74     0.00000086     0.97471455     0.02528460
       75     0.00000166     0.97531887     0.02467947
       76     0.00000169     0.97590743     0.02409087
       77     0.00000138     0.97645887     0.02353975
       78     0.00000153     0.97697296     0.02302551
       79     0.00000214     0.97744885     0.02254901
       80     0.00000253     0.97787477     0.02212270
       81     0.00000237     0.97824260     0.02175503
       82     0.00000209     0.97854871     0.02144920
       83     0.00000225     0.97879802     0.02119973
       84     0.00000277     0.97900473     0.02099250
       85     0.00000307     0.97919304     0.02080390
       86     0.00000286     0.97939363     0.02060351
       87     0.00000250     0.97963899     0.02035851
       88     0.00000253     0.97996142     0.02003605
       89     0.00000270     0.98038695     0.01961034
       90     0.00000252     0.98093835     0.01905913
       91     0.00000265     0.98160702     0.01839032
       92     0.00000304     0.98236757     0.01762939
       93     0.00000318     0.98319358     0.01680324
       94     0.00000298     0.98404182     0.01595519
       95     0.00000281     0.98485956     0.01513763
       96     0.00000295     0.98559177     0.01440528
       97     0.00000332     0.98619475     0.01380193
       98     0.00000349     0.98664109     0.01335542
       99     0.00000300     0.98691168     0.01308531
      100     0.00000244     0.98702355     0.01297401
      101     0.00000255     0.98700415     0.01299330
      102     0.00000328     0.98690187     0.01309485
      103     0.00000385     0.98677763     0.01321852
      104     0.00000367     0.98669717     0.01329915
      105     0.00000297     0.98672329     0.01327374
      106     0.00000245     0.98690738     0.01309017
      107     0.00000249     0.98728233     0.01271518
      108     0.00000283     0.98785628     0.01214089
      109     0.00000296     0.98860817     0.01138886
      110     0.00000269     0.98948466     0.01051265
      111     0.00000224     0.99040499     0.00959277
      112     0.00000199     0.99126917     0.00872884
      113     0.00000215     0.99197213     0.00802572
      114     0.00000260     0.99242393     0.00757347
      115     0.00000298     0.99256944     0.00742758
      116     0.00000297     0.99240579     0.00759124
      117     0.00000261     0.99199320     0.00800419
      118     0.00000220     0.99145404     0.00854376
      119     0.00000199     0.99094206     0.00905594
      120     0.00000185     0.99065787     0.00934028
