#     Density Matrix: population Re; see the manual for detail orders
        0     0.00000000     0.00000000     1.00000000
        1     0.00000000     0.00000060     0.99999940
        2     0.00000001     0.00000167     0.99999832
        3     0.00000002     0.00000413     0.99999586
        4     0.00000006     0.00002853     0.99997141
        5     0.00000007     0.00008695     0.99991297
        6     0.00000015     0.00016259     0.99983725
        7     0.00000017     0.00023009     0.99976974
        8     0.00000029     0.00031099     0.99968873
        9     0.00000031     0.00053906     0.99946063
       10     0.00000043     0.00123614     0.99876343
       11     0.00000047     0.00310277     0.99689676
       12     0.00000055     0.00795052     0.99204893
       13     0.00000061     0.02174227     0.97825712
       14     0.00000057     0.06760861     0.93239082
       15     0.00000138     0.36143739     0.63856123
       16     0.00000017     0.68000660     0.31999323
       17     0.00000182     0.52035505     0.47964314
       18     0.00000150     0.37857677     0.62142174
       19     0.00000003     0.32270935     0.67729061
       20     0.00000021     0.30529898     0.69470081
       21     0.00000026     0.29355160     0.70644814
       22     0.00000002     0.28873850     0.71126147
       23     0.00000034     0.29121814     0.70878152
       24     0.00000015     0.30068762     0.69931224
       25     0.00000011     0.31641586     0.68358403
       26     0.00000040     0.33754795     0.66245165
       27     0.00000007     0.36333769     0.63666223
       28     0.00000023     0.39334631     0.60665347
       29     0.00000038     0.42764150     0.57235812
       30     0.00000004     0.46663036     0.53336960
       31     0.00000026     0.51127837     0.48872137
       32     0.00000030     0.56263037     0.43736934
       33     0.00000001     0.62134391     0.37865608
       34     0.00000020     0.68677590     0.31322390
       35     0.00000019     0.75620407     0.24379574
       36     0.00000000     0.82366134     0.17633865
       37     0.00000008     0.88227497     0.11772495
       38     0.00000010     0.92718599     0.07281391
       39     0.00000005     0.95769435     0.04230560
       40     0.00000003     0.97642863     0.02357133
       41     0.00000004     0.98714404     0.01285591
       42     0.00000011     0.99299564     0.00700425
       43     0.00000007     0.99131399     0.00868595
       44     0.00000000     0.98884101     0.01115898
       45     0.00000009     0.98566535     0.01433456
       46     0.00000011     0.98134325     0.01865665
       47     0.00000001     0.97545495     0.02454504
       48     0.00000004     0.96785454     0.03214542
       49     0.00000012     0.95893287     0.04106701
       50     0.00000005     0.94960527     0.05039468
       51     0.00000000     0.94091934     0.05908066
       52     0.00000010     0.93365959     0.06634031
       53     0.00000011     0.92822126     0.07177862
       54     0.00000001     0.92512955     0.07487044
       55     0.00000005     0.92360726     0.07639268
       56     0.00000015     0.92333745     0.07666240
       57     0.00000007     0.92405135     0.07594858
       58     0.00000001     0.92555875     0.07444124
       59     0.00000012     0.92775718     0.07224270
       60     0.00000013     0.93063231     0.06936756
       61     0.00000001     0.93425259     0.06574740
       62     0.00000004     0.93876433     0.06123562
       63     0.00000012     0.94438127     0.05561861
       64     0.00000005     0.95135033     0.04864962
       65     0.00000000     0.95989297     0.04010703
       66     0.00000005     0.97007257     0.02992738
       67     0.00000008     0.98148833     0.01851160
       68     0.00000000     1.00000000     0.00000000
       69     0.00000007     0.99539640     0.00460353
       70     0.00000013     0.97350453     0.02649534
       71     0.00000003     0.91228473     0.08771524
       72     0.00000014     0.77422064     0.22577922
       73     0.00000048     0.56871392     0.43128560
       74     0.00000040     0.48819991     0.51179969
       75     0.00000018     0.62647478     0.37352504
       76     0.00000014     0.80051318     0.19948668
       77     0.00000002     0.90785101     0.09214896
       78     0.00000002     0.95168281     0.04831716
       79     0.00000004     0.95547579     0.04452417
       80     0.00000004     0.94137163     0.05862833
       81     0.00000012     0.92675539     0.07324449
       82     0.00000004     0.92140883     0.07859114
       83     0.00000005     0.92647376     0.07352619
       84     0.00000003     0.93715560     0.06284437
       85     0.00000001     0.94734117     0.05265881
       86     0.00000003     0.95327559     0.04672437
       87     0.00000003     0.95491591     0.04508406
       88     0.00000010     0.95489189     0.04510801
       89     0.00000002     0.95598543     0.04401455
       90     0.00000003     0.95906879     0.04093118
       91     0.00000001     0.96304039     0.03695960
       92     0.00000003     0.96634585     0.03365412
       93     0.00000002     0.96841560     0.03158438
       94     0.00000011     0.96980470     0.03019519
       95     0.00000009     0.97123198     0.02876792
       96     0.00000002     0.97277582     0.02722416
       97     0.00000006     0.97409635     0.02590359
       98     0.00000012     0.97517456     0.02482532
       99     0.00000008     0.97643753     0.02356239
      100     0.00000015     0.97805963     0.02194022
      101     0.00000021     0.97947442     0.02052537
      102     0.00000011     0.97996787     0.02003202
      103     0.00000016     0.97974626     0.02025358
      104     0.00000029     0.97998594     0.02001377
      105     0.00000021     0.98148677     0.01851301
      106     0.00000022     0.98350400     0.01649577
      107     0.00000039     0.98438999     0.01560962
      108     0.00000033     0.98354526     0.01645441
      109     0.00000029     0.98240486     0.01759484
      110     0.00000048     0.98297950     0.01702002
      111     0.00000044     0.98544848     0.01455107
      112     0.00000036     0.98771845     0.01228118
      113     0.00000059     0.98761225     0.01238715
      114     0.00000064     0.98541015     0.01458920
      115     0.00000047     0.98383890     0.01616063
      116     0.00000063     0.98517565     0.01482372
      117     0.00000075     0.98869609     0.01130315
      118     0.00000000     1.00000000     0.00000000
      119     0.00000189     0.99972434     0.00027377
      120     0.00000263     0.99911519     0.00088218
