#     Density Matrix: population Re; see the manual for detail orders
        0     0.00000000     0.00000000     1.00000000
        1     0.00000000     0.00000043     0.99999956
        2     0.00000002     0.00000145     0.99999853
        3     0.00000004     0.00000190     0.99999807
        4     0.00000006     0.00001313     0.99998681
        5     0.00000009     0.00004855     0.99995137
        6     0.00000012     0.00011496     0.99988492
        7     0.00000014     0.00022997     0.99976989
        8     0.00000017     0.00049484     0.99950499
        9     0.00000019     0.00140004     0.99859977
       10     0.00000021     0.00610180     0.99389798
       11     0.00000023     0.06551204     0.93448773
       12     0.00000020     0.08274202     0.91725778
       13     0.00000020     0.31013514     0.68986467
       14     0.00000020     0.10615731     0.89384249
       15     0.00000035     0.07298296     0.92701669
       16     0.00000032     0.06402133     0.93597834
       17     0.00000039     0.06037491     0.93962470
       18     0.00000035     0.05786375     0.94213590
       19     0.00000036     0.05544322     0.94455641
       20     0.00000037     0.05289908     0.94710055
       21     0.00000035     0.05024117     0.94975847
       22     0.00000036     0.04754017     0.95245947
       23     0.00000035     0.04487614     0.95512350
       24     0.00000035     0.04231272     0.95768694
       25     0.00000035     0.03990782     0.96009184
       26     0.00000034     0.03768827     0.96231139
       27     0.00000034     0.03568540     0.96431427
       28     0.00000033     0.03389691     0.96610275
       29     0.00000033     0.03231673     0.96768294
       30     0.00000032     0.03091978     0.96907990
       31     0.00000032     0.02966508     0.97033460
       32     0.00000031     0.02849597     0.97150372
       33     0.00000030     0.02731451     0.97268519
       34     0.00000028     0.02594933     0.97405039
       35     0.00000027     0.02402098     0.97597874
       36     0.00000026     0.02033485     0.97966489
       37     0.00000023     0.00709341     0.99290636
       38     0.00000013     0.23382521     0.76617466
       39     0.00000005     0.71448214     0.28551781
       40     0.00000030     0.74056245     0.25943724
       41     0.00000026     0.74868188     0.25131786
       42     0.00000004     0.75321833     0.24678162
       43     0.00000010     0.75661782     0.24338208
       44     0.00000020     0.75966705     0.24033275
       45     0.00000010     0.76269726     0.23730264
       46     0.00000002     0.76586290     0.23413707
       47     0.00000009     0.76923039     0.23076952
       48     0.00000011     0.77280287     0.22719702
       49     0.00000004     0.77656856     0.22343139
       50     0.00000002     0.78047159     0.21952838
       51     0.00000007     0.78444401     0.21555592
       52     0.00000007     0.78841508     0.21158485
       53     0.00000003     0.79231909     0.20768088
       54     0.00000003     0.79610180     0.20389817
       55     0.00000006     0.79972513     0.20027481
       56     0.00000006     0.80316950     0.19683044
       57     0.00000003     0.80642862     0.19357135
       58     0.00000004     0.80951462     0.19048534
       59     0.00000007     0.81245906     0.18754087
       60     0.00000006     0.81529818     0.18470176
       61     0.00000004     0.81807268     0.18192728
       62     0.00000005     0.82082614     0.17917382
       63     0.00000008     0.82359191     0.17640801
       64     0.00000008     0.82639364     0.17360629
       65     0.00000006     0.82924654     0.17075341
       66     0.00000006     0.83215249     0.16784745
       67     0.00000009     0.83509329     0.16490662
       68     0.00000009     0.83804787     0.16195204
       69     0.00000008     0.84099096     0.15900896
       70     0.00000008     0.84388594     0.15611397
       71     0.00000011     0.84670004     0.15329985
       72     0.00000014     0.84940513     0.15059473
       73     0.00000014     0.85198781     0.14801205
       74     0.00000014     0.85443991     0.14555995
       75     0.00000018     0.85676704     0.14323278
       76     0.00000023     0.85899402     0.14100575
       77     0.00000025     0.86115077     0.13884897
       78     0.00000026     0.86328171     0.13671803
       79     0.00000030     0.86542666     0.13457304
       80     0.00000037     0.86762112     0.13237852
       81     0.00000040     0.86989448     0.13010511
       82     0.00000040     0.87226784     0.12773176
       83     0.00000042     0.87474526     0.12525432
       84     0.00000046     0.87732582     0.12267373
       85     0.00000048     0.88000844     0.11999109
       86     0.00000046     0.88279045     0.11720909
       87     0.00000044     0.88567464     0.11432492
       88     0.00000045     0.88867089     0.11132866
       89     0.00000047     0.89179479     0.10820474
       90     0.00000050     0.89506323     0.10493627
       91     0.00000052     0.89849159     0.10150789
       92     0.00000059     0.90208033     0.09791908
       93     0.00000071     0.90581418     0.09418511
       94     0.00000087     0.90965820     0.09034092
       95     0.00000105     0.91357043     0.08642852
       96     0.00000125     0.91750836     0.08249039
       97     0.00000147     0.92143790     0.07856063
       98     0.00000174     0.92534692     0.07465135
       99     0.00000200     0.92926133     0.07073667
      100     0.00000217     0.93323544     0.06676239
      101     0.00000234     0.93730662     0.06269104
      102     0.00000253     0.94151562     0.05848185
      103     0.00000271     0.94587651     0.05412078
      104     0.00000285     0.95034675     0.04965040
      105     0.00000304     0.95483684     0.04516012
      106     0.00000333     0.95921718     0.04077949
      107     0.00000372     0.96334074     0.03665553
      108     0.00000419     0.96708569     0.03291012
      109     0.00000470     0.97036407     0.02963123
      110     0.00000523     0.97314874     0.02684603
      111     0.00000580     0.97547095     0.02452325
      112     0.00000637     0.97741498     0.02257865
      113     0.00000686     0.97909564     0.02089750
      114     0.00000721     0.98062891     0.01936388
      115     0.00000737     0.98211787     0.01787476
      116     0.00000747     0.98362598     0.01636656
      117     0.00000752     0.98516607     0.01482641
      118     0.00000752     0.98671211     0.01328037
      119     0.00000750     0.98820473     0.01178777
      120     0.00000747     0.98957272     0.01041981
