#     Density Matrix: population Re; see the manual for detail orders
        0     0.00000000     0.00000000     1.00000000
        1     0.00000002     0.00000195     0.99999803
        2     0.00000004     0.00001450     0.99998547
        3     0.00000007     0.00002809     0.99997184
        4     0.00000009     0.00003277     0.99996714
        5     0.00000014     0.00003117     0.99996870
        6     0.00000016     0.00004050     0.99995933
        7     0.00000020     0.00009174     0.99990806
        8     0.00000022     0.00024664     0.99975313
        9     0.00000025     0.00069416     0.99930559
       10     0.00000027     0.00225833     0.99774140
       11     0.00000028     0.01032712     0.98967260
       12     0.00000016     0.52802353     0.47197632
       13     0.00000014     0.27150166     0.72849820
       14     0.00000093     0.23231529     0.76768379
       15     0.00000014     0.12625622     0.87374365
       16     0.00000038     0.07717387     0.92282575
       17     0.00000039     0.05224459     0.94775502
       18     0.00000028     0.03910836     0.96089136
       19     0.00000037     0.03198340     0.96801623
       20     0.00000030     0.02790475     0.97209494
       21     0.00000033     0.02532420     0.97467547
       22     0.00000034     0.02340762     0.97659203
       23     0.00000032     0.02173195     0.97826773
       24     0.00000033     0.02007832     0.97992135
       25     0.00000033     0.01834257     0.98165710
       26     0.00000032     0.01647195     0.98352772
       27     0.00000033     0.01443842     0.98556125
       28     0.00000033     0.01222386     0.98777581
       29     0.00000032     0.00982408     0.99017560
       30     0.00000032     0.00725973     0.99273995
       31     0.00000032     0.00464035     0.99535933
       32     0.00000032     0.00235472     0.99764496
       33     0.00000032     0.00172741     0.99827227
       34     0.00000032     0.00760926     0.99239042
       35     0.00000032     0.03995175     0.96004794
       36     0.00000031     0.16983661     0.83016309
       37     0.00000031     0.44776381     0.55223588
       38     0.00000033     0.69846198     0.30153770
       39     0.00000030     0.82275507     0.17724463
       40     0.00000024     0.88440203     0.11559773
       41     0.00000020     0.92406796     0.07593184
       42     0.00000018     0.95717361     0.04282620
       43     0.00000013     0.98918758     0.01081229
       44     0.00000013     0.99233126     0.00766861
       45     0.00000022     0.88684608     0.11315370
       46     0.00000017     0.71851403     0.28148580
       47     0.00000003     0.59009170     0.40990827
       48     0.00000003     0.50124866     0.49875131
       49     0.00000008     0.43887604     0.56112388
       50     0.00000004     0.39253164     0.60746832
       51     0.00000000     0.35608347     0.64391653
       52     0.00000002     0.32601585     0.67398413
       53     0.00000003     0.30027958     0.69972039
       54     0.00000000     0.27764320     0.72235680
       55     0.00000000     0.25735236     0.74264763
       56     0.00000002     0.23893324     0.76106674
       57     0.00000001     0.22210401     0.77789598
       58     0.00000000     0.20669705     0.79330295
       59     0.00000001     0.19260950     0.80739048
       60     0.00000002     0.17979490     0.82020509
       61     0.00000000     0.16821858     0.83178141
       62     0.00000001     0.15789504     0.84210494
       63     0.00000003     0.14885138     0.85114859
       64     0.00000002     0.14110456     0.85889542
       65     0.00000002     0.13468415     0.86531583
       66     0.00000004     0.12960926     0.87039070
       67     0.00000005     0.12586409     0.87413586
       68     0.00000004     0.12336512     0.87663484
       69     0.00000005     0.12194129     0.87805866
       70     0.00000007     0.12132705     0.87867288
       71     0.00000007     0.12117358     0.87882635
       72     0.00000007     0.12112331     0.87887662
       73     0.00000008     0.12087806     0.87912186
       74     0.00000010     0.12027567     0.87972423
       75     0.00000010     0.11928552     0.88071439
       76     0.00000009     0.11798318     0.88201673
       77     0.00000011     0.11648817     0.88351172
       78     0.00000012     0.11492530     0.88507458
       79     0.00000011     0.11339666     0.88660323
       80     0.00000011     0.11198776     0.88801212
       81     0.00000013     0.11075976     0.88924012
       82     0.00000013     0.10976173     0.89023814
       83     0.00000012     0.10901465     0.89098523
       84     0.00000013     0.10853114     0.89146874
       85     0.00000013     0.10828774     0.89171213
       86     0.00000013     0.10824684     0.89175303
       87     0.00000013     0.10834866     0.89165121
       88     0.00000013     0.10851257     0.89148729
       89     0.00000014     0.10863997     0.89135989
       90     0.00000013     0.10862853     0.89137134
       91     0.00000013     0.10835672     0.89164315
       92     0.00000014     0.10769958     0.89230028
       93     0.00000014     0.10653891     0.89346095
       94     0.00000014     0.10476327     0.89523659
       95     0.00000014     0.10226857     0.89773129
       96     0.00000014     0.09897039     0.90102946
       97     0.00000014     0.09479713     0.90520272
       98     0.00000014     0.08970298     0.91029688
       99     0.00000014     0.08365294     0.91634692
      100     0.00000014     0.07663291     0.92336695
      101     0.00000014     0.06865743     0.93134243
      102     0.00000013     0.05979225     0.94020761
      103     0.00000013     0.05019437     0.94980550
      104     0.00000013     0.04023313     0.95976674
      105     0.00000013     0.03072968     0.96927020
      106     0.00000012     0.02348852     0.97651135
      107     0.00000012     0.02231372     0.97768616
      108     0.00000011     0.03456749     0.96543240
      109     0.00000011     0.07184801     0.92815188
      110     0.00000010     0.14493247     0.85506743
      111     0.00000009     0.25256320     0.74743671
      112     0.00000008     0.37769711     0.62230282
      113     0.00000006     0.48364519     0.51635475
      114     0.00000002     0.53483331     0.46516667
      115     0.00000001     0.53388011     0.46611988
      116     0.00000001     0.49642520     0.50357479
      117     0.00000000     0.44261312     0.55738687
      118     0.00000001     0.37261679     0.62738320
      119     0.00000001     0.27855373     0.72144625
      120     0.00000001     0.17153138     0.82846860
