#     Density Matrix: population Re; see the manual for detail orders
        0     0.00000000     0.00000000     1.00000000
        1     0.00000002     0.00000455     0.99999543
        2     0.00000004     0.00003537     0.99996459
        3     0.00000012     0.00007372     0.99992616
        4     0.00000014     0.00009134     0.99990852
        5     0.00000030     0.00007845     0.99992126
        6     0.00000032     0.00007000     0.99992968
        7     0.00000054     0.00017876     0.99982071
        8     0.00000055     0.00066528     0.99933416
        9     0.00000076     0.00222719     0.99777205
       10     0.00000077     0.00759765     0.99240158
       11     0.00000085     0.03379763     0.96620152
       12     0.00000076     0.24090146     0.75909778
       13     0.00000040     0.74326877     0.25673083
       14     0.00000076     0.49256508     0.50743415
       15     0.00000227     0.37023744     0.62976029
       16     0.00000008     0.33067163     0.66932829
       17     0.00000216     0.30696945     0.69302839
       18     0.00000123     0.29445549     0.70554328
       19     0.00000047     0.28939282     0.71060671
       20     0.00000234     0.28891901     0.71107865
       21     0.00000046     0.29093007     0.70906946
       22     0.00000108     0.29395536     0.70604356
       23     0.00000209     0.29704540     0.70295251
       24     0.00000019     0.29965306     0.70034674
       25     0.00000145     0.30151670     0.69848186
       26     0.00000197     0.30256499     0.69743304
       27     0.00000015     0.30284166     0.69715818
       28     0.00000144     0.30244509     0.69755347
       29     0.00000204     0.30148569     0.69851227
       30     0.00000024     0.30005672     0.69994304
       31     0.00000111     0.29821102     0.70178787
       32     0.00000217     0.29594064     0.70405720
       33     0.00000054     0.29314545     0.70685401
       34     0.00000059     0.28956328     0.71043613
       35     0.00000211     0.28457932     0.71541858
       36     0.00000115     0.27656384     0.72343502
       37     0.00000019     0.25948922     0.74051059
       38     0.00000150     0.20329406     0.79670445
       39     0.00000145     0.38525158     0.61474697
       40     0.00000017     0.61738487     0.38261497
       41     0.00000052     0.65754296     0.34245652
       42     0.00000130     0.68431020     0.31568850
       43     0.00000064     0.71358096     0.28641839
       44     0.00000021     0.75225943     0.24774036
       45     0.00000118     0.79330283     0.20669599
       46     0.00000144     0.82298827     0.17701029
       47     0.00000032     0.83640399     0.16359569
       48     0.00000041     0.83658753     0.16341206
       49     0.00000176     0.83002850     0.16996974
       50     0.00000141     0.82190090     0.17809769
       51     0.00000008     0.81492657     0.18507335
       52     0.00000047     0.81073862     0.18926091
       53     0.00000080     0.80865036     0.19134884
       54     0.00000037     0.80716371     0.19283592
       55     0.00000021     0.80620689     0.19379290
       56     0.00000047     0.80577214     0.19422739
       57     0.00000046     0.80590198     0.19409756
       58     0.00000035     0.80668007     0.19331957
       59     0.00000040     0.80822182     0.19177778
       60     0.00000032     0.81066505     0.18933464
       61     0.00000032     0.81415889     0.18584079
       62     0.00000060     0.81885414     0.18114526
       63     0.00000049     0.82488777     0.17511175
       64     0.00000013     0.83235872     0.16764116
       65     0.00000049     0.84129698     0.15870252
       66     0.00000093     0.85162396     0.14837511
       67     0.00000038     0.86311627     0.13688335
       68     0.00000009     0.87536921     0.12463070
       69     0.00000092     0.88777040     0.11222869
       70     0.00000108     0.89953246     0.10046646
       71     0.00000016     0.90976789     0.09023195
       72     0.00000031     0.91766810     0.08233158
       73     0.00000130     0.92271381     0.07728489
       74     0.00000088     0.92482817     0.07517095
       75     0.00000001     0.92440838     0.07559161
       76     0.00000065     0.92219400     0.07780535
       77     0.00000130     0.91906710     0.08093160
       78     0.00000050     0.91582723     0.08417226
       79     0.00000005     0.91304705     0.08695290
       80     0.00000083     0.91102999     0.08896917
       81     0.00000102     0.90983639     0.09016260
       82     0.00000024     0.90934503     0.09065473
       83     0.00000018     0.90932062     0.09067920
       84     0.00000080     0.90948238     0.09051681
       85     0.00000072     0.90955349     0.09044579
       86     0.00000017     0.90928689     0.09071294
       87     0.00000028     0.90848124     0.09151848
       88     0.00000069     0.90698623     0.09301309
       89     0.00000053     0.90469713     0.09530233
       90     0.00000021     0.90154535     0.09845445
       91     0.00000034     0.89749256     0.10250710
       92     0.00000055     0.89252648     0.10747297
       93     0.00000042     0.88665969     0.11333989
       94     0.00000030     0.87993188     0.12006781
       95     0.00000038     0.87241527     0.12758435
       96     0.00000038     0.86421928     0.13578034
       97     0.00000036     0.85549441     0.14450522
       98     0.00000048     0.84643360     0.15356593
       99     0.00000042     0.83726801     0.16273158
      100     0.00000021     0.82825670     0.17174309
      101     0.00000040     0.81967506     0.18032454
      102     0.00000074     0.81179847     0.18820079
      103     0.00000047     0.80488508     0.19511445
      104     0.00000009     0.79915596     0.20084395
      105     0.00000050     0.79470114     0.20529836
      106     0.00000098     0.79173764     0.20826137
      107     0.00000050     0.79039656     0.20960294
      108     0.00000004     0.79064246     0.20935751
      109     0.00000066     0.79245817     0.20754117
      110     0.00000116     0.79581340     0.20418543
      111     0.00000050     0.80061882     0.19938068
      112     0.00000003     0.80678702     0.19321295
      113     0.00000071     0.81421328     0.18578601
      114     0.00000113     0.82270133     0.17729754
      115     0.00000046     0.83203446     0.16796508
      116     0.00000005     0.84193111     0.15806883
      117     0.00000057     0.85203747     0.14796196
      118     0.00000084     0.86193677     0.13806239
      119     0.00000043     0.87116976     0.12882981
      120     0.00000018     0.87925736     0.12074246
