#     Density Matrix: population Re; see the manual for detail orders
        0     0.00000000     0.00000000     1.00000000
        1     0.00000008     0.00000008     0.99999984
        2     0.00000007     0.00000105     0.99999888
        3     0.00000025     0.00000365     0.99999610
        4     0.00000017     0.00000695     0.99999288
        5     0.00000051     0.00000927     0.99999023
        6     0.00000036     0.00001082     0.99998882
        7     0.00000083     0.00001536     0.99998380
        8     0.00000060     0.00003037     0.99996903
        9     0.00000112     0.00006861     0.99993027
       10     0.00000079     0.00015931     0.99983990
       11     0.00000124     0.00039752     0.99960124
       12     0.00000091     0.00119851     0.99880058
       13     0.00000112     0.00533603     0.99466285
       14     0.00000100     0.06586491     0.93413409
       15     0.00000057     0.07459450     0.92540493
       16     0.00000116     0.30634216     0.69365668
       17     0.00000028     0.15637240     0.84362733
       18     0.00000127     0.13151101     0.86848772
       19     0.00000078     0.12755214     0.87244707
       20     0.00000045     0.12922728     0.87077227
       21     0.00000137     0.13210756     0.86789108
       22     0.00000048     0.13461034     0.86538918
       23     0.00000063     0.13617059     0.86382878
       24     0.00000111     0.13663936     0.86335953
       25     0.00000029     0.13602093     0.86397878
       26     0.00000052     0.13433669     0.86566279
       27     0.00000095     0.13154466     0.86845440
       28     0.00000027     0.12745065     0.87254908
       29     0.00000033     0.12153980     0.87845987
       30     0.00000083     0.11251811     0.88748107
       31     0.00000035     0.09663148     0.90336817
       32     0.00000013     0.06065158     0.93934829
       33     0.00000040     0.18469837     0.81530123
       34     0.00000028     0.60683866     0.39316106
       35     0.00000020     0.71219738     0.28780242
       36     0.00000033     0.73978633     0.26021334
       37     0.00000033     0.75312477     0.24687491
       38     0.00000018     0.76151568     0.23848414
       39     0.00000023     0.76763191     0.23236786
       40     0.00000035     0.77250350     0.22749615
       41     0.00000028     0.77658982     0.22340991
       42     0.00000018     0.78010743     0.21989239
       43     0.00000029     0.78315700     0.21684271
       44     0.00000039     0.78578116     0.21421845
       45     0.00000029     0.78799441     0.21200531
       46     0.00000022     0.78980098     0.21019880
       47     0.00000037     0.79120786     0.20879177
       48     0.00000046     0.79223391     0.20776563
       49     0.00000034     0.79291424     0.20708543
       50     0.00000028     0.79330260     0.20669712
       51     0.00000044     0.79347137     0.20652819
       52     0.00000052     0.79350885     0.20649063
       53     0.00000038     0.79351278     0.20648684
       54     0.00000030     0.79358208     0.20641762
       55     0.00000042     0.79380797     0.20619161
       56     0.00000051     0.79426479     0.20573470
       57     0.00000040     0.79500054     0.20499906
       58     0.00000028     0.79602931     0.20397041
       59     0.00000035     0.79732821     0.20267144
       60     0.00000050     0.79883775     0.20116174
       61     0.00000052     0.80046606     0.19953342
       62     0.00000041     0.80209708     0.19790251
       63     0.00000043     0.80360229     0.19639728
       64     0.00000067     0.80485535     0.19514398
       65     0.00000093     0.80574676     0.19425232
       66     0.00000095     0.80619679     0.19380226
       67     0.00000090     0.80616380     0.19383530
       68     0.00000115     0.80564983     0.19434902
       69     0.00000161     0.80469932     0.19529906
       70     0.00000184     0.80339333     0.19660483
       71     0.00000174     0.80183961     0.19815865
       72     0.00000175     0.80016107     0.19983718
       73     0.00000213     0.79848438     0.20151348
       74     0.00000249     0.79693057     0.20306694
       75     0.00000239     0.79560794     0.20438967
       76     0.00000204     0.79460885     0.20538911
       77     0.00000195     0.79400913     0.20598892
       78     0.00000213     0.79386857     0.20612930
       79     0.00000214     0.79423057     0.20576729
       80     0.00000180     0.79511605     0.20488216
       81     0.00000140     0.79651390     0.20348471
       82     0.00000128     0.79836788     0.20163084
       83     0.00000150     0.80056347     0.19943503
       84     0.00000188     0.80291663     0.19708149
       85     0.00000224     0.80517107     0.19482668
       86     0.00000253     0.80701122     0.19298625
       87     0.00000300     0.80809399     0.19190301
       88     0.00000401     0.80810010     0.19189589
       89     0.00000542     0.80679903     0.19319556
       90     0.00000652     0.80411808     0.19587540
       91     0.00000687     0.80019800     0.19979513
       92     0.00000686     0.79542419     0.20456894
       93     0.00000708     0.79041530     0.20957761
       94     0.00000727     0.78595818     0.21403454
       95     0.00000667     0.78288755     0.21710579
       96     0.00000516     0.78192865     0.21806618
       97     0.00000351     0.78352408     0.21647240
       98     0.00000237     0.78768214     0.21231549
       99     0.00000183     0.79389342     0.20610475
      100     0.00000193     0.80114923     0.19884884
      101     0.00000283     0.80808390     0.19191327
      102     0.00000437     0.81323102     0.18676461
      103     0.00000620     0.81535518     0.18463862
      104     0.00000834     0.81378943     0.18620223
      105     0.00001091     0.80868685     0.19130224
      106     0.00001311     0.80109240     0.19889449
      107     0.00001351     0.79278524     0.20720125
      108     0.00001171     0.78588358     0.21410471
      109     0.00000879     0.78228228     0.21770893
      110     0.00000593     0.78307133     0.21692273
      111     0.00000365     0.78811275     0.21188359
      112     0.00000254     0.79595181     0.20404564
      113     0.00000352     0.80414804     0.19584844
      114     0.00000665     0.81000333     0.18999001
      115     0.00001082     0.81148632     0.18850286
      116     0.00001487     0.80804543     0.19193971
      117     0.00001800     0.80096127     0.19902072
      118     0.00001889     0.79301186     0.20696924
      119     0.00001628     0.78746660     0.21251713
      120     0.00001102     0.78672065     0.21326834
