#     Density Matrix: population Re; see the manual for detail orders
        0     0.00000000     0.00000000     1.00000000
        1     0.00000003     0.00000089     0.99999908
        2     0.00000004     0.00000834     0.99999162
        3     0.00000009     0.00002070     0.99997921
        4     0.00000009     0.00002937     0.99997054
        5     0.00000014     0.00003312     0.99996674
        6     0.00000015     0.00004231     0.99995754
        7     0.00000018     0.00007135     0.99992847
        8     0.00000021     0.00013679     0.99986300
        9     0.00000024     0.00027325     0.99972651
       10     0.00000027     0.00058421     0.99941552
       11     0.00000030     0.00141831     0.99858139
       12     0.00000019     0.52287247     0.47712734
       13     0.00000016     0.77966147     0.22033837
       14     0.00000011     0.30364051     0.69635937
       15     0.00000062     0.05611114     0.94388823
       16     0.00000007     0.46645192     0.53354801
       17     0.00000024     0.67376918     0.32623058
       18     0.00000024     0.74890628     0.25109348
       19     0.00000010     0.78223302     0.21776687
       20     0.00000014     0.80325804     0.19674182
       21     0.00000010     0.81881499     0.18118491
       22     0.00000008     0.83114635     0.16885357
       23     0.00000008     0.84126199     0.15873793
       24     0.00000006     0.84969829     0.15030165
       25     0.00000005     0.85678878     0.14321116
       26     0.00000005     0.86277675     0.13722320
       27     0.00000005     0.86783254     0.13216741
       28     0.00000002     0.87207879     0.12792119
       29     0.00000002     0.87563113     0.12436885
       30     0.00000002     0.87857850     0.12142148
       31     0.00000001     0.88099202     0.11900797
       32     0.00000001     0.88295710     0.11704289
       33     0.00000001     0.88453476     0.11546523
       34     0.00000000     0.88580130     0.11419870
       35     0.00000000     0.88684275     0.11315725
       36     0.00000000     0.88779227     0.11220773
       37     0.00000000     0.88887277     0.11112723
       38     0.00000001     0.89034041     0.10965958
       39     0.00000000     0.89263490     0.10736510
       40     0.00000001     0.89635945     0.10364054
       41     0.00000002     0.90212637     0.09787362
       42     0.00000000     0.91060699     0.08939301
       43     0.00000002     0.92238339     0.07761659
       44     0.00000002     0.93769640     0.06230358
       45     0.00000001     0.95605369     0.04394630
       46     0.00000001     0.97543282     0.02456717
       47     0.00000001     0.99031940     0.00968060
       48     0.00000000     0.98551286     0.01448714
       49     0.00000001     0.91480867     0.08519132
       50     0.00000005     0.67462427     0.32537568
       51     0.00000023     0.38885206     0.61114771
       52     0.00000037     0.45037837     0.54962126
       53     0.00000018     0.67462641     0.32537341
       54     0.00000003     0.82674490     0.17325507
       55     0.00000005     0.90332020     0.09667975
       56     0.00000002     0.93402843     0.06597155
       57     0.00000002     0.94236746     0.05763252
       58     0.00000003     0.94350405     0.05649593
       59     0.00000001     0.94551090     0.05448909
       60     0.00000003     0.95107497     0.04892500
       61     0.00000001     0.95940944     0.04059056
       62     0.00000001     0.96821978     0.03178021
       63     0.00000000     0.97543314     0.02456686
       64     0.00000001     0.98011433     0.01988567
       65     0.00000001     0.98262330     0.01737669
       66     0.00000001     0.98402422     0.01597577
       67     0.00000002     0.98528027     0.01471972
       68     0.00000001     0.98681277     0.01318722
       69     0.00000000     0.98844558     0.01155441
       70     0.00000000     0.98980265     0.01019735
       71     0.00000002     0.99071010     0.00928988
       72     0.00000002     0.99129815     0.00870183
       73     0.00000002     0.99178491     0.00821506
       74     0.00000003     0.99222958     0.00777038
       75     0.00000003     0.99251943     0.00748054
       76     0.00000003     0.99260432     0.00739565
       77     0.00000005     0.99272181     0.00727814
       78     0.00000007     0.99310693     0.00689301
       79     0.00000007     0.99372640     0.00627354
       80     0.00000008     0.99422073     0.00577919
       81     0.00000010     0.99424497     0.00575493
       82     0.00000010     0.99390921     0.00609069
       83     0.00000012     0.99381359     0.00618629
       84     0.00000014     0.99441824     0.00558162
       85     0.00000016     0.99550080     0.00449904
       86     0.00000016     0.99630619     0.00369365
       87     0.00000018     0.99629590     0.00370392
       88     0.00000020     0.99574327     0.00425653
       89     0.00000019     0.99548076     0.00451904
       90     0.00000021     0.99608274     0.00391704
       91     0.00000024     0.99731878     0.00268097
       92     0.00000024     0.99834132     0.00165843
       93     0.00000025     0.99846631     0.00153344
       94     0.00000028     0.99778607     0.00221365
       95     0.00000029     0.99707023     0.00292948
       96     0.00000029     0.99708184     0.00291788
       97     0.00000031     0.99794506     0.00205464
       98     0.00000032     0.99909017     0.00090951
       99     0.00000032     0.99973270     0.00026698
      100     0.00000032     0.99950039     0.00049929
      101     0.00000032     0.99868199     0.00131769
      102     0.00000033     0.99795085     0.00204882
      103     0.00000033     0.99784587     0.00215380
      104     0.00000032     0.99842424     0.00157544
      105     0.00000032     0.99928556     0.00071413
      106     0.00000031     0.99989375     0.00010594
      107     0.00000031     0.99994472     0.00005498
      108     0.00000028     0.99951867     0.00048105
      109     0.00000027     0.99898157     0.00101816
      110     0.00000027     0.99870161     0.00129812
      111     0.00000025     0.99883007     0.00116968
      112     0.00000023     0.99925100     0.00074877
      113     0.00000021     0.99970403     0.00029576
      114     0.00000019     0.99995798     0.00004183
      115     0.00000018     0.99995163     0.00004819
      116     0.00000016     0.99978897     0.00021087
      117     0.00000013     0.99963033     0.00036954
      118     0.00000011     0.99958337     0.00041652
      119     0.00000010     0.99965324     0.00034665
      120     0.00000009     0.99977078     0.00022913
