#     Density Matrix: population Re; see the manual for detail orders
        0     0.00000000     0.00000000     1.00000000
        1     0.00000004     0.00000054     0.99999941
        2     0.00000003     0.00000186     0.99999812
        3     0.00000001     0.00000283     0.99999716
        4     0.00000006     0.00001820     0.99998174
        5     0.00000002     0.00006059     0.99993939
        6     0.00000019     0.00012031     0.99987950
        7     0.00000010     0.00017388     0.99982602
        8     0.00000040     0.00022164     0.99977796
        9     0.00000025     0.00032949     0.99967026
       10     0.00000065     0.00065868     0.99934067
       11     0.00000046     0.00151742     0.99848212
       12     0.00000088     0.00357582     0.99642330
       13     0.00000072     0.00873696     0.99126232
       14     0.00000090     0.02378940     0.97620971
       15     0.00000188     0.14057531     0.85942281
       16     0.00000119     0.56301873     0.43698008
       17     0.00000034     0.66816422     0.33183545
       18     0.00000096     0.53427198     0.46572706
       19     0.00000011     0.46327320     0.53672669
       20     0.00000124     0.40508387     0.59491489
       21     0.00000047     0.36587808     0.63412146
       22     0.00000044     0.34515241     0.65484714
       23     0.00000127     0.33932157     0.66067716
       24     0.00000014     0.34381897     0.65618089
       25     0.00000084     0.35429199     0.64570717
       26     0.00000098     0.36720843     0.63279060
       27     0.00000009     0.38005179     0.61994812
       28     0.00000110     0.39126660     0.60873231
       29     0.00000070     0.40009496     0.59990434
       30     0.00000018     0.40638304     0.59361677
       31     0.00000130     0.41035497     0.58964373
       32     0.00000064     0.41246824     0.58753112
       33     0.00000020     0.41330294     0.58669686
       34     0.00000135     0.41345249     0.58654616
       35     0.00000077     0.41347308     0.58652615
       36     0.00000011     0.41385620     0.58614368
       37     0.00000124     0.41501767     0.58498109
       38     0.00000105     0.41730378     0.58269518
       39     0.00000007     0.42100765     0.57899229
       40     0.00000089     0.42640642     0.57359269
       41     0.00000133     0.43382515     0.56617352
       42     0.00000027     0.44377868     0.55622106
       43     0.00000040     0.45738000     0.54261960
       44     0.00000136     0.47797463     0.52202401
       45     0.00000077     0.52430769     0.47569154
       46     0.00000033     0.82946452     0.17053515
       47     0.00000254     0.80380715     0.19619031
       48     0.00000271     0.73292576     0.26707153
       49     0.00000061     0.71398153     0.28601786
       50     0.00000104     0.70163244     0.29836652
       51     0.00000309     0.69181387     0.30818304
       52     0.00000218     0.68360400     0.31639382
       53     0.00000029     0.67673984     0.32325987
       54     0.00000166     0.67114531     0.32885303
       55     0.00000354     0.66678997     0.33320649
       56     0.00000188     0.66362563     0.33637249
       57     0.00000015     0.66155018     0.33844968
       58     0.00000236     0.66040451     0.33959312
       59     0.00000429     0.65996828     0.34002743
       60     0.00000180     0.65994382     0.34005438
       61     0.00000010     0.65995202     0.34004788
       62     0.00000347     0.65955102     0.34044551
       63     0.00000557     0.65825227     0.34174216
       64     0.00000198     0.65553024     0.34446778
       65     0.00000032     0.65085655     0.34914313
       66     0.00000511     0.64376255     0.35623234
       67     0.00000733     0.63390464     0.36608803
       68     0.00000247     0.62112926     0.37886827
       69     0.00000081     0.60555125     0.39444794
       70     0.00000667     0.58764977     0.41234355
       71     0.00000873     0.56833520     0.43165607
       72     0.00000290     0.54896346     0.45103364
       73     0.00000089     0.53129984     0.46869927
       74     0.00000623     0.51741292     0.48258085
       75     0.00000768     0.50945546     0.49053686
       76     0.00000246     0.50934768     0.49064986
       77     0.00000009     0.51836583     0.48163408
       78     0.00000254     0.53670600     0.46329146
       79     0.00000377     0.56312887     0.43686735
       80     0.00000298     0.59479823     0.40519879
       81     0.00000168     0.62739572     0.37260259
       82     0.00000004     0.65566188     0.34433807
       83     0.00000229     0.67435763     0.32564008
       84     0.00000835     0.67951948     0.32047217
       85     0.00000814     0.66969232     0.33029954
       86     0.00000202     0.64678292     0.35321506
       87     0.00000345     0.61618464     0.38381191
       88     0.00001010     0.58580803     0.41418187
       89     0.00000791     0.56408142     0.43591067
       90     0.00000113     0.55732429     0.44267458
       91     0.00000052     0.56733090     0.43266858
       92     0.00000201     0.59021609     0.40978191
       93     0.00000272     0.61718961     0.38280767
       94     0.00000456     0.63762476     0.36237068
       95     0.00000275     0.64344096     0.35655630
       96     0.00000041     0.63286297     0.36713662
       97     0.00000493     0.61180456     0.38819051
       98     0.00000744     0.59136525     0.40862731
       99     0.00000251     0.58226493     0.41773255
      100     0.00000011     0.58874260     0.41125728
      101     0.00000065     0.60582107     0.39417828
      102     0.00000135     0.62210893     0.37788971
      103     0.00000510     0.62710096     0.37289394
      104     0.00000494     0.61840878     0.38158628
      105     0.00000052     0.60354646     0.39645302
      106     0.00000144     0.59427400     0.40572456
      107     0.00000322     0.59730431     0.40269247
      108     0.00000290     0.60886036     0.39113674
      109     0.00000359     0.61813798     0.38185843
      110     0.00000133     0.61716699     0.38283168
      111     0.00000087     0.60808384     0.39191529
      112     0.00000476     0.60060668     0.39938856
      113     0.00000507     0.60191764     0.39807729
      114     0.00000378     0.60944254     0.39055367
      115     0.00000230     0.61433513     0.38566257
      116     0.00000082     0.61173018     0.38826900
      117     0.00000478     0.60579683     0.39419839
      118     0.00000831     0.60387977     0.39611193
      119     0.00000767     0.60739070     0.39260164
      120     0.00000652     0.61101321     0.38898027
