#     Density Matrix: population Re; see the manual for detail orders
        0     0.00000000     0.00000000     1.00000000
        1     0.00000000     0.00000020     0.99999980
        2     0.00000001     0.00000070     0.99999929
        3     0.00000001     0.00000091     0.99999908
        4     0.00000004     0.00000554     0.99999442
        5     0.00000008     0.00002049     0.99997943
        6     0.00000013     0.00004833     0.99995154
        7     0.00000021     0.00009120     0.99990859
        8     0.00000025     0.00017063     0.99982912
        9     0.00000040     0.00040440     0.99959520
       10     0.00000037     0.00145338     0.99854624
       11     0.00000059     0.01022634     0.98977307
       12     0.00000040     0.26566287     0.73433673
       13     0.00000012     0.42963581     0.57036408
       14     0.00000176     0.15950148     0.84049675
       15     0.00000064     0.16629856     0.83370081
       16     0.00000075     0.17611130     0.82388796
       17     0.00000182     0.18472102     0.81527717
       18     0.00000000     0.19128279     0.80871721
       19     0.00000160     0.19581860     0.80417980
       20     0.00000096     0.19861142     0.80138762
       21     0.00000027     0.20001001     0.79998972
       22     0.00000183     0.20036099     0.79963717
       23     0.00000037     0.19997053     0.80002910
       24     0.00000078     0.19910071     0.80089850
       25     0.00000180     0.19796516     0.80203304
       26     0.00000018     0.19668288     0.80331694
       27     0.00000100     0.19526989     0.80472911
       28     0.00000151     0.19377716     0.80622134
       29     0.00000011     0.19225498     0.80774491
       30     0.00000092     0.19066526     0.80933382
       31     0.00000139     0.18896025     0.81103836
       32     0.00000023     0.18707657     0.81292320
       33     0.00000082     0.18493315     0.81506604
       34     0.00000156     0.18241949     0.81757895
       35     0.00000044     0.17937640     0.82062315
       36     0.00000050     0.17569593     0.82430358
       37     0.00000139     0.17078450     0.82921411
       38     0.00000073     0.16363310     0.83636617
       39     0.00000027     0.15234390     0.84765583
       40     0.00000110     0.13122671     0.86877218
       41     0.00000102     0.10436206     0.89563693
       42     0.00000028     0.34619374     0.65380598
       43     0.00000084     0.65307252     0.34692663
       44     0.00000151     0.71773542     0.28226307
       45     0.00000068     0.73885834     0.26114098
       46     0.00000039     0.74874787     0.25125174
       47     0.00000132     0.75422788     0.24577079
       48     0.00000122     0.75756398     0.24243480
       49     0.00000035     0.75971551     0.24028415
       50     0.00000076     0.76115355     0.23884569
       51     0.00000151     0.76214018     0.23785830
       52     0.00000086     0.76283037     0.23716878
       53     0.00000030     0.76325577     0.23674393
       54     0.00000108     0.76348189     0.23651703
       55     0.00000143     0.76368820     0.23631037
       56     0.00000057     0.76390474     0.23609469
       57     0.00000042     0.76408290     0.23591668
       58     0.00000128     0.76423380     0.23576493
       59     0.00000122     0.76430702     0.23569176
       60     0.00000051     0.76436162     0.23563787
       61     0.00000069     0.76443406     0.23556525
       62     0.00000125     0.76447076     0.23552799
       63     0.00000097     0.76445787     0.23554116
       64     0.00000055     0.76437999     0.23561946
       65     0.00000082     0.76422239     0.23577679
       66     0.00000105     0.76397481     0.23602414
       67     0.00000084     0.76363304     0.23636612
       68     0.00000074     0.76320053     0.23679873
       69     0.00000082     0.76268959     0.23730959
       70     0.00000083     0.76212217     0.23787700
       71     0.00000088     0.76165461     0.23834451
       72     0.00000068     0.76119550     0.23880382
       73     0.00000047     0.76067256     0.23932697
       74     0.00000071     0.76032162     0.23967767
       75     0.00000105     0.76013798     0.23986097
       76     0.00000072     0.76005176     0.23994752
       77     0.00000031     0.76006884     0.23993085
       78     0.00000094     0.76018893     0.23981013
       79     0.00000144     0.76038803     0.23961053
       80     0.00000060     0.76075009     0.23924931
       81     0.00000018     0.76129721     0.23870261
       82     0.00000112     0.76168849     0.23831039
       83     0.00000142     0.76183643     0.23816215
       84     0.00000037     0.76205586     0.23794376
       85     0.00000019     0.76232436     0.23767545
       86     0.00000130     0.76244041     0.23755829
       87     0.00000131     0.76229610     0.23770259
       88     0.00000023     0.76200354     0.23799624
       89     0.00000035     0.76184745     0.23815219
       90     0.00000126     0.76185897     0.23813977
       91     0.00000092     0.76209216     0.23790692
       92     0.00000020     0.76265087     0.23734893
       93     0.00000057     0.76360514     0.23639430
       94     0.00000082     0.76497168     0.23502750
       95     0.00000038     0.76669889     0.23330073
       96     0.00000065     0.76865575     0.23134360
       97     0.00000106     0.77063569     0.22936324
       98     0.00000030     0.77257415     0.22742555
       99     0.00000033     0.77406906     0.22593060
      100     0.00000203     0.77456789     0.22543008
      101     0.00000198     0.77403730     0.22596072
      102     0.00000022     0.77227450     0.22772528
      103     0.00000138     0.76949466     0.23050396
      104     0.00000396     0.76629780     0.23369824
      105     0.00000260     0.76283885     0.23715856
      106     0.00000041     0.75962093     0.24037866
      107     0.00000233     0.75719130     0.24280637
      108     0.00000380     0.75605614     0.24394007
      109     0.00000134     0.75664716     0.24335150
      110     0.00000008     0.75937626     0.24062366
      111     0.00000122     0.76355512     0.23644366
      112     0.00000064     0.76886108     0.23113828
      113     0.00000045     0.77477037     0.22522918
      114     0.00000295     0.77913006     0.22086698
      115     0.00000288     0.78101666     0.21898046
      116     0.00000143     0.78005207     0.21994650
      117     0.00000605     0.77603346     0.22396049
      118     0.00001122     0.76955903     0.23042975
      119     0.00000784     0.76204630     0.23794587
      120     0.00000344     0.75507706     0.24491950
