#     Density Matrix: population Re; see the manual for detail orders
        0     0.00000000     0.00000000     1.00000000
        1     0.00000000     0.00000031     0.99999969
        2     0.00000001     0.00000239     0.99999759
        3     0.00000004     0.00000482     0.99999514
        4     0.00000006     0.00000580     0.99999413
        5     0.00000010     0.00000576     0.99999414
        6     0.00000013     0.00000758     0.99999229
        7     0.00000017     0.00001397     0.99998586
        8     0.00000021     0.00002556     0.99997423
        9     0.00000024     0.00004264     0.99995712
       10     0.00000028     0.00006924     0.99993048
       11     0.00000031     0.00011850     0.99988119
       12     0.00000033     0.00022303     0.99977664
       13     0.00000035     0.00046765     0.99953200
       14     0.00000037     0.00110647     0.99889316
       15     0.00000038     0.00306069     0.99693893
       16     0.00000038     0.01070492     0.98929470
       17     0.00000036     0.05425809     0.94574155
       18     0.00000016     0.65309414     0.34690570
       19     0.00000003     0.59663063     0.40336934
       20     0.00000084     0.20552858     0.79447058
       21     0.00000035     0.10881473     0.89118492
       22     0.00000046     0.06589431     0.93410523
       23     0.00000053     0.04609245     0.95390702
       24     0.00000042     0.03675351     0.96324608
       25     0.00000048     0.03210833     0.96789119
       26     0.00000049     0.02937475     0.97062476
       27     0.00000047     0.02716067     0.97283885
       28     0.00000049     0.02475180     0.97524770
       29     0.00000048     0.02177728     0.97822225
       30     0.00000046     0.01807200     0.98192754
       31     0.00000047     0.01365020     0.98634933
       32     0.00000047     0.00882029     0.99117924
       33     0.00000047     0.00449918     0.99550035
       34     0.00000048     0.00291930     0.99708022
       35     0.00000048     0.00894340     0.99105612
       36     0.00000047     0.03157734     0.96842219
       37     0.00000047     0.08257034     0.91742919
       38     0.00000047     0.16683574     0.83316379
       39     0.00000046     0.27157919     0.72842035
       40     0.00000040     0.38143675     0.61856284
       41     0.00000052     0.48566652     0.51433296
       42     0.00000082     0.57880922     0.42118996
       43     0.00000067     0.64808647     0.35191286
       44     0.00000042     0.69729587     0.30270371
       45     0.00000054     0.73212247     0.26787699
       46     0.00000067     0.75720709     0.24279224
       47     0.00000052     0.77569433     0.22430515
       48     0.00000041     0.78963530     0.21036428
       49     0.00000052     0.80034641     0.19965307
       50     0.00000059     0.80867852     0.19132089
       51     0.00000048     0.81518507     0.18481445
       52     0.00000043     0.82025454     0.17974503
       53     0.00000052     0.82415699     0.17584249
       54     0.00000056     0.82709262     0.17290682
       55     0.00000048     0.82924202     0.17075750
       56     0.00000043     0.83075011     0.16924946
       57     0.00000049     0.83177891     0.16822060
       58     0.00000052     0.83248962     0.16750987
       59     0.00000045     0.83302532     0.16697423
       60     0.00000041     0.83354750     0.16645210
       61     0.00000042     0.83419871     0.16580086
       62     0.00000044     0.83511400     0.16488556
       63     0.00000041     0.83640562     0.16359397
       64     0.00000036     0.83815409     0.16184555
       65     0.00000037     0.84039170     0.15960793
       66     0.00000041     0.84311779     0.15688180
       67     0.00000043     0.84627360     0.15372596
       68     0.00000044     0.84975584     0.15024372
       69     0.00000046     0.85342042     0.14657913
       70     0.00000054     0.85709114     0.14290833
       71     0.00000064     0.86058415     0.13941520
       72     0.00000073     0.86372391     0.13627536
       73     0.00000080     0.86636169     0.13363752
       74     0.00000090     0.86840097     0.13159814
       75     0.00000105     0.86980873     0.13019022
       76     0.00000121     0.87060772     0.12939108
       77     0.00000132     0.87089298     0.12910570
       78     0.00000142     0.87080558     0.12919300
       79     0.00000155     0.87052019     0.12947826
       80     0.00000172     0.87021328     0.12978500
       81     0.00000185     0.87005261     0.12994554
       82     0.00000191     0.87016797     0.12983012
       83     0.00000197     0.87064735     0.12935068
       84     0.00000204     0.87151818     0.12847978
       85     0.00000209     0.87277138     0.12722653
       86     0.00000206     0.87436485     0.12563309
       87     0.00000197     0.87624491     0.12375313
       88     0.00000184     0.87838316     0.12161500
       89     0.00000171     0.88077744     0.11922085
       90     0.00000155     0.88347935     0.11651911
       91     0.00000134     0.88657596     0.11342270
       92     0.00000114     0.89018825     0.10981061
       93     0.00000101     0.89441523     0.10558376
       94     0.00000098     0.89929563     0.10070339
       95     0.00000111     0.90477173     0.09522716
       96     0.00000141     0.91063583     0.08936276
       97     0.00000192     0.91654902     0.08344907
       98     0.00000263     0.92206250     0.07793487
       99     0.00000353     0.92670227     0.07329420
      100     0.00000455     0.93006975     0.06992570
      101     0.00000555     0.93197077     0.06802367
      102     0.00000639     0.93252613     0.06746748
      103     0.00000693     0.93221832     0.06777474
      104     0.00000710     0.93184497     0.06814793
      105     0.00000684     0.93239352     0.06759964
      106     0.00000619     0.93478434     0.06520947
      107     0.00000527     0.93961374     0.06038098
      108     0.00000431     0.94690254     0.05309315
      109     0.00000355     0.95602555     0.04397089
      110     0.00000322     0.96578277     0.03421401
      111     0.00000344     0.97474538     0.02525118
      112     0.00000418     0.98164657     0.01834926
      113     0.00000526     0.98579708     0.01419766
      114     0.00000640     0.98728802     0.01270557
      115     0.00000731     0.98694355     0.01304914
      116     0.00000776     0.98600447     0.01398777
      117     0.00000771     0.98567061     0.01432168
      118     0.00000730     0.98668011     0.01331259
      119     0.00000683     0.98907420     0.01091898
      120     0.00000660     0.99226008     0.00773332
