#     Density Matrix: population Re; see the manual for detail orders
        0     0.00000000     0.00000000     1.00000000
        1     0.00000000     0.00000793     0.99999207
        2     0.00000000     0.00005436     0.99994564
        3     0.00000001     0.00008736     0.99991263
        4     0.00000003     0.00006963     0.99993034
        5     0.00000005     0.00002788     0.99997207
        6     0.00000012     0.00000724     0.99999264
        7     0.00000022     0.00000835     0.99999143
        8     0.00000042     0.00000280     0.99999678
        9     0.00000061     0.00002036     0.99997903
       10     0.00000078     0.00016857     0.99983064
       11     0.00000086     0.00053345     0.99946569
       12     0.00000092     0.00114694     0.99885214
       13     0.00000089     0.00220659     0.99779252
       14     0.00000087     0.00492481     0.99507432
       15     0.00000076     0.01558682     0.98441242
       16     0.00000072     0.07444463     0.92555465
       17     0.00000047     0.39683004     0.60316949
       18     0.00000013     0.68710523     0.31289464
       19     0.00000072     0.41212764     0.58787164
       20     0.00000128     0.29227743     0.70772129
       21     0.00000045     0.24228305     0.75771650
       22     0.00000085     0.21961016     0.78038898
       23     0.00000070     0.20973003     0.79026927
       24     0.00000010     0.20602484     0.79397506
       25     0.00000033     0.20505577     0.79494390
       26     0.00000041     0.20499250     0.79500710
       27     0.00000002     0.20491461     0.79508537
       28     0.00000015     0.20442248     0.79557737
       29     0.00000023     0.20341773     0.79658204
       30     0.00000004     0.20196228     0.79803768
       31     0.00000005     0.20017263     0.79982732
       32     0.00000010     0.19813638     0.80186352
       33     0.00000005     0.19588072     0.80411922
       34     0.00000005     0.19338782     0.80661213
       35     0.00000005     0.19060667     0.80939328
       36     0.00000006     0.18747507     0.81252487
       37     0.00000007     0.18400188     0.81599805
       38     0.00000003     0.18034024     0.81965972
       39     0.00000007     0.17687207     0.82312786
       40     0.00000009     0.17430446     0.82569544
       41     0.00000002     0.17376122     0.82623876
       42     0.00000011     0.17684104     0.82315885
       43     0.00000014     0.18560669     0.81439316
       44     0.00000002     0.20241512     0.79758486
       45     0.00000012     0.22945538     0.77054450
       46     0.00000022     0.26776574     0.73223404
       47     0.00000001     0.31531388     0.68468611
       48     0.00000019     0.36342830     0.63657151
       49     0.00000023     0.39093394     0.60906584
       50     0.00000001     0.35912007     0.64087992
       51     0.00000026     0.23332963     0.76667011
       52     0.00000016     0.07322283     0.92677700
       53     0.00000014     0.02809627     0.97190359
       54     0.00000043     0.09735984     0.90263973
       55     0.00000007     0.16566479     0.83433514
       56     0.00000029     0.18429080     0.81570891
       57     0.00000041     0.16378236     0.83621722
       58     0.00000006     0.12862250     0.87137743
       59     0.00000054     0.09881108     0.90118838
       60     0.00000014     0.08452294     0.91547691
       61     0.00000033     0.08587101     0.91412866
       62     0.00000045     0.09602783     0.90397172
       63     0.00000009     0.10620795     0.89379196
       64     0.00000053     0.11046838     0.88953109
       65     0.00000007     0.10810953     0.89189041
       66     0.00000040     0.10271829     0.89728131
       67     0.00000018     0.09884593     0.90115389
       68     0.00000023     0.09870364     0.90129613
       69     0.00000034     0.10118181     0.89881786
       70     0.00000006     0.10354521     0.89645472
       71     0.00000035     0.10399802     0.89600163
       72     0.00000001     0.10286942     0.89713057
       73     0.00000031     0.10168306     0.89831662
       74     0.00000001     0.10143445     0.89856553
       75     0.00000024     0.10183241     0.89816735
       76     0.00000004     0.10211360     0.89788636
       77     0.00000017     0.10214109     0.89785873
       78     0.00000009     0.10230861     0.89769131
       79     0.00000009     0.10267376     0.89732615
       80     0.00000012     0.10263962     0.89736026
       81     0.00000006     0.10171047     0.89828946
       82     0.00000010     0.10081358     0.89918632
       83     0.00000005     0.10110746     0.89889248
       84     0.00000017     0.10251946     0.89748037
       85     0.00000003     0.10350781     0.89649216
       86     0.00000008     0.10266577     0.89733415
       87     0.00000008     0.10065026     0.89934967
       88     0.00000012     0.09978244     0.90021744
       89     0.00000003     0.10137947     0.89862050
       90     0.00000009     0.10389400     0.89610592
       91     0.00000014     0.10439447     0.89560540
       92     0.00000008     0.10199716     0.89800276
       93     0.00000004     0.09915295     0.90084701
       94     0.00000011     0.09917125     0.90082865
       95     0.00000015     0.10236763     0.89763222
       96     0.00000005     0.10544078     0.89455917
       97     0.00000005     0.10493266     0.89506729
       98     0.00000011     0.10108628     0.89891361
       99     0.00000015     0.09780867     0.90219118
      100     0.00000006     0.09863698     0.90136295
      101     0.00000004     0.10295670     0.89704326
      102     0.00000018     0.10652770     0.89347213
      103     0.00000008     0.10569605     0.89430387
      104     0.00000007     0.10110242     0.89889751
      105     0.00000003     0.09710581     0.90289416
      106     0.00000014     0.09756942     0.90243044
      107     0.00000021     0.10215177     0.89784802
      108     0.00000002     0.10662762     0.89337236
      109     0.00000010     0.10692181     0.89307809
      110     0.00000009     0.10277994     0.89721997
      111     0.00000011     0.09791251     0.90208738
      112     0.00000016     0.09661230     0.90338755
      113     0.00000001     0.09987843     0.90012156
      114     0.00000015     0.10475270     0.89524715
      115     0.00000016     0.10705163     0.89294821
      116     0.00000005     0.10496824     0.89503171
      117     0.00000011     0.10050877     0.89949112
      118     0.00000003     0.09747813     0.90252184
      119     0.00000014     0.09826941     0.90173045
      120     0.00000021     0.10189704     0.89810275
