#     Density Matrix: population Re; see the manual for detail orders
        0     0.00000000     0.00000000     1.00000000
        1     0.00000001     0.00000077     0.99999922
        2     0.00000001     0.00000347     0.99999651
        3     0.00000000     0.00000381     0.99999619
        4     0.00000008     0.00000618     0.99999374
        5     0.00000005     0.00001130     0.99998866
        6     0.00000023     0.00001350     0.99998627
        7     0.00000017     0.00001204     0.99998779
        8     0.00000045     0.00001455     0.99998500
        9     0.00000036     0.00002575     0.99997389
       10     0.00000070     0.00004125     0.99995805
       11     0.00000056     0.00006412     0.99993532
       12     0.00000092     0.00014172     0.99985736
       13     0.00000069     0.00042601     0.99957330
       14     0.00000103     0.00134686     0.99865212
       15     0.00000072     0.00443348     0.99556580
       16     0.00000094     0.01797936     0.98201970
       17     0.00000069     0.12648635     0.87351296
       18     0.00000035     0.66619030     0.33380935
       19     0.00000029     0.60420864     0.39579107
       20     0.00000244     0.33762029     0.66237727
       21     0.00000070     0.26910214     0.73089716
       22     0.00000111     0.23933258     0.76066632
       23     0.00000182     0.22110068     0.77889750
       24     0.00000034     0.21889029     0.78110937
       25     0.00000017     0.21862861     0.78137121
       26     0.00000070     0.21923747     0.78076182
       27     0.00000014     0.22098601     0.77901385
       28     0.00000034     0.22413028     0.77586938
       29     0.00000077     0.22872045     0.77127879
       30     0.00000015     0.23494859     0.76505127
       31     0.00000039     0.24326510     0.75673451
       32     0.00000071     0.25399784     0.74600144
       33     0.00000012     0.26765389     0.73234599
       34     0.00000039     0.28495480     0.71504481
       35     0.00000077     0.30693291     0.69306632
       36     0.00000018     0.33488797     0.66511185
       37     0.00000028     0.37044786     0.62955186
       38     0.00000074     0.41555483     0.58444443
       39     0.00000029     0.47218322     0.52781649
       40     0.00000016     0.54168268     0.45831715
       41     0.00000059     0.62259041     0.37740901
       42     0.00000044     0.70951483     0.29048473
       43     0.00000014     0.79031304     0.20968682
       44     0.00000036     0.84924967     0.15074997
       45     0.00000050     0.88865357     0.11134593
       46     0.00000029     0.91351518     0.08648454
       47     0.00000020     0.92825671     0.07174309
       48     0.00000044     0.93554811     0.06445144
       49     0.00000050     0.93494207     0.06505743
       50     0.00000020     0.90237511     0.09762469
       51     0.00000027     0.55476926     0.44523047
       52     0.00000062     0.14213267     0.85786671
       53     0.00000065     0.07117167     0.92882768
       54     0.00000030     0.18703226     0.81296745
       55     0.00000038     0.50775291     0.49224671
       56     0.00000084     0.67384456     0.32615460
       57     0.00000079     0.72536717     0.27463204
       58     0.00000018     0.74574256     0.25425726
       59     0.00000037     0.75510277     0.24489686
       60     0.00000112     0.75952061     0.24047828
       61     0.00000083     0.76150056     0.23849861
       62     0.00000008     0.76241988     0.23758004
       63     0.00000055     0.76329964     0.23669981
       64     0.00000135     0.76557715     0.23442150
       65     0.00000077     0.77121569     0.22878354
       66     0.00000003     0.78018018     0.21981979
       67     0.00000075     0.78947629     0.21052296
       68     0.00000134     0.79869639     0.20130227
       69     0.00000052     0.80868829     0.19131119
       70     0.00000012     0.82068104     0.17931883
       71     0.00000082     0.83523239     0.16476679
       72     0.00000103     0.84624668     0.15375229
       73     0.00000038     0.83042520     0.16957442
       74     0.00000008     0.77717963     0.22282028
       75     0.00000086     0.74821791     0.25178123
       76     0.00000129     0.77970888     0.22028983
       77     0.00000057     0.83743881     0.16256062
       78     0.00000030     0.89122496     0.10877474
       79     0.00000067     0.93202275     0.06797659
       80     0.00000058     0.95953795     0.04046147
       81     0.00000057     0.97546335     0.02453608
       82     0.00000062     0.98198501     0.01801437
       83     0.00000038     0.98194338     0.01805624
       84     0.00000061     0.97882805     0.02117134
       85     0.00000066     0.97596427     0.02403507
       86     0.00000037     0.97532960     0.02467003
       87     0.00000057     0.97711639     0.02288304
       88     0.00000053     0.98022728     0.01977219
       89     0.00000049     0.98324795     0.01675156
       90     0.00000055     0.98522949     0.01476995
       91     0.00000041     0.98603364     0.01396595
       92     0.00000065     0.98618889     0.01381046
       93     0.00000054     0.98638042     0.01361903
       94     0.00000044     0.98697054     0.01302902
       95     0.00000058     0.98785629     0.01214313
       96     0.00000055     0.98872240     0.01127705
       97     0.00000057     0.98940318     0.01059625
       98     0.00000041     0.98995296     0.01004664
       99     0.00000000     1.00000000     0.00000000
      100     0.00000002     0.99999912     0.00000086
      101     0.00000003     0.99999593     0.00000404
      102     0.00000001     0.99999154     0.00000845
      103     0.00000000     0.99998876     0.00001123
      104     0.00000004     0.99998953     0.00001043
      105     0.00000004     0.99999210     0.00000786
      106     0.00000001     0.99999168     0.00000831
      107     0.00000003     0.99998485     0.00001512
      108     0.00000008     0.99997367     0.00002626
      109     0.00000005     0.99996475     0.00003520
      110     0.00000003     0.99996313     0.00003684
      111     0.00000009     0.99996686     0.00003305
      112     0.00000012     0.99996785     0.00003204
      113     0.00000006     0.99995859     0.00004135
      114     0.00000008     0.99993948     0.00006045
      115     0.00000017     0.99991883     0.00008100
      116     0.00000017     0.99990614     0.00009369
      117     0.00000010     0.99990645     0.00009344
      118     0.00000014     0.99991139     0.00008847
      119     0.00000023     0.99990629     0.00009348
      120     0.00000020     0.99988310     0.00011671
