#     Density Matrix: population Re; see the manual for detail orders
        0     0.00000000     0.00000000     1.00000000
        1     0.00000007     0.00000335     0.99999658
        2     0.00000006     0.00002632     0.99997361
        3     0.00000002     0.00005617     0.99994381
        4     0.00000002     0.00007300     0.99992699
        5     0.00000001     0.00006785     0.99993214
        6     0.00000006     0.00005946     0.99994048
        7     0.00000007     0.00009683     0.99990311
        8     0.00000014     0.00024198     0.99975787
        9     0.00000016     0.00056152     0.99943832
       10     0.00000022     0.00118850     0.99881128
       11     0.00000024     0.00258060     0.99741916
       12     0.00000027     0.00649329     0.99350644
       13     0.00000028     0.02063956     0.97936016
       14     0.00000027     0.08491422     0.91508550
       15     0.00000010     0.67403222     0.32596768
       16     0.00000005     0.53276149     0.46723845
       17     0.00000062     0.16314768     0.83685170
       18     0.00000021     0.07168726     0.92831253
       19     0.00000043     0.03398544     0.96601413
       20     0.00000035     0.01968781     0.98031184
       21     0.00000030     0.01541263     0.98458706
       22     0.00000034     0.01511249     0.98488717
       23     0.00000028     0.01604443     0.98395529
       24     0.00000029     0.01701560     0.98298412
       25     0.00000028     0.01758147     0.98241824
       26     0.00000027     0.01765059     0.98234914
       27     0.00000027     0.01729078     0.98270895
       28     0.00000026     0.01662104     0.98337869
       29     0.00000026     0.01577511     0.98422463
       30     0.00000026     0.01487854     0.98512120
       31     0.00000026     0.01403942     0.98596032
       32     0.00000027     0.01336016     0.98663957
       33     0.00000027     0.01293733     0.98706240
       34     0.00000028     0.01288290     0.98711682
       35     0.00000028     0.01334224     0.98665748
       36     0.00000028     0.01453321     0.98546651
       37     0.00000028     0.01681174     0.98318797
       38     0.00000029     0.02081635     0.97918336
       39     0.00000029     0.02777524     0.97222447
       40     0.00000029     0.04025223     0.95974748
       41     0.00000029     0.06408086     0.93591885
       42     0.00000029     0.11326272     0.88673699
       43     0.00000030     0.21803701     0.78196270
       44     0.00000028     0.40989666     0.59010307
       45     0.00000034     0.65050389     0.34949577
       46     0.00000048     0.82357798     0.17642154
       47     0.00000036     0.90118955     0.09881009
       48     0.00000026     0.93439263     0.06560711
       49     0.00000035     0.95019459     0.04980506
       50     0.00000035     0.95854154     0.04145810
       51     0.00000025     0.96330550     0.03669425
       52     0.00000023     0.96617611     0.03382366
       53     0.00000027     0.96797283     0.03202690
       54     0.00000023     0.96912700     0.03087277
       55     0.00000017     0.96988431     0.03011552
       56     0.00000017     0.97038968     0.02961015
       57     0.00000017     0.97073486     0.02926496
       58     0.00000013     0.97098182     0.02901805
       59     0.00000009     0.97117257     0.02882733
       60     0.00000010     0.97133728     0.02866262
       61     0.00000009     0.97149582     0.02850409
       62     0.00000006     0.97166087     0.02833906
       63     0.00000005     0.97183771     0.02816224
       64     0.00000006     0.97202663     0.02797331
       65     0.00000007     0.97222591     0.02777402
       66     0.00000006     0.97243444     0.02756549
       67     0.00000007     0.97265261     0.02734732
       68     0.00000010     0.97288436     0.02711554
       69     0.00000013     0.97314042     0.02685944
       70     0.00000016     0.97343588     0.02656396
       71     0.00000019     0.97378702     0.02621278
       72     0.00000027     0.97421026     0.02578947
       73     0.00000034     0.97471571     0.02528395
       74     0.00000040     0.97530424     0.02469535
       75     0.00000048     0.97596506     0.02403446
       76     0.00000059     0.97667683     0.02332259
       77     0.00000069     0.97740803     0.02259128
       78     0.00000077     0.97812191     0.02187732
       79     0.00000085     0.97878428     0.02121487
       80     0.00000094     0.97937385     0.02062521
       81     0.00000102     0.97988600     0.02011298
       82     0.00000106     0.98034167     0.01965727
       83     0.00000109     0.98078587     0.01921304
       84     0.00000112     0.98128722     0.01871166
       85     0.00000114     0.98192338     0.01807548
       86     0.00000113     0.98276981     0.01722906
       87     0.00000113     0.98387936     0.01611951
       88     0.00000116     0.98526531     0.01473353
       89     0.00000122     0.98688844     0.01311033
       90     0.00000132     0.98864973     0.01134895
       91     0.00000146     0.99039575     0.00960279
       92     0.00000167     0.99193944     0.00805889
       93     0.00000195     0.99308676     0.00691130
       94     0.00000227     0.99368123     0.00631650
       95     0.00000260     0.99364453     0.00635286
       96     0.00000293     0.99301241     0.00698466
       97     0.00000323     0.99195274     0.00804403
       98     0.00000346     0.99074954     0.00924699
       99     0.00000361     0.98975564     0.01024076
      100     0.00000366     0.98931285     0.01068349
      101     0.00000366     0.98965814     0.01033820
      102     0.00000365     0.99084981     0.00914654
      103     0.00000369     0.99272830     0.00726801
      104     0.00000385     0.99494628     0.00504987
      105     0.00000416     0.99705478     0.00294106
      106     0.00000463     0.99863094     0.00136443
      107     0.00000524     0.99940480     0.00058996
      108     0.00000592     0.99934266     0.00065142
      109     0.00000660     0.99865525     0.00133815
      110     0.00000719     0.99772499     0.00226782
      111     0.00000766     0.99697323     0.00301911
      112     0.00000805     0.99671457     0.00327737
      113     0.00000842     0.99705135     0.00294023
      114     0.00000887     0.99785022     0.00214091
      115     0.00000949     0.99880903     0.00118148
      116     0.00001032     0.99959062     0.00039906
      117     0.00001134     0.99996465     0.00002400
      118     0.00001249     0.99989660     0.00009091
      119     0.00001368     0.99954395     0.00044237
      120     0.00001487     0.99916410     0.00082103
