#     Density Matrix: population Re; see the manual for detail orders
        0     0.00000000     0.00000000     1.00000000
        1     0.00000001     0.00000278     0.99999721
        2     0.00000001     0.00002693     0.99997306
        3     0.00000001     0.00007415     0.99992584
        4     0.00000004     0.00012253     0.99987743
        5     0.00000005     0.00014583     0.99985412
        6     0.00000012     0.00014622     0.99985366
        7     0.00000015     0.00018076     0.99981909
        8     0.00000024     0.00036803     0.99963173
        9     0.00000031     0.00089013     0.99910956
       10     0.00000038     0.00205899     0.99794063
       11     0.00000051     0.00464921     0.99535027
       12     0.00000049     0.01126261     0.98873689
       13     0.00000070     0.03228299     0.96771631
       14     0.00000049     0.11211916     0.88788036
       15     0.00000050     0.35077304     0.64922646
       16     0.00000038     0.57488828     0.42511134
       17     0.00000064     0.46310976     0.53688960
       18     0.00000046     0.36289169     0.63710785
       19     0.00000015     0.31611044     0.68388941
       20     0.00000057     0.28285385     0.71714558
       21     0.00000034     0.26309639     0.73690326
       22     0.00000021     0.25471219     0.74528760
       23     0.00000060     0.25516135     0.74483805
       24     0.00000029     0.26214191     0.73785780
       25     0.00000021     0.27375238     0.72624741
       26     0.00000047     0.28853877     0.71146076
       27     0.00000015     0.30547530     0.69452455
       28     0.00000015     0.32391506     0.67608480
       29     0.00000043     0.34348519     0.65651438
       30     0.00000020     0.36402678     0.63597302
       31     0.00000019     0.38543961     0.61456020
       32     0.00000042     0.40765114     0.59234844
       33     0.00000017     0.43038481     0.56961502
       34     0.00000025     0.45294200     0.54705774
       35     0.00000051     0.47413239     0.52586710
       36     0.00000026     0.49180234     0.50819740
       37     0.00000018     0.50164777     0.49835206
       38     0.00000046     0.49687204     0.50312750
       39     0.00000043     0.47387653     0.52612304
       40     0.00000022     0.43013291     0.56986687
       41     0.00000045     0.36392812     0.63607143
       42     0.00000064     0.27992382     0.72007554
       43     0.00000038     0.20176361     0.79823601
       44     0.00000038     0.16896262     0.83103701
       45     0.00000072     0.19427334     0.80572595
       46     0.00000062     0.28986567     0.71013371
       47     0.00000044     0.40597032     0.59402924
       48     0.00000073     0.49309645     0.50690282
       49     0.00000091     0.54661199     0.45338710
       50     0.00000065     0.57965881     0.42034053
       51     0.00000069     0.60170308     0.39829623
       52     0.00000111     0.61793684     0.38206205
       53     0.00000112     0.63149039     0.36850849
       54     0.00000086     0.64463302     0.35536612
       55     0.00000121     0.65920445     0.34079434
       56     0.00000168     0.67711184     0.32288648
       57     0.00000148     0.70081546     0.29918306
       58     0.00000138     0.73289324     0.26710538
       59     0.00000201     0.76511822     0.23487976
       60     0.00000237     0.79544520     0.20455243
       61     0.00000199     0.82268313     0.17731488
       62     0.00000208     0.84642090     0.15357703
       63     0.00000282     0.86678606     0.13321112
       64     0.00000295     0.88421604     0.11578102
       65     0.00000244     0.89925440     0.10074316
       66     0.00000259     0.91242566     0.08757175
       67     0.00000327     0.92418344     0.07581329
       68     0.00000321     0.93487945     0.06511734
       69     0.00000261     0.94475768     0.05523970
       70     0.00000270     0.95397029     0.04602701
       71     0.00000333     0.96259133     0.03740534
       72     0.00000333     0.97063340     0.02936328
       73     0.00000275     0.97805103     0.02194622
       74     0.00000274     0.98473991     0.01525735
       75     0.00000000     1.00000000     0.00000000
       76     0.00000700     0.99884987     0.00114313
       77     0.00001523     0.99547202     0.00451275
       78     0.00000914     0.99032112     0.00966974
       79     0.00000026     0.98429758     0.01570216
       80     0.00000515     0.97865616     0.02133869
       81     0.00001406     0.97478063     0.02520530
       82     0.00001054     0.97380722     0.02618225
       83     0.00000137     0.97619076     0.02380787
       84     0.00000201     0.98142292     0.01857507
       85     0.00001104     0.98807013     0.01191884
       86     0.00000000     1.00000000     0.00000000
       87     0.00000583     0.99892819     0.00106598
       88     0.00001336     0.99625340     0.00373324
       89     0.00000957     0.99322495     0.00676548
       90     0.00000111     0.99124241     0.00875648
       91     0.00000200     0.99123703     0.00876097
       92     0.00000990     0.99320874     0.00678136
       93     0.00001214     0.99615906     0.00382880
       94     0.00000542     0.99856199     0.00143259
       95     0.00000003     0.99920294     0.00079704
       96     0.00000487     0.99792844     0.00206669
       97     0.00001276     0.99578152     0.00420572
       98     0.00001128     0.99432856     0.00566016
       99     0.00000302     0.99456755     0.00542943
      100     0.00000036     0.99620051     0.00379913
      101     0.00000711     0.99787831     0.00211458
      102     0.00001432     0.99830286     0.00168282
      103     0.00001182     0.99730796     0.00268022
      104     0.00000304     0.99596540     0.00403157
      105     0.00000100     0.99556283     0.00443617
      106     0.00000924     0.99637581     0.00361495
      107     0.00001792     0.99746062     0.00252145
      108     0.00001659     0.99769846     0.00228495
      109     0.00000674     0.99698700     0.00300626
      110     0.00000211     0.99626342     0.00373447
      111     0.00001060     0.99634453     0.00364487
      112     0.00002434     0.99699393     0.00298173
      113     0.00002973     0.99734275     0.00262752
      114     0.00002148     0.99704308     0.00293544
      115     0.00001028     0.99661565     0.00337407
      116     0.00001214     0.99662845     0.00335941
      117     0.00003033     0.99693941     0.00303026
      118     0.00005337     0.99704990     0.00289674
      119     0.00006419     0.99687655     0.00305926
      120     0.00005653     0.99674721     0.00319627
