#     Density Matrix: population Re; see the manual for detail orders
        0     0.00000000     0.00000000     1.00000000
        1     0.00000000     0.00000004     0.99999995
        2     0.00000001     0.00000008     0.99999991
        3     0.00000002     0.00000063     0.99999935
        4     0.00000004     0.00000477     0.99999519
        5     0.00000006     0.00001597     0.99998398
        6     0.00000009     0.00003985     0.99996007
        7     0.00000012     0.00009403     0.99990585
        8     0.00000016     0.00022641     0.99977343
        9     0.00000020     0.00055937     0.99944043
       10     0.00000023     0.00143513     0.99856463
       11     0.00000027     0.00396976     0.99602997
       12     0.00000029     0.01252446     0.98747525
       13     0.00000029     0.04757730     0.95242241
       14     0.00000025     0.18816651     0.81183324
       15     0.00000008     0.73861020     0.26138972
       16     0.00000006     0.80126321     0.19873673
       17     0.00000035     0.70129401     0.29870564
       18     0.00000039     0.69574462     0.30425498
       19     0.00000033     0.72047258     0.27952708
       20     0.00000027     0.75018511     0.24981462
       21     0.00000021     0.77712201     0.22287779
       22     0.00000016     0.79912624     0.20087360
       23     0.00000012     0.81608410     0.18391578
       24     0.00000009     0.82849680     0.17150311
       25     0.00000006     0.83711650     0.16288344
       26     0.00000003     0.84273823     0.15726174
       27     0.00000002     0.84613171     0.15386828
       28     0.00000001     0.84792644     0.15207355
       29     0.00000000     0.84856847     0.15143152
       30     0.00000000     0.84845795     0.15154205
       31     0.00000000     0.84792680     0.15207320
       32     0.00000001     0.84728287     0.15271712
       33     0.00000002     0.84682782     0.15317216
       34     0.00000003     0.84689340     0.15310657
       35     0.00000003     0.84794480     0.15205517
       36     0.00000003     0.85059247     0.14940750
       37     0.00000004     0.85546349     0.14453646
       38     0.00000004     0.86329727     0.13670269
       39     0.00000002     0.87476086     0.12523912
       40     0.00000002     0.89024984     0.10975014
       41     0.00000002     0.90961213     0.09038785
       42     0.00000001     0.93180168     0.06819831
       43     0.00000000     0.95450306     0.04549694
       44     0.00000002     0.97377115     0.02622883
       45     0.00000003     0.98394510     0.01605487
       46     0.00000002     0.97817849     0.02182149
       47     0.00000004     0.95013209     0.04986788
       48     0.00000006     0.89776448     0.10223546
       49     0.00000007     0.82949247     0.17050746
       50     0.00000010     0.76905894     0.23094096
       51     0.00000012     0.74874166     0.25125822
       52     0.00000010     0.78472293     0.21527697
       53     0.00000006     0.85805912     0.14194082
       54     0.00000003     0.93117614     0.06882383
       55     0.00000001     0.97894642     0.02105357
       56     0.00000000     0.99820067     0.00179933
       57     0.00000000     0.99867045     0.00132955
       58     0.00000001     0.99221885     0.00778114
       59     0.00000001     0.98709156     0.01290843
       60     0.00000001     0.98643956     0.01356043
       61     0.00000001     0.98956614     0.01043385
       62     0.00000000     0.99400366     0.00599634
       63     0.00000000     0.99746127     0.00253873
       64     0.00000001     0.99892399     0.00107600
       65     0.00000002     0.99873760     0.00126239
       66     0.00000002     0.99796318     0.00203681
       67     0.00000002     0.99753163     0.00246835
       68     0.00000003     0.99777632     0.00222365
       69     0.00000002     0.99842809     0.00157189
       70     0.00000003     0.99899255     0.00100742
       71     0.00000005     0.99919712     0.00080282
       72     0.00000006     0.99912735     0.00087259
       73     0.00000007     0.99903277     0.00096716
       74     0.00000009     0.99905192     0.00094799
       75     0.00000011     0.99913147     0.00086843
       76     0.00000013     0.99917428     0.00082560
       77     0.00000017     0.99919756     0.00080227
       78     0.00000020     0.99929512     0.00070468
       79     0.00000024     0.99946074     0.00053902
       80     0.00000029     0.99953906     0.00046065
       81     0.00000034     0.99940898     0.00059068
       82     0.00000039     0.99917220     0.00082741
       83     0.00000047     0.99912652     0.00087302
       84     0.00000055     0.99940540     0.00059405
       85     0.00000063     0.99975611     0.00024326
       86     0.00000073     0.99981070     0.00018857
       87     0.00000084     0.99948351     0.00051565
       88     0.00000095     0.99910892     0.00089012
       89     0.00000108     0.99911677     0.00088215
       90     0.00000121     0.99954106     0.00045773
       91     0.00000134     0.99994415     0.00005450
       92     0.00000147     0.99992444     0.00007408
       93     0.00000164     0.99951979     0.00047857
       94     0.00000180     0.99914851     0.00084969
       95     0.00000196     0.99917256     0.00082548
       96     0.00000215     0.99954133     0.00045652
       97     0.00000236     0.99986720     0.00013043
       98     0.00000251     0.99984711     0.00015038
       99     0.00000267     0.99953796     0.00045937
      100     0.00000290     0.99924934     0.00074776
      101     0.00000310     0.99923060     0.00076631
      102     0.00000325     0.99946424     0.00053251
      103     0.00000344     0.99972962     0.00026694
      104     0.00000364     0.99982658     0.00016978
      105     0.00000380     0.99973485     0.00026135
      106     0.00000393     0.99959543     0.00040064
      107     0.00000408     0.99956073     0.00043520
      108     0.00000427     0.99965992     0.00033581
      109     0.00000446     0.99981244     0.00018309
      110     0.00000462     0.99991106     0.00008433
      111     0.00000470     0.99992931     0.00006599
      112     0.00000486     0.99990325     0.00009189
      113     0.00000510     0.99988051     0.00011439
      114     0.00000525     0.99989442     0.00010032
      115     0.00000534     0.99993650     0.00005816
      116     0.00000554     0.99997422     0.00002024
      117     0.00000576     0.99999144     0.00000280
      118     0.00000593     0.99999345     0.00000061
      119     0.00000612     0.99998974     0.00000414
      120     0.00000641     0.99998902     0.00000457
