#     Density Matrix: population Re; see the manual for detail orders
        0     0.00000000     0.00000000     1.00000000
        1     0.00000001     0.00000134     0.99999865
        2     0.00000001     0.00000611     0.99999388
        3     0.00000001     0.00000611     0.99999388
        4     0.00000003     0.00001348     0.99998648
        5     0.00000005     0.00004401     0.99995594
        6     0.00000009     0.00009597     0.99990394
        7     0.00000012     0.00015594     0.99984394
        8     0.00000016     0.00023277     0.99976707
        9     0.00000019     0.00040809     0.99959172
       10     0.00000022     0.00093233     0.99906744
       11     0.00000025     0.00258425     0.99741550
       12     0.00000027     0.00860330     0.99139643
       13     0.00000028     0.03971016     0.96028955
       14     0.00000011     0.62805899     0.37194090
       15     0.00000003     0.52992592     0.47007405
       16     0.00000059     0.07688851     0.92311090
       17     0.00000023     0.02753195     0.97246781
       18     0.00000031     0.00982845     0.99017124
       19     0.00000035     0.00357837     0.99642128
       20     0.00000027     0.00191895     0.99808078
       21     0.00000034     0.00206077     0.99793889
       22     0.00000031     0.00279024     0.99720945
       23     0.00000029     0.00358712     0.99641259
       24     0.00000036     0.00425434     0.99574529
       25     0.00000046     0.00473186     0.99526767
       26     0.00000031     0.00502925     0.99497044
       27     0.00000017     0.00517733     0.99482250
       28     0.00000026     0.00521278     0.99478696
       29     0.00000041     0.00517142     0.99482818
       30     0.00000058     0.00508077     0.99491865
       31     0.00000045     0.00496366     0.99503589
       32     0.00000045     0.00483859     0.99516097
       33     0.00000054     0.00472144     0.99527802
       34     0.00000047     0.00462887     0.99537066
       35     0.00000044     0.00458450     0.99541506
       36     0.00000049     0.00463842     0.99536110
       37     0.00000046     0.00495014     0.99504940
       38     0.00000041     0.00646237     0.99353722
       39     0.00000036     0.13162703     0.86837261
       40     0.00000027     0.73707354     0.26292619
       41     0.00000038     0.97350520     0.02649442
       42     0.00000043     0.97937132     0.02062825
       43     0.00000022     0.98101866     0.01898113
       44     0.00000005     0.98163726     0.01836268
       45     0.00000036     0.98190919     0.01809046
       46     0.00000020     0.98204875     0.01795104
       47     0.00000002     0.98211273     0.01788725
       48     0.00000036     0.98211840     0.01788125
       49     0.00000024     0.98213725     0.01786252
       50     0.00000003     0.98218293     0.01781704
       51     0.00000012     0.98224614     0.01775374
       52     0.00000020     0.98233420     0.01766560
       53     0.00000008     0.98245170     0.01754822
       54     0.00000003     0.98260034     0.01739963
       55     0.00000010     0.98277810     0.01722180
       56     0.00000017     0.98297128     0.01702855
       57     0.00000011     0.98318267     0.01681722
       58     0.00000004     0.98341804     0.01658192
       59     0.00000007     0.98366115     0.01633878
       60     0.00000010     0.98390432     0.01609558
       61     0.00000006     0.98414365     0.01585629
       62     0.00000002     0.98437650     0.01562348
       63     0.00000009     0.98463626     0.01536364
       64     0.00000028     0.98489279     0.01510693
       65     0.00000023     0.98510838     0.01489139
       66     0.00000007     0.98535990     0.01464003
       67     0.00000005     0.98563372     0.01436623
       68     0.00000023     0.98588776     0.01411200
       69     0.00000028     0.98610043     0.01389930
       70     0.00000009     0.98627420     0.01372571
       71     0.00000002     0.98642521     0.01357477
       72     0.00000025     0.98654849     0.01345126
       73     0.00000037     0.98661862     0.01338101
       74     0.00000015     0.98664603     0.01335382
       75     0.00000005     0.98662693     0.01337303
       76     0.00000019     0.98657872     0.01342109
       77     0.00000030     0.98656467     0.01343503
       78     0.00000019     0.98655083     0.01344898
       79     0.00000009     0.98655407     0.01344584
       80     0.00000021     0.98659231     0.01340748
       81     0.00000031     0.98668283     0.01331686
       82     0.00000021     0.98684216     0.01315763
       83     0.00000009     0.98708201     0.01291790
       84     0.00000014     0.98740915     0.01259071
       85     0.00000025     0.98787400     0.01212575
       86     0.00000024     0.98849066     0.01150910
       87     0.00000012     0.98910925     0.01089063
       88     0.00000007     0.98969084     0.01030909
       89     0.00000019     0.99027692     0.00972289
       90     0.00000035     0.99083016     0.00916949
       91     0.00000036     0.99130950     0.00869014
       92     0.00000029     0.99167666     0.00832305
       93     0.00000042     0.99190326     0.00809632
       94     0.00000071     0.99198008     0.00801921
       95     0.00000086     0.99192577     0.00807337
       96     0.00000081     0.99179185     0.00820734
       97     0.00000085     0.99165992     0.00833922
       98     0.00000113     0.99156663     0.00843225
       99     0.00000140     0.99170594     0.00829266
      100     0.00000134     0.99220413     0.00779452
      101     0.00000115     0.99304825     0.00695060
      102     0.00000115     0.99420198     0.00579686
      103     0.00000137     0.99554285     0.00445578
      104     0.00000165     0.99687405     0.00312430
      105     0.00000188     0.99796568     0.00203243
      106     0.00000217     0.99861848     0.00137936
      107     0.00000263     0.99873381     0.00126356
      108     0.00000322     0.99836287     0.00163392
      109     0.00000375     0.99770548     0.00229077
      110     0.00000432     0.99703236     0.00296332
      111     0.00000522     0.99665155     0.00334323
      112     0.00000572     0.99676175     0.00323253
      113     0.00000570     0.99734661     0.00264769
      114     0.00000540     0.99822635     0.00176825
      115     0.00000528     0.99911664     0.00087808
      116     0.00000651     0.99974989     0.00024359
      117     0.00000818     0.99998851     0.00000331
      118     0.00000912     0.99986152     0.00012936
      119     0.00000926     0.99953341     0.00045732
      120     0.00000934     0.99921777     0.00077290
