#     Density Matrix: population Re; see the manual for detail orders
        0     0.00000000     0.00000000     1.00000000
        1     0.00000003     0.00000339     0.99999659
        2     0.00000003     0.00002198     0.99997798
        3     0.00000008     0.00003371     0.99996621
        4     0.00000009     0.00002726     0.99997265
        5     0.00000013     0.00001247     0.99998740
        6     0.00000015     0.00000473     0.99999511
        7     0.00000018     0.00001323     0.99998659
        8     0.00000020     0.00004280     0.99995699
        9     0.00000022     0.00010960     0.99989017
       10     0.00000027     0.00029792     0.99970181
       11     0.00000029     0.00113071     0.99886901
       12     0.00000032     0.00957041     0.99042927
       13     0.00000023     0.51114135     0.48885842
       14     0.00000016     0.81154985     0.18844998
       15     0.00000040     0.68420831     0.31579129
       16     0.00000028     0.74637625     0.25362347
       17     0.00000012     0.79329519     0.20670468
       18     0.00000011     0.82502697     0.17497292
       19     0.00000005     0.84624503     0.15375492
       20     0.00000003     0.86039059     0.13960939
       21     0.00000002     0.86975990     0.13024008
       22     0.00000000     0.87589777     0.12410223
       23     0.00000000     0.87992125     0.12007875
       24     0.00000000     0.88262859     0.11737141
       25     0.00000001     0.88456672     0.11543328
       26     0.00000000     0.88615764     0.11384236
       27     0.00000001     0.88764787     0.11235212
       28     0.00000002     0.88917976     0.11082022
       29     0.00000002     0.89090477     0.10909521
       30     0.00000001     0.89294844     0.10705154
       31     0.00000002     0.89544509     0.10455489
       32     0.00000001     0.89854485     0.10145514
       33     0.00000001     0.90243462     0.09756537
       34     0.00000001     0.90731237     0.09268762
       35     0.00000001     0.91336721     0.08663278
       36     0.00000001     0.92083312     0.07916687
       37     0.00000001     0.92959729     0.07040270
       38     0.00000000     0.93927256     0.06072744
       39     0.00000000     0.94939987     0.05060013
       40     0.00000002     0.95898633     0.04101365
       41     0.00000001     0.96650124     0.03349875
       42     0.00000000     0.96987839     0.03012161
       43     0.00000001     0.96653116     0.03346883
       44     0.00000001     0.95350788     0.04649210
       45     0.00000001     0.92775277     0.07224722
       46     0.00000003     0.88665284     0.11334713
       47     0.00000003     0.82965102     0.17034895
       48     0.00000006     0.76406509     0.23593486
       49     0.00000014     0.71867837     0.28132149
       50     0.00000009     0.73613614     0.26386377
       51     0.00000006     0.81004533     0.18995460
       52     0.00000010     0.88951169     0.11048821
       53     0.00000004     0.94691342     0.05308654
       54     0.00000000     0.98032618     0.01967382
       55     0.00000001     0.99566564     0.00433435
       56     0.00000000     0.99988596     0.00011404
       57     0.00000000     0.99891958     0.00108041
       58     0.00000000     0.99685451     0.00314549
       59     0.00000000     0.99577947     0.00422053
       60     0.00000000     0.99613258     0.00386742
       61     0.00000000     0.99735862     0.00264138
       62     0.00000000     0.99863085     0.00136915
       63     0.00000000     0.99939325     0.00060675
       64     0.00000000     0.99955651     0.00044348
       65     0.00000000     0.99938437     0.00061563
       66     0.00000000     0.99921273     0.00078727
       67     0.00000001     0.99921946     0.00078053
       68     0.00000001     0.99937117     0.00062882
       69     0.00000001     0.99953282     0.00046716
       70     0.00000002     0.99961715     0.00038284
       71     0.00000002     0.99963940     0.00036059
       72     0.00000003     0.99965901     0.00034096
       73     0.00000004     0.99969199     0.00030797
       74     0.00000004     0.99969306     0.00030690
       75     0.00000005     0.99963291     0.00036704
       76     0.00000007     0.99956783     0.00043209
       77     0.00000008     0.99959641     0.00040351
       78     0.00000009     0.99973349     0.00026642
       79     0.00000011     0.99985795     0.00014193
       80     0.00000013     0.99982392     0.00017595
       81     0.00000014     0.99963499     0.00036487
       82     0.00000017     0.99947678     0.00052305
       83     0.00000021     0.99953250     0.00046729
       84     0.00000021     0.99977548     0.00022431
       85     0.00000025     0.99996771     0.00003205
       86     0.00000030     0.99989930     0.00010040
       87     0.00000031     0.99961718     0.00038251
       88     0.00000035     0.99938999     0.00060967
       89     0.00000043     0.99943958     0.00056000
       90     0.00000044     0.99971903     0.00028053
       91     0.00000046     0.99995558     0.00004396
       92     0.00000056     0.99990871     0.00009073
       93     0.00000060     0.99959931     0.00040009
       94     0.00000061     0.99928043     0.00071897
       95     0.00000068     0.99920145     0.00079786
       96     0.00000075     0.99939349     0.00060575
       97     0.00000076     0.99965907     0.00034017
       98     0.00000082     0.99975382     0.00024536
       99     0.00000089     0.99958871     0.00041041
      100     0.00000094     0.99928353     0.00071553
      101     0.00000097     0.99905173     0.00094730
      102     0.00000101     0.99903278     0.00096620
      103     0.00000105     0.99920336     0.00079559
      104     0.00000109     0.99942520     0.00057371
      105     0.00000115     0.99955519     0.00044366
      106     0.00000118     0.99954176     0.00045706
      107     0.00000114     0.99943833     0.00056053
      108     0.00000122     0.99934920     0.00064958
      109     0.00000131     0.99936153     0.00063715
      110     0.00000123     0.99948646     0.00051232
      111     0.00000121     0.99966361     0.00033518
      112     0.00000132     0.99981492     0.00018376
      113     0.00000137     0.99989518     0.00010345
      114     0.00000129     0.99991407     0.00008464
      115     0.00000127     0.99991024     0.00008849
      116     0.00000133     0.99991584     0.00008283
      117     0.00000133     0.99993803     0.00006063
      118     0.00000128     0.99996416     0.00003456
      119     0.00000127     0.99997940     0.00001933
      120     0.00000129     0.99998096     0.00001774
