#     Density Matrix: population Re; see the manual for detail orders
        0     0.00000000     0.00000000     1.00000000
        1     0.00000001     0.00000063     0.99999937
        2     0.00000001     0.00000460     0.99999539
        3     0.00000000     0.00000760     0.99999240
        4     0.00000007     0.00000672     0.99999320
        5     0.00000008     0.00001187     0.99998805
        6     0.00000030     0.00004358     0.99995612
        7     0.00000037     0.00013659     0.99986303
        8     0.00000068     0.00038863     0.99961069
        9     0.00000072     0.00106295     0.99893633
       10     0.00000096     0.00280353     0.99719551
       11     0.00000089     0.00733787     0.99266125
       12     0.00000105     0.02012120     0.97987775
       13     0.00000078     0.06028027     0.93971895
       14     0.00000079     0.18322550     0.81677371
       15     0.00000089     0.46446705     0.53553206
       16     0.00000033     0.54768656     0.45231311
       17     0.00000091     0.44585883     0.55414025
       18     0.00000021     0.37477956     0.62522022
       19     0.00000072     0.31684138     0.68315790
       20     0.00000079     0.27669582     0.72330339
       21     0.00000015     0.25247170     0.74752814
       22     0.00000090     0.24035398     0.75964511
       23     0.00000042     0.23645662     0.76354296
       24     0.00000022     0.23754156     0.76245822
       25     0.00000076     0.24120337     0.75879587
       26     0.00000018     0.24582064     0.75417918
       27     0.00000033     0.25039804     0.74960162
       28     0.00000069     0.25439135     0.74560795
       29     0.00000011     0.25755385     0.74244604
       30     0.00000037     0.25981540     0.74018423
       31     0.00000068     0.26119736     0.73880196
       32     0.00000012     0.26175855     0.73824132
       33     0.00000033     0.26156405     0.73843562
       34     0.00000070     0.26066977     0.73932953
       35     0.00000018     0.25911620     0.74088362
       36     0.00000022     0.25692663     0.74307315
       37     0.00000070     0.25410565     0.74589364
       38     0.00000031     0.25063699     0.74936270
       39     0.00000011     0.24647834     0.75352156
       40     0.00000065     0.24156286     0.75843649
       41     0.00000053     0.23583692     0.76416256
       42     0.00000007     0.22943687     0.77056306
       43     0.00000050     0.22357586     0.77642364
       44     0.00000077     0.22579084     0.77420839
       45     0.00000020     0.27664258     0.72335722
       46     0.00000030     0.44436508     0.55563462
       47     0.00000096     0.63550906     0.36448998
       48     0.00000057     0.74395247     0.25604696
       49     0.00000003     0.78838210     0.21161786
       50     0.00000038     0.78199987     0.21799975
       51     0.00000044     0.74652940     0.25347016
       52     0.00000006     0.70716884     0.29283110
       53     0.00000009     0.67478512     0.32521478
       54     0.00000027     0.65038707     0.34961266
       55     0.00000013     0.63234573     0.36765414
       56     0.00000006     0.61897934     0.38102060
       57     0.00000015     0.60902782     0.39097202
       58     0.00000013     0.60161704     0.39838282
       59     0.00000010     0.59616044     0.40383946
       60     0.00000014     0.59226602     0.40773385
       61     0.00000011     0.58967758     0.41032232
       62     0.00000011     0.58823436     0.41176553
       63     0.00000018     0.58784310     0.41215673
       64     0.00000012     0.58846041     0.41153947
       65     0.00000007     0.59007723     0.40992270
       66     0.00000019     0.59271217     0.40728764
       67     0.00000020     0.59640507     0.40359473
       68     0.00000005     0.60120847     0.39879147
       69     0.00000013     0.60718341     0.39281646
       70     0.00000029     0.61439185     0.38560786
       71     0.00000013     0.62288370     0.37711617
       72     0.00000004     0.63269772     0.36730223
       73     0.00000030     0.64383878     0.35616092
       74     0.00000029     0.65626574     0.34373397
       75     0.00000002     0.66988284     0.33011715
       76     0.00000020     0.68453456     0.31546524
       77     0.00000044     0.69998514     0.30001441
       78     0.00000013     0.71594039     0.28405947
       79     0.00000006     0.73207027     0.26792967
       80     0.00000047     0.74800633     0.25199320
       81     0.00000035     0.76337938     0.23662026
       82     0.00000000     0.77785272     0.22214728
       83     0.00000033     0.79115338     0.20884629
       84     0.00000052     0.80308693     0.19691255
       85     0.00000009     0.81354031     0.18645960
       86     0.00000012     0.82247629     0.17752358
       87     0.00000050     0.82992392     0.17007557
       88     0.00000025     0.83596353     0.16403622
       89     0.00000001     0.84071073     0.15928926
       90     0.00000033     0.84430385     0.15569583
       91     0.00000033     0.84689402     0.15310564
       92     0.00000003     0.84863732     0.15136264
       93     0.00000016     0.84968903     0.15031081
       94     0.00000028     0.85020371     0.14979601
       95     0.00000009     0.85033351     0.14966641
       96     0.00000012     0.85022882     0.14977107
       97     0.00000022     0.85003592     0.14996386
       98     0.00000007     0.84989894     0.15010099
       99     0.00000015     0.84996024     0.15003961
      100     0.00000032     0.85035912     0.14964056
      101     0.00000009     0.85122955     0.14877036
      102     0.00000009     0.85270483     0.14729508
      103     0.00000047     0.85491161     0.14508792
      104     0.00000031     0.85796869     0.14203100
      105     0.00000000     0.86200000     0.13800000
      106     0.00000041     0.86712760     0.13287199
      107     0.00000065     0.87347296     0.12652640
      108     0.00000016     0.88116147     0.11883837
      109     0.00000012     0.89032031     0.10967957
      110     0.00000065     0.90107020     0.09892915
      111     0.00000051     0.91349733     0.08650216
      112     0.00000003     0.92758897     0.07241101
      113     0.00000024     0.94309078     0.05690897
      114     0.00000056     0.95920547     0.04079397
      115     0.00000023     0.97473044     0.02526932
      116     0.00000001     0.98360630     0.01639370
      117     0.00000030     0.98151747     0.01848222
      118     0.00000039     0.97313651     0.02686310
      119     0.00000007     0.96528820     0.03471173
      120     0.00000008     0.96041957     0.03958035
