#     Density Matrix: population Re; see the manual for detail orders
        0     0.00000000     0.00000000     1.00000000
        1     0.00000005     0.00000015     0.99999980
        2     0.00000003     0.00000055     0.99999942
        3     0.00000002     0.00000080     0.99999918
        4     0.00000003     0.00000610     0.99999387
        5     0.00000001     0.00002427     0.99997572
        6     0.00000010     0.00005767     0.99994223
        7     0.00000004     0.00010278     0.99989718
        8     0.00000025     0.00016552     0.99983423
        9     0.00000014     0.00028839     0.99971147
       10     0.00000045     0.00058527     0.99941428
       11     0.00000031     0.00130709     0.99869260
       12     0.00000065     0.00304568     0.99695366
       13     0.00000054     0.00747119     0.99252827
       14     0.00000075     0.02028485     0.97971440
       15     0.00000076     0.06412032     0.93587892
       16     0.00000054     0.21611484     0.78388461
       17     0.00000047     0.48154964     0.51844989
       18     0.00000018     0.53603920     0.46396062
       19     0.00000069     0.41061799     0.58938133
       20     0.00000041     0.29647197     0.70352762
       21     0.00000100     0.22226766     0.77773134
       22     0.00000076     0.17851116     0.82148808
       23     0.00000070     0.15501811     0.84498118
       24     0.00000117     0.14439055     0.85560828
       25     0.00000064     0.14154834     0.85845102
       26     0.00000085     0.14306566     0.85693349
       27     0.00000104     0.14665762     0.85334134
       28     0.00000044     0.15079728     0.84920228
       29     0.00000069     0.15447745     0.84552186
       30     0.00000100     0.15702527     0.84297373
       31     0.00000046     0.15794285     0.84205669
       32     0.00000058     0.15678818     0.84321124
       33     0.00000077     0.15316999     0.84682924
       34     0.00000044     0.14656885     0.85343071
       35     0.00000051     0.13612149     0.86387800
       36     0.00000080     0.12051155     0.87948766
       37     0.00000054     0.09778620     0.90221326
       38     0.00000042     0.06664396     0.93335562
       39     0.00000071     0.03986731     0.96013199
       40     0.00000060     0.09483272     0.90516668
       41     0.00000037     0.28671102     0.71328861
       42     0.00000071     0.47051514     0.52948414
       43     0.00000089     0.57757636     0.42242276
       44     0.00000058     0.64813377     0.35186565
       45     0.00000116     0.69996146     0.30003738
       46     0.00000161     0.73316229     0.26683610
       47     0.00000101     0.75505760     0.24494138
       48     0.00000075     0.76991255     0.23008670
       49     0.00000161     0.78018456     0.21981383
       50     0.00000180     0.78733515     0.21266305
       51     0.00000095     0.79227288     0.20772617
       52     0.00000085     0.79558715     0.20441200
       53     0.00000173     0.79768504     0.20231323
       54     0.00000174     0.79886460     0.20113366
       55     0.00000088     0.79935663     0.20064249
       56     0.00000094     0.79935504     0.20064403
       57     0.00000174     0.79903810     0.20096016
       58     0.00000158     0.79857869     0.20141972
       59     0.00000074     0.79814544     0.20185382
       60     0.00000076     0.79790122     0.20209802
       61     0.00000143     0.79799934     0.20199923
       62     0.00000136     0.79857455     0.20142409
       63     0.00000058     0.79971871     0.20028071
       64     0.00000035     0.80148044     0.19851921
       65     0.00000085     0.80384245     0.19615670
       66     0.00000106     0.80672826     0.19327067
       67     0.00000066     0.80999850     0.19000084
       68     0.00000022     0.81346009     0.18653969
       69     0.00000044     0.81688908     0.18311048
       70     0.00000113     0.82004670     0.17995216
       71     0.00000141     0.82273094     0.17726764
       72     0.00000093     0.82475929     0.17523978
       73     0.00000063     0.82599914     0.17400023
       74     0.00000154     0.82638026     0.17361820
       75     0.00000283     0.82588715     0.17411002
       76     0.00000284     0.82455495     0.17544221
       77     0.00000192     0.82245692     0.17754116
       78     0.00000222     0.81970348     0.18029431
       79     0.00000393     0.81644629     0.18354977
       80     0.00000468     0.81288445     0.18711087
       81     0.00000346     0.80927171     0.19072483
       82     0.00000238     0.80592083     0.19407679
       83     0.00000307     0.80319983     0.19679710
       84     0.00000393     0.80150969     0.19848638
       85     0.00000307     0.80124304     0.19875389
       86     0.00000146     0.80270632     0.19729222
       87     0.00000075     0.80604539     0.19395386
       88     0.00000091     0.81116605     0.18883304
       89     0.00000115     0.81768013     0.18231872
       90     0.00000136     0.82489033     0.17510831
       91     0.00000152     0.83183544     0.16816303
       92     0.00000146     0.83740483     0.16259372
       93     0.00000195     0.84052295     0.15947510
       94     0.00000396     0.84036280     0.15963324
       95     0.00000637     0.83657614     0.16341749
       96     0.00000694     0.82946273     0.17053033
       97     0.00000579     0.82002981     0.17996440
       98     0.00000539     0.80990248     0.19009213
       99     0.00000637     0.80106253     0.19893110
      100     0.00000639     0.79544121     0.20455240
      101     0.00000427     0.79443659     0.20555914
      102     0.00000179     0.79847827     0.20151995
      103     0.00000060     0.80677641     0.19322298
      104     0.00000046     0.81736653     0.18263301
      105     0.00000132     0.82751497     0.17248371
      106     0.00000378     0.83443046     0.16556577
      107     0.00000658     0.83608467     0.16390874
      108     0.00000780     0.83195546     0.16803673
      109     0.00000797     0.82336710     0.17662493
      110     0.00000927     0.81321897     0.18677176
      111     0.00001044     0.80508009     0.19490947
      112     0.00000852     0.80194945     0.19804203
      113     0.00000479     0.80502594     0.19496927
      114     0.00000246     0.81304171     0.18695584
      115     0.00000250     0.82256444     0.17743306
      116     0.00000509     0.82932514     0.17066978
      117     0.00001068     0.83014508     0.16984424
      118     0.00001707     0.82459851     0.17538441
      119     0.00001957     0.81551907     0.18446136
      120     0.00001626     0.80781200     0.19217175
