#     Density Matrix: population Re; see the manual for detail orders
        0     0.00000000     0.00000000     1.00000000
        1     0.00000004     0.00000735     0.99999261
        2     0.00000007     0.00007921     0.99992073
        3     0.00000013     0.00025688     0.99974299
        4     0.00000021     0.00053408     0.99946571
        5     0.00000027     0.00090873     0.99909100
        6     0.00000039     0.00156631     0.99843330
        7     0.00000040     0.00334973     0.99664987
        8     0.00000057     0.00931764     0.99068180
        9     0.00000044     0.03176854     0.96823101
       10     0.00000061     0.12713831     0.87286108
       11     0.00000027     0.41869373     0.58130600
       12     0.00000014     0.59099269     0.40900717
       13     0.00000030     0.43076032     0.56923938
       14     0.00000052     0.27942537     0.72057410
       15     0.00000040     0.19265257     0.80734702
       16     0.00000055     0.14646096     0.85353849
       17     0.00000042     0.12357261     0.87642697
       18     0.00000045     0.11380183     0.88619772
       19     0.00000070     0.11112080     0.88887850
       20     0.00000021     0.11195686     0.88804292
       21     0.00000050     0.11420814     0.88579136
       22     0.00000036     0.11669663     0.88330300
       23     0.00000031     0.11878472     0.88121497
       24     0.00000051     0.12016709     0.87983241
       25     0.00000028     0.12071801     0.87928170
       26     0.00000024     0.12038886     0.87961090
       27     0.00000042     0.11915779     0.88084178
       28     0.00000025     0.11697705     0.88302270
       29     0.00000017     0.11369422     0.88630561
       30     0.00000037     0.10897684     0.89102279
       31     0.00000035     0.10207442     0.89792523
       32     0.00000017     0.09115716     0.90884267
       33     0.00000032     0.07073452     0.92926516
       34     0.00000041     0.01821202     0.98178757
       35     0.00000018     0.16682511     0.83317471
       36     0.00000027     0.62166207     0.37833766
       37     0.00000054     0.71600809     0.28399137
       38     0.00000036     0.74247764     0.25752199
       39     0.00000018     0.75424003     0.24575979
       40     0.00000055     0.76043282     0.23956663
       41     0.00000064     0.76388140     0.23611797
       42     0.00000025     0.76573501     0.23426474
       43     0.00000036     0.76655857     0.23344107
       44     0.00000075     0.76667101     0.23332824
       45     0.00000054     0.76627436     0.23372510
       46     0.00000025     0.76550935     0.23449040
       47     0.00000061     0.76448389     0.23551550
       48     0.00000083     0.76328960     0.23670958
       49     0.00000042     0.76200924     0.23799034
       50     0.00000035     0.76072081     0.23927885
       51     0.00000079     0.75950227     0.24049694
       52     0.00000074     0.75843372     0.24156553
       53     0.00000031     0.75759689     0.24240280
       54     0.00000044     0.75707527     0.24292429
       55     0.00000074     0.75695358     0.24304568
       56     0.00000049     0.75731149     0.24268802
       57     0.00000018     0.75821560     0.24178422
       58     0.00000029     0.75971230     0.24028741
       59     0.00000033     0.76181744     0.23818223
       60     0.00000010     0.76450616     0.23549374
       61     0.00000000     0.76770113     0.23229887
       62     0.00000003     0.77130453     0.22869543
       63     0.00000006     0.77510318     0.22489677
       64     0.00000027     0.77882873     0.22117101
       65     0.00000038     0.78221242     0.21778720
       66     0.00000025     0.78493290     0.21506686
       67     0.00000071     0.78669793     0.21330136
       68     0.00000169     0.78726559     0.21273272
       69     0.00000185     0.78648095     0.21351720
       70     0.00000162     0.78430054     0.21569784
       71     0.00000267     0.78081193     0.21918541
       72     0.00000403     0.77624238     0.22375359
       73     0.00000374     0.77095351     0.22904275
       74     0.00000302     0.76546632     0.23453066
       75     0.00000369     0.76036176     0.23963455
       76     0.00000443     0.75619614     0.24379944
       77     0.00000344     0.75363914     0.24635742
       78     0.00000192     0.75328158     0.24671650
       79     0.00000165     0.75550083     0.24449752
       80     0.00000186     0.76038648     0.23961166
       81     0.00000151     0.76757656     0.23242193
       82     0.00000107     0.77626025     0.22373868
       83     0.00000093     0.78515762     0.21484144
       84     0.00000171     0.79265686     0.20734143
       85     0.00000414     0.79708897     0.20290689
       86     0.00000649     0.79713613     0.20285738
       87     0.00000667     0.79225140     0.20774193
       88     0.00000670     0.78295027     0.21704303
       89     0.00000886     0.77093977     0.22905137
       90     0.00001045     0.75890823     0.24108132
       91     0.00000839     0.74995794     0.25003366
       92     0.00000505     0.74673383     0.25326112
       93     0.00000359     0.75055847     0.24943794
       94     0.00000327     0.76070552     0.23929121
       95     0.00000346     0.77433140     0.22566514
       96     0.00000455     0.78712256     0.21287289
       97     0.00000590     0.79461600     0.20537810
       98     0.00000802     0.79387691     0.20611507
       99     0.00001191     0.78492845     0.21505963
      100     0.00001523     0.77115610     0.22882867
      101     0.00001407     0.75832158     0.24166435
      102     0.00000958     0.75222361     0.24776681
      103     0.00000596     0.75583859     0.24415545
      104     0.00000500     0.76750460     0.23249041
      105     0.00000725     0.78122323     0.21876951
      106     0.00001290     0.78950550     0.21048160
      107     0.00001852     0.78759345     0.21238803
      108     0.00002065     0.77671503     0.22326432
      109     0.00002039     0.76384654     0.23613307
      110     0.00001902     0.75756367     0.24241731
      111     0.00001743     0.76211626     0.23786632
      112     0.00001868     0.77394620     0.22603512
      113     0.00002588     0.78383493     0.21613919
      114     0.00003599     0.78397262     0.21599138
      115     0.00004369     0.77459665     0.22535966
      116     0.00004663     0.76424575     0.23570763
      117     0.00004653     0.76240441     0.23754906
      118     0.00004973     0.77040140     0.22954887
      119     0.00006573     0.77979271     0.22014156
      120     0.00009367     0.78078629     0.21912004
