#     Density Matrix: population Re; see the manual for detail orders
        0     0.00000000     0.00000000     1.00000000
        1     0.00000000     0.00000284     0.99999716
        2     0.00000000     0.00002190     0.99997810
        3     0.00000000     0.00004147     0.99995853
        4     0.00000000     0.00003933     0.99996067
        5     0.00000001     0.00001814     0.99998186
        6     0.00000005     0.00000276     0.99999719
        7     0.00000017     0.00000857     0.99999127
        8     0.00000040     0.00002676     0.99997284
        9     0.00000058     0.00004355     0.99995587
       10     0.00000075     0.00005465     0.99994460
       11     0.00000083     0.00008047     0.99991870
       12     0.00000092     0.00020923     0.99978984
       13     0.00000092     0.00075133     0.99924775
       14     0.00000096     0.00316265     0.99683639
       15     0.00000089     0.02082211     0.97917700
       16     0.00000187     0.09263445     0.90736368
       17     0.00000206     0.28376805     0.71622989
       18     0.00000008     0.14636578     0.85363414
       19     0.00000108     0.13841585     0.86158307
       20     0.00000035     0.14124936     0.85875029
       21     0.00000048     0.14747256     0.85252695
       22     0.00000104     0.15424808     0.84575088
       23     0.00000008     0.16052992     0.83947001
       24     0.00000082     0.16608437     0.83391481
       25     0.00000074     0.17103314     0.82896612
       26     0.00000009     0.17563968     0.82436024
       27     0.00000097     0.18019112     0.81980791
       28     0.00000056     0.18493514     0.81506430
       29     0.00000013     0.19008489     0.80991498
       30     0.00000097     0.19578651     0.80421252
       31     0.00000049     0.20212048     0.79787904
       32     0.00000011     0.20908777     0.79091212
       33     0.00000087     0.21657881     0.78342032
       34     0.00000051     0.22431137     0.77568812
       35     0.00000004     0.23172386     0.76827610
       36     0.00000071     0.23751358     0.76248571
       37     0.00000059     0.23913456     0.76086485
       38     0.00000001     0.23600356     0.76399642
       39     0.00000050     0.22765346     0.77234605
       40     0.00000068     0.21359794     0.78640138
       41     0.00000008     0.19258858     0.80741134
       42     0.00000024     0.15821309     0.84178666
       43     0.00000062     0.03051523     0.96948415
       44     0.00000027     0.21164262     0.78835711
       45     0.00000014     0.52182964     0.47817021
       46     0.00000069     0.43326875     0.56673056
       47     0.00000053     0.33352351     0.66647596
       48     0.00000018     0.24727050     0.75272932
       49     0.00000041     0.16628292     0.83371667
       50     0.00000051     0.01440117     0.98559832
       51     0.00000018     0.32695358     0.67304624
       52     0.00000025     0.52327949     0.47672026
       53     0.00000053     0.55604207     0.44395740
       54     0.00000035     0.56942760     0.43057204
       55     0.00000023     0.57904759     0.42095218
       56     0.00000034     0.58996284     0.41003682
       57     0.00000037     0.60508383     0.39491580
       58     0.00000036     0.62684472     0.37315493
       59     0.00000027     0.65820012     0.34179961
       60     0.00000029     0.69717188     0.30282783
       61     0.00000049     0.73769592     0.26230360
       62     0.00000031     0.77627320     0.22372649
       63     0.00000018     0.81037316     0.18962666
       64     0.00000058     0.83848840     0.16151102
       65     0.00000044     0.85979611     0.14020345
       66     0.00000010     0.87373760     0.12626230
       67     0.00000061     0.87974349     0.12025590
       68     0.00000056     0.87718174     0.12281770
       69     0.00000008     0.86544052     0.13455941
       70     0.00000060     0.84332696     0.15667244
       71     0.00000064     0.80296691     0.19703246
       72     0.00000003     0.70320464     0.29679533
       73     0.00000057     0.60685559     0.39314384
       74     0.00000177     0.69676777     0.30323047
       75     0.00000114     0.82402458     0.17597428
       76     0.00000044     0.90171082     0.09828874
       77     0.00000102     0.94484590     0.05515308
       78     0.00000072     0.96705959     0.03293969
       79     0.00000087     0.97595572     0.02404341
       80     0.00000083     0.97700674     0.02299243
       81     0.00000063     0.97506703     0.02493234
       82     0.00000108     0.97382380     0.02617512
       83     0.00000063     0.97486298     0.02513639
       84     0.00000085     0.97775759     0.02224156
       85     0.00000077     0.98109631     0.01890292
       86     0.00000088     0.98361326     0.01638586
       87     0.00000074     0.98486289     0.01513636
       88     0.00000073     0.98526835     0.01473091
       89     0.00000100     0.98561298     0.01438601
       90     0.00000065     0.98638254     0.01361681
       91     0.00000080     0.98749387     0.01250533
       92     0.00000084     0.98855299     0.01144617
       93     0.00000088     0.98929437     0.01070476
       94     0.00000059     0.98977392     0.01022549
       95     0.00000000     1.00000000     0.00000000
       96     0.00000003     0.99999993     0.00000004
       97     0.00000004     0.99999991     0.00000005
       98     0.00000000     0.99999966     0.00000034
       99     0.00000003     0.99999875     0.00000123
      100     0.00000005     0.99999775     0.00000220
      101     0.00000001     0.99999761     0.00000238
      102     0.00000003     0.99999809     0.00000188
      103     0.00000007     0.99999773     0.00000219
      104     0.00000002     0.99999538     0.00000459
      105     0.00000003     0.99999170     0.00000826
      106     0.00000010     0.99998912     0.00001078
      107     0.00000005     0.99998899     0.00001095
      108     0.00000004     0.99998915     0.00001081
      109     0.00000013     0.99998598     0.00001389
      110     0.00000009     0.99997869     0.00002121
      111     0.00000005     0.99997034     0.00002961
      112     0.00000015     0.99996495     0.00003490
      113     0.00000015     0.99996301     0.00003684
      114     0.00000007     0.99995961     0.00004033
      115     0.00000016     0.99994915     0.00005070
      116     0.00000021     0.99993181     0.00006798
      117     0.00000010     0.99991366     0.00008624
      118     0.00000014     0.99990045     0.00009940
      119     0.00000025     0.99989188     0.00010787
      120     0.00000016     0.99988098     0.00011886
