#     Density Matrix: population Re; see the manual for detail orders
        0     0.00000000     0.00000000     1.00000000
        1     0.00000001     0.00000098     0.99999900
        2     0.00000003     0.00000918     0.99999079
        3     0.00000008     0.00002475     0.99997517
        4     0.00000011     0.00004227     0.99995762
        5     0.00000021     0.00005985     0.99993995
        6     0.00000025     0.00009889     0.99990086
        7     0.00000037     0.00023905     0.99976058
        8     0.00000043     0.00068840     0.99931117
        9     0.00000053     0.00200493     0.99799454
       10     0.00000060     0.00603880     0.99396061
       11     0.00000060     0.02090207     0.97909732
       12     0.00000065     0.09360572     0.90639363
       13     0.00000038     0.40782384     0.59217578
       14     0.00000021     0.65844409     0.34155569
       15     0.00000025     0.44740943     0.55259032
       16     0.00000036     0.34478874     0.65521090
       17     0.00000034     0.28143052     0.71856915
       18     0.00000041     0.24640181     0.75359777
       19     0.00000037     0.23024096     0.76975867
       20     0.00000036     0.22624698     0.77375265
       21     0.00000041     0.22994104     0.77005855
       22     0.00000021     0.23829847     0.76170131
       23     0.00000047     0.24927915     0.75072037
       24     0.00000031     0.26149663     0.73850306
       25     0.00000019     0.27403491     0.72596490
       26     0.00000038     0.28613170     0.71386792
       27     0.00000023     0.29709235     0.70290742
       28     0.00000015     0.30602071     0.69397914
       29     0.00000032     0.31164083     0.68835886
       30     0.00000022     0.31196377     0.68803601
       31     0.00000010     0.30370591     0.69629399
       32     0.00000025     0.27949082     0.72050894
       33     0.00000028     0.23561794     0.76438178
       34     0.00000012     0.14998970     0.85001018
       35     0.00000015     0.01097556     0.98902430
       36     0.00000025     0.21463910     0.78536064
       37     0.00000023     0.43708303     0.56291674
       38     0.00000012     0.47680516     0.52319472
       39     0.00000010     0.48113452     0.51886538
       40     0.00000011     0.49649859     0.50350130
       41     0.00000004     0.55225923     0.44774073
       42     0.00000000     0.64085956     0.35914043
       43     0.00000000     0.85103748     0.14896252
       44     0.00000003     0.95036874     0.04963123
       45     0.00000003     0.98231189     0.01768808
       46     0.00000000     1.00000000     0.00000000
       47     0.00000007     0.99921564     0.00078429
       48     0.00000011     0.99807663     0.00192326
       49     0.00000003     0.99727517     0.00272479
       50     0.00000001     0.99692697     0.00307302
       51     0.00000010     0.99697438     0.00302552
       52     0.00000010     0.99730426     0.00269564
       53     0.00000001     0.99775520     0.00224479
       54     0.00000004     0.99811226     0.00188771
       55     0.00000012     0.99806300     0.00193688
       56     0.00000007     0.99714891     0.00285102
       57     0.00000000     0.99474304     0.00525696
       58     0.00000008     0.98988451     0.01011541
       59     0.00000012     0.98130877     0.01869111
       60     0.00000002     0.96732776     0.03267222
       61     0.00000004     0.94540880     0.05459116
       62     0.00000015     0.91159628     0.08840358
       63     0.00000008     0.85908684     0.14091309
       64     0.00000004     0.77922544     0.22077451
       65     0.00000027     0.68944114     0.31055858
       66     0.00000036     0.67014535     0.32985429
       67     0.00000009     0.74636900     0.25363090
       68     0.00000006     0.84418912     0.15581082
       69     0.00000018     0.91780204     0.08219778
       70     0.00000003     0.96138378     0.03861619
       71     0.00000006     0.98064367     0.01935626
       72     0.00000006     0.98317875     0.01682118
       73     0.00000004     0.97713660     0.02286336
       74     0.00000008     0.97013709     0.02986283
       75     0.00000001     0.96709492     0.03290507
       76     0.00000011     0.96897290     0.03102699
       77     0.00000004     0.97372286     0.02627710
       78     0.00000004     0.97841817     0.02158179
       79     0.00000008     0.98108003     0.01891989
       80     0.00000002     0.98149652     0.01850346
       81     0.00000005     0.98089820     0.01910175
       82     0.00000002     0.98078018     0.01921980
       83     0.00000008     0.98176720     0.01823271
       84     0.00000003     0.98341066     0.01658931
       85     0.00000007     0.98486442     0.01513552
       86     0.00000004     0.98568974     0.01431021
       87     0.00000006     0.98608664     0.01391330
       88     0.00000005     0.98647768     0.01352226
       89     0.00000003     0.98701324     0.01298673
       90     0.00000005     0.98752524     0.01247471
       91     0.00000007     0.98790740     0.01209254
       92     0.00000003     0.98832002     0.01167995
       93     0.00000004     0.98894771     0.01105225
       94     0.00000011     0.98964941     0.01035048
       95     0.00000000     1.00000000     0.00000000
       96     0.00000005     0.99999296     0.00000699
       97     0.00000007     0.99997549     0.00002443
       98     0.00000001     0.99996263     0.00003736
       99     0.00000004     0.99996776     0.00003220
      100     0.00000012     0.99998493     0.00001495
      101     0.00000005     0.99999117     0.00000879
      102     0.00000003     0.99997051     0.00002946
      103     0.00000015     0.99993406     0.00006579
      104     0.00000012     0.99991145     0.00008843
      105     0.00000003     0.99992045     0.00007952
      106     0.00000013     0.99994544     0.00005443
      107     0.00000020     0.99995064     0.00004916
      108     0.00000008     0.99991394     0.00008598
      109     0.00000008     0.99984881     0.00015110
      110     0.00000023     0.99979946     0.00020032
      111     0.00000018     0.99979810     0.00020171
      112     0.00000006     0.99983319     0.00016675
      113     0.00000016     0.99985780     0.00014204
      114     0.00000026     0.99983122     0.00016852
      115     0.00000014     0.99975519     0.00024468
      116     0.00000008     0.99967390     0.00032602
      117     0.00000022     0.99963859     0.00036119
      118     0.00000024     0.99966613     0.00033363
      119     0.00000010     0.99972555     0.00027435
      120     0.00000009     0.99976489     0.00023502
