#     Density Matrix: population Re; see the manual for detail orders
        0     0.00000000     0.00000000     1.00000000
        1     0.00000000     0.00000364     0.99999636
        2     0.00000002     0.00002454     0.99997544
        3     0.00000005     0.00003889     0.99996106
        4     0.00000009     0.00003411     0.99996581
        5     0.00000016     0.00002825     0.99997159
        6     0.00000024     0.00004000     0.99995976
        7     0.00000036     0.00006014     0.99993950
        8     0.00000047     0.00007846     0.99992107
        9     0.00000062     0.00015773     0.99984164
       10     0.00000073     0.00051317     0.99948610
       11     0.00000085     0.00163719     0.99836196
       12     0.00000090     0.00478623     0.99521287
       13     0.00000096     0.01426972     0.98572932
       14     0.00000091     0.04948977     0.95050932
       15     0.00000079     0.20028184     0.79971738
       16     0.00000082     0.59088043     0.40911876
       17     0.00000011     0.60850522     0.39149467
       18     0.00000207     0.46855237     0.53144556
       19     0.00000093     0.40156187     0.59843720
       20     0.00000030     0.37245739     0.62754231
       21     0.00000177     0.35254685     0.64745138
       22     0.00000041     0.34111307     0.65888652
       23     0.00000086     0.33692683     0.66307231
       24     0.00000191     0.33874728     0.66125081
       25     0.00000034     0.34557643     0.65442323
       26     0.00000123     0.35679785     0.64320092
       27     0.00000177     0.37211185     0.62788639
       28     0.00000027     0.39153454     0.60846519
       29     0.00000112     0.41522424     0.58477465
       30     0.00000160     0.44343757     0.55656084
       31     0.00000032     0.47635287     0.52364681
       32     0.00000095     0.51384774     0.48615132
       33     0.00000161     0.55515444     0.44484395
       34     0.00000049     0.59873746     0.40126205
       35     0.00000065     0.64203275     0.35796660
       36     0.00000158     0.68142078     0.31857764
       37     0.00000081     0.71214104     0.28785815
       38     0.00000036     0.72624346     0.27375618
       39     0.00000138     0.71462302     0.28537559
       40     0.00000134     0.66800443     0.33199423
       41     0.00000026     0.56026193     0.43973781
       42     0.00000088     0.32928404     0.67071508
       43     0.00000179     0.07899400     0.92100421
       44     0.00000075     0.06866943     0.93132982
       45     0.00000013     0.13620734     0.86379253
       46     0.00000147     0.18717449     0.81282405
       47     0.00000163     0.23822533     0.76177304
       48     0.00000035     0.32057528     0.67942436
       49     0.00000051     0.56421303     0.43578646
       50     0.00000189     0.78632695     0.21367117
       51     0.00000148     0.88920751     0.11079101
       52     0.00000007     0.92817945     0.07182048
       53     0.00000093     0.94449390     0.05550517
       54     0.00000236     0.95174043     0.04825721
       55     0.00000121     0.95436034     0.04563845
       56     0.00000001     0.95385200     0.04614799
       57     0.00000155     0.95062996     0.04936849
       58     0.00000263     0.94465021     0.05534716
       59     0.00000090     0.93569551     0.06430359
       60     0.00000012     0.92358613     0.07641375
       61     0.00000197     0.90905128     0.09094675
       62     0.00000234     0.89267772     0.10731994
       63     0.00000045     0.87582340     0.12417615
       64     0.00000036     0.86062517     0.13937447
       65     0.00000200     0.84955431     0.15044369
       66     0.00000172     0.84471835     0.15527994
       67     0.00000022     0.84691350     0.15308628
       68     0.00000051     0.85487872     0.14512077
       69     0.00000171     0.86594673     0.13405156
       70     0.00000138     0.87844355     0.12155507
       71     0.00000026     0.89303429     0.10696545
       72     0.00000046     0.91073831     0.08926123
       73     0.00000129     0.93077323     0.06922549
       74     0.00000104     0.95096939     0.04902957
       75     0.00000041     0.96911696     0.03088263
       76     0.00000049     0.98361374     0.01638577
       77     0.00000000     1.00000000     0.00000000
       78     0.00000012     0.99807362     0.00192626
       79     0.00000023     0.99432701     0.00567276
       80     0.00000007     0.99134862     0.00865131
       81     0.00000002     0.99055700     0.00944299
       82     0.00000011     0.99193360     0.00806628
       83     0.00000012     0.99434540     0.00565448
       84     0.00000006     0.99634770     0.00365224
       85     0.00000001     0.99701367     0.00298631
       86     0.00000013     0.99636770     0.00363217
       87     0.00000014     0.99520314     0.00479671
       88     0.00000002     0.99443023     0.00556975
       89     0.00000006     0.99445230     0.00554764
       90     0.00000013     0.99500403     0.00499584
       91     0.00000010     0.99552382     0.00447608
       92     0.00000001     0.99566836     0.00433163
       93     0.00000011     0.99552436     0.00447553
       94     0.00000021     0.99537759     0.00462220
       95     0.00000005     0.99535071     0.00464924
       96     0.00000003     0.99531163     0.00468835
       97     0.00000020     0.99513212     0.00486769
       98     0.00000023     0.99495364     0.00504613
       99     0.00000002     0.99507226     0.00492772
      100     0.00000014     0.99553163     0.00446823
      101     0.00000040     0.99592852     0.00407109
      102     0.00000021     0.99576206     0.00423773
      103     0.00000004     0.99502631     0.00497365
      104     0.00000039     0.99437444     0.00562517
      105     0.00000059     0.99453355     0.00546586
      106     0.00000023     0.99548956     0.00451021
      107     0.00000025     0.99636260     0.00363715
      108     0.00000075     0.99621969     0.00377956
      109     0.00000071     0.99505259     0.00494671
      110     0.00000028     0.99390490     0.00609482
      111     0.00000053     0.99391275     0.00608672
      112     0.00000113     0.99516619     0.00483267
      113     0.00000089     0.99654156     0.00345755
      114     0.00000039     0.99672570     0.00327391
      115     0.00000073     0.99546742     0.00453185
      116     0.00000135     0.99386415     0.00613450
      117     0.00000112     0.99335509     0.00664379
      118     0.00000057     0.99440317     0.00559625
      119     0.00000092     0.99608795     0.00391113
      120     0.00000155     0.99694541     0.00305305
