#     Density Matrix: population Re; see the manual for detail orders
        0     0.00000000     0.00000000     1.00000000
        1     0.00000003     0.00000106     0.99999891
        2     0.00000001     0.00000638     0.99999361
        3     0.00000000     0.00000850     0.99999150
        4     0.00000004     0.00000874     0.99999122
        5     0.00000001     0.00001643     0.99998356
        6     0.00000015     0.00003111     0.99996874
        7     0.00000011     0.00003999     0.99995991
        8     0.00000038     0.00004219     0.99995743
        9     0.00000033     0.00007352     0.99992615
       10     0.00000069     0.00020682     0.99979249
       11     0.00000059     0.00054485     0.99945456
       12     0.00000101     0.00127537     0.99872362
       13     0.00000078     0.00296057     0.99703865
       14     0.00000120     0.00774842     0.99225039
       15     0.00000083     0.02538454     0.97461463
       16     0.00000110     0.10874409     0.89125481
       17     0.00000110     0.53901451     0.46098438
       18     0.00000001     0.66871933     0.33128066
       19     0.00000262     0.47240298     0.52759440
       20     0.00000124     0.38810393     0.61189483
       21     0.00000055     0.35758434     0.64241511
       22     0.00000234     0.33632195     0.66367571
       23     0.00000050     0.32382712     0.67617239
       24     0.00000123     0.31868207     0.68131670
       25     0.00000207     0.31913277     0.68086517
       26     0.00000036     0.32345652     0.67654311
       27     0.00000136     0.33012532     0.66987331
       28     0.00000142     0.33790728     0.66209130
       29     0.00000017     0.34583688     0.65416295
       30     0.00000149     0.35331796     0.64668056
       31     0.00000098     0.36002077     0.63997826
       32     0.00000020     0.36558514     0.63441466
       33     0.00000159     0.37004898     0.62994943
       34     0.00000088     0.37346408     0.62653505
       35     0.00000020     0.37588897     0.62411083
       36     0.00000167     0.37755908     0.62243925
       37     0.00000109     0.37868417     0.62131474
       38     0.00000006     0.37939114     0.62060880
       39     0.00000140     0.37974321     0.62025539
       40     0.00000141     0.37985264     0.62014595
       41     0.00000006     0.37977604     0.62022390
       42     0.00000099     0.37947324     0.62052577
       43     0.00000180     0.37877571     0.62122249
       44     0.00000039     0.37723928     0.62276034
       45     0.00000041     0.37366996     0.62632962
       46     0.00000190     0.36241104     0.63758705
       47     0.00000194     0.33630015     0.66369790
       48     0.00000045     0.45614815     0.54385140
       49     0.00000137     0.49483392     0.50516471
       50     0.00000231     0.49158662     0.50841106
       51     0.00000093     0.47780530     0.52219377
       52     0.00000082     0.45578856     0.54421062
       53     0.00000173     0.42595051     0.57404775
       54     0.00000103     0.39492349     0.60507548
       55     0.00000065     0.38114130     0.61885805
       56     0.00000180     0.38864847     0.61134974
       57     0.00000155     0.40486878     0.59512966
       58     0.00000046     0.42185374     0.57814580
       59     0.00000128     0.43766882     0.56232989
       60     0.00000218     0.45522122     0.54477660
       61     0.00000076     0.47385658     0.52614266
       62     0.00000040     0.48888271     0.51111689
       63     0.00000169     0.50111783     0.49888048
       64     0.00000136     0.51193396     0.48806468
       65     0.00000056     0.52236672     0.47763272
       66     0.00000128     0.53332013     0.46667859
       67     0.00000174     0.54562218     0.45437609
       68     0.00000113     0.56023425     0.43976461
       69     0.00000114     0.57807326     0.42192560
       70     0.00000150     0.59995301     0.40004549
       71     0.00000201     0.62603849     0.37395951
       72     0.00000162     0.65515763     0.34484076
       73     0.00000061     0.68349828     0.31650111
       74     0.00000150     0.70127296     0.29872553
       75     0.00000267     0.68711784     0.31287948
       76     0.00000053     0.59821630     0.40178317
       77     0.00000163     0.37660263     0.62339574
       78     0.00000357     0.08413589     0.91586054
       79     0.00000065     0.04063421     0.95936514
       80     0.00000135     0.26874316     0.73125549
       81     0.00000186     0.46603157     0.53396657
       82     0.00000060     0.54313306     0.45686634
       83     0.00000276     0.53910611     0.46089113
       84     0.00000119     0.49962870     0.50037011
       85     0.00000097     0.45660451     0.54339453
       86     0.00000296     0.42805122     0.57194583
       87     0.00000053     0.41944452     0.58055495
       88     0.00000174     0.42663871     0.57335954
       89     0.00000119     0.44027468     0.55972414
       90     0.00000108     0.45128818     0.54871073
       91     0.00000200     0.45472325     0.54527476
       92     0.00000027     0.45117882     0.54882091
       93     0.00000228     0.44525973     0.55473799
       94     0.00000063     0.44142905     0.55857032
       95     0.00000115     0.44131684     0.55868201
       96     0.00000097     0.44334300     0.55665603
       97     0.00000124     0.44519314     0.55480562
       98     0.00000132     0.44568142     0.55431726
       99     0.00000074     0.44536367     0.55463558
      100     0.00000202     0.44558853     0.55440945
      101     0.00000065     0.44608442     0.55391493
      102     0.00000138     0.44527561     0.55472301
      103     0.00000095     0.44317332     0.55682572
      104     0.00000160     0.44160139     0.55839702
      105     0.00000051     0.44296667     0.55703282
      106     0.00000195     0.44715725     0.55284080
      107     0.00000138     0.45029112     0.54970750
      108     0.00000074     0.44840916     0.55159010
      109     0.00000129     0.44219639     0.55780232
      110     0.00000197     0.43759783     0.56240020
      111     0.00000066     0.43995389     0.56004546
      112     0.00000129     0.44842320     0.55157551
      113     0.00000234     0.45511056     0.54488710
      114     0.00000074     0.45258598     0.54741328
      115     0.00000085     0.44203898     0.55796017
      116     0.00000250     0.43294591     0.56705160
      117     0.00000128     0.43493569     0.56506303
      118     0.00000038     0.44796888     0.55203074
      119     0.00000251     0.46093335     0.53906413
      120     0.00000192     0.46135567     0.53864240
