#     Density Matrix: population Re; see the manual for detail orders
        0     0.00000000     0.00000000     1.00000000
        1     0.00000001     0.00001866     0.99998133
        2     0.00000003     0.00014226     0.99985771
        3     0.00000006     0.00029286     0.99970707
        4     0.00000011     0.00037356     0.99962634
        5     0.00000015     0.00034831     0.99965155
        6     0.00000019     0.00027424     0.99972556
        7     0.00000022     0.00029373     0.99970605
        8     0.00000025     0.00060332     0.99939643
        9     0.00000027     0.00147056     0.99852917
       10     0.00000028     0.00346846     0.99653125
       11     0.00000028     0.00851895     0.99148076
       12     0.00000028     0.02493526     0.97506447
       13     0.00000025     0.09566400     0.90433575
       14     0.00000008     0.68168616     0.31831376
       15     0.00000004     0.79349707     0.20650289
       16     0.00000094     0.33987917     0.66011989
       17     0.00000058     0.20017605     0.79982336
       18     0.00000002     0.15558974     0.84441024
       19     0.00000033     0.13263675     0.86736291
       20     0.00000009     0.12351381     0.87648610
       21     0.00000008     0.12204256     0.87795737
       22     0.00000014     0.12363556     0.87636430
       23     0.00000003     0.12519904     0.87480094
       24     0.00000011     0.12500299     0.87499690
       25     0.00000011     0.12241879     0.87758110
       26     0.00000004     0.11762318     0.88237678
       27     0.00000010     0.11119244     0.88880746
       28     0.00000006     0.10386664     0.89613330
       29     0.00000004     0.09634405     0.90365590
       30     0.00000009     0.08918536     0.91081455
       31     0.00000009     0.08276229     0.91723763
       32     0.00000003     0.07729859     0.92270138
       33     0.00000007     0.07288523     0.92711470
       34     0.00000009     0.06949930     0.93050061
       35     0.00000007     0.06708347     0.93291646
       36     0.00000009     0.06553781     0.93446209
       37     0.00000011     0.06476314     0.93523675
       38     0.00000009     0.06466191     0.93533800
       39     0.00000010     0.06515915     0.93484075
       40     0.00000013     0.06619102     0.93380886
       41     0.00000012     0.06774213     0.93225775
       42     0.00000010     0.06984708     0.93015282
       43     0.00000014     0.07260577     0.92739409
       44     0.00000013     0.07624329     0.92375659
       45     0.00000010     0.08119412     0.91880578
       46     0.00000012     0.08835452     0.91164536
       47     0.00000014     0.09982547     0.90017439
       48     0.00000012     0.12206733     0.87793256
       49     0.00000012     0.18851891     0.81148097
       50     0.00000019     0.53332687     0.46667294
       51     0.00000021     0.90399245     0.09600735
       52     0.00000011     0.93843318     0.06156671
       53     0.00000011     0.92564739     0.07435250
       54     0.00000017     0.91312719     0.08687263
       55     0.00000015     0.90094145     0.09905840
       56     0.00000010     0.88854677     0.11145313
       57     0.00000013     0.87577584     0.12422403
       58     0.00000016     0.86270361     0.13729623
       59     0.00000013     0.84959129     0.15040858
       60     0.00000012     0.83679737     0.16320251
       61     0.00000014     0.82473007     0.17526979
       62     0.00000015     0.81386323     0.18613662
       63     0.00000015     0.80467498     0.19532487
       64     0.00000015     0.79761660     0.20238325
       65     0.00000015     0.79310851     0.20689134
       66     0.00000018     0.79147234     0.20852748
       67     0.00000022     0.79292185     0.20707793
       68     0.00000027     0.79751448     0.20248525
       69     0.00000034     0.80508945     0.19491021
       70     0.00000047     0.81523787     0.18476166
       71     0.00000063     0.82728332     0.17271605
       72     0.00000082     0.84024490     0.15975429
       73     0.00000105     0.85289261     0.14710634
       74     0.00000134     0.86380244     0.13619621
       75     0.00000164     0.87153253     0.12846582
       76     0.00000193     0.87488270     0.12511537
       77     0.00000220     0.87317074     0.12682706
       78     0.00000242     0.86660994     0.13338764
       79     0.00000256     0.85652217     0.14347527
       80     0.00000255     0.84540684     0.15459061
       81     0.00000241     0.83663554     0.16336206
       82     0.00000219     0.83392023     0.16607759
       83     0.00000192     0.84029303     0.15970505
       84     0.00000160     0.85711747     0.14288093
       85     0.00000120     0.88321780     0.11678099
       86     0.00000092     0.91480325     0.08519583
       87     0.00000090     0.94623354     0.05376556
       88     0.00000103     0.97175346     0.02824552
       89     0.00000107     0.98742034     0.01257859
       90     0.00000104     0.99250164     0.00749732
       91     0.00000114     0.98959408     0.01040478
       92     0.00000127     0.98341524     0.01658349
       93     0.00000122     0.97877114     0.02122764
       94     0.00000099     0.97862916     0.02136985
       95     0.00000088     0.98312600     0.01687312
       96     0.00000089     0.98999420     0.01000491
       97     0.00000088     0.99612984     0.00386928
       98     0.00000085     0.99939573     0.00060341
       99     0.00000089     0.99960662     0.00039249
      100     0.00000096     0.99821100     0.00178805
      101     0.00000099     0.99704974     0.00294928
      102     0.00000096     0.99713229     0.00286675
      103     0.00000094     0.99823381     0.00176525
      104     0.00000102     0.99942712     0.00057187
      105     0.00000117     0.99997685     0.00002198
      106     0.00000133     0.99984675     0.00015191
      107     0.00000146     0.99951545     0.00048309
      108     0.00000160     0.99942955     0.00056885
      109     0.00000179     0.99964110     0.00035711
      110     0.00000209     0.99989840     0.00009951
      111     0.00000247     0.99998536     0.00001217
      112     0.00000289     0.99992015     0.00007696
      113     0.00000339     0.99985894     0.00013767
      114     0.00000402     0.99988843     0.00010755
      115     0.00000482     0.99995909     0.00003608
      116     0.00000580     0.99999000     0.00000420
      117     0.00000698     0.99997358     0.00001944
      118     0.00000840     0.99995790     0.00003369
      119     0.00001017     0.99996764     0.00002220
      120     0.00001229     0.99998327     0.00000444
