#     Density Matrix: population Re; see the manual for detail orders
        0     0.00000000     0.00000000     1.00000000
        1     0.00000001     0.00001940     0.99998059
        2     0.00000002     0.00016056     0.99983942
        3     0.00000005     0.00037663     0.99962333
        4     0.00000009     0.00056232     0.99943760
        5     0.00000012     0.00062646     0.99937341
        6     0.00000020     0.00056521     0.99943460
        7     0.00000023     0.00056134     0.99943843
        8     0.00000033     0.00117178     0.99882789
        9     0.00000034     0.00392090     0.99607876
       10     0.00000045     0.01403520     0.98596435
       11     0.00000041     0.05752126     0.94247833
       12     0.00000040     0.28199500     0.71800460
       13     0.00000010     0.65740157     0.34259833
       14     0.00000061     0.50491636     0.49508303
       15     0.00000104     0.30690720     0.69309177
       16     0.00000002     0.25392496     0.74607501
       17     0.00000130     0.22231507     0.77768363
       18     0.00000047     0.20630393     0.79369559
       19     0.00000036     0.20081449     0.79918515
       20     0.00000130     0.20192531     0.79807340
       21     0.00000012     0.20681243     0.79318745
       22     0.00000065     0.21356127     0.78643808
       23     0.00000105     0.22099038     0.77900857
       24     0.00000002     0.22848080     0.77151918
       25     0.00000069     0.23578521     0.76421410
       26     0.00000071     0.24291776     0.75708153
       27     0.00000005     0.25007143     0.74992852
       28     0.00000075     0.25751709     0.74248216
       29     0.00000078     0.26549668     0.73450254
       30     0.00000009     0.27415502     0.72584488
       31     0.00000067     0.28355119     0.71644814
       32     0.00000089     0.29346763     0.70653149
       33     0.00000015     0.30341726     0.69658260
       34     0.00000042     0.30580338     0.69419620
       35     0.00000102     0.29874558     0.70125340
       36     0.00000043     0.27972907     0.72027050
       37     0.00000012     0.24979090     0.75020898
       38     0.00000081     0.29350161     0.70649758
       39     0.00000080     0.50026636     0.49973283
       40     0.00000009     0.61274425     0.38725567
       41     0.00000029     0.64993313     0.35006658
       42     0.00000099     0.66796867     0.33203034
       43     0.00000058     0.67954718     0.32045224
       44     0.00000000     0.68854841     0.31145158
       45     0.00000068     0.69665615     0.30334318
       46     0.00000121     0.70488281     0.29511598
       47     0.00000041     0.71411297     0.28588663
       48     0.00000021     0.72524830     0.27475150
       49     0.00000135     0.73987546     0.26012319
       50     0.00000146     0.75947234     0.24052620
       51     0.00000033     0.77951555     0.22048412
       52     0.00000056     0.79896595     0.20103350
       53     0.00000184     0.81722830     0.18276985
       54     0.00000153     0.83407158     0.16592690
       55     0.00000032     0.84949873     0.15050095
       56     0.00000087     0.86362380     0.13637533
       57     0.00000217     0.87660329     0.12339454
       58     0.00000165     0.88858264     0.11141571
       59     0.00000038     0.89966655     0.10033306
       60     0.00000094     0.90992884     0.09007022
       61     0.00000228     0.91941134     0.08058638
       62     0.00000188     0.92813004     0.07186808
       63     0.00000051     0.93610583     0.06389366
       64     0.00000073     0.94335880     0.05664047
       65     0.00000216     0.94991643     0.05008141
       66     0.00000228     0.95582375     0.04417397
       67     0.00000092     0.96113456     0.03886451
       68     0.00000048     0.96590609     0.03409344
       69     0.00000183     0.97019555     0.02980262
       70     0.00000289     0.97406154     0.02593557
       71     0.00000204     0.97755685     0.02244111
       72     0.00000075     0.98071403     0.01928523
       73     0.00000131     0.98355026     0.01644843
       74     0.00000337     0.98605554     0.01394109
       75     0.00000414     0.98819634     0.01179951
       76     0.00000276     0.98991232     0.01008492
       77     0.00000000     1.00000000     0.00000000
       78     0.00000566     0.99992502     0.00006932
       79     0.00001490     0.99968871     0.00029639
       80     0.00001416     0.99928714     0.00069870
       81     0.00000441     0.99872453     0.00127105
       82     0.00000047     0.99802191     0.00197763
       83     0.00000940     0.99724091     0.00274969
       84     0.00001923     0.99649179     0.00348897
       85     0.00001625     0.99590417     0.00407958
       86     0.00000475     0.99558949     0.00440576
       87     0.00000071     0.99561861     0.00438068
       88     0.00000977     0.99601549     0.00397475
       89     0.00002012     0.99674656     0.00323332
       90     0.00001855     0.99770067     0.00228078
       91     0.00000721     0.99868643     0.00130636
       92     0.00000058     0.99947140     0.00052802
       93     0.00000746     0.99985455     0.00013798
       94     0.00001997     0.99973576     0.00024426
       95     0.00002286     0.99914795     0.00082920
       96     0.00001256     0.99825179     0.00173565
       97     0.00000193     0.99730201     0.00269605
       98     0.00000413     0.99659252     0.00340334
       99     0.00001636     0.99637116     0.00361248
      100     0.00002432     0.99674531     0.00323037
      101     0.00001926     0.99761861     0.00236213
      102     0.00000709     0.99869809     0.00129481
      103     0.00000146     0.99959476     0.00040378
      104     0.00000962     0.99998187     0.00000851
      105     0.00002431     0.99974121     0.00023448
      106     0.00003008     0.99902710     0.00094282
      107     0.00002086     0.99820561     0.00177353
      108     0.00000700     0.99769178     0.00230122
      109     0.00000429     0.99775111     0.00224460
      110     0.00001664     0.99835606     0.00162730
      111     0.00003303     0.99918158     0.00078539
      112     0.00003905     0.99976616     0.00019479
      113     0.00002946     0.99978027     0.00019027
      114     0.00001407     0.99924613     0.00073980
      115     0.00000964     0.99855213     0.00143824
      116     0.00002329     0.99820730     0.00176941
      117     0.00004572     0.99847132     0.00148295
      118     0.00006050     0.99913359     0.00080591
      119     0.00005765     0.99965417     0.00028818
      120     0.00004126     0.99960633     0.00035241
