#     Density Matrix: population Re; see the manual for detail orders
        0     0.00000000     0.00000000     1.00000000
        1     0.00000000     0.00000506     0.99999494
        2     0.00000000     0.00004433     0.99995567
        3     0.00000001     0.00010561     0.99989438
        4     0.00000002     0.00014781     0.99985216
        5     0.00000004     0.00014622     0.99985374
        6     0.00000006     0.00012665     0.99987328
        7     0.00000009     0.00016019     0.99983972
        8     0.00000011     0.00032931     0.99967057
        9     0.00000014     0.00071603     0.99928384
       10     0.00000016     0.00147134     0.99852850
       11     0.00000018     0.00305220     0.99694762
       12     0.00000020     0.00691980     0.99308000
       13     0.00000022     0.01789754     0.98210224
       14     0.00000023     0.05199903     0.94800075
       15     0.00000020     0.14687614     0.85312366
       16     0.00000014     0.29441725     0.70558261
       17     0.00000013     0.35800054     0.64199934
       18     0.00000022     0.30486966     0.69513012
       19     0.00000032     0.22181083     0.77818885
       20     0.00000039     0.15214040     0.84785920
       21     0.00000044     0.10249493     0.89750463
       22     0.00000046     0.06955456     0.93044498
       23     0.00000047     0.04863628     0.95136326
       24     0.00000046     0.03583026     0.96416928
       25     0.00000046     0.02824171     0.97175783
       26     0.00000047     0.02384700     0.97615254
       27     0.00000048     0.02130193     0.97869759
       28     0.00000049     0.01974410     0.98025540
       29     0.00000050     0.01862960     0.98136990
       30     0.00000053     0.01763262     0.98236685
       31     0.00000056     0.01656756     0.98343188
       32     0.00000058     0.01532640     0.98467302
       33     0.00000061     0.01385088     0.98614851
       34     0.00000067     0.01211957     0.98787975
       35     0.00000071     0.01017098     0.98982832
       36     0.00000072     0.00821623     0.99178305
       37     0.00000076     0.00706231     0.99293693
       38     0.00000079     0.00992806     0.99007115
       39     0.00000079     0.03193201     0.96806720
       40     0.00000075     0.14925328     0.85074597
       41     0.00000076     0.46136206     0.53863717
       42     0.00000090     0.73707580     0.26292330
       43     0.00000091     0.83700627     0.16299282
       44     0.00000081     0.87142888     0.12857030
       45     0.00000083     0.88586170     0.11413747
       46     0.00000090     0.89251950     0.10747960
       47     0.00000089     0.89557478     0.10442433
       48     0.00000084     0.89679602     0.10320314
       49     0.00000086     0.89708623     0.10291291
       50     0.00000092     0.89696023     0.10303886
       51     0.00000092     0.89674333     0.10325575
       52     0.00000090     0.89665148     0.10334762
       53     0.00000093     0.89683582     0.10316325
       54     0.00000098     0.89741224     0.10258678
       55     0.00000099     0.89844871     0.10155030
       56     0.00000098     0.89999104     0.10000798
       57     0.00000099     0.90205134     0.09794767
       58     0.00000101     0.90460775     0.09539124
       59     0.00000101     0.90761690     0.09238209
       60     0.00000099     0.91099528     0.08900373
       61     0.00000097     0.91463192     0.08536711
       62     0.00000098     0.91840125     0.08159777
       63     0.00000099     0.92216621     0.07783280
       64     0.00000099     0.92579410     0.07420491
       65     0.00000101     0.92916525     0.07083374
       66     0.00000106     0.93219930     0.06779963
       67     0.00000116     0.93484428     0.06515457
       68     0.00000127     0.93708689     0.06291184
       69     0.00000139     0.93894301     0.06105560
       70     0.00000154     0.94045457     0.05954390
       71     0.00000171     0.94167169     0.05832660
       72     0.00000188     0.94264444     0.05735368
       73     0.00000204     0.94341559     0.05658237
       74     0.00000215     0.94401912     0.05597873
       75     0.00000223     0.94447868     0.05551909
       76     0.00000227     0.94481543     0.05518230
       77     0.00000227     0.94505384     0.05494389
       78     0.00000221     0.94522738     0.05477041
       79     0.00000210     0.94538500     0.05461290
       80     0.00000195     0.94559202     0.05440603
       81     0.00000180     0.94592451     0.05407369
       82     0.00000163     0.94646249     0.05353588
       83     0.00000145     0.94727886     0.05271969
       84     0.00000128     0.94842880     0.05156993
       85     0.00000113     0.94993629     0.05006258
       86     0.00000100     0.95178937     0.04820962
       87     0.00000092     0.95393387     0.04606522
       88     0.00000087     0.95627545     0.04372368
       89     0.00000086     0.95868895     0.04131019
       90     0.00000090     0.96103077     0.03896833
       91     0.00000101     0.96315114     0.03684785
       92     0.00000118     0.96491634     0.03508249
       93     0.00000140     0.96622276     0.03377584
       94     0.00000167     0.96701373     0.03298460
       95     0.00000199     0.96729214     0.03270588
       96     0.00000233     0.96712344     0.03287422
       97     0.00000268     0.96664058     0.03335674
       98     0.00000299     0.96602504     0.03397197
       99     0.00000322     0.96549912     0.03449766
      100     0.00000333     0.96529221     0.03470446
      101     0.00000330     0.96561707     0.03437962
      102     0.00000315     0.96663049     0.03336636
      103     0.00000289     0.96840467     0.03159245
      104     0.00000259     0.97090561     0.02909180
      105     0.00000237     0.97398050     0.02601712
      106     0.00000234     0.97736986     0.02262780
      107     0.00000260     0.98073488     0.01926252
      108     0.00000318     0.98371866     0.01627816
      109     0.00000405     0.98601470     0.01398125
      110     0.00000506     0.98744632     0.01254862
      111     0.00000602     0.98802815     0.01196582
      112     0.00000673     0.98799149     0.01200178
      113     0.00000703     0.98774119     0.01225179
      114     0.00000688     0.98775457     0.01223854
      115     0.00000639     0.98842943     0.01156418
      116     0.00000577     0.98993284     0.01006139
      117     0.00000527     0.99211513     0.00787960
      118     0.00000511     0.99454406     0.00545083
      119     0.00000537     0.99665738     0.00333725
      120     0.00000598     0.99799336     0.00200066
