#     Density Matrix: population Re; see the manual for detail orders
        0     0.00000000     0.00000000     1.00000000
        1     0.00000000     0.00000701     0.99999299
        2     0.00000000     0.00004431     0.99995568
        3     0.00000001     0.00006157     0.99993842
        4     0.00000001     0.00003948     0.99996051
        5     0.00000002     0.00001064     0.99998933
        6     0.00000004     0.00000029     0.99999966
        7     0.00000008     0.00000028     0.99999965
        8     0.00000013     0.00000092     0.99999896
        9     0.00000019     0.00001778     0.99998204
       10     0.00000024     0.00007875     0.99992101
       11     0.00000027     0.00021236     0.99978737
       12     0.00000030     0.00049031     0.99950939
       13     0.00000031     0.00116667     0.99883301
       14     0.00000031     0.00318227     0.99681742
       15     0.00000017     0.52485070     0.47514913
       16     0.00000010     0.80869038     0.19130951
       17     0.00000016     0.21819730     0.78180254
       18     0.00000065     0.04299697     0.95700238
       19     0.00000003     0.39845146     0.60154851
       20     0.00000018     0.59848263     0.40151719
       21     0.00000018     0.69045677     0.30954305
       22     0.00000012     0.73640395     0.26359594
       23     0.00000016     0.76472882     0.23527103
       24     0.00000011     0.78471182     0.21528808
       25     0.00000007     0.79995162     0.20004830
       26     0.00000011     0.81200187     0.18799802
       27     0.00000007     0.82166880     0.17833113
       28     0.00000002     0.82942151     0.17057846
       29     0.00000004     0.83562422     0.16437574
       30     0.00000004     0.84057655     0.15942341
       31     0.00000001     0.84454880     0.15545119
       32     0.00000001     0.84780788     0.15219211
       33     0.00000001     0.85058825     0.14941173
       34     0.00000001     0.85306292     0.14693707
       35     0.00000000     0.85532862     0.14467137
       36     0.00000000     0.85739400     0.14260599
       37     0.00000001     0.85917854     0.14082146
       38     0.00000001     0.86056480     0.13943519
       39     0.00000001     0.86145032     0.13854968
       40     0.00000001     0.86180511     0.13819488
       41     0.00000001     0.86184542     0.13815458
       42     0.00000000     0.86203962     0.13796037
       43     0.00000001     0.86339040     0.13660960
       44     0.00000001     0.86756660     0.13243338
       45     0.00000001     0.87659321     0.12340678
       46     0.00000000     0.89276541     0.10723459
       47     0.00000000     0.91792424     0.08207576
       48     0.00000000     0.95143288     0.04856712
       49     0.00000000     0.98520766     0.01479234
       50     0.00000000     0.99300206     0.00699794
       51     0.00000001     0.92214698     0.07785301
       52     0.00000004     0.75444417     0.24555579
       53     0.00000010     0.61966301     0.38033689
       54     0.00000011     0.63659002     0.36340987
       55     0.00000007     0.74757984     0.25242009
       56     0.00000004     0.85857520     0.14142477
       57     0.00000002     0.93057874     0.06942125
       58     0.00000001     0.96350288     0.03649711
       59     0.00000000     0.97151106     0.02848894
       60     0.00000001     0.96961346     0.03038653
       61     0.00000001     0.96794250     0.03205750
       62     0.00000001     0.97048228     0.02951772
       63     0.00000001     0.97656115     0.02343884
       64     0.00000001     0.98343698     0.01656301
       65     0.00000001     0.98868030     0.01131969
       66     0.00000000     0.99143304     0.00856695
       67     0.00000000     0.99234671     0.00765329
       68     0.00000000     0.99266803     0.00733197
       69     0.00000000     0.99329090     0.00670910
       70     0.00000000     0.99434834     0.00565166
       71     0.00000001     0.99545792     0.00454207
       72     0.00000000     0.99623657     0.00376342
       73     0.00000000     0.99662699     0.00337301
       74     0.00000000     0.99683390     0.00316610
       75     0.00000000     0.99705155     0.00294845
       76     0.00000001     0.99729913     0.00270086
       77     0.00000001     0.99750160     0.00249839
       78     0.00000000     0.99765025     0.00234975
       79     0.00000001     0.99781935     0.00218064
       80     0.00000002     0.99804506     0.00195491
       81     0.00000001     0.99822591     0.00177408
       82     0.00000001     0.99822947     0.00177051
       83     0.00000003     0.99813356     0.00186641
       84     0.00000003     0.99816010     0.00183987
       85     0.00000002     0.99839986     0.00160011
       86     0.00000004     0.99869764     0.00130231
       87     0.00000006     0.99880073     0.00119922
       88     0.00000004     0.99866340     0.00133656
       89     0.00000005     0.99853293     0.00146702
       90     0.00000007     0.99867307     0.00132687
       91     0.00000007     0.99904091     0.00095902
       92     0.00000006     0.99932607     0.00067387
       93     0.00000008     0.99930388     0.00069604
       94     0.00000009     0.99909098     0.00090893
       95     0.00000008     0.99901305     0.00098687
       96     0.00000008     0.99923559     0.00076433
       97     0.00000009     0.99959066     0.00040925
       98     0.00000010     0.99977338     0.00022652
       99     0.00000009     0.99966658     0.00033333
      100     0.00000009     0.99944695     0.00055296
      101     0.00000009     0.99938205     0.00061787
      102     0.00000009     0.99956021     0.00043970
      103     0.00000010     0.99982778     0.00017212
      104     0.00000010     0.99995574     0.00004417
      105     0.00000009     0.99986113     0.00013878
      106     0.00000008     0.99966675     0.00033316
      107     0.00000009     0.99956991     0.00043000
      108     0.00000008     0.99965970     0.00034021
      109     0.00000008     0.99985352     0.00014640
      110     0.00000008     0.99998681     0.00001311
      111     0.00000007     0.99996201     0.00003792
      112     0.00000006     0.99982384     0.00017610
      113     0.00000006     0.99970534     0.00029460
      114     0.00000006     0.99970875     0.00029119
      115     0.00000006     0.99982522     0.00017472
      116     0.00000007     0.99995463     0.00004530
      117     0.00000005     0.99999937     0.00000058
      118     0.00000004     0.99994292     0.00005705
      119     0.00000006     0.99985013     0.00014982
      120     0.00000008     0.99980614     0.00019379
