#     Density Matrix: population Re; see the manual for detail orders
        0     0.00000000     0.00000000     1.00000000
        1     0.00000011     0.00000468     0.99999521
        2     0.00000012     0.00004968     0.99995019
        3     0.00000021     0.00016078     0.99983901
        4     0.00000022     0.00034148     0.99965830
        5     0.00000030     0.00061036     0.99938934
        6     0.00000038     0.00112969     0.99886993
        7     0.00000036     0.00254097     0.99745867
        8     0.00000055     0.00704517     0.99295428
        9     0.00000032     0.02302225     0.97697743
       10     0.00000063     0.08792752     0.91207185
       11     0.00000017     0.31962151     0.68037832
       12     0.00000049     0.61511152     0.38488798
       13     0.00000022     0.50489853     0.49510125
       14     0.00000152     0.37857830     0.62142019
       15     0.00000056     0.30460832     0.69539112
       16     0.00000065     0.25673829     0.74326106
       17     0.00000122     0.22191916     0.77807961
       18     0.00000017     0.19355135     0.80644847
       19     0.00000062     0.16814875     0.83185063
       20     0.00000076     0.14425704     0.85574220
       21     0.00000001     0.12158855     0.87841144
       22     0.00000065     0.10055612     0.89944324
       23     0.00000079     0.08174593     0.91825328
       24     0.00000001     0.06556971     0.93443028
       25     0.00000052     0.05216229     0.94783718
       26     0.00000069     0.04128980     0.95870952
       27     0.00000003     0.03257649     0.96742348
       28     0.00000034     0.02552618     0.97447348
       29     0.00000051     0.01973897     0.98026052
       30     0.00000005     0.01504225     0.98495770
       31     0.00000019     0.01121208     0.98878773
       32     0.00000000     1.00000000     0.00000000
       33     0.00000002     0.99991773     0.00008225
       34     0.00000002     0.99958247     0.00041751
       35     0.00000000     0.99881408     0.00118592
       36     0.00000001     0.99736220     0.00263779
       37     0.00000002     0.99488982     0.00511016
       38     0.00000002     0.99092896     0.00907102
       39     0.00000000     0.98485260     0.01514740
       40     0.00000002     0.97578121     0.02421877
       41     0.00000002     0.96230276     0.03769722
       42     0.00000000     0.94203481     0.05796519
       43     0.00000004     0.91076381     0.08923615
       44     0.00000006     0.86230998     0.13768996
       45     0.00000004     0.79594144     0.20405853
       46     0.00000008     0.73715296     0.26284696
       47     0.00000016     0.73057383     0.26942601
       48     0.00000008     0.78190080     0.21809912
       49     0.00000003     0.85492569     0.14507428
       50     0.00000011     0.91844842     0.08155147
       51     0.00000004     0.96051472     0.03948524
       52     0.00000001     0.98080117     0.01919882
       53     0.00000004     0.98405566     0.01594430
       54     0.00000001     0.97750718     0.02249281
       55     0.00000003     0.96883290     0.03116706
       56     0.00000000     0.96375038     0.03624962
       57     0.00000005     0.96421605     0.03578390
       58     0.00000005     0.96872798     0.03127197
       59     0.00000000     0.97421633     0.02578367
       60     0.00000005     0.97810095     0.02189901
       61     0.00000001     0.97947798     0.02052202
       62     0.00000003     0.97915258     0.02084739
       63     0.00000001     0.97869421     0.02130578
       64     0.00000001     0.97921205     0.02078793
       65     0.00000003     0.98067146     0.01932851
       66     0.00000002     0.98233714     0.01766284
       67     0.00000001     0.98359242     0.01640757
       68     0.00000003     0.98440605     0.01559392
       69     0.00000008     0.98499775     0.01500217
       70     0.00000001     0.98565762     0.01434236
       71     0.00000002     0.98630706     0.01369292
       72     0.00000009     0.98674915     0.01325076
       73     0.00000006     0.98701978     0.01298016
       74     0.00000001     0.98744700     0.01255299
       75     0.00000013     0.98826873     0.01173115
       76     0.00000015     0.98924301     0.01075683
       77     0.00000003     0.98977904     0.01022093
       78     0.00000011     0.98952765     0.01047224
       79     0.00000025     0.98893870     0.01106106
       80     0.00000013     0.98893544     0.01106443
       81     0.00000010     0.98997150     0.01002841
       82     0.00000000     1.00000000     0.00000000
       83     0.00000052     0.99995357     0.00004591
       84     0.00000084     0.99984686     0.00015231
       85     0.00000018     0.99977214     0.00022769
       86     0.00000020     0.99980035     0.00019945
       87     0.00000098     0.99990576     0.00009325
       88     0.00000072     0.99997986     0.00001942
       89     0.00000004     0.99992946     0.00007050
       90     0.00000062     0.99977274     0.00022664
       91     0.00000123     0.99963430     0.00036446
       92     0.00000051     0.99963160     0.00036789
       93     0.00000012     0.99976175     0.00023813
       94     0.00000102     0.99990026     0.00009872
       95     0.00000131     0.99991102     0.00008767
       96     0.00000038     0.99976564     0.00023398
       97     0.00000024     0.99957041     0.00042935
       98     0.00000123     0.99947892     0.00051985
       99     0.00000133     0.99956257     0.00043610
      100     0.00000036     0.99975017     0.00024948
      101     0.00000028     0.99988941     0.00011030
      102     0.00000125     0.99986916     0.00012960
      103     0.00000135     0.99972179     0.00027686
      104     0.00000041     0.99957549     0.00042410
      105     0.00000020     0.99954627     0.00045352
      106     0.00000108     0.99965542     0.00034350
      107     0.00000137     0.99982802     0.00017061
      108     0.00000055     0.99994722     0.00005224
      109     0.00000008     0.99994817     0.00005175
      110     0.00000074     0.99986186     0.00013740
      111     0.00000128     0.99977758     0.00022114
      112     0.00000076     0.99976810     0.00023113
      113     0.00000008     0.99983806     0.00016186
      114     0.00000034     0.99993294     0.00006672
      115     0.00000102     0.99999123     0.00000776
      116     0.00000096     0.99999112     0.00000793
      117     0.00000027     0.99995679     0.00004294
      118     0.00000004     0.99992817     0.00007179
      119     0.00000056     0.99992617     0.00007327
      120     0.00000096     0.99994252     0.00005652
