#     Density Matrix: population Re; see the manual for detail orders
        0     0.00000000     0.00000000     1.00000000
        1     0.00000001     0.00000766     0.99999233
        2     0.00000001     0.00005132     0.99994867
        3     0.00000001     0.00008722     0.99991278
        4     0.00000003     0.00008991     0.99991007
        5     0.00000005     0.00006629     0.99993367
        6     0.00000008     0.00003839     0.99996154
        7     0.00000013     0.00002378     0.99997609
        8     0.00000016     0.00002602     0.99997382
        9     0.00000025     0.00003795     0.99996180
       10     0.00000027     0.00005083     0.99994890
       11     0.00000043     0.00005896     0.99994061
       12     0.00000038     0.00005632     0.99994330
       13     0.00000060     0.00003463     0.99996476
       14     0.00000049     0.00005892     0.99994059
       15     0.00000068     0.00391812     0.99608120
       16     0.00000056     0.00433993     0.99565951
       17     0.00000066     0.02653321     0.97346612
       18     0.00000079     0.01567610     0.98432311
       19     0.00000060     0.01482971     0.98516969
       20     0.00000085     0.01482348     0.98517567
       21     0.00000072     0.01450700     0.98549229
       22     0.00000073     0.01360454     0.98639473
       23     0.00000093     0.01211415     0.98788492
       24     0.00000068     0.01016013     0.98983919
       25     0.00000000     0.00000000     1.00000000
       26     0.00000263     0.00019282     0.99980455
       27     0.00000242     0.00088414     0.99911344
       28     0.00000001     0.00227845     0.99772154
       29     0.00000260     0.00464677     0.99535063
       30     0.00000258     0.00837085     0.99162657
       31     0.00000003     0.01401366     0.98598631
       32     0.00000204     0.02246745     0.97753051
       33     0.00000328     0.03518991     0.96480681
       34     0.00000043     0.05459992     0.94539964
       35     0.00000104     0.08483524     0.91516372
       36     0.00000344     0.13282919     0.86716738
       37     0.00000150     0.20892701     0.79107149
       38     0.00000011     0.32347167     0.67652822
       39     0.00000287     0.48174412     0.51825301
       40     0.00000353     0.64992451     0.35007196
       41     0.00000052     0.77123136     0.22876811
       42     0.00000089     0.84080374     0.15919537
       43     0.00000384     0.87822733     0.12176882
       44     0.00000278     0.89874302     0.10125420
       45     0.00000008     0.91041124     0.08958867
       46     0.00000160     0.91726216     0.08273624
       47     0.00000408     0.92141636     0.07857956
       48     0.00000234     0.92409780     0.07589985
       49     0.00000002     0.92609977     0.07390021
       50     0.00000182     0.92822333     0.07177484
       51     0.00000406     0.93053710     0.06945885
       52     0.00000232     0.93308465     0.06691303
       53     0.00000004     0.93591478     0.06408518
       54     0.00000150     0.93901770     0.06098080
       55     0.00000393     0.94235420     0.05764187
       56     0.00000294     0.94586606     0.05413099
       57     0.00000035     0.94947743     0.05052222
       58     0.00000067     0.95310446     0.04689487
       59     0.00000335     0.95666928     0.04332737
       60     0.00000392     0.96010161     0.03989447
       61     0.00000148     0.96333252     0.03666600
       62     0.00000001     0.96629541     0.03370457
       63     0.00000210     0.96893749     0.03106041
       64     0.00000477     0.97122756     0.02876767
       65     0.00000388     0.97315545     0.02684067
       66     0.00000077     0.97472503     0.02527420
       67     0.00000048     0.97595945     0.02404007
       68     0.00000384     0.97690683     0.02308932
       69     0.00000585     0.97763303     0.02236112
       70     0.00000344     0.97821635     0.02178020
       71     0.00000033     0.97872526     0.02127441
       72     0.00000135     0.97921392     0.02078473
       73     0.00000511     0.97973482     0.02026007
       74     0.00000615     0.98032656     0.01966729
       75     0.00000301     0.98100861     0.01898837
       76     0.00000021     0.98178087     0.01821892
       77     0.00000152     0.98263554     0.01736294
       78     0.00000498     0.98356454     0.01643049
       79     0.00000593     0.98455929     0.01543478
       80     0.00000327     0.98560769     0.01438904
       81     0.00000040     0.98668974     0.01330985
       82     0.00000076     0.98777862     0.01222062
       83     0.00000394     0.98884211     0.01115395
       84     0.00000630     0.98984362     0.01015008
       85     0.00000000     1.00000000     0.00000000
       86     0.00000302     0.99998414     0.00001285
       87     0.00000848     0.99993514     0.00005638
       88     0.00001005     0.99985434     0.00013561
       89     0.00000590     0.99974275     0.00025135
       90     0.00000087     0.99960036     0.00039877
       91     0.00000083     0.99943301     0.00056616
       92     0.00000590     0.99925858     0.00073552
       93     0.00001043     0.99910513     0.00088444
       94     0.00000948     0.99900139     0.00098913
       95     0.00000415     0.99896671     0.00102914
       96     0.00000022     0.99900719     0.00099259
       97     0.00000179     0.99911724     0.00088097
       98     0.00000719     0.99928218     0.00071063
       99     0.00001094     0.99947703     0.00051203
      100     0.00000929     0.99966560     0.00032510
      101     0.00000392     0.99980446     0.00019162
      102     0.00000024     0.99985470     0.00014505
      103     0.00000220     0.99979740     0.00020040
      104     0.00000828     0.99964420     0.00034752
      105     0.00001285     0.99943682     0.00055032
      106     0.00001154     0.99923497     0.00075349
      107     0.00000562     0.99909849     0.00089590
      108     0.00000091     0.99907069     0.00092840
      109     0.00000225     0.99916540     0.00083235
      110     0.00000902     0.99936155     0.00062944
      111     0.00001573     0.99960540     0.00037888
      112     0.00001679     0.99982255     0.00016067
      113     0.00001131     0.99993977     0.00004893
      114     0.00000435     0.99991414     0.00008151
      115     0.00000277     0.99975607     0.00024116
      116     0.00000914     0.99953561     0.00045525
      117     0.00001908     0.99935762     0.00062329
      118     0.00002492     0.99931473     0.00066035
      119     0.00002236     0.99943734     0.00054030
      120     0.00001393     0.99966969     0.00031638
