#     Density Matrix: population Re; see the manual for detail orders
        0     0.00000000     0.00000000     1.00000000
        1     0.00000002     0.00000684     0.99999314
        2     0.00000002     0.00004210     0.99995787
        3     0.00000010     0.00005882     0.99994108
        4     0.00000012     0.00004850     0.99995138
        5     0.00000031     0.00004380     0.99995589
        6     0.00000035     0.00005425     0.99994540
        7     0.00000061     0.00005183     0.99994756
        8     0.00000066     0.00002363     0.99997571
        9     0.00000093     0.00001906     0.99998001
       10     0.00000093     0.00014686     0.99985221
       11     0.00000119     0.00055521     0.99944361
       12     0.00000109     0.00150722     0.99849169
       13     0.00000130     0.00393976     0.99605895
       14     0.00000111     0.01323215     0.98676674
       15     0.00000120     0.08325804     0.91674076
       16     0.00000073     0.59912958     0.40086969
       17     0.00000012     0.63255360     0.36744628
       18     0.00000138     0.31671349     0.68328513
       19     0.00000017     0.25254834     0.74745149
       20     0.00000118     0.22006816     0.77993066
       21     0.00000110     0.20450549     0.79549341
       22     0.00000023     0.19835294     0.80164684
       23     0.00000158     0.19733205     0.80266637
       24     0.00000074     0.19892403     0.80107523
       25     0.00000043     0.20162857     0.79837100
       26     0.00000160     0.20452167     0.79547673
       27     0.00000056     0.20703121     0.79296823
       28     0.00000041     0.20877286     0.79122672
       29     0.00000148     0.20941791     0.79058061
       30     0.00000058     0.20857049     0.79142893
       31     0.00000025     0.20560144     0.79439831
       32     0.00000124     0.19927825     0.80072051
       33     0.00000072     0.18673317     0.81326611
       34     0.00000009     0.15938704     0.84061288
       35     0.00000087     0.07733777     0.92266136
       36     0.00000071     0.05586347     0.94413583
       37     0.00000000     0.42836770     0.57163229
       38     0.00000101     0.55044787     0.44955112
       39     0.00000132     0.58386625     0.41613243
       40     0.00000017     0.59896422     0.40103561
       41     0.00000039     0.60769340     0.39230621
       42     0.00000140     0.61367278     0.38632582
       43     0.00000074     0.61834323     0.38165602
       44     0.00000001     0.62235567     0.37764432
       45     0.00000093     0.62601013     0.37398894
       46     0.00000133     0.62942853     0.37057014
       47     0.00000028     0.63263239     0.36736734
       48     0.00000022     0.63557521     0.36442457
       49     0.00000127     0.63817873     0.36182000
       50     0.00000103     0.64035671     0.35964226
       51     0.00000005     0.64202469     0.35797526
       52     0.00000049     0.64311869     0.35688082
       53     0.00000130     0.64361166     0.35638704
       54     0.00000071     0.64352274     0.35647655
       55     0.00000002     0.64291541     0.35708457
       56     0.00000057     0.64189642     0.35810300
       57     0.00000110     0.64061151     0.35938738
       58     0.00000057     0.63923026     0.36076917
       59     0.00000006     0.63792278     0.36207716
       60     0.00000042     0.63684158     0.36315800
       61     0.00000092     0.63610113     0.36389795
       62     0.00000073     0.63576666     0.36423261
       63     0.00000015     0.63583685     0.36416300
       64     0.00000018     0.63624069     0.36375913
       65     0.00000098     0.63685721     0.36314181
       66     0.00000129     0.63751519     0.36248353
       67     0.00000044     0.63801815     0.36198141
       68     0.00000008     0.63818195     0.36181798
       69     0.00000134     0.63786180     0.36213686
       70     0.00000221     0.63697633     0.36302146
       71     0.00000106     0.63552346     0.36447548
       72     0.00000019     0.63358076     0.36641905
       73     0.00000170     0.63128275     0.36871556
       74     0.00000308     0.62883420     0.37116272
       75     0.00000181     0.62646865     0.37352954
       76     0.00000032     0.62439941     0.37560027
       77     0.00000140     0.62282070     0.37717789
       78     0.00000289     0.62188138     0.37811573
       79     0.00000198     0.62167410     0.37832392
       80     0.00000030     0.62222890     0.37777080
       81     0.00000028     0.62351252     0.37648720
       82     0.00000111     0.62543530     0.37456359
       83     0.00000132     0.62785983     0.37213885
       84     0.00000110     0.63058362     0.36941527
       85     0.00000060     0.63333229     0.36666710
       86     0.00000010     0.63577017     0.36422973
       87     0.00000130     0.63751846     0.36248024
       88     0.00000415     0.63819404     0.36180180
       89     0.00000515     0.63746928     0.36252558
       90     0.00000313     0.63514948     0.36484739
       91     0.00000265     0.63126437     0.36873298
       92     0.00000620     0.62613173     0.37386207
       93     0.00000887     0.62038002     0.37961111
       94     0.00000646     0.61490774     0.38508580
       95     0.00000265     0.61076052     0.38923683
       96     0.00000235     0.60892569     0.39107196
       97     0.00000380     0.61010977     0.38988643
       98     0.00000323     0.61451924     0.38547753
       99     0.00000147     0.62171033     0.37828820
      100     0.00000075     0.63056782     0.36943143
      101     0.00000050     0.63944928     0.36055022
      102     0.00000070     0.64649366     0.35350563
      103     0.00000378     0.65003931     0.34995692
      104     0.00000894     0.64906118     0.35092988
      105     0.00001087     0.64351324     0.35647589
      106     0.00000810     0.63445415     0.36553775
      107     0.00000628     0.62390331     0.37609041
      108     0.00000876     0.61441138     0.38557986
      109     0.00001077     0.60841851     0.39157072
      110     0.00000775     0.60757262     0.39241963
      111     0.00000272     0.61218976     0.38780752
      112     0.00000037     0.62105443     0.37894520
      113     0.00000018     0.63163471     0.36836511
      114     0.00000112     0.64076017     0.35923870
      115     0.00000587     0.64560320     0.35439093
      116     0.00001418     0.64457214     0.35541368
      117     0.00001907     0.63796772     0.36201321
      118     0.00001633     0.62802862     0.37195505
      119     0.00001140     0.61829514     0.38169346
      120     0.00000991     0.61242560     0.38756449
