#     Density Matrix: population Re; see the manual for detail orders
        0     0.00000000     0.00000000     1.00000000
        1     0.00000000     0.00000248     0.99999752
        2     0.00000002     0.00001690     0.99998308
        3     0.00000005     0.00002918     0.99997077
        4     0.00000009     0.00002957     0.99997034
        5     0.00000015     0.00001885     0.99998100
        6     0.00000021     0.00000507     0.99999472
        7     0.00000029     0.00000072     0.99999899
        8     0.00000035     0.00002155     0.99997809
        9     0.00000043     0.00008821     0.99991137
       10     0.00000048     0.00024490     0.99975462
       11     0.00000052     0.00070170     0.99929777
       12     0.00000056     0.00355562     0.99644382
       13     0.00000050     0.26504347     0.73495603
       14     0.00000018     0.25459852     0.74540130
       15     0.00000281     0.27962317     0.72037402
       16     0.00000061     0.26278357     0.73721583
       17     0.00000169     0.25334997     0.74664833
       18     0.00000218     0.24863576     0.75136206
       19     0.00000031     0.24702403     0.75297567
       20     0.00000244     0.24754233     0.75245523
       21     0.00000099     0.24962143     0.75037758
       22     0.00000097     0.25296025     0.74703878
       23     0.00000234     0.25742791     0.74256976
       24     0.00000049     0.26296167     0.73703784
       25     0.00000150     0.26958270     0.73041580
       26     0.00000201     0.27733546     0.72266253
       27     0.00000040     0.28633571     0.71366389
       28     0.00000172     0.29667303     0.70332525
       29     0.00000184     0.30845429     0.69154387
       30     0.00000041     0.32181188     0.67818771
       31     0.00000168     0.33668686     0.66331146
       32     0.00000186     0.35290367     0.64709447
       33     0.00000047     0.37001076     0.62998877
       34     0.00000143     0.38694907     0.61304950
       35     0.00000198     0.40176361     0.59823441
       36     0.00000064     0.41032996     0.58966939
       37     0.00000104     0.40990792     0.59009104
       38     0.00000205     0.40097286     0.59902509
       39     0.00000104     0.38506868     0.61493028
       40     0.00000063     0.36525265     0.63474672
       41     0.00000182     0.34744266     0.65255552
       42     0.00000163     0.34713270     0.65286567
       43     0.00000056     0.42939272     0.57060671
       44     0.00000124     0.70283721     0.29716156
       45     0.00000194     0.83045905     0.16953901
       46     0.00000101     0.84290422     0.15709477
       47     0.00000072     0.84361537     0.15638390
       48     0.00000162     0.84395214     0.15604624
       49     0.00000154     0.84547659     0.15452187
       50     0.00000079     0.84805732     0.15194189
       51     0.00000104     0.85141716     0.14858180
       52     0.00000155     0.85533326     0.14466518
       53     0.00000123     0.85965769     0.14034108
       54     0.00000089     0.86430719     0.13569191
       55     0.00000118     0.86924538     0.13075344
       56     0.00000136     0.87445817     0.12554046
       57     0.00000113     0.87992711     0.12007176
       58     0.00000103     0.88561053     0.11438844
       59     0.00000120     0.89143586     0.10856294
       60     0.00000125     0.89730226     0.10269650
       61     0.00000111     0.90309133     0.09690755
       62     0.00000109     0.90868309     0.09131582
       63     0.00000122     0.91397193     0.08602685
       64     0.00000123     0.91887710     0.08112168
       65     0.00000107     0.92334677     0.07665216
       66     0.00000108     0.92735780     0.07264112
       67     0.00000129     0.93091256     0.06908615
       68     0.00000129     0.93403357     0.06596515
       69     0.00000099     0.93675683     0.06324218
       70     0.00000100     0.93912618     0.06087281
       71     0.00000142     0.94119004     0.05880854
       72     0.00000142     0.94299808     0.05700050
       73     0.00000089     0.94459687     0.05540224
       74     0.00000089     0.94602729     0.05397182
       75     0.00000157     0.94732504     0.05267339
       76     0.00000161     0.94852007     0.05147832
       77     0.00000083     0.94963381     0.05036535
       78     0.00000077     0.95067907     0.04932016
       79     0.00000167     0.95166376     0.04833457
       80     0.00000180     0.95259304     0.04740516
       81     0.00000087     0.95346810     0.04653103
       82     0.00000066     0.95428729     0.04571205
       83     0.00000161     0.95505079     0.04494760
       84     0.00000189     0.95576263     0.04423547
       85     0.00000101     0.95642782     0.04357117
       86     0.00000063     0.95705097     0.04294840
       87     0.00000137     0.95763865     0.04235998
       88     0.00000179     0.95820000     0.04179821
       89     0.00000121     0.95874311     0.04125568
       90     0.00000074     0.95927298     0.04072629
       91     0.00000110     0.95979338     0.04020552
       92     0.00000154     0.96030850     0.03968996
       93     0.00000136     0.96082155     0.03917709
       94     0.00000095     0.96133389     0.03866516
       95     0.00000096     0.96184712     0.03815192
       96     0.00000129     0.96236507     0.03763365
       97     0.00000140     0.96289334     0.03710527
       98     0.00000113     0.96343796     0.03656092
       99     0.00000095     0.96400492     0.03599413
      100     0.00000120     0.96459952     0.03539928
      101     0.00000140     0.96522474     0.03477385
      102     0.00000113     0.96587948     0.03411939
      103     0.00000091     0.96655833     0.03344075
      104     0.00000123     0.96725028     0.03274850
      105     0.00000146     0.96794660     0.03205194
      106     0.00000112     0.96863992     0.03135896
      107     0.00000083     0.96932241     0.03067676
      108     0.00000114     0.96999014     0.03000872
      109     0.00000160     0.97064203     0.02935636
      110     0.00000152     0.97127885     0.02871963
      111     0.00000092     0.97190114     0.02809794
      112     0.00000060     0.97250569     0.02749371
      113     0.00000136     0.97308627     0.02691236
      114     0.00000244     0.97364159     0.02635597
      115     0.00000195     0.97416569     0.02583236
      116     0.00000034     0.97465923     0.02534044
      117     0.00000074     0.97513312     0.02486615
      118     0.00000332     0.97560562     0.02439106
      119     0.00000390     0.97609622     0.02389989
      120     0.00000125     0.97662448     0.02337426
