#     Density Matrix: population Re; see the manual for detail orders
        0     0.00000000     0.00000000     1.00000000
        1     0.00000000     0.00000503     0.99999497
        2     0.00000000     0.00003590     0.99996409
        3     0.00000001     0.00006131     0.99993868
        4     0.00000002     0.00005396     0.99994602
        5     0.00000005     0.00002934     0.99997062
        6     0.00000011     0.00001814     0.99998176
        7     0.00000020     0.00001943     0.99998036
        8     0.00000034     0.00001447     0.99998519
        9     0.00000049     0.00002924     0.99997027
       10     0.00000065     0.00016209     0.99983726
       11     0.00000079     0.00057467     0.99942454
       12     0.00000092     0.00157386     0.99842522
       13     0.00000101     0.00417664     0.99582235
       14     0.00000105     0.01330361     0.98669534
       15     0.00000102     0.06227140     0.93772758
       16     0.00000073     0.36903716     0.63096211
       17     0.00000021     0.70755698     0.29244281
       18     0.00000115     0.43732039     0.56267846
       19     0.00000166     0.33010040     0.66989794
       20     0.00000002     0.29304781     0.70695217
       21     0.00000191     0.27061789     0.72938019
       22     0.00000078     0.25848612     0.74151310
       23     0.00000047     0.25308872     0.74691081
       24     0.00000199     0.25170561     0.74829240
       25     0.00000024     0.25238142     0.74761834
       26     0.00000092     0.25378636     0.74621272
       27     0.00000171     0.25506459     0.74493369
       28     0.00000007     0.25568864     0.74431130
       29     0.00000111     0.25533504     0.74466385
       30     0.00000157     0.25378444     0.74621399
       31     0.00000005     0.25084450     0.74915545
       32     0.00000108     0.24628508     0.75371384
       33     0.00000162     0.23977274     0.76022564
       34     0.00000011     0.23078688     0.76921301
       35     0.00000085     0.21848543     0.78151372
       36     0.00000180     0.20146598     0.79853221
       37     0.00000036     0.17733040     0.82266924
       38     0.00000044     0.14204204     0.85795751
       39     0.00000187     0.09105190     0.90894623
       40     0.00000091     0.04215279     0.95784630
       41     0.00000006     0.10164766     0.89835227
       42     0.00000164     0.29106165     0.70893672
       43     0.00000188     0.45261385     0.54738426
       44     0.00000019     0.56091611     0.43908370
       45     0.00000064     0.65282128     0.34717808
       46     0.00000205     0.75852478     0.24147317
       47     0.00000103     0.86484168     0.13515730
       48     0.00000005     0.93590598     0.06409398
       49     0.00000166     0.96890813     0.03109020
       50     0.00000217     0.97898998     0.02100784
       51     0.00000037     0.97901583     0.02098380
       52     0.00000061     0.97560399     0.02439539
       53     0.00000253     0.97166996     0.02832752
       54     0.00000172     0.96842625     0.03157203
       55     0.00000009     0.96630401     0.03369591
       56     0.00000152     0.96533567     0.03466281
       57     0.00000290     0.96531072     0.03468639
       58     0.00000111     0.96581417     0.03418471
       59     0.00000028     0.96622243     0.03377729
       60     0.00000249     0.96569933     0.03429818
       61     0.00000292     0.96319352     0.03680356
       62     0.00000063     0.95745693     0.04254244
       63     0.00000093     0.94713078     0.05286829
       64     0.00000343     0.93094335     0.06905322
       65     0.00000255     0.90802842     0.09196903
       66     0.00000033     0.87837346     0.12162621
       67     0.00000195     0.84337017     0.15662788
       68     0.00000358     0.80630922     0.19368720
       69     0.00000133     0.77251999     0.22747868
       70     0.00000028     0.74882187     0.25117785
       71     0.00000207     0.74202288     0.25797505
       72     0.00000194     0.75657148     0.24342658
       73     0.00000031     0.79207070     0.20792899
       74     0.00000015     0.84188695     0.15811290
       75     0.00000107     0.89402645     0.10597249
       76     0.00000183     0.93455732     0.06544086
       77     0.00000085     0.95260061     0.04739854
       78     0.00000012     0.94478229     0.05521758
       79     0.00000227     0.91696505     0.08303268
       80     0.00000234     0.88218023     0.11781743
       81     0.00000013     0.85533047     0.14466939
       82     0.00000080     0.84681672     0.15318248
       83     0.00000152     0.85801649     0.14198200
       84     0.00000087     0.88096347     0.11903565
       85     0.00000027     0.90270961     0.09729012
       86     0.00000034     0.91233033     0.08766933
       87     0.00000210     0.90681426     0.09318364
       88     0.00000135     0.89225907     0.10773959
       89     0.00000002     0.87941885     0.12058113
       90     0.00000125     0.87639567     0.12360308
       91     0.00000136     0.88343390     0.11656475
       92     0.00000072     0.89361690     0.10638238
       93     0.00000001     0.89883074     0.10116924
       94     0.00000156     0.89618251     0.10381592
       95     0.00000244     0.88958123     0.11041633
       96     0.00000034     0.88539464     0.11460503
       97     0.00000040     0.88653481     0.11346479
       98     0.00000179     0.89056156     0.10943665
       99     0.00000239     0.89309096     0.10690665
      100     0.00000055     0.89241251     0.10758694
      101     0.00000119     0.89039609     0.10960272
      102     0.00000373     0.88945079     0.11054548
      103     0.00000247     0.88977455     0.11022298
      104     0.00000043     0.89008152     0.10991805
      105     0.00000183     0.89003722     0.10996095
      106     0.00000613     0.89053057     0.10946330
      107     0.00000465     0.89160828     0.10838707
      108     0.00000115     0.89170063     0.10829822
      109     0.00000291     0.88994099     0.11005610
      110     0.00000774     0.88819965     0.11179261
      111     0.00000825     0.88907302     0.11091873
      112     0.00000394     0.89198545     0.10801061
      113     0.00000539     0.89323191     0.10676269
      114     0.00001012     0.89080101     0.10918887
      115     0.00001187     0.88758648     0.11240165
      116     0.00000875     0.88790083     0.11209041
      117     0.00000839     0.89155152     0.10844009
      118     0.00001457     0.89376735     0.10621807
      119     0.00001748     0.89152653     0.10845599
      120     0.00001573     0.88778060     0.11220368
