#     Density Matrix: population Re; see the manual for detail orders
        0     0.00000000     0.00000000     1.00000000
        1     0.00000001     0.00000362     0.99999637
        2     0.00000001     0.00001923     0.99998076
        3     0.00000000     0.00002333     0.99997667
        4     0.00000002     0.00002934     0.99997064
        5     0.00000002     0.00006464     0.99993535
        6     0.00000007     0.00012519     0.99987474
        7     0.00000005     0.00016974     0.99983020
        8     0.00000015     0.00017166     0.99982819
        9     0.00000013     0.00019244     0.99980743
       10     0.00000028     0.00041901     0.99958071
       11     0.00000026     0.00114808     0.99885166
       12     0.00000041     0.00278476     0.99721483
       13     0.00000042     0.00602360     0.99397598
       14     0.00000049     0.01253589     0.98746362
       15     0.00000058     0.02681136     0.97318806
       16     0.00000050     0.05983227     0.94016723
       17     0.00000067     0.12975441     0.87024492
       18     0.00000040     0.23613282     0.76386678
       19     0.00000051     0.32176821     0.67823128
       20     0.00000034     0.33470154     0.66529812
       21     0.00000052     0.29458549     0.70541398
       22     0.00000060     0.23972468     0.76027472
       23     0.00000060     0.19045609     0.80954332
       24     0.00000091     0.15340602     0.84659307
       25     0.00000077     0.12905399     0.87094525
       26     0.00000084     0.11553635     0.88446281
       27     0.00000100     0.11033787     0.88966113
       28     0.00000074     0.11107600     0.88892326
       29     0.00000078     0.11580069     0.88419853
       30     0.00000084     0.12304870     0.87695046
       31     0.00000060     0.13176286     0.86823654
       32     0.00000063     0.14116912     0.85883025
       33     0.00000072     0.15061384     0.84938543
       34     0.00000054     0.15939997     0.84059949
       35     0.00000054     0.16650843     0.83349103
       36     0.00000071     0.17008941     0.82990988
       37     0.00000063     0.16888003     0.83111935
       38     0.00000058     0.16257518     0.83742424
       39     0.00000081     0.15123655     0.84876264
       40     0.00000089     0.13502460     0.86497451
       41     0.00000078     0.11298923     0.88701000
       42     0.00000092     0.07493379     0.92506529
       43     0.00000086     0.05372215     0.94627700
       44     0.00000043     0.50818915     0.49181041
       45     0.00000145     0.62832762     0.37167094
       46     0.00000212     0.64834823     0.35164965
       47     0.00000115     0.65598828     0.34401058
       48     0.00000090     0.65988597     0.34011313
       49     0.00000228     0.66301389     0.33698383
       50     0.00000262     0.66756748     0.33242990
       51     0.00000138     0.67619701     0.32380161
       52     0.00000138     0.69444119     0.30555742
       53     0.00000290     0.71797747     0.28201963
       54     0.00000302     0.74488344     0.25511354
       55     0.00000161     0.77325714     0.22674125
       56     0.00000154     0.80146766     0.19853079
       57     0.00000299     0.82829718     0.17169983
       58     0.00000318     0.85297497     0.14702184
       59     0.00000178     0.87512196     0.12487626
       60     0.00000133     0.89465242     0.10534624
       61     0.00000257     0.91168003     0.08831740
       62     0.00000324     0.92643389     0.07356288
       63     0.00000218     0.93918902     0.06080880
       64     0.00000123     0.95021870     0.04978007
       65     0.00000201     0.95977250     0.04022549
       66     0.00000332     0.96806325     0.03193343
       67     0.00000316     0.97525848     0.02473836
       68     0.00000193     0.98147049     0.01852758
       69     0.00000187     0.98674850     0.01324963
       70     0.00000000     1.00000000     0.00000000
       71     0.00000616     0.99965077     0.00034307
       72     0.00001528     0.99859938     0.00138534
       73     0.00001288     0.99689722     0.00308989
       74     0.00000270     0.99466963     0.00532767
       75     0.00000141     0.99213280     0.00786579
       76     0.00001179     0.98961189     0.01037631
       77     0.00001800     0.98751476     0.01246725
       78     0.00001068     0.98625216     0.01373716
       79     0.00000105     0.98613863     0.01386032
       80     0.00000301     0.98730301     0.01269399
       81     0.00001317     0.98962771     0.01035911
       82     0.00000000     1.00000000     0.00000000
       83     0.00000811     0.99939111     0.00060077
       84     0.00002126     0.99772713     0.00225161
       85     0.00002089     0.99548672     0.00449239
       86     0.00000767     0.99335337     0.00663895
       87     0.00000000     0.99202169     0.00797831
       88     0.00000720     0.99197289     0.00801991
       89     0.00001834     0.99327449     0.00670718
       90     0.00001910     0.99549385     0.00448705
       91     0.00000909     0.99780693     0.00218398
       92     0.00000051     0.99931088     0.00068861
       93     0.00000389     0.99943241     0.00056370
       94     0.00001520     0.99822919     0.00175561
       95     0.00001973     0.99639804     0.00358223
       96     0.00001170     0.99494405     0.00504425
       97     0.00000180     0.99465348     0.00534471
       98     0.00000161     0.99564933     0.00434907
       99     0.00001027     0.99730321     0.00268652
      100     0.00001796     0.99859934     0.00138271
      101     0.00001582     0.99877268     0.00121150
      102     0.00000576     0.99782307     0.00217117
      103     0.00000013     0.99652598     0.00347389
      104     0.00000602     0.99587712     0.00411686
      105     0.00001627     0.99633798     0.00364575
      106     0.00001983     0.99746983     0.00251034
      107     0.00001300     0.99829907     0.00168792
      108     0.00000260     0.99815653     0.00184087
      109     0.00000102     0.99727170     0.00272729
      110     0.00001161     0.99654595     0.00344244
      111     0.00002358     0.99667196     0.00330447
      112     0.00002524     0.99744939     0.00252537
      113     0.00001502     0.99802019     0.00196478
      114     0.00000295     0.99780903     0.00218802
      115     0.00000325     0.99714290     0.00285384
      116     0.00001864     0.99683141     0.00314994
      117     0.00003670     0.99719154     0.00277176
      118     0.00004297     0.99770370     0.00225333
      119     0.00003237     0.99772312     0.00224451
      120     0.00001501     0.99730762     0.00267737
