#     Density Matrix: population Re; see the manual for detail orders
        0     0.00000000     0.00000000     1.00000000
        1     0.00000000     0.00000038     0.99999962
        2     0.00000002     0.00000407     0.99999591
        3     0.00000004     0.00001236     0.99998760
        4     0.00000007     0.00002235     0.99997757
        5     0.00000012     0.00003247     0.99996741
        6     0.00000016     0.00004911     0.99995073
        7     0.00000021     0.00008672     0.99991308
        8     0.00000025     0.00016527     0.99983448
        9     0.00000029     0.00031820     0.99968151
       10     0.00000033     0.00062481     0.99937486
       11     0.00000036     0.00129644     0.99870320
       12     0.00000022     0.55343553     0.44656425
       13     0.00000021     0.78891589     0.21108390
       14     0.00000087     0.50252024     0.49747889
       15     0.00000082     0.15394642     0.84605276
       16     0.00000029     0.00843414     0.99156557
       17     0.00000053     0.10677426     0.89322520
       18     0.00000011     0.54784279     0.45215710
       19     0.00000013     0.78826880     0.21173107
       20     0.00000014     0.86487265     0.13512721
       21     0.00000018     0.87996017     0.12003965
       22     0.00000024     0.88484626     0.11515350
       23     0.00000021     0.88965816     0.11034163
       24     0.00000018     0.89566092     0.10433889
       25     0.00000016     0.90235956     0.09764028
       26     0.00000013     0.90903682     0.09096305
       27     0.00000010     0.91509591     0.08490398
       28     0.00000008     0.92011093     0.07988899
       29     0.00000006     0.92381613     0.07618380
       30     0.00000005     0.92607052     0.07392944
       31     0.00000004     0.92682812     0.07317184
       32     0.00000003     0.92611166     0.07388831
       33     0.00000003     0.92398745     0.07601252
       34     0.00000003     0.92054767     0.07945230
       35     0.00000004     0.91593253     0.08406744
       36     0.00000005     0.91034373     0.08965623
       37     0.00000006     0.90409937     0.09590057
       38     0.00000006     0.89769932     0.10230062
       39     0.00000007     0.89187748     0.10812245
       40     0.00000007     0.88764492     0.11235501
       41     0.00000007     0.88626043     0.11373950
       42     0.00000007     0.88915339     0.11084654
       43     0.00000006     0.89762698     0.10237296
       44     0.00000005     0.91244846     0.08755149
       45     0.00000004     0.93318742     0.06681255
       46     0.00000003     0.95749842     0.04250155
       47     0.00000003     0.98064769     0.01935228
       48     0.00000003     0.99583491     0.00416505
       49     0.00000005     0.99606273     0.00393722
       50     0.00000006     0.97773762     0.02226231
       51     0.00000008     0.94454111     0.05545880
       52     0.00000010     0.90819297     0.09180693
       53     0.00000010     0.88355880     0.11644110
       54     0.00000009     0.88055563     0.11944428
       55     0.00000007     0.89896842     0.10103151
       56     0.00000004     0.92985267     0.07014729
       57     0.00000002     0.96145676     0.03854322
       58     0.00000001     0.98493417     0.01506581
       59     0.00000002     0.99693578     0.00306420
       60     0.00000003     0.99906855     0.00093141
       61     0.00000004     0.99566440     0.00433555
       62     0.00000005     0.99132084     0.00867911
       63     0.00000004     0.98913231     0.01086765
       64     0.00000004     0.98999687     0.01000310
       65     0.00000003     0.99295621     0.00704376
       66     0.00000003     0.99621822     0.00378176
       67     0.00000004     0.99829992     0.00170005
       68     0.00000005     0.99874171     0.00125824
       69     0.00000006     0.99810286     0.00189708
       70     0.00000006     0.99737107     0.00262887
       71     0.00000007     0.99724210     0.00275783
       72     0.00000007     0.99775498     0.00224495
       73     0.00000008     0.99846273     0.00153719
       74     0.00000010     0.99890955     0.00109035
       75     0.00000012     0.99898599     0.00101389
       76     0.00000015     0.99890027     0.00109958
       77     0.00000018     0.99888092     0.00111891
       78     0.00000020     0.99895391     0.00104588
       79     0.00000024     0.99900520     0.00099456
       80     0.00000029     0.99899901     0.00100070
       81     0.00000035     0.99905190     0.00094775
       82     0.00000042     0.99926015     0.00073942
       83     0.00000049     0.99951078     0.00048873
       84     0.00000057     0.99955918     0.00044025
       85     0.00000065     0.99932720     0.00067215
       86     0.00000075     0.99905776     0.00094149
       87     0.00000086     0.99908839     0.00091075
       88     0.00000098     0.99946563     0.00053338
       89     0.00000111     0.99985547     0.00014343
       90     0.00000123     0.99988564     0.00011313
       91     0.00000135     0.99954755     0.00045109
       92     0.00000150     0.99920680     0.00079170
       93     0.00000165     0.99921703     0.00078132
       94     0.00000181     0.99956589     0.00043230
       95     0.00000196     0.99991754     0.00008051
       96     0.00000210     0.99996866     0.00002924
       97     0.00000225     0.99972831     0.00026944
       98     0.00000240     0.99946419     0.00053341
       99     0.00000256     0.99942118     0.00057626
      100     0.00000272     0.99961148     0.00038580
      101     0.00000287     0.99984988     0.00014725
      102     0.00000300     0.99995180     0.00004520
      103     0.00000312     0.99988657     0.00011031
      104     0.00000325     0.99976577     0.00023098
      105     0.00000337     0.99971708     0.00027955
      106     0.00000350     0.99977723     0.00021927
      107     0.00000361     0.99988703     0.00010936
      108     0.00000371     0.99996472     0.00003157
      109     0.00000381     0.99997655     0.00001965
      110     0.00000390     0.99994828     0.00004782
      111     0.00000400     0.99992606     0.00006993
      112     0.00000412     0.99993361     0.00006228
      113     0.00000424     0.99996138     0.00003438
      114     0.00000437     0.99998626     0.00000937
      115     0.00000450     0.99999526     0.00000023
      116     0.00000466     0.99999220     0.00000314
      117     0.00000485     0.99998773     0.00000742
      118     0.00000507     0.99998754     0.00000738
      119     0.00000534     0.99998999     0.00000468
      120     0.00000564     0.99999156     0.00000279
