#     Density Matrix: population Re; see the manual for detail orders
        0     0.00000000     0.00000000     1.00000000
        1     0.00000001     0.00000841     0.99999159
        2     0.00000003     0.00004971     0.99995026
        3     0.00000007     0.00007978     0.99992015
        4     0.00000011     0.00008927     0.99991063
        5     0.00000015     0.00010168     0.99989817
        6     0.00000018     0.00018312     0.99981669
        7     0.00000022     0.00043978     0.99956001
        8     0.00000025     0.00109975     0.99890000
        9     0.00000013     0.55467398     0.44532589
       10     0.00000013     0.79310087     0.20689900
       11     0.00000025     0.35582594     0.64417381
       12     0.00000058     0.01291670     0.98708272
       13     0.00000011     0.21124892     0.78875097
       14     0.00000021     0.31960611     0.68039368
       15     0.00000016     0.31134097     0.68865887
       16     0.00000021     0.26289603     0.73710376
       17     0.00000026     0.20911124     0.79088850
       18     0.00000026     0.16254842     0.83745132
       19     0.00000032     0.12637708     0.87362260
       20     0.00000033     0.09999191     0.90000776
       21     0.00000031     0.08153695     0.91846274
       22     0.00000032     0.06902691     0.93097277
       23     0.00000032     0.06077449     0.93922519
       24     0.00000030     0.05544284     0.94455687
       25     0.00000029     0.05205932     0.94794039
       26     0.00000028     0.04992226     0.95007745
       27     0.00000027     0.04854468     0.95145505
       28     0.00000026     0.04757086     0.95242888
       29     0.00000024     0.04676188     0.95323788
       30     0.00000023     0.04593286     0.95406691
       31     0.00000021     0.04494636     0.95505343
       32     0.00000020     0.04367606     0.95632374
       33     0.00000018     0.04199866     0.95800115
       34     0.00000017     0.03974884     0.96025098
       35     0.00000016     0.03668005     0.96331979
       36     0.00000015     0.03235859     0.96764125
       37     0.00000015     0.02595717     0.97404268
       38     0.00000014     0.01582477     0.98417508
       39     0.00000014     0.00166453     0.99833533
       40     0.00000014     0.14030852     0.85969134
       41     0.00000017     0.61602806     0.38397177
       42     0.00000016     0.81844281     0.18155703
       43     0.00000012     0.85949805     0.14050183
       44     0.00000013     0.87544670     0.12455317
       45     0.00000016     0.88379813     0.11620172
       46     0.00000014     0.88892550     0.11107436
       47     0.00000012     0.89239809     0.10760179
       48     0.00000015     0.89491898     0.10508087
       49     0.00000016     0.89684790     0.10315194
       50     0.00000014     0.89839170     0.10160816
       51     0.00000015     0.89968094     0.10031891
       52     0.00000017     0.90080705     0.09919278
       53     0.00000017     0.90183036     0.09816948
       54     0.00000015     0.90279932     0.09720053
       55     0.00000017     0.90374798     0.09625185
       56     0.00000018     0.90469488     0.09530494
       57     0.00000016     0.90564685     0.09435298
       58     0.00000016     0.90659889     0.09340095
       59     0.00000017     0.90753505     0.09246478
       60     0.00000016     0.90843243     0.09156741
       61     0.00000014     0.90925905     0.09074081
       62     0.00000013     0.90998242     0.09001745
       63     0.00000012     0.91057035     0.08942952
       64     0.00000011     0.91100142     0.08899847
       65     0.00000008     0.91126900     0.08873092
       66     0.00000007     0.91138466     0.08861528
       67     0.00000007     0.91138826     0.08861167
       68     0.00000006     0.91134200     0.08865794
       69     0.00000006     0.91132912     0.08867081
       70     0.00000009     0.91144882     0.08855109
       71     0.00000013     0.91179934     0.08820053
       72     0.00000021     0.91246919     0.08753060
       73     0.00000030     0.91351893     0.08648077
       74     0.00000042     0.91496642     0.08503316
       75     0.00000060     0.91677697     0.08322243
       76     0.00000082     0.91886333     0.08113585
       77     0.00000107     0.92108032     0.07891861
       78     0.00000135     0.92325449     0.07674416
       79     0.00000167     0.92519960     0.07479873
       80     0.00000200     0.92675932     0.07323869
       81     0.00000230     0.92784045     0.07215726
       82     0.00000256     0.92845701     0.07154042
       83     0.00000278     0.92876909     0.07122812
       84     0.00000291     0.92907641     0.07092067
       85     0.00000293     0.92981080     0.07018627
       86     0.00000284     0.93147354     0.06852361
       87     0.00000268     0.93453485     0.06546248
       88     0.00000245     0.93932365     0.06067390
       89     0.00000221     0.94590419     0.05409360
       90     0.00000203     0.95398786     0.04601011
       91     0.00000198     0.96293002     0.03706800
       92     0.00000212     0.97180441     0.02819347
       93     0.00000246     0.97958725     0.02041029
       94     0.00000300     0.98538829     0.01460871
       95     0.00000368     0.98869277     0.01130354
       96     0.00000440     0.98951906     0.01047654
       97     0.00000503     0.98845131     0.01154366
       98     0.00000547     0.98649755     0.01349699
       99     0.00000567     0.98481466     0.01517967
      100     0.00000564     0.98437145     0.01562291
      101     0.00000547     0.98564980     0.01434473
      102     0.00000531     0.98849588     0.01149880
      103     0.00000530     0.99219480     0.00779990
      104     0.00000553     0.99574521     0.00424926
      105     0.00000600     0.99825534     0.00173866
      106     0.00000665     0.99929098     0.00070237
      107     0.00000734     0.99902153     0.00097113
      108     0.00000796     0.99809571     0.00189634
      109     0.00000843     0.99730132     0.00269024
      110     0.00000883     0.99718018     0.00281100
      111     0.00000925     0.99779814     0.00219261
      112     0.00000985     0.99878934     0.00120080
      113     0.00001072     0.99963195     0.00035733
      114     0.00001184     0.99998087     0.00000729
      115     0.00001314     0.99984662     0.00014024
      116     0.00001458     0.99952174     0.00046368
      117     0.00001617     0.99933328     0.00065055
      118     0.00001803     0.99941498     0.00056699
      119     0.00002032     0.99966067     0.00031900
      120     0.00002319     0.99986515     0.00011166
