#     Density Matrix: population Re; see the manual for detail orders
        0     0.00000000     0.00000000     1.00000000
        1     0.00000005     0.00000013     0.99999982
        2     0.00000008     0.00000256     0.99999736
        3     0.00000017     0.00001556     0.99998427
        4     0.00000020     0.00005584     0.99994396
        5     0.00000035     0.00015499     0.99984466
        6     0.00000040     0.00039040     0.99960920
        7     0.00000054     0.00100187     0.99899759
        8     0.00000066     0.00284380     0.99715554
        9     0.00000066     0.00957540     0.99042394
       10     0.00000088     0.04251652     0.95748260
       11     0.00000056     0.25535559     0.74464384
       12     0.00000075     0.71743191     0.28256734
       13     0.00000042     0.50081415     0.49918543
       14     0.00000194     0.37283218     0.62716588
       15     0.00000017     0.32918072     0.67081912
       16     0.00000194     0.30065784     0.69934022
       17     0.00000099     0.28450784     0.71549117
       18     0.00000063     0.27771357     0.72228580
       19     0.00000220     0.27752954     0.72246826
       20     0.00000029     0.28166372     0.71833599
       21     0.00000141     0.28832551     0.71167308
       22     0.00000207     0.29620359     0.70379434
       23     0.00000011     0.30440127     0.69559862
       24     0.00000270     0.31416563     0.68583167
       25     0.00000350     0.32456572     0.67543078
       26     0.00000035     0.33330671     0.66669294
       27     0.00000207     0.34069349     0.65930444
       28     0.00000287     0.34671618     0.65328096
       29     0.00000060     0.35130527     0.64869413
       30     0.00000133     0.35442886     0.64556981
       31     0.00000225     0.35614857     0.64384919
       32     0.00000109     0.35663997     0.64335894
       33     0.00000105     0.35614364     0.64385531
       34     0.00000163     0.35490245     0.64509592
       35     0.00000141     0.35311885     0.64687974
       36     0.00000120     0.35092374     0.64907506
       37     0.00000121     0.34837125     0.65162754
       38     0.00000144     0.34546287     0.65453569
       39     0.00000151     0.34217974     0.65781875
       40     0.00000103     0.33851380     0.66148516
       41     0.00000122     0.33451902     0.66547976
       42     0.00000179     0.33035609     0.66964213
       43     0.00000113     0.32634646     0.67365241
       44     0.00000101     0.32305165     0.67694734
       45     0.00000201     0.32130659     0.67869140
       46     0.00000143     0.32228071     0.67771786
       47     0.00000101     0.32757646     0.67242253
       48     0.00000184     0.33931088     0.66068728
       49     0.00000134     0.36019977     0.63979889
       50     0.00000118     0.39357212     0.60642670
       51     0.00000187     0.44298675     0.55701138
       52     0.00000092     0.50844004     0.49155905
       53     0.00000146     0.54008635     0.45991219
       54     0.00000162     0.27357585     0.72642253
       55     0.00000088     0.19667446     0.80332465
       56     0.00000253     0.23742729     0.76257019
       57     0.00000054     0.22339047     0.77660899
       58     0.00000201     0.19602299     0.80397500
       59     0.00000237     0.17179494     0.82820269
       60     0.00000045     0.15619622     0.84380333
       61     0.00000273     0.14993007     0.85006720
       62     0.00000113     0.15099113     0.84900774
       63     0.00000145     0.15596025     0.84403830
       64     0.00000232     0.16127534     0.83872234
       65     0.00000055     0.16438103     0.83561842
       66     0.00000282     0.16444124     0.83555594
       67     0.00000082     0.16230831     0.83769087
       68     0.00000202     0.15976380     0.84023418
       69     0.00000184     0.15839087     0.84160729
       70     0.00000106     0.15870508     0.84129386
       71     0.00000237     0.16004545     0.83995219
       72     0.00000072     0.16123926     0.83876002
       73     0.00000247     0.16151716     0.83848037
       74     0.00000078     0.16097576     0.83902346
       75     0.00000215     0.16028763     0.83971022
       76     0.00000122     0.16001032     0.83998846
       77     0.00000164     0.16016016     0.83983820
       78     0.00000147     0.16038921     0.83960931
       79     0.00000144     0.16046434     0.83953422
       80     0.00000169     0.16047812     0.83952019
       81     0.00000117     0.16060114     0.83939769
       82     0.00000182     0.16075644     0.83924174
       83     0.00000125     0.16066570     0.83933305
       84     0.00000162     0.16025370     0.83974467
       85     0.00000132     0.15987945     0.84011923
       86     0.00000167     0.16002732     0.83997101
       87     0.00000132     0.16072434     0.83927434
       88     0.00000149     0.16134338     0.83865514
       89     0.00000152     0.16114981     0.83884867
       90     0.00000144     0.16011792     0.83988064
       91     0.00000141     0.15915461     0.84084398
       92     0.00000151     0.15933666     0.84066183
       93     0.00000148     0.16078265     0.83921588
       94     0.00000145     0.16229936     0.83769920
       95     0.00000139     0.16233015     0.83766846
       96     0.00000159     0.16046459     0.83953382
       97     0.00000137     0.15809407     0.84190457
       98     0.00000143     0.15739594     0.84260263
       99     0.00000150     0.15941294     0.84058556
      100     0.00000148     0.16288640     0.83711211
      101     0.00000138     0.16502434     0.83497428
      102     0.00000146     0.16371998     0.83627856
      103     0.00000148     0.15943955     0.84055897
      104     0.00000155     0.15517545     0.84482300
      105     0.00000131     0.15427656     0.84572213
      106     0.00000151     0.15788765     0.84211084
      107     0.00000168     0.16390908     0.83608924
      108     0.00000120     0.16831195     0.83168685
      109     0.00000168     0.16791461     0.83208371
      110     0.00000137     0.16263576     0.83736287
      111     0.00000150     0.15563708     0.84436143
      112     0.00000171     0.15127587     0.84872242
      113     0.00000104     0.15228297     0.84771599
      114     0.00000193     0.15806041     0.84193766
      115     0.00000151     0.16514764     0.83485085
      116     0.00000113     0.16945501     0.83054385
      117     0.00000200     0.16875080     0.83124720
      118     0.00000116     0.16384503     0.83615382
      119     0.00000159     0.15786107     0.84213734
      120     0.00000175     0.15407037     0.84592789
