#     Density Matrix: population Re; see the manual for detail orders
        0     0.00000000     0.00000000     1.00000000
        1     0.00000003     0.00000152     0.99999845
        2     0.00000004     0.00001127     0.99998869
        3     0.00000013     0.00002203     0.99997784
        4     0.00000012     0.00002499     0.99997490
        5     0.00000031     0.00002033     0.99997936
        6     0.00000027     0.00003229     0.99996744
        7     0.00000055     0.00012186     0.99987758
        8     0.00000048     0.00039008     0.99960944
        9     0.00000080     0.00101423     0.99898498
       10     0.00000067     0.00247136     0.99752797
       11     0.00000095     0.00649990     0.99349916
       12     0.00000079     0.02062718     0.97937202
       13     0.00000085     0.08333071     0.91666844
       14     0.00000058     0.33532619     0.66467323
       15     0.00000013     0.61220611     0.38779376
       16     0.00000036     0.50342065     0.49657899
       17     0.00000064     0.34469574     0.65530362
       18     0.00000067     0.25146022     0.74853911
       19     0.00000074     0.20251912     0.79748014
       20     0.00000075     0.17977897     0.82022028
       21     0.00000085     0.17228640     0.82771275
       22     0.00000103     0.17340092     0.82659805
       23     0.00000037     0.17884959     0.82115004
       24     0.00000079     0.18572881     0.81427040
       25     0.00000077     0.19193710     0.80806213
       26     0.00000025     0.19575775     0.80424199
       27     0.00000071     0.19549391     0.80450539
       28     0.00000067     0.18920970     0.81078963
       29     0.00000020     0.17444408     0.82555572
       30     0.00000061     0.14805072     0.85194866
       31     0.00000074     0.10911075     0.89088851
       32     0.00000023     0.05988780     0.94011197
       33     0.00000044     0.02370660     0.97629296
       34     0.00000076     0.07121499     0.92878425
       35     0.00000032     0.20623452     0.79376516
       36     0.00000029     0.30763727     0.69236244
       37     0.00000081     0.42314778     0.57685141
       38     0.00000068     0.51626406     0.48373527
       39     0.00000022     0.58267970     0.41732008
       40     0.00000049     0.62848523     0.37151428
       41     0.00000079     0.66003899     0.33996023
       42     0.00000040     0.68209400     0.31790560
       43     0.00000026     0.69800485     0.30199489
       44     0.00000072     0.71011240     0.28988689
       45     0.00000070     0.72020266     0.27979664
       46     0.00000027     0.72963841     0.27036132
       47     0.00000046     0.73952856     0.26047097
       48     0.00000087     0.75094862     0.24905051
       49     0.00000058     0.76496260     0.23503682
       50     0.00000028     0.78268380     0.21731592
       51     0.00000067     0.80466501     0.19533432
       52     0.00000091     0.82669479     0.17330430
       53     0.00000050     0.84787424     0.15212526
       54     0.00000032     0.86758041     0.13241927
       55     0.00000074     0.88546996     0.11452930
       56     0.00000087     0.90142811     0.09857102
       57     0.00000046     0.91548496     0.08451458
       58     0.00000034     0.92775991     0.07223975
       59     0.00000075     0.93840664     0.06159261
       60     0.00000096     0.94761682     0.05238222
       61     0.00000061     0.95556789     0.04443150
       62     0.00000039     0.96239640     0.03760321
       63     0.00000082     0.96822239     0.03177679
       64     0.00000132     0.97315409     0.02684459
       65     0.00000115     0.97729711     0.02270175
       66     0.00000080     0.98072495     0.01927424
       67     0.00000128     0.98349070     0.01650802
       68     0.00000222     0.98562884     0.01436894
       69     0.00000237     0.98715632     0.01284132
       70     0.00000189     0.98807745     0.01192066
       71     0.00000230     0.98839862     0.01159909
       72     0.00000364     0.98815438     0.01184198
       73     0.00000414     0.98743395     0.01256192
       74     0.00000341     0.98639948     0.01359711
       75     0.00000329     0.98528637     0.01471034
       76     0.00000446     0.98435624     0.01563930
       77     0.00000517     0.98389351     0.01610132
       78     0.00000436     0.98411500     0.01588063
       79     0.00000347     0.98508968     0.01490685
       80     0.00000393     0.98676594     0.01323013
       81     0.00000494     0.98899275     0.01100231
       82     0.00000000     1.00000000     0.00000000
       83     0.00000734     0.99965667     0.00033599
       84     0.00001855     0.99865396     0.00132749
       85     0.00001660     0.99715126     0.00283214
       86     0.00000443     0.99545204     0.00454353
       87     0.00000065     0.99394019     0.00605916
       88     0.00001096     0.99301671     0.00697233
       89     0.00002025     0.99298550     0.00699425
       90     0.00001561     0.99392331     0.00606108
       91     0.00000379     0.99560230     0.00439390
       92     0.00000074     0.99752984     0.00246942
       93     0.00001092     0.99910731     0.00088177
       94     0.00002168     0.99983291     0.00014541
       95     0.00001901     0.99948810     0.00049289
       96     0.00000633     0.99824323     0.00175044
       97     0.00000058     0.99663627     0.00336314
       98     0.00000995     0.99538557     0.00460448
       99     0.00002263     0.99508463     0.00489274
      100     0.00002349     0.99589784     0.00407867
      101     0.00001191     0.99742533     0.00256275
      102     0.00000146     0.99887008     0.00112845
      103     0.00000496     0.99946532     0.00052972
      104     0.00002028     0.99892623     0.00105349
      105     0.00003100     0.99765697     0.00231203
      106     0.00002512     0.99652747     0.00344741
      107     0.00000982     0.99631135     0.00367883
      108     0.00000248     0.99713555     0.00286197
      109     0.00001196     0.99836291     0.00162513
      110     0.00003118     0.99904972     0.00091911
      111     0.00004302     0.99869075     0.00126623
      112     0.00003624     0.99766300     0.00230076
      113     0.00001853     0.99692495     0.00305652
      114     0.00000929     0.99715199     0.00283871
      115     0.00002075     0.99807899     0.00190026
      116     0.00004811     0.99874213     0.00120976
      117     0.00007376     0.99847684     0.00144940
      118     0.00007967     0.99764465     0.00227568
      119     0.00006471     0.99722915     0.00270614
      120     0.00004682     0.99768841     0.00226477
