#     Density Matrix: population Re; see the manual for detail orders
        0     0.00000000     0.00000000     1.00000000
        1     0.00000001     0.00000115     0.99999884
        2     0.00000002     0.00001004     0.99998994
        3     0.00000004     0.00002309     0.99997687
        4     0.00000006     0.00003056     0.99996937
        5     0.00000010     0.00003223     0.99996767
        6     0.00000013     0.00004239     0.99995748
        7     0.00000016     0.00007734     0.99992250
        8     0.00000018     0.00014742     0.99985241
        9     0.00000020     0.00027159     0.99972821
       10     0.00000022     0.00051587     0.99948390
       11     0.00000025     0.00108017     0.99891958
       12     0.00000027     0.00258326     0.99741647
       13     0.00000029     0.00723275     0.99276696
       14     0.00000031     0.02457759     0.97542210
       15     0.00000030     0.09961113     0.90038858
       16     0.00000022     0.30912126     0.69087852
       17     0.00000011     0.44216601     0.55783388
       18     0.00000019     0.35444500     0.64555481
       19     0.00000032     0.23809253     0.76190715
       20     0.00000040     0.15635859     0.84364101
       21     0.00000045     0.10500765     0.89499190
       22     0.00000049     0.07385341     0.92614610
       23     0.00000051     0.05529722     0.94470227
       24     0.00000053     0.04438227     0.95561719
       25     0.00000054     0.03803722     0.96196225
       26     0.00000054     0.03434355     0.96565592
       27     0.00000053     0.03211824     0.96788123
       28     0.00000053     0.03062419     0.96937528
       29     0.00000054     0.02940569     0.97059377
       30     0.00000054     0.02820874     0.97179072
       31     0.00000054     0.02698372     0.97301574
       32     0.00000054     0.02596996     0.97402950
       33     0.00000053     0.02601633     0.97398313
       34     0.00000052     0.02932540     0.97067407
       35     0.00000050     0.04120595     0.95879355
       36     0.00000049     0.07325138     0.92674813
       37     0.00000049     0.14434541     0.85565410
       38     0.00000045     0.27051088     0.72948867
       39     0.00000051     0.43305066     0.56694883
       40     0.00000071     0.58070440     0.41929489
       41     0.00000060     0.67535887     0.32464052
       42     0.00000043     0.73004860     0.26995097
       43     0.00000050     0.76221673     0.23778277
       44     0.00000058     0.78216138     0.21783804
       45     0.00000048     0.79521682     0.20478270
       46     0.00000040     0.80418812     0.19581148
       47     0.00000047     0.81064587     0.18935366
       48     0.00000052     0.81549000     0.18450948
       49     0.00000045     0.81929250     0.18070705
       50     0.00000041     0.82243192     0.17756767
       51     0.00000047     0.82517742     0.17482211
       52     0.00000051     0.82772938     0.17227011
       53     0.00000048     0.83025481     0.16974471
       54     0.00000045     0.83290801     0.16709154
       55     0.00000050     0.83582113     0.16417837
       56     0.00000055     0.83911023     0.16088922
       57     0.00000055     0.84287989     0.15711957
       58     0.00000054     0.84717714     0.15282232
       59     0.00000058     0.85202116     0.14797826
       60     0.00000065     0.85736923     0.14263012
       61     0.00000068     0.86311508     0.13688424
       62     0.00000069     0.86909310     0.13090622
       63     0.00000072     0.87507347     0.12492581
       64     0.00000079     0.88079178     0.11920743
       65     0.00000084     0.88597441     0.11402475
       66     0.00000085     0.89035857     0.10964058
       67     0.00000085     0.89374059     0.10625856
       68     0.00000088     0.89598362     0.10401550
       69     0.00000090     0.89705141     0.10294769
       70     0.00000089     0.89701440     0.10298472
       71     0.00000085     0.89603874     0.10396041
       72     0.00000082     0.89436214     0.10563703
       73     0.00000082     0.89227923     0.10771994
       74     0.00000082     0.89009220     0.10990698
       75     0.00000081     0.88808754     0.11191165
       76     0.00000081     0.88649244     0.11350676
       77     0.00000084     0.88547078     0.11452838
       78     0.00000091     0.88509321     0.11490588
       79     0.00000100     0.88534846     0.11465054
       80     0.00000110     0.88614545     0.11385345
       81     0.00000121     0.88733599     0.11266280
       82     0.00000134     0.88873455     0.11126411
       83     0.00000151     0.89014821     0.10985029
       84     0.00000167     0.89140892     0.10858941
       85     0.00000181     0.89238929     0.10760890
       86     0.00000192     0.89302521     0.10697287
       87     0.00000203     0.89333004     0.10666793
       88     0.00000211     0.89338763     0.10661025
       89     0.00000216     0.89334434     0.10665350
       90     0.00000214     0.89339022     0.10660764
       91     0.00000206     0.89373338     0.10626455
       92     0.00000195     0.89457097     0.10542708
       93     0.00000181     0.89606360     0.10393459
       94     0.00000162     0.89830645     0.10169193
       95     0.00000140     0.90131858     0.09868002
       96     0.00000118     0.90502923     0.09496959
       97     0.00000101     0.90929928     0.09069971
       98     0.00000093     0.91392653     0.08607254
       99     0.00000098     0.91867982     0.08131919
      100     0.00000120     0.92333580     0.07666300
      101     0.00000162     0.92770820     0.07229017
      102     0.00000225     0.93166898     0.06832877
      103     0.00000306     0.93516472     0.06483222
      104     0.00000398     0.93822022     0.06177580
      105     0.00000489     0.94092611     0.05906900
      106     0.00000566     0.94342393     0.05657040
      107     0.00000613     0.94589908     0.05409479
      108     0.00000619     0.94856950     0.05142431
      109     0.00000582     0.95166826     0.04832592
      110     0.00000511     0.95539123     0.04460366
      111     0.00000426     0.95983904     0.04015670
      112     0.00000355     0.96493403     0.03506241
      113     0.00000325     0.97036200     0.02963476
      114     0.00000351     0.97560669     0.02438981
      115     0.00000432     0.98006036     0.01993531
      116     0.00000548     0.98323771     0.01675681
      117     0.00000662     0.98499089     0.01500249
      118     0.00000740     0.98562208     0.01437052
      119     0.00000758     0.98580809     0.01418433
      120     0.00000717     0.98634173     0.01365111
