#     Density Matrix: population Re; see the manual for detail orders
        0     0.00000000     0.00000000     1.00000000
        1     0.00000001     0.00000002     0.99999997
        2     0.00000002     0.00000009     0.99999990
        3     0.00000005     0.00000020     0.99999975
        4     0.00000007     0.00000331     0.99999661
        5     0.00000012     0.00001795     0.99998193
        6     0.00000016     0.00005607     0.99994377
        7     0.00000021     0.00013317     0.99986662
        8     0.00000024     0.00028534     0.99971442
        9     0.00000028     0.00061748     0.99938225
       10     0.00000031     0.00143859     0.99856111
       11     0.00000034     0.00374281     0.99625685
       12     0.00000036     0.01131724     0.98868240
       13     0.00000036     0.04174867     0.95825097
       14     0.00000031     0.17106053     0.82893916
       15     0.00000010     0.74148122     0.25851868
       16     0.00000007     0.78477278     0.21522715
       17     0.00000047     0.65113756     0.34886197
       18     0.00000053     0.64754923     0.35245024
       19     0.00000044     0.67871204     0.32128752
       20     0.00000045     0.71410613     0.28589342
       21     0.00000035     0.74517100     0.25482864
       22     0.00000017     0.76974651     0.23025332
       23     0.00000012     0.78763214     0.21236774
       24     0.00000011     0.79944167     0.20055822
       25     0.00000006     0.80606184     0.19393810
       26     0.00000003     0.80856125     0.19143872
       27     0.00000002     0.80803198     0.19196800
       28     0.00000002     0.80547206     0.19452792
       29     0.00000001     0.80173470     0.19826529
       30     0.00000001     0.79751414     0.20248585
       31     0.00000002     0.79332365     0.20667633
       32     0.00000004     0.78953294     0.21046702
       33     0.00000004     0.78639536     0.21360460
       34     0.00000005     0.78421534     0.21578462
       35     0.00000005     0.78334378     0.21665616
       36     0.00000007     0.78435742     0.21564251
       37     0.00000008     0.78799865     0.21200127
       38     0.00000005     0.79514556     0.20485439
       39     0.00000004     0.80676999     0.19322997
       40     0.00000004     0.82369202     0.17630794
       41     0.00000003     0.84628001     0.15371996
       42     0.00000002     0.87402597     0.12597401
       43     0.00000002     0.90508063     0.09491935
       44     0.00000002     0.93596079     0.06403919
       45     0.00000002     0.96117459     0.03882539
       46     0.00000003     0.97389145     0.02610852
       47     0.00000006     0.96750441     0.03249553
       48     0.00000007     0.93849870     0.06150123
       49     0.00000009     0.89030077     0.10969914
       50     0.00000012     0.83636176     0.16363812
       51     0.00000011     0.79839467     0.20160522
       52     0.00000011     0.79656962     0.20343027
       53     0.00000011     0.83519136     0.16480853
       54     0.00000005     0.89697588     0.10302407
       55     0.00000002     0.95471383     0.04528615
       56     0.00000000     0.98976846     0.01023153
       57     0.00000000     0.99999282     0.00000717
       58     0.00000001     0.99483693     0.00516306
       59     0.00000001     0.98618823     0.01381176
       60     0.00000002     0.98191020     0.01808978
       61     0.00000001     0.98392953     0.01607046
       62     0.00000000     0.98977638     0.01022362
       63     0.00000000     0.99561244     0.00438756
       64     0.00000000     0.99884947     0.00115053
       65     0.00000001     0.99919315     0.00080684
       66     0.00000001     0.99805631     0.00194367
       67     0.00000002     0.99714738     0.00285260
       68     0.00000002     0.99730395     0.00269603
       69     0.00000002     0.99824224     0.00175774
       70     0.00000003     0.99915167     0.00084830
       71     0.00000004     0.99949308     0.00050688
       72     0.00000006     0.99934368     0.00065626
       73     0.00000007     0.99913047     0.00086946
       74     0.00000009     0.99914219     0.00085772
       75     0.00000012     0.99932532     0.00067456
       76     0.00000015     0.99948080     0.00051905
       77     0.00000019     0.99953902     0.00046079
       78     0.00000025     0.99957956     0.00042020
       79     0.00000030     0.99964451     0.00035520
       80     0.00000036     0.99966032     0.00033933
       81     0.00000044     0.99958379     0.00041578
       82     0.00000053     0.99952606     0.00047342
       83     0.00000062     0.99962565     0.00037373
       84     0.00000073     0.99982446     0.00017481
       85     0.00000085     0.99989926     0.00009989
       86     0.00000097     0.99975321     0.00024582
       87     0.00000111     0.99957279     0.00042610
       88     0.00000127     0.99960523     0.00039350
       89     0.00000143     0.99983385     0.00016471
       90     0.00000159     0.99999222     0.00000619
       91     0.00000176     0.99990192     0.00009632
       92     0.00000193     0.99969226     0.00030580
       93     0.00000211     0.99962382     0.00037406
       94     0.00000230     0.99976776     0.00022994
       95     0.00000248     0.99994446     0.00005306
       96     0.00000266     0.99996159     0.00003576
       97     0.00000283     0.99983049     0.00016667
       98     0.00000299     0.99972088     0.00027613
       99     0.00000317     0.99974935     0.00024748
      100     0.00000336     0.99986654     0.00013010
      101     0.00000348     0.99994431     0.00005222
      102     0.00000360     0.99992404     0.00007236
      103     0.00000380     0.99985744     0.00013876
      104     0.00000392     0.99982984     0.00016624
      105     0.00000407     0.99986814     0.00012779
      106     0.00000422     0.99992974     0.00006604
      107     0.00000433     0.99996115     0.00003452
      108     0.00000443     0.99995147     0.00004410
      109     0.00000454     0.99993070     0.00006476
      110     0.00000468     0.99992973     0.00006559
      111     0.00000482     0.99995113     0.00004405
      112     0.00000494     0.99997514     0.00001993
      113     0.00000506     0.99998500     0.00000994
      114     0.00000522     0.99998173     0.00001304
      115     0.00000537     0.99997725     0.00001739
      116     0.00000543     0.99997954     0.00001503
      117     0.00000559     0.99998660     0.00000781
      118     0.00000597     0.99999200     0.00000203
      119     0.00000650     0.99999295     0.00000055
      120     0.00000691     0.99999181     0.00000127
