#     Density Matrix: population Re; see the manual for detail orders
        0     0.00000000     0.00000000     1.00000000
        1     0.00000014     0.00000058     0.99999928
        2     0.00000013     0.00000693     0.99999294
        3     0.00000036     0.00002493     0.99997471
        4     0.00000025     0.00005660     0.99994316
        5     0.00000065     0.00010417     0.99989519
        6     0.00000042     0.00018877     0.99981080
        7     0.00000091     0.00038407     0.99961503
        8     0.00000062     0.00088163     0.99911776
        9     0.00000104     0.00218076     0.99781820
       10     0.00000080     0.00580778     0.99419142
       11     0.00000095     0.01759261     0.98240644
       12     0.00000090     0.06575510     0.93424400
       13     0.00000050     0.27393321     0.72606629
       14     0.00000057     0.63535248     0.36464695
       15     0.00000068     0.52499880     0.47500053
       16     0.00000280     0.38642453     0.61357266
       17     0.00000076     0.31447084     0.68552840
       18     0.00000156     0.27334811     0.72665033
       19     0.00000208     0.24632932     0.75366860
       20     0.00000024     0.22467647     0.77532328
       21     0.00000118     0.20357827     0.79642055
       22     0.00000121     0.18076550     0.81923329
       23     0.00000004     0.15568309     0.84431687
       24     0.00000081     0.12925107     0.87074812
       25     0.00000078     0.10300217     0.89699705
       26     0.00000000     0.07875649     0.92124351
       27     0.00000053     0.05779946     0.94220001
       28     0.00000055     0.04087965     0.95911981
       29     0.00000005     0.02792566     0.97207430
       30     0.00000033     0.01844615     0.98155352
       31     0.00000040     0.01177730     0.98822230
       32     0.00000000     1.00000000     0.00000000
       33     0.00000016     0.99979624     0.00020360
       34     0.00000025     0.99911245     0.00088729
       35     0.00000006     0.99781855     0.00218139
       36     0.00000004     0.99575786     0.00424211
       37     0.00000024     0.99275811     0.00724165
       38     0.00000019     0.98865271     0.01134710
       39     0.00000000     0.98331351     0.01668649
       40     0.00000014     0.97670488     0.02329498
       41     0.00000026     0.96895574     0.03104399
       42     0.00000007     0.96042752     0.03957241
       43     0.00000004     0.95173980     0.04826016
       44     0.00000024     0.94367518     0.05632458
       45     0.00000016     0.93689322     0.06310662
       46     0.00000000     0.93150387     0.06849613
       47     0.00000015     0.92686933     0.07313051
       48     0.00000025     0.92224224     0.07775751
       49     0.00000005     0.91834569     0.08165426
       50     0.00000004     0.91814569     0.08185427
       51     0.00000023     0.92485909     0.07514068
       52     0.00000013     0.93893712     0.06106275
       53     0.00000001     0.95738516     0.04261483
       54     0.00000009     0.97565269     0.02434722
       55     0.00000010     0.98984466     0.01015524
       56     0.00000000     1.00000000     0.00000000
       57     0.00000002     0.99725260     0.00274738
       58     0.00000003     0.99201868     0.00798129
       59     0.00000000     0.98822251     0.01177749
       60     0.00000001     0.98783459     0.01216539
       61     0.00000000     1.00000000     0.00000000
       62     0.00000001     0.99954285     0.00045714
       63     0.00000002     0.99871069     0.00128930
       64     0.00000000     0.99822988     0.00177012
       65     0.00000001     0.99839054     0.00160946
       66     0.00000002     0.99895790     0.00104209
       67     0.00000001     0.99945666     0.00054333
       68     0.00000000     0.99957605     0.00042395
       69     0.00000003     0.99936988     0.00063009
       70     0.00000003     0.99912178     0.00087819
       71     0.00000001     0.99904695     0.00095304
       72     0.00000003     0.99912837     0.00087160
       73     0.00000007     0.99921684     0.00078309
       74     0.00000004     0.99923724     0.00076272
       75     0.00000005     0.99924972     0.00075023
       76     0.00000012     0.99931400     0.00068588
       77     0.00000011     0.99936012     0.00063976
       78     0.00000009     0.99926399     0.00073592
       79     0.00000018     0.99905015     0.00094967
       80     0.00000024     0.99893835     0.00106142
       81     0.00000019     0.99911070     0.00088911
       82     0.00000027     0.99944561     0.00055413
       83     0.00000040     0.99957568     0.00042392
       84     0.00000036     0.99927925     0.00072039
       85     0.00000037     0.99878538     0.00121425
       86     0.00000056     0.99859793     0.00140150
       87     0.00000063     0.99896341     0.00103596
       88     0.00000056     0.99955160     0.00044783
       89     0.00000070     0.99974373     0.00025557
       90     0.00000090     0.99927149     0.00072761
       91     0.00000085     0.99853520     0.00146395
       92     0.00000085     0.99823761     0.00176155
       93     0.00000110     0.99868643     0.00131247
       94     0.00000121     0.99947181     0.00052698
       95     0.00000109     0.99985090     0.00014801
       96     0.00000115     0.99945779     0.00054106
       97     0.00000141     0.99864499     0.00135360
       98     0.00000144     0.99814192     0.00185664
       99     0.00000131     0.99838027     0.00161842
      100     0.00000142     0.99912690     0.00087167
      101     0.00000165     0.99973214     0.00026621
      102     0.00000160     0.99972030     0.00027810
      103     0.00000142     0.99917420     0.00082438
      104     0.00000152     0.99860558     0.00139289
      105     0.00000177     0.99848241     0.00151582
      106     0.00000176     0.99885300     0.00114524
      107     0.00000157     0.99936713     0.00063130
      108     0.00000159     0.99961878     0.00037963
      109     0.00000179     0.99947922     0.00051899
      110     0.00000182     0.99914817     0.00085000
      111     0.00000166     0.99892945     0.00106888
      112     0.00000163     0.99896672     0.00103164
      113     0.00000185     0.99916608     0.00083207
      114     0.00000200     0.99933242     0.00066558
      115     0.00000189     0.99935709     0.00064102
      116     0.00000173     0.99928203     0.00071624
      117     0.00000183     0.99921248     0.00078569
      118     0.00000213     0.99919781     0.00080006
      119     0.00000231     0.99920642     0.00079127
      120     0.00000224     0.99919801     0.00079975
