#     Density Matrix: population Re; see the manual for detail orders
        0     0.00000000     0.00000000     1.00000000
        1     0.00000012     0.00001272     0.99998716
        2     0.00000015     0.00010524     0.99989461
        3     0.00000024     0.00024156     0.99975821
        4     0.00000030     0.00034003     0.99965967
        5     0.00000035     0.00034041     0.99965924
        6     0.00000049     0.00025435     0.99974517
        7     0.00000042     0.00019012     0.99980946
        8     0.00000069     0.00037443     0.99962488
        9     0.00000040     0.00127817     0.99872143
       10     0.00000083     0.00433083     0.99566834
       11     0.00000035     0.01713706     0.98286259
       12     0.00000069     0.12915015     0.87084917
       13     0.00000011     0.71092732     0.28907257
       14     0.00000089     0.54233719     0.45766192
       15     0.00000155     0.30043587     0.69956258
       16     0.00000002     0.25720863     0.74279135
       17     0.00000150     0.23588311     0.76411539
       18     0.00000076     0.22698740     0.77301184
       19     0.00000028     0.22489694     0.77510278
       20     0.00000126     0.22606674     0.77393199
       21     0.00000032     0.22826273     0.77173695
       22     0.00000060     0.23013663     0.76986277
       23     0.00000098     0.23095257     0.76904646
       24     0.00000021     0.23038933     0.76961046
       25     0.00000079     0.22841293     0.77158628
       26     0.00000085     0.22518588     0.77481327
       27     0.00000018     0.22099886     0.77900096
       28     0.00000084     0.21626798     0.78373119
       29     0.00000087     0.21140860     0.78859053
       30     0.00000015     0.20693991     0.79305994
       31     0.00000072     0.20353718     0.79646210
       32     0.00000102     0.20200636     0.79799262
       33     0.00000024     0.20341218     0.79658758
       34     0.00000044     0.20924953     0.79075003
       35     0.00000105     0.22168281     0.77831614
       36     0.00000050     0.24381454     0.75618497
       37     0.00000016     0.27974750     0.72025233
       38     0.00000086     0.33375463     0.66624451
       39     0.00000088     0.40766380     0.59233532
       40     0.00000016     0.50769650     0.49230333
       41     0.00000049     0.62281890     0.37718061
       42     0.00000090     0.72156024     0.27843886
       43     0.00000039     0.79054301     0.20945659
       44     0.00000026     0.83376521     0.16623453
       45     0.00000071     0.86022016     0.13977913
       46     0.00000063     0.87680292     0.12319645
       47     0.00000026     0.88767313     0.11232661
       48     0.00000044     0.89517556     0.10482400
       49     0.00000071     0.90062693     0.09937236
       50     0.00000048     0.90478549     0.09521403
       51     0.00000029     0.90809693     0.09190278
       52     0.00000051     0.91080658     0.08919291
       53     0.00000066     0.91304683     0.08695251
       54     0.00000042     0.91488683     0.08511275
       55     0.00000031     0.91634633     0.08365336
       56     0.00000057     0.91741785     0.08258158
       57     0.00000065     0.91807874     0.08192061
       58     0.00000035     0.91830057     0.08169908
       59     0.00000032     0.91805349     0.08194619
       60     0.00000067     0.91731892     0.08268041
       61     0.00000065     0.91610059     0.08389876
       62     0.00000023     0.91441982     0.08557996
       63     0.00000036     0.91231728     0.08768236
       64     0.00000094     0.90985813     0.09014093
       65     0.00000074     0.90713071     0.09286855
       66     0.00000010     0.90424209     0.09575781
       67     0.00000049     0.90131336     0.09868615
       68     0.00000135     0.89847339     0.10152526
       69     0.00000095     0.89584846     0.10415059
       70     0.00000003     0.89354880     0.10645117
       71     0.00000062     0.89165739     0.10834199
       72     0.00000181     0.89022246     0.10977573
       73     0.00000133     0.88925061     0.11074806
       74     0.00000010     0.88869984     0.11130007
       75     0.00000059     0.88848249     0.11151692
       76     0.00000204     0.88847797     0.11151999
       77     0.00000183     0.88854850     0.11144967
       78     0.00000037     0.88854919     0.11145044
       79     0.00000025     0.88836123     0.11163852
       80     0.00000171     0.88791273     0.11208556
       81     0.00000236     0.88717845     0.11281919
       82     0.00000120     0.88620176     0.11379704
       83     0.00000010     0.88506264     0.11493726
       84     0.00000091     0.88388737     0.11611172
       85     0.00000282     0.88284281     0.11715437
       86     0.00000322     0.88206479     0.11793199
       87     0.00000153     0.88161416     0.11838431
       88     0.00000082     0.88147134     0.11852784
       89     0.00000347     0.88148002     0.11851652
       90     0.00000647     0.88139986     0.11859368
       91     0.00000555     0.88094166     0.11905279
       92     0.00000274     0.87981656     0.12018070
       93     0.00000379     0.87779453     0.12220168
       94     0.00000838     0.87481578     0.12517584
       95     0.00000983     0.87100911     0.12898106
       96     0.00000612     0.86668908     0.13330480
       97     0.00000329     0.86245843     0.13753829
       98     0.00000549     0.85909519     0.14089933
       99     0.00000863     0.85736525     0.14262612
      100     0.00000753     0.85791475     0.14207773
      101     0.00000358     0.86111345     0.13888296
      102     0.00000150     0.86688877     0.13310974
      103     0.00000280     0.87463029     0.12536691
      104     0.00000568     0.88328678     0.11670754
      105     0.00000755     0.89145043     0.10854203
      106     0.00000665     0.89759270     0.10240066
      107     0.00000451     0.90041576     0.09957973
      108     0.00000592     0.89916834     0.10082573
      109     0.00001203     0.89390759     0.10608038
      110     0.00001672     0.88557568     0.11440760
      111     0.00001458     0.87590866     0.12407676
      112     0.00000921     0.86711069     0.13288010
      113     0.00000779     0.86133179     0.13866041
      114     0.00001017     0.86009777     0.13989206
      115     0.00001094     0.86381524     0.13617382
      116     0.00000883     0.87154242     0.12844875
      117     0.00000630     0.88108708     0.11890662
      118     0.00000524     0.88955399     0.11044077
      119     0.00000785     0.89421141     0.10578074
      120     0.00001531     0.89343798     0.10654671
