#     Density Matrix: population Re; see the manual for detail orders
        0     0.00000000     0.00000000     1.00000000
        1     0.00000004     0.00000230     0.99999766
        2     0.00000005     0.00001857     0.99998138
        3     0.00000015     0.00004043     0.99995942
        4     0.00000014     0.00005206     0.99994780
        5     0.00000033     0.00004727     0.99995240
        6     0.00000030     0.00004488     0.99995482
        7     0.00000055     0.00010310     0.99989635
        8     0.00000048     0.00034992     0.99964960
        9     0.00000072     0.00111799     0.99888129
       10     0.00000065     0.00368550     0.99631385
       11     0.00000075     0.01601800     0.98398125
       12     0.00000070     0.14050267     0.85949663
       13     0.00000077     0.12995052     0.87004871
       14     0.00000369     0.45205816     0.54793814
       15     0.00000049     0.32090972     0.67908979
       16     0.00000155     0.29211594     0.70788251
       17     0.00000205     0.28016196     0.71983599
       18     0.00000022     0.27701261     0.72298718
       19     0.00000225     0.27811882     0.72187893
       20     0.00000114     0.28071208     0.71928678
       21     0.00000082     0.28335913     0.71664006
       22     0.00000234     0.28545840     0.71453926
       23     0.00000063     0.28655084     0.71344853
       24     0.00000129     0.28661132     0.71338738
       25     0.00000240     0.28576247     0.71423513
       26     0.00000047     0.28432492     0.71567461
       27     0.00000154     0.28247456     0.71752391
       28     0.00000268     0.28016877     0.71982855
       29     0.00000053     0.27761814     0.72238134
       30     0.00000121     0.27519572     0.72480306
       31     0.00000257     0.27302924     0.72696819
       32     0.00000083     0.27123206     0.72876711
       33     0.00000067     0.27008234     0.72991700
       34     0.00000236     0.27023717     0.72976047
       35     0.00000147     0.27307683     0.72692170
       36     0.00000032     0.28215051     0.71784917
       37     0.00000177     0.30905235     0.69094588
       38     0.00000213     0.39176064     0.60823723
       39     0.00000052     0.55424231     0.44575717
       40     0.00000084     0.68580445     0.31419470
       41     0.00000228     0.73791816     0.26207956
       42     0.00000154     0.75848586     0.24151261
       43     0.00000045     0.76918825     0.23081129
       44     0.00000136     0.77380842     0.22619022
       45     0.00000191     0.76313741     0.23686068
       46     0.00000103     0.70187713     0.29812184
       47     0.00000093     0.57040395     0.42959512
       48     0.00000146     0.45209774     0.54790080
       49     0.00000127     0.39072125     0.60927748
       50     0.00000101     0.36003295     0.63996604
       51     0.00000129     0.34316037     0.65683834
       52     0.00000131     0.33325908     0.66673960
       53     0.00000104     0.32738844     0.67261052
       54     0.00000121     0.32413524     0.67586355
       55     0.00000140     0.32274283     0.67725578
       56     0.00000109     0.32276601     0.67723290
       57     0.00000104     0.32391601     0.67608294
       58     0.00000145     0.32597889     0.67401966
       59     0.00000134     0.32872039     0.67127827
       60     0.00000095     0.33200698     0.66799207
       61     0.00000128     0.33567253     0.66432619
       62     0.00000165     0.33953095     0.66046739
       63     0.00000112     0.34340404     0.65659484
       64     0.00000089     0.34707104     0.65292807
       65     0.00000159     0.35039046     0.64960794
       66     0.00000159     0.35305469     0.64694371
       67     0.00000082     0.35482898     0.64517019
       68     0.00000113     0.35549228     0.64450659
       69     0.00000186     0.35486944     0.64512870
       70     0.00000127     0.35283622     0.64716251
       71     0.00000072     0.34945756     0.65054172
       72     0.00000154     0.34491503     0.65508343
       73     0.00000184     0.33938573     0.66061243
       74     0.00000087     0.33334968     0.66664945
       75     0.00000092     0.32748602     0.67251306
       76     0.00000191     0.32240687     0.67759122
       77     0.00000152     0.31864003     0.68135845
       78     0.00000065     0.31658067     0.68341868
       79     0.00000135     0.31635585     0.68364280
       80     0.00000204     0.31791961     0.68207835
       81     0.00000110     0.32113235     0.67886655
       82     0.00000069     0.32563873     0.67436058
       83     0.00000172     0.33116602     0.66883226
       84     0.00000181     0.33733933     0.66265885
       85     0.00000071     0.34382899     0.65617031
       86     0.00000092     0.35040348     0.64959559
       87     0.00000197     0.35663571     0.64336232
       88     0.00000148     0.36230104     0.63769748
       89     0.00000054     0.36733221     0.63266725
       90     0.00000126     0.37156925     0.62842949
       91     0.00000204     0.37485880     0.62513916
       92     0.00000115     0.37715370     0.62284515
       93     0.00000055     0.37843683     0.62156262
       94     0.00000158     0.37877950     0.62121892
       95     0.00000198     0.37829978     0.62169824
       96     0.00000088     0.37713869     0.62286043
       97     0.00000066     0.37546818     0.62453116
       98     0.00000176     0.37349785     0.62650039
       99     0.00000183     0.37148937     0.62850879
      100     0.00000072     0.36972458     0.63027471
      101     0.00000078     0.36852445     0.63147477
      102     0.00000196     0.36826118     0.63173686
      103     0.00000182     0.36937429     0.63062389
      104     0.00000062     0.37246362     0.62753576
      105     0.00000081     0.37830477     0.62169442
      106     0.00000196     0.38800124     0.61199680
      107     0.00000178     0.40313030     0.59686792
      108     0.00000069     0.42586576     0.57413355
      109     0.00000075     0.45877831     0.54122094
      110     0.00000168     0.50370942     0.49628890
      111     0.00000181     0.55923480     0.44076339
      112     0.00000108     0.61859401     0.38140491
      113     0.00000068     0.67361528     0.32638404
      114     0.00000111     0.70940310     0.29059579
      115     0.00000128     0.72311071     0.27688801
      116     0.00000092     0.72476971     0.27522937
      117     0.00000096     0.71801566     0.28198338
      118     0.00000126     0.70136615     0.29863259
      119     0.00000098     0.67523448     0.32476454
      120     0.00000072     0.64498508     0.35501420
