#     Density Matrix: population Re; see the manual for detail orders
        0     0.00000000     0.00000000     1.00000000
        1     0.00000001     0.00002205     0.99997794
        2     0.00000003     0.00015929     0.99984069
        3     0.00000008     0.00028930     0.99971063
        4     0.00000011     0.00029161     0.99970828
        5     0.00000022     0.00017260     0.99982718
        6     0.00000026     0.00003701     0.99996272
        7     0.00000042     0.00001002     0.99998956
        8     0.00000045     0.00019321     0.99980634
        9     0.00000059     0.00066275     0.99933665
       10     0.00000061     0.00154021     0.99845918
       11     0.00000068     0.00344005     0.99655927
       12     0.00000071     0.01053975     0.98945954
       13     0.00000064     0.06573201     0.93426735
       14     0.00000045     0.54921284     0.45078671
       15     0.00000019     0.66881857     0.33118124
       16     0.00000148     0.32666840     0.67333012
       17     0.00000012     0.25904353     0.74095636
       18     0.00000117     0.22657282     0.77342601
       19     0.00000109     0.21270875     0.78729016
       20     0.00000009     0.20915613     0.79084378
       21     0.00000122     0.21122274     0.78877604
       22     0.00000062     0.21609378     0.78390560
       23     0.00000013     0.22202077     0.77797910
       24     0.00000120     0.22805727     0.77194153
       25     0.00000052     0.23330615     0.76669333
       26     0.00000016     0.23684823     0.76315161
       27     0.00000093     0.23825772     0.76174135
       28     0.00000030     0.23586657     0.76413313
       29     0.00000015     0.22736983     0.77263002
       30     0.00000089     0.21049876     0.78950034
       31     0.00000040     0.18169783     0.81830178
       32     0.00000006     0.13876153     0.86123840
       33     0.00000086     0.08437317     0.91562597
       34     0.00000066     0.03385642     0.96614292
       35     0.00000000     0.02831807     0.97168193
       36     0.00000070     0.09989957     0.90009973
       37     0.00000102     0.20252632     0.79747266
       38     0.00000014     0.27543273     0.72456713
       39     0.00000030     0.31439552     0.68560418
       40     0.00000094     0.36364148     0.63635758
       41     0.00000040     0.49660018     0.50339942
       42     0.00000003     0.83343360     0.16656637
       43     0.00000073     0.96339807     0.03660119
       44     0.00000082     0.98777244     0.01222674
       45     0.00000000     1.00000000     0.00000000
       46     0.00000058     0.99958995     0.00040947
       47     0.00000086     0.99911524     0.00088390
       48     0.00000016     0.99896343     0.00103641
       49     0.00000019     0.99918940     0.00081041
       50     0.00000087     0.99957980     0.00041933
       51     0.00000054     0.99978181     0.00021765
       52     0.00000000     0.99937551     0.00062449
       53     0.00000052     0.99778159     0.00221789
       54     0.00000085     0.99423784     0.00576131
       55     0.00000020     0.98785622     0.01214359
       56     0.00000015     0.97773810     0.02226176
       57     0.00000080     0.96315518     0.03684401
       58     0.00000048     0.94399929     0.05600024
       59     0.00000001     0.92135974     0.07864025
       60     0.00000055     0.89831264     0.10168681
       61     0.00000068     0.88023464     0.11976468
       62     0.00000010     0.87369999     0.12629991
       63     0.00000029     0.88303217     0.11696754
       64     0.00000069     0.90599964     0.09399967
       65     0.00000041     0.93344128     0.06655832
       66     0.00000014     0.95527163     0.04472823
       67     0.00000041     0.96723115     0.03276844
       68     0.00000052     0.97187992     0.02811956
       69     0.00000020     0.97433746     0.02566234
       70     0.00000020     0.97828474     0.02171506
       71     0.00000039     0.98444252     0.01555710
       72     0.00000000     1.00000000     0.00000000
       73     0.00000003     0.99737144     0.00262852
       74     0.00000005     0.99251456     0.00748540
       75     0.00000000     0.98932451     0.01067549
       76     0.00000003     0.98956289     0.01043708
       77     0.00000000     1.00000000     0.00000000
       78     0.00000006     0.99954882     0.00045112
       79     0.00000008     0.99877299     0.00122693
       80     0.00000001     0.99839683     0.00160317
       81     0.00000005     0.99864361     0.00135634
       82     0.00000012     0.99919780     0.00080208
       83     0.00000005     0.99958021     0.00041974
       84     0.00000007     0.99957963     0.00042030
       85     0.00000023     0.99935774     0.00064203
       86     0.00000013     0.99919731     0.00080256
       87     0.00000011     0.99920218     0.00079771
       88     0.00000036     0.99926593     0.00073370
       89     0.00000032     0.99928064     0.00071904
       90     0.00000024     0.99928808     0.00071168
       91     0.00000059     0.99937171     0.00062770
       92     0.00000064     0.99947059     0.00052877
       93     0.00000047     0.99941407     0.00058546
       94     0.00000089     0.99919917     0.00079994
       95     0.00000116     0.99905635     0.00094249
       96     0.00000089     0.99919778     0.00080133
       97     0.00000129     0.99952664     0.00047207
       98     0.00000184     0.99965223     0.00034592
       99     0.00000155     0.99937405     0.00062440
      100     0.00000176     0.99894380     0.00105444
      101     0.00000264     0.99886364     0.00113372
      102     0.00000253     0.99927868     0.00071879
      103     0.00000242     0.99974529     0.00025228
      104     0.00000335     0.99966396     0.00033269
      105     0.00000373     0.99908555     0.00091072
      106     0.00000338     0.99862463     0.00137199
      107     0.00000407     0.99881419     0.00118174
      108     0.00000501     0.99945914     0.00053585
      109     0.00000475     0.99984988     0.00014538
      110     0.00000474     0.99954179     0.00045347
      111     0.00000588     0.99885847     0.00113565
      112     0.00000642     0.99853081     0.00146277
      113     0.00000616     0.99889739     0.00109645
      114     0.00000658     0.99955836     0.00043505
      115     0.00000745     0.99983343     0.00015912
      116     0.00000778     0.99944891     0.00054331
      117     0.00000763     0.99885069     0.00114168
      118     0.00000804     0.99865728     0.00133469
      119     0.00000892     0.99902177     0.00096931
      120     0.00000936     0.99954191     0.00044872
