#     Density Matrix: population Re; see the manual for detail orders
        0     0.00000000     0.00000000     1.00000000
        1     0.00000001     0.00000168     0.99999832
        2     0.00000002     0.00001112     0.99998885
        3     0.00000004     0.00001862     0.99998134
        4     0.00000007     0.00001887     0.99998106
        5     0.00000010     0.00001358     0.99998632
        6     0.00000014     0.00000711     0.99999275
        7     0.00000017     0.00000256     0.99999727
        8     0.00000021     0.00000064     0.99999915
        9     0.00000025     0.00000078     0.99999897
       10     0.00000028     0.00000451     0.99999521
       11     0.00000031     0.00071217     0.99928752
       12     0.00000033     0.00089111     0.99910856
       13     0.00000035     0.00065540     0.99934425
       14     0.00000037     0.00053988     0.99945976
       15     0.00000038     0.00041469     0.99958493
       16     0.00000040     0.00030891     0.99969069
       17     0.00000042     0.00023497     0.99976461
       18     0.00000044     0.00019825     0.99980132
       19     0.00000047     0.00020004     0.99979949
       20     0.00000050     0.00023942     0.99976008
       21     0.00000049     0.00031469     0.99968481
       22     0.00000050     0.00042549     0.99957401
       23     0.00000052     0.00057446     0.99942503
       24     0.00000051     0.00076789     0.99923160
       25     0.00000052     0.00101901     0.99898047
       26     0.00000053     0.00135260     0.99864686
       27     0.00000053     0.00181349     0.99818598
       28     0.00000053     0.00248299     0.99751648
       29     0.00000053     0.00351500     0.99648447
       30     0.00000052     0.00521905     0.99478043
       31     0.00000051     0.00826983     0.99172966
       32     0.00000051     0.01431401     0.98568548
       33     0.00000050     0.02802068     0.97197883
       34     0.00000048     0.06533355     0.93466597
       35     0.00000046     0.18411749     0.81588205
       36     0.00000042     0.46467297     0.53532662
       37     0.00000047     0.75193402     0.24806551
       38     0.00000058     0.88330675     0.11669267
       39     0.00000053     0.92833079     0.07166868
       40     0.00000047     0.94658646     0.05341307
       41     0.00000054     0.95539574     0.04460372
       42     0.00000057     0.96017783     0.03982161
       43     0.00000051     0.96298512     0.03701437
       44     0.00000050     0.96473599     0.03526351
       45     0.00000055     0.96589285     0.03410659
       46     0.00000056     0.96671529     0.03328415
       47     0.00000053     0.96735999     0.03263949
       48     0.00000053     0.96792394     0.03207552
       49     0.00000057     0.96847247     0.03152696
       50     0.00000058     0.96904524     0.03095417
       51     0.00000058     0.96966632     0.03033310
       52     0.00000060     0.97034079     0.02965861
       53     0.00000065     0.97106367     0.02893569
       54     0.00000068     0.97182141     0.02817791
       55     0.00000069     0.97259650     0.02740280
       56     0.00000073     0.97336931     0.02662996
       57     0.00000079     0.97411892     0.02588029
       58     0.00000084     0.97482979     0.02516937
       59     0.00000087     0.97549221     0.02450693
       60     0.00000090     0.97610423     0.02389487
       61     0.00000095     0.97666884     0.02333021
       62     0.00000100     0.97719693     0.02280207
       63     0.00000103     0.97770198     0.02229699
       64     0.00000105     0.97820154     0.02179740
       65     0.00000109     0.97870997     0.02128894
       66     0.00000114     0.97923935     0.02075951
       67     0.00000118     0.97979453     0.02020429
       68     0.00000121     0.98037504     0.01962374
       69     0.00000125     0.98097144     0.01902730
       70     0.00000131     0.98156988     0.01842882
       71     0.00000136     0.98215303     0.01784561
       72     0.00000140     0.98270474     0.01729386
       73     0.00000143     0.98321326     0.01678531
       74     0.00000146     0.98367212     0.01632641
       75     0.00000150     0.98408266     0.01591583
       76     0.00000154     0.98445394     0.01554452
       77     0.00000156     0.98480045     0.01519799
       78     0.00000157     0.98513722     0.01486121
       79     0.00000160     0.98547776     0.01452064
       80     0.00000163     0.98582871     0.01416966
       81     0.00000167     0.98618884     0.01380949
       82     0.00000171     0.98654717     0.01345112
       83     0.00000174     0.98688485     0.01311341
       84     0.00000178     0.98717902     0.01281920
       85     0.00000182     0.98740748     0.01259070
       86     0.00000186     0.98755484     0.01244331
       87     0.00000187     0.98761775     0.01238038
       88     0.00000188     0.98760854     0.01238958
       89     0.00000187     0.98755396     0.01244417
       90     0.00000185     0.98749339     0.01250476
       91     0.00000183     0.98747139     0.01252678
       92     0.00000179     0.98753080     0.01246741
       93     0.00000175     0.98770369     0.01229456
       94     0.00000169     0.98800551     0.01199279
       95     0.00000165     0.98843075     0.01156760
       96     0.00000160     0.98895474     0.01104366
       97     0.00000156     0.98953596     0.01046248
       98     0.00000152     0.99012405     0.00987443
       99     0.00000148     0.99066788     0.00933064
      100     0.00000145     0.99112404     0.00887451
      101     0.00000143     0.99146275     0.00853582
      102     0.00000142     0.99167336     0.00832522
      103     0.00000141     0.99176363     0.00823497
      104     0.00000138     0.99175888     0.00823974
      105     0.00000134     0.99169678     0.00830188
      106     0.00000128     0.99162158     0.00837713
      107     0.00000121     0.99157809     0.00842070
      108     0.00000110     0.99160606     0.00839284
      109     0.00000098     0.99173448     0.00826453
      110     0.00000086     0.99197801     0.00802114
      111     0.00000073     0.99233370     0.00766556
      112     0.00000063     0.99277911     0.00722026
      113     0.00000055     0.99327373     0.00672572
      114     0.00000051     0.99376188     0.00623762
      115     0.00000049     0.99418039     0.00581912
      116     0.00000048     0.99446976     0.00552976
      117     0.00000047     0.99458709     0.00541243
      118     0.00000045     0.99451917     0.00548038
      119     0.00000040     0.99429175     0.00570785
      120     0.00000032     0.99397191     0.00602777
