#     Density Matrix: population Re; see the manual for detail orders
        0     0.00000000     0.00000000     1.00000000
        1     0.00000000     0.00000221     0.99999779
        2     0.00000000     0.00001066     0.99998934
        3     0.00000001     0.00001188     0.99998811
        4     0.00000001     0.00001971     0.99998028
        5     0.00000002     0.00004298     0.99995700
        6     0.00000003     0.00005856     0.99994141
        7     0.00000007     0.00004435     0.99995558
        8     0.00000012     0.00002292     0.99997696
        9     0.00000024     0.00005020     0.99994956
       10     0.00000038     0.00016258     0.99983704
       11     0.00000057     0.00034910     0.99965033
       12     0.00000070     0.00058677     0.99941253
       13     0.00000085     0.00094419     0.99905497
       14     0.00000089     0.00179738     0.99820173
       15     0.00000099     0.00445732     0.99554169
       16     0.00000094     0.01385026     0.98614881
       17     0.00000099     0.05362041     0.94637860
       18     0.00000079     0.24149996     0.75849925
       19     0.00000087     0.64660024     0.35339889
       20     0.00000013     0.54832166     0.45167821
       21     0.00000264     0.40084800     0.59914935
       22     0.00000097     0.33075136     0.66924767
       23     0.00000092     0.29649525     0.70350383
       24     0.00000224     0.28045588     0.71954188
       25     0.00000037     0.27411133     0.72588830
       26     0.00000097     0.27272656     0.72727246
       27     0.00000171     0.27344959     0.72654870
       28     0.00000018     0.27451878     0.72548104
       29     0.00000057     0.27488585     0.72511358
       30     0.00000115     0.27403321     0.72596563
       31     0.00000018     0.27185167     0.72814815
       32     0.00000026     0.26851106     0.73148867
       33     0.00000072     0.26431436     0.73568491
       34     0.00000027     0.25954950     0.74045023
       35     0.00000018     0.25437804     0.74562178
       36     0.00000040     0.24878199     0.75121762
       37     0.00000034     0.24258626     0.75741340
       38     0.00000029     0.23553432     0.76446539
       39     0.00000019     0.22740694     0.77259287
       40     0.00000034     0.21817397     0.78182570
       41     0.00000045     0.20815455     0.79184500
       42     0.00000015     0.19819602     0.80180383
       43     0.00000033     0.18986393     0.81013574
       44     0.00000056     0.18559929     0.81440015
       45     0.00000012     0.18877229     0.81122759
       46     0.00000037     0.20350624     0.79649339
       47     0.00000059     0.23407626     0.76592315
       48     0.00000007     0.28353886     0.71646107
       49     0.00000052     0.35117888     0.64882060
       50     0.00000048     0.42860852     0.57139100
       51     0.00000008     0.49543922     0.50456070
       52     0.00000083     0.51879438     0.48120480
       53     0.00000023     0.46567267     0.53432710
       54     0.00000046     0.33330973     0.66668981
       55     0.00000122     0.17337919     0.82661959
       56     0.00000004     0.06472608     0.93527388
       57     0.00000101     0.04922430     0.95077468
       58     0.00000077     0.10662114     0.89337809
       59     0.00000016     0.18502327     0.81497657
       60     0.00000114     0.23998160     0.76001726
       61     0.00000003     0.25298221     0.74701776
       62     0.00000103     0.23080250     0.76919646
       63     0.00000057     0.19472814     0.80527129
       64     0.00000038     0.16682952     0.83317011
       65     0.00000107     0.15910414     0.84089478
       66     0.00000001     0.16961928     0.83038071
       67     0.00000102     0.18662181     0.81337717
       68     0.00000005     0.19751532     0.80248463
       69     0.00000093     0.19685156     0.80314752
       70     0.00000033     0.18836069     0.81163899
       71     0.00000054     0.18032001     0.81967944
       72     0.00000061     0.17846868     0.82153070
       73     0.00000022     0.18222839     0.81777138
       74     0.00000054     0.18677449     0.81322497
       75     0.00000021     0.18822104     0.81177875
       76     0.00000086     0.18670869     0.81329044
       77     0.00000002     0.18490518     0.81509480
       78     0.00000074     0.18443430     0.81556496
       79     0.00000016     0.18455715     0.81544269
       80     0.00000044     0.18417018     0.81582937
       81     0.00000008     0.18389133     0.81610859
       82     0.00000094     0.18510739     0.81489167
       83     0.00000016     0.18728121     0.81271863
       84     0.00000032     0.18769987     0.81229980
       85     0.00000042     0.18486861     0.81513097
       86     0.00000052     0.18135931     0.81864017
       87     0.00000002     0.18159923     0.81840075
       88     0.00000078     0.18632022     0.81367901
       89     0.00000069     0.19058630     0.80941301
       90     0.00000004     0.18894300     0.81105696
       91     0.00000034     0.18232352     0.81767614
       92     0.00000097     0.17802124     0.82197780
       93     0.00000037     0.18161925     0.81838038
       94     0.00000021     0.18990035     0.81009944
       95     0.00000111     0.19365178     0.80634711
       96     0.00000061     0.18800375     0.81199564
       97     0.00000001     0.17855045     0.82144954
       98     0.00000068     0.17569638     0.82430293
       99     0.00000160     0.18311380     0.81688460
      100     0.00000032     0.19327791     0.80672177
      101     0.00000033     0.19534471     0.80465496
      102     0.00000100     0.18684964     0.81314936
      103     0.00000106     0.17643935     0.82355959
      104     0.00000024     0.17476560     0.82523416
      105     0.00000096     0.18346654     0.81653250
      106     0.00000217     0.19375125     0.80624658
      107     0.00000048     0.19557857     0.80442095
      108     0.00000003     0.18757797     0.81242201
      109     0.00000038     0.17783315     0.82216647
      110     0.00000214     0.17547633     0.82452153
      111     0.00000153     0.18202117     0.81797731
      112     0.00000049     0.19069705     0.80930246
      113     0.00000162     0.19355827     0.80644012
      114     0.00000063     0.18882797     0.81117139
      115     0.00000074     0.18167485     0.81832441
      116     0.00000029     0.17860900     0.82139071
      117     0.00000171     0.18151777     0.81848052
      118     0.00000333     0.18679355     0.81320312
      119     0.00000066     0.18951133     0.81048801
      120     0.00000022     0.18800514     0.81199464
