#     Density Matrix: population Re; see the manual for detail orders
        0     0.00000000     0.00000000     1.00000000
        1     0.00000003     0.00000145     0.99999853
        2     0.00000001     0.00000587     0.99999412
        3     0.00000000     0.00000768     0.99999231
        4     0.00000007     0.00003654     0.99996339
        5     0.00000003     0.00011087     0.99988910
        6     0.00000023     0.00019371     0.99980606
        7     0.00000016     0.00024231     0.99975754
        8     0.00000045     0.00030772     0.99969183
        9     0.00000035     0.00060109     0.99939856
       10     0.00000070     0.00151645     0.99848285
       11     0.00000054     0.00374526     0.99625420
       12     0.00000093     0.00886968     0.99112939
       13     0.00000066     0.02156771     0.97843163
       14     0.00000100     0.05675671     0.94324229
       15     0.00000058     0.15283220     0.84716722
       16     0.00000062     0.32647312     0.67352626
       17     0.00000028     0.43155609     0.56844363
       18     0.00000066     0.37921986     0.62077947
       19     0.00000068     0.27738238     0.72261693
       20     0.00000079     0.19285391     0.80714530
       21     0.00000111     0.13581565     0.86418324
       22     0.00000074     0.10184478     0.89815447
       23     0.00000101     0.08464507     0.91535392
       24     0.00000095     0.07871383     0.92128522
       25     0.00000066     0.07982179     0.92017755
       26     0.00000092     0.08496422     0.91503486
       27     0.00000068     0.09205561     0.90794371
       28     0.00000056     0.09963667     0.90036277
       29     0.00000084     0.10676303     0.89323613
       30     0.00000062     0.11267033     0.88732905
       31     0.00000052     0.11671193     0.88328755
       32     0.00000076     0.11828434     0.88171490
       33     0.00000057     0.11670243     0.88329700
       34     0.00000040     0.11133414     0.88866546
       35     0.00000056     0.10264432     0.89735512
       36     0.00000051     0.09072349     0.90927600
       37     0.00000035     0.07639371     0.92360594
       38     0.00000048     0.06148452     0.93851500
       39     0.00000055     0.05023851     0.94976094
       40     0.00000033     0.05990285     0.94009681
       41     0.00000034     0.13244968     0.86754998
       42     0.00000053     0.26548730     0.73451217
       43     0.00000045     0.37673303     0.62326652
       44     0.00000029     0.42863844     0.57136128
       45     0.00000038     0.43834938     0.56165024
       46     0.00000040     0.43003248     0.56996712
       47     0.00000027     0.42420189     0.57579784
       48     0.00000020     0.44373940     0.55626040
       49     0.00000024     0.51467028     0.48532948
       50     0.00000026     0.76286949     0.23713025
       51     0.00000031     0.93062855     0.06937113
       52     0.00000039     0.98275230     0.01724731
       53     0.00000000     1.00000000     0.00000000
       54     0.00000087     0.99871064     0.00128849
       55     0.00000148     0.99730237     0.00269615
       56     0.00000039     0.99669226     0.00330735
       57     0.00000019     0.99695019     0.00304962
       58     0.00000148     0.99780272     0.00219580
       59     0.00000131     0.99871390     0.00128479
       60     0.00000007     0.99896345     0.00103648
       61     0.00000074     0.99752331     0.00247595
       62     0.00000185     0.99310197     0.00689618
       63     0.00000079     0.98405625     0.01594296
       64     0.00000006     0.96860941     0.03139053
       65     0.00000141     0.94532676     0.05467183
       66     0.00000152     0.91411737     0.08588110
       67     0.00000012     0.87784340     0.12215648
       68     0.00000070     0.84400120     0.15599810
       69     0.00000164     0.82443256     0.17556581
       70     0.00000054     0.83042015     0.16957931
       71     0.00000018     0.86388706     0.13611277
       72     0.00000087     0.91277749     0.08722164
       73     0.00000087     0.95800182     0.04199731
       74     0.00000044     0.98583795     0.01416161
       75     0.00000000     1.00000000     0.00000000
       76     0.00000015     0.98924224     0.01075761
       77     0.00000025     0.96821531     0.03178444
       78     0.00000003     0.95223935     0.04776062
       79     0.00000007     0.94951873     0.05048120
       80     0.00000011     0.95886275     0.04113714
       81     0.00000005     0.97260898     0.02739097
       82     0.00000003     0.98222092     0.01777905
       83     0.00000003     0.98344824     0.01655173
       84     0.00000022     0.97807374     0.02192603
       85     0.00000008     0.97174196     0.02825796
       86     0.00000002     0.96959151     0.03040846
       87     0.00000010     0.97230061     0.02769929
       88     0.00000010     0.97672815     0.02327175
       89     0.00000004     0.97908396     0.02091599
       90     0.00000011     0.97835949     0.02164040
       91     0.00000032     0.97662537     0.02337431
       92     0.00000010     0.97610482     0.02389507
       93     0.00000009     0.97711148     0.02288842
       94     0.00000033     0.97847210     0.02152757
       95     0.00000035     0.97924286     0.02075679
       96     0.00000020     0.97974613     0.02025366
       97     0.00000060     0.98050718     0.01949222
       98     0.00000070     0.98109814     0.01890116
       99     0.00000039     0.98105948     0.01894013
      100     0.00000065     0.98085886     0.01914049
      101     0.00000130     0.98161632     0.01838238
      102     0.00000109     0.98334539     0.01665352
      103     0.00000096     0.98466512     0.01533393
      104     0.00000165     0.98434536     0.01565300
      105     0.00000182     0.98323052     0.01676765
      106     0.00000149     0.98347902     0.01651949
      107     0.00000218     0.98570737     0.01429044
      108     0.00000294     0.98793985     0.01205721
      109     0.00000240     0.98799174     0.01200586
      110     0.00000233     0.98635739     0.01364027
      111     0.00000356     0.98576550     0.01423094
      112     0.00000401     0.98767606     0.01231992
      113     0.00000000     1.00000000     0.00000000
      114     0.00000883     0.99986966     0.00012151
      115     0.00001598     0.99964074     0.00034328
      116     0.00000571     0.99959340     0.00040088
      117     0.00000076     0.99977228     0.00022695
      118     0.00001284     0.99995843     0.00002872
      119     0.00001707     0.99994845     0.00003448
      120     0.00000489     0.99976993     0.00022518
