#     Density Matrix: population Re; see the manual for detail orders
        0     0.00000000     0.00000000     1.00000000
        1     0.00000011     0.00000502     0.99999487
        2     0.00000012     0.00004551     0.99995437
        3     0.00000024     0.00011835     0.99988142
        4     0.00000023     0.00019311     0.99980665
        5     0.00000039     0.00024836     0.99975125
        6     0.00000039     0.00033484     0.99966477
        7     0.00000050     0.00067876     0.99932074
        8     0.00000058     0.00195951     0.99803991
        9     0.00000051     0.00654037     0.99345912
       10     0.00000076     0.02632722     0.97367202
       11     0.00000037     0.15508280     0.84491683
       12     0.00000038     0.62628890     0.37371072
       13     0.00000046     0.56268765     0.43731189
       14     0.00000149     0.29775412     0.70224439
       15     0.00000000     0.23225458     0.76774541
       16     0.00000121     0.19759132     0.80240747
       17     0.00000043     0.18112737     0.81887221
       18     0.00000035     0.17540773     0.82459192
       19     0.00000114     0.17583826     0.82416060
       20     0.00000010     0.17955573     0.82044417
       21     0.00000069     0.18479788     0.81520143
       22     0.00000095     0.19051080     0.80948826
       23     0.00000003     0.19608341     0.80391655
       24     0.00000084     0.20115505     0.79884410
       25     0.00000082     0.20547680     0.79452238
       26     0.00000004     0.20882475     0.79117521
       27     0.00000085     0.21093727     0.78906188
       28     0.00000084     0.21145671     0.78854246
       29     0.00000002     0.20986408     0.79013590
       30     0.00000073     0.20546652     0.79453276
       31     0.00000097     0.19735051     0.80264852
       32     0.00000009     0.18421154     0.81578837
       33     0.00000046     0.16533215     0.83466739
       34     0.00000110     0.14246368     0.85753522
       35     0.00000035     0.11843379     0.88156586
       36     0.00000013     0.10282860     0.89717126
       37     0.00000104     0.12399571     0.87600325
       38     0.00000083     0.21234748     0.78765168
       39     0.00000001     0.37171218     0.62828781
       40     0.00000060     0.51744980     0.48254959
       41     0.00000102     0.61048239     0.38951660
       42     0.00000026     0.66449649     0.33550325
       43     0.00000016     0.69728744     0.30271240
       44     0.00000087     0.71889985     0.28109928
       45     0.00000067     0.73461205     0.26538728
       46     0.00000005     0.74756241     0.25243754
       47     0.00000045     0.76013047     0.23986908
       48     0.00000090     0.77453425     0.22546484
       49     0.00000036     0.78952535     0.21047429
       50     0.00000010     0.80489408     0.19510582
       51     0.00000072     0.82029298     0.17970630
       52     0.00000075     0.83533802     0.16466123
       53     0.00000012     0.84969310     0.15030678
       54     0.00000031     0.86310606     0.13689363
       55     0.00000088     0.87542701     0.12457210
       56     0.00000052     0.88660434     0.11339514
       57     0.00000006     0.89665782     0.10334211
       58     0.00000054     0.90565849     0.09434097
       59     0.00000084     0.91370590     0.08629326
       60     0.00000030     0.92090691     0.07909279
       61     0.00000012     0.92736358     0.07263630
       62     0.00000068     0.93316673     0.06683259
       63     0.00000075     0.93839394     0.06160531
       64     0.00000021     0.94310832     0.05689147
       65     0.00000017     0.94736000     0.05263983
       66     0.00000063     0.95118813     0.04881124
       67     0.00000069     0.95462707     0.04537223
       68     0.00000030     0.95771281     0.04228689
       69     0.00000011     0.96048199     0.03951791
       70     0.00000044     0.96297451     0.03702505
       71     0.00000090     0.96524457     0.03475453
       72     0.00000069     0.96734394     0.03265537
       73     0.00000005     0.96931439     0.03068556
       74     0.00000042     0.97119698     0.02880260
       75     0.00000168     0.97301214     0.02698618
       76     0.00000162     0.97475711     0.02524127
       77     0.00000034     0.97640355     0.02359611
       78     0.00000084     0.97790139     0.02209777
       79     0.00000302     0.97919424     0.02080274
       80     0.00000313     0.98023423     0.01976264
       81     0.00000115     0.98099774     0.01900111
       82     0.00000140     0.98150454     0.01849406
       83     0.00000414     0.98183291     0.01816295
       84     0.00000465     0.98211962     0.01787573
       85     0.00000219     0.98253387     0.01746394
       86     0.00000144     0.98323931     0.01675925
       87     0.00000390     0.98435982     0.01563628
       88     0.00000542     0.98595125     0.01404332
       89     0.00000358     0.98797935     0.01201707
       90     0.00000000     1.00000000     0.00000000
       91     0.00000631     0.99983262     0.00016107
       92     0.00001552     0.99932447     0.00066001
       93     0.00001279     0.99852281     0.00146440
       94     0.00000247     0.99753790     0.00245963
       95     0.00000165     0.99653934     0.00345901
       96     0.00001227     0.99574798     0.00423975
       97     0.00001804     0.99538531     0.00459664
       98     0.00001039     0.99558760     0.00440201
       99     0.00000096     0.99633745     0.00366159
      100     0.00000362     0.99745520     0.00254118
      101     0.00001506     0.99864606     0.00133888
      102     0.00001992     0.99957325     0.00040682
      103     0.00001152     0.99994860     0.00003987
      104     0.00000148     0.99963993     0.00035859
      105     0.00000504     0.99875982     0.00123513
      106     0.00001898     0.99766899     0.00231203
      107     0.00002517     0.99685049     0.00312434
      108     0.00001589     0.99669236     0.00329175
      109     0.00000362     0.99728545     0.00271094
      110     0.00000417     0.99835080     0.00164503
      111     0.00001850     0.99935275     0.00062875
      112     0.00003169     0.99976507     0.00020324
      113     0.00002902     0.99937020     0.00060078
      114     0.00001392     0.99842376     0.00156232
      115     0.00000548     0.99754589     0.00244863
      116     0.00001656     0.99734491     0.00263854
      117     0.00003824     0.99798012     0.00198164
      118     0.00005150     0.99898829     0.00096021
      119     0.00004607     0.99958421     0.00036972
      120     0.00002850     0.99929046     0.00068104
