#     Density Matrix: population Re; see the manual for detail orders
        0     0.00000000     0.00000000     1.00000000
        1     0.00000000     0.00002327     0.99997672
        2     0.00000002     0.00020927     0.99979071
        3     0.00000004     0.00054903     0.99945093
        4     0.00000007     0.00095308     0.99904685
        5     0.00000011     0.00143156     0.99856833
        6     0.00000015     0.00235050     0.99764935
        7     0.00000019     0.00493452     0.99506530
        8     0.00000022     0.01289941     0.98710036
        9     0.00000025     0.03873261     0.96126714
       10     0.00000025     0.12178412     0.87821563
       11     0.00000008     0.63739336     0.36260656
       12     0.00000008     0.78088303     0.21911689
       13     0.00000104     0.40257475     0.59742421
       14     0.00000087     0.23734947     0.76264966
       15     0.00000005     0.17640662     0.82359333
       16     0.00000058     0.14059727     0.85940215
       17     0.00000020     0.12069562     0.87930418
       18     0.00000020     0.11007680     0.88992300
       19     0.00000030     0.10434695     0.89565275
       20     0.00000017     0.10085554     0.89914429
       21     0.00000025     0.09813196     0.90186779
       22     0.00000025     0.09546033     0.90453942
       23     0.00000023     0.09260871     0.90739106
       24     0.00000026     0.08955194     0.91044780
       25     0.00000024     0.08638041     0.91361935
       26     0.00000023     0.08318145     0.91681832
       27     0.00000023     0.08005813     0.91994163
       28     0.00000021     0.07708686     0.92291293
       29     0.00000019     0.07433627     0.92566354
       30     0.00000018     0.07186465     0.92813517
       31     0.00000016     0.06973694     0.93026290
       32     0.00000014     0.06803895     0.93196091
       33     0.00000013     0.06687908     0.93312079
       34     0.00000011     0.06641172     0.93358817
       35     0.00000010     0.06685522     0.93314469
       36     0.00000009     0.06855649     0.93144342
       37     0.00000008     0.07208394     0.92791598
       38     0.00000007     0.07851804     0.92148189
       39     0.00000007     0.09015347     0.90984646
       40     0.00000006     0.11284472     0.88715522
       41     0.00000006     0.16577090     0.83422904
       42     0.00000005     0.33185376     0.66814619
       43     0.00000008     0.70633663     0.29366328
       44     0.00000009     0.95365334     0.04634657
       45     0.00000004     0.99534240     0.00465756
       46     0.00000004     0.99912407     0.00087589
       47     0.00000008     0.99861293     0.00138699
       48     0.00000006     0.99772003     0.00227991
       49     0.00000003     0.99699241     0.00300756
       50     0.00000006     0.99646946     0.00353048
       51     0.00000008     0.99610981     0.00389012
       52     0.00000005     0.99586861     0.00413134
       53     0.00000005     0.99570980     0.00429015
       54     0.00000008     0.99560698     0.00439294
       55     0.00000008     0.99554200     0.00445793
       56     0.00000006     0.99550231     0.00449763
       57     0.00000008     0.99548103     0.00451889
       58     0.00000010     0.99547577     0.00452413
       59     0.00000010     0.99548754     0.00451236
       60     0.00000009     0.99552039     0.00447952
       61     0.00000013     0.99558056     0.00441931
       62     0.00000015     0.99567526     0.00432459
       63     0.00000014     0.99581162     0.00418823
       64     0.00000017     0.99599499     0.00400485
       65     0.00000022     0.99622823     0.00377155
       66     0.00000024     0.99650967     0.00349009
       67     0.00000023     0.99683279     0.00316698
       68     0.00000026     0.99718626     0.00281347
       69     0.00000033     0.99755384     0.00244583
       70     0.00000036     0.99791634     0.00208330
       71     0.00000038     0.99825391     0.00174571
       72     0.00000044     0.99854804     0.00145152
       73     0.00000053     0.99878583     0.00121363
       74     0.00000057     0.99896129     0.00103814
       75     0.00000062     0.99907579     0.00092359
       76     0.00000071     0.99913880     0.00086050
       77     0.00000081     0.99916597     0.00083322
       78     0.00000090     0.99917712     0.00082198
       79     0.00000097     0.99919253     0.00080649
       80     0.00000108     0.99922883     0.00077008
       81     0.00000122     0.99929538     0.00070340
       82     0.00000135     0.99939115     0.00060750
       83     0.00000148     0.99950304     0.00049549
       84     0.00000162     0.99960628     0.00039210
       85     0.00000179     0.99966793     0.00033029
       86     0.00000196     0.99965278     0.00034526
       87     0.00000213     0.99953155     0.00046632
       88     0.00000232     0.99929004     0.00070763
       89     0.00000258     0.99893729     0.00106013
       90     0.00000277     0.99850904     0.00148819
       91     0.00000291     0.99806501     0.00193209
       92     0.00000302     0.99767933     0.00231765
       93     0.00000310     0.99742539     0.00257151
       94     0.00000324     0.99735702     0.00263973
       95     0.00000341     0.99749235     0.00250424
       96     0.00000354     0.99780565     0.00219081
       97     0.00000370     0.99823121     0.00176509
       98     0.00000399     0.99867868     0.00131734
       99     0.00000416     0.99905593     0.00093992
      100     0.00000416     0.99929445     0.00070139
      101     0.00000436     0.99936871     0.00062694
      102     0.00000479     0.99930412     0.00069109
      103     0.00000505     0.99916782     0.00082713
      104     0.00000522     0.99904281     0.00095198
      105     0.00000529     0.99899705     0.00099766
      106     0.00000551     0.99905755     0.00093694
      107     0.00000590     0.99920259     0.00079151
      108     0.00000634     0.99937508     0.00061858
      109     0.00000684     0.99951261     0.00048056
      110     0.00000756     0.99957884     0.00041360
      111     0.00000826     0.99957957     0.00041217
      112     0.00000890     0.99955275     0.00043835
      113     0.00000962     0.99954178     0.00044860
      114     0.00001057     0.99956924     0.00042019
      115     0.00001177     0.99962721     0.00036102
      116     0.00001317     0.99968892     0.00029791
      117     0.00001478     0.99973093     0.00025428
      118     0.00001671     0.99974885     0.00023444
      119     0.00001881     0.99975590     0.00022530
      120     0.00002120     0.99976774     0.00021105
