#     Density Matrix: population Re; see the manual for detail orders
        0     0.00000000     0.00000000     1.00000000
        1     0.00000000     0.00000034     0.99999966
        2     0.00000001     0.00000073     0.99999927
        3     0.00000001     0.00000318     0.99999681
        4     0.00000004     0.00001644     0.99998352
        5     0.00000005     0.00003371     0.99996624
        6     0.00000008     0.00004163     0.99995829
        7     0.00000010     0.00004266     0.99995723
        8     0.00000015     0.00005246     0.99994740
        9     0.00000018     0.00008390     0.99991592
       10     0.00000021     0.00014610     0.99985369
       11     0.00000027     0.00025950     0.99974023
       12     0.00000033     0.00049059     0.99950909
       13     0.00000040     0.00104897     0.99895063
       14     0.00000047     0.00267146     0.99732807
       15     0.00000030     0.48969528     0.51030442
       16     0.00000031     0.77736169     0.22263800
       17     0.00000011     0.29561148     0.70438841
       18     0.00000125     0.04270667     0.95729208
       19     0.00000030     0.06306864     0.93693106
       20     0.00000057     0.07051657     0.92948286
       21     0.00000063     0.06654079     0.93345858
       22     0.00000043     0.05785868     0.94214089
       23     0.00000069     0.04830163     0.95169768
       24     0.00000066     0.03963467     0.96036467
       25     0.00000060     0.03251153     0.96748787
       26     0.00000058     0.02702664     0.97297278
       27     0.00000059     0.02300850     0.97699091
       28     0.00000054     0.02025178     0.97974768
       29     0.00000050     0.01852906     0.98147044
       30     0.00000066     0.01762932     0.98237002
       31     0.00000061     0.01740072     0.98259868
       32     0.00000053     0.01773496     0.98226452
       33     0.00000054     0.01857597     0.98142349
       34     0.00000057     0.01993090     0.98006852
       35     0.00000058     0.02190565     0.97809377
       36     0.00000062     0.02476134     0.97523804
       37     0.00000052     0.02907551     0.97092396
       38     0.00000050     0.03629394     0.96370555
       39     0.00000065     0.05107746     0.94892189
       40     0.00000054     0.09995282     0.90004664
       41     0.00000049     0.43923120     0.56076832
       42     0.00000059     0.89106264     0.10893677
       43     0.00000065     0.97424439     0.02575496
       44     0.00000058     0.97888223     0.02111719
       45     0.00000059     0.97781946     0.02217995
       46     0.00000061     0.97552399     0.02447541
       47     0.00000058     0.97272715     0.02727228
       48     0.00000057     0.96967788     0.03032155
       49     0.00000060     0.96654713     0.03345228
       50     0.00000061     0.96349049     0.03650891
       51     0.00000057     0.96066662     0.03933281
       52     0.00000052     0.95822959     0.04176989
       53     0.00000055     0.95633095     0.04366850
       54     0.00000058     0.95509002     0.04490940
       55     0.00000055     0.95458155     0.04541790
       56     0.00000052     0.95483524     0.04516424
       57     0.00000055     0.95582280     0.04417665
       58     0.00000060     0.95744824     0.04255115
       59     0.00000062     0.95955061     0.04044877
       60     0.00000065     0.96191452     0.03808482
       61     0.00000074     0.96427911     0.03572015
       62     0.00000086     0.96635698     0.03364216
       63     0.00000096     0.96786743     0.03213161
       64     0.00000109     0.96856152     0.03143739
       65     0.00000127     0.96824573     0.03175300
       66     0.00000148     0.96681266     0.03318586
       67     0.00000168     0.96426091     0.03573741
       68     0.00000187     0.96072021     0.03927792
       69     0.00000208     0.95646101     0.04353690
       70     0.00000229     0.95189519     0.04810252
       71     0.00000244     0.94755734     0.05244021
       72     0.00000253     0.94406446     0.05593301
       73     0.00000256     0.94204745     0.05794999
       74     0.00000254     0.94206394     0.05793352
       75     0.00000248     0.94449281     0.05550472
       76     0.00000236     0.94941317     0.05058446
       77     0.00000228     0.95654138     0.04345634
       78     0.00000224     0.96520181     0.03479595
       79     0.00000227     0.97438992     0.02560781
       80     0.00000240     0.98292181     0.01707579
       81     0.00000263     0.98964902     0.01034835
       82     0.00000296     0.99373495     0.00626208
       83     0.00000334     0.99487316     0.00512350
       84     0.00000368     0.99340608     0.00659025
       85     0.00000387     0.99027318     0.00972295
       86     0.00000387     0.98678681     0.01320933
       87     0.00000372     0.98428688     0.01570939
       88     0.00000349     0.98373928     0.01625723
       89     0.00000320     0.98543079     0.01456601
       90     0.00000293     0.98889135     0.01110572
       91     0.00000274     0.99307462     0.00692264
       92     0.00000267     0.99674191     0.00325542
       93     0.00000274     0.99895901     0.00103825
       94     0.00000287     0.99944029     0.00055684
       95     0.00000293     0.99861037     0.00138671
       96     0.00000288     0.99735717     0.00263995
       97     0.00000278     0.99655846     0.00343877
       98     0.00000267     0.99668154     0.00331579
       99     0.00000264     0.99761507     0.00238230
      100     0.00000275     0.99882275     0.00117450
      101     0.00000284     0.99971414     0.00028302
      102     0.00000279     0.99998458     0.00001263
      103     0.00000280     0.99974526     0.00025194
      104     0.00000301     0.99937222     0.00062477
      105     0.00000330     0.99921429     0.00078242
      106     0.00000354     0.99937376     0.00062270
      107     0.00000380     0.99969551     0.00030068
      108     0.00000428     0.99993909     0.00005663
      109     0.00000476     0.99998063     0.00001461
      110     0.00000510     0.99987946     0.00011544
      111     0.00000564     0.99978727     0.00020709
      112     0.00000644     0.99979986     0.00019370
      113     0.00000737     0.99989008     0.00010255
      114     0.00000833     0.99996612     0.00002555
      115     0.00000938     0.99997403     0.00001659
      116     0.00001064     0.99993896     0.00005040
      117     0.00001226     0.99991836     0.00006938
      118     0.00001430     0.99993486     0.00005084
      119     0.00001675     0.99996330     0.00001995
      120     0.00001965     0.99997241     0.00000794
