#     Density Matrix: population Re; see the manual for detail orders
        0     0.00000000     0.00000000     1.00000000
        1     0.00000007     0.00000841     0.99999152
        2     0.00000005     0.00006467     0.99993528
        3     0.00000002     0.00013272     0.99986726
        4     0.00000004     0.00016111     0.99983885
        5     0.00000002     0.00012734     0.99987264
        6     0.00000011     0.00005924     0.99994065
        7     0.00000007     0.00003163     0.99996830
        8     0.00000022     0.00014420     0.99985558
        9     0.00000020     0.00050247     0.99949733
       10     0.00000036     0.00124811     0.99875153
       11     0.00000040     0.00278684     0.99721276
       12     0.00000045     0.00694495     0.99305461
       13     0.00000066     0.02436411     0.97563523
       14     0.00000039     0.14254046     0.85745915
       15     0.00000043     0.60525036     0.39474920
       16     0.00000055     0.58864041     0.41135903
       17     0.00000229     0.31153296     0.68846475
       18     0.00000089     0.23604256     0.76395655
       19     0.00000193     0.20879988     0.79119820
       20     0.00000128     0.19952868     0.80047004
       21     0.00000058     0.19746439     0.80253503
       22     0.00000128     0.19748447     0.80251426
       23     0.00000041     0.19695210     0.80304748
       24     0.00000037     0.19463026     0.80536936
       25     0.00000068     0.19015267     0.80984665
       26     0.00000007     0.18371828     0.81628165
       27     0.00000030     0.17588968     0.82411002
       28     0.00000036     0.16746436     0.83253527
       29     0.00000001     0.15940070     0.84059930
       30     0.00000031     0.15276864     0.84723105
       31     0.00000026     0.14870188     0.85129787
       32     0.00000000     0.14833194     0.85166806
       33     0.00000028     0.15268605     0.84731367
       34     0.00000021     0.16252389     0.83747589
       35     0.00000000     0.17811116     0.82188884
       36     0.00000015     0.19894386     0.80105599
       37     0.00000017     0.22344434     0.77655548
       38     0.00000005     0.24869055     0.75130940
       39     0.00000004     0.27028864     0.72971132
       40     0.00000016     0.28254170     0.71745814
       41     0.00000020     0.27916374     0.72083606
       42     0.00000000     0.25483139     0.74516860
       43     0.00000023     0.20779774     0.79220203
       44     0.00000036     0.14339761     0.85660203
       45     0.00000002     0.07713640     0.92286359
       46     0.00000035     0.03413215     0.96586750
       47     0.00000038     0.04050677     0.95949285
       48     0.00000001     0.10652649     0.89347350
       49     0.00000038     0.21253175     0.78746786
       50     0.00000015     0.31447812     0.68552174
       51     0.00000018     0.36998922     0.63001060
       52     0.00000051     0.36296585     0.63703364
       53     0.00000006     0.30791485     0.69208509
       54     0.00000064     0.23642246     0.76357690
       55     0.00000047     0.17943625     0.82056329
       56     0.00000023     0.15478112     0.84521865
       57     0.00000061     0.16314609     0.83685331
       58     0.00000005     0.19156209     0.80843785
       59     0.00000042     0.22153151     0.77846807
       60     0.00000022     0.23812338     0.76187640
       61     0.00000026     0.23613934     0.76386040
       62     0.00000051     0.22095834     0.77904114
       63     0.00000007     0.20398683     0.79601310
       64     0.00000050     0.19539923     0.80460027
       65     0.00000004     0.19841683     0.80158312
       66     0.00000029     0.20845704     0.79154268
       67     0.00000007     0.21726440     0.78273553
       68     0.00000026     0.21909969     0.78090005
       69     0.00000022     0.21447929     0.78552049
       70     0.00000012     0.20845446     0.79154542
       71     0.00000029     0.20587684     0.79412287
       72     0.00000001     0.20757337     0.79242662
       73     0.00000009     0.21069290     0.78930701
       74     0.00000005     0.21224990     0.78775005
       75     0.00000028     0.21183199     0.78816774
       76     0.00000001     0.21109666     0.78890333
       77     0.00000019     0.21102917     0.78897064
       78     0.00000012     0.21077902     0.78922086
       79     0.00000003     0.20937716     0.79062281
       80     0.00000004     0.20792303     0.79207693
       81     0.00000027     0.20880394     0.79119580
       82     0.00000010     0.21235498     0.78764492
       83     0.00000003     0.21524827     0.78475170
       84     0.00000028     0.21356274     0.78643699
       85     0.00000020     0.20775230     0.79224750
       86     0.00000001     0.20346358     0.79653641
       87     0.00000024     0.20608970     0.79391006
       88     0.00000033     0.21433651     0.78566317
       89     0.00000006     0.22030013     0.77969981
       90     0.00000019     0.21704749     0.78295233
       91     0.00000052     0.20642562     0.79357386
       92     0.00000022     0.19830532     0.80169446
       93     0.00000007     0.20127206     0.79872786
       94     0.00000053     0.21380490     0.78619456
       95     0.00000058     0.22487962     0.77511980
       96     0.00000010     0.22399246     0.77600744
       97     0.00000023     0.21117069     0.78882908
       98     0.00000063     0.19720073     0.80279864
       99     0.00000054     0.19412492     0.80587454
      100     0.00000021     0.20462343     0.79537637
      101     0.00000081     0.21999351     0.78000568
      102     0.00000087     0.22784423     0.77215490
      103     0.00000015     0.22250104     0.77749882
      104     0.00000005     0.20898268     0.79101727
      105     0.00000051     0.19805802     0.80194147
      106     0.00000126     0.19730235     0.80269639
      107     0.00000074     0.20581289     0.79418637
      108     0.00000076     0.21615131     0.78384792
      109     0.00000125     0.22085252     0.77914623
      110     0.00000042     0.21787000     0.78212958
      111     0.00000009     0.21101778     0.78898214
      112     0.00000011     0.20585503     0.79414486
      113     0.00000120     0.20529622     0.79470258
      114     0.00000211     0.20815557     0.79184232
      115     0.00000098     0.21119946     0.78879956
      116     0.00000072     0.21233186     0.78766742
      117     0.00000055     0.21187980     0.78811965
      118     0.00000025     0.21134866     0.78865109
      119     0.00000077     0.21142522     0.78857400
      120     0.00000083     0.21134811     0.78865106
