#     Density Matrix: population Re; see the manual for detail orders
        0     0.00000000     0.00000000     1.00000000
        1     0.00000001     0.00000379     0.99999621
        2     0.00000000     0.00002887     0.99997112
        3     0.00000000     0.00005375     0.99994625
        4     0.00000004     0.00005049     0.99994947
        5     0.00000005     0.00002306     0.99997689
        6     0.00000022     0.00000126     0.99999852
        7     0.00000027     0.00001503     0.99998469
        8     0.00000052     0.00007790     0.99992158
        9     0.00000058     0.00017430     0.99982512
       10     0.00000082     0.00027595     0.99972323
       11     0.00000085     0.00041158     0.99958757
       12     0.00000105     0.00081478     0.99918417
       13     0.00000097     0.00234844     0.99765058
       14     0.00000115     0.00848618     0.99151267
       15     0.00000091     0.03947873     0.96052036
       16     0.00000091     0.26199785     0.73800124
       17     0.00000039     0.73137218     0.26862743
       18     0.00000072     0.44950038     0.55049890
       19     0.00000267     0.30751441     0.69248292
       20     0.00000030     0.25297138     0.74702832
       21     0.00000178     0.22889651     0.77110172
       22     0.00000161     0.21857565     0.78142274
       23     0.00000012     0.21482833     0.78517155
       24     0.00000160     0.21394536     0.78605304
       25     0.00000086     0.21389818     0.78610096
       26     0.00000008     0.21361106     0.78638887
       27     0.00000110     0.21260198     0.78739693
       28     0.00000052     0.21076157     0.78923791
       29     0.00000010     0.20819373     0.79180617
       30     0.00000074     0.20509269     0.79490657
       31     0.00000042     0.20165556     0.79834402
       32     0.00000021     0.19803842     0.80196138
       33     0.00000058     0.19434009     0.80565933
       34     0.00000039     0.19062435     0.80937526
       35     0.00000031     0.18696999     0.81302970
       36     0.00000047     0.18352671     0.81647282
       37     0.00000034     0.18057457     0.81942509
       38     0.00000039     0.17857107     0.82142854
       39     0.00000035     0.17819370     0.82180594
       40     0.00000027     0.18034258     0.81965715
       41     0.00000037     0.18608839     0.81391124
       42     0.00000028     0.19655247     0.80344724
       43     0.00000037     0.21269510     0.78730453
       44     0.00000059     0.23487822     0.76512120
       45     0.00000017     0.26223870     0.73776113
       46     0.00000045     0.29176637     0.70823318
       47     0.00000052     0.31708768     0.68291180
       48     0.00000003     0.32725751     0.67274247
       49     0.00000071     0.30659533     0.69340396
       50     0.00000044     0.23908080     0.76091875
       51     0.00000016     0.12560081     0.87439903
       52     0.00000098     0.01836235     0.98163667
       53     0.00000009     0.02015223     0.97984768
       54     0.00000065     0.16018319     0.83981616
       55     0.00000063     0.32108447     0.67891491
       56     0.00000017     0.39346675     0.60653308
       57     0.00000106     0.37217658     0.62782235
       58     0.00000002     0.30508689     0.69491308
       59     0.00000098     0.23942151     0.76057751
       60     0.00000049     0.20230289     0.79769662
       61     0.00000043     0.19874329     0.80125628
       62     0.00000099     0.21744536     0.78255365
       63     0.00000007     0.24055275     0.75944717
       64     0.00000112     0.25371758     0.74628129
       65     0.00000003     0.25242469     0.74757528
       66     0.00000111     0.24198227     0.75801662
       67     0.00000021     0.23191666     0.76808313
       68     0.00000075     0.22883796     0.77116129
       69     0.00000040     0.23263893     0.76736067
       70     0.00000053     0.23827209     0.76172739
       71     0.00000043     0.24090140     0.75909817
       72     0.00000047     0.23970374     0.76029579
       73     0.00000068     0.23729788     0.76270144
       74     0.00000020     0.23619085     0.76380895
       75     0.00000058     0.23635161     0.76364782
       76     0.00000034     0.23633256     0.76366711
       77     0.00000038     0.23588927     0.76411036
       78     0.00000033     0.23642089     0.76357878
       79     0.00000073     0.23855845     0.76144082
       80     0.00000015     0.24027596     0.75972389
       81     0.00000042     0.23877616     0.76122342
       82     0.00000064     0.23448704     0.76551232
       83     0.00000023     0.23188049     0.76811928
       84     0.00000032     0.23484792     0.76515176
       85     0.00000076     0.24144474     0.75855450
       86     0.00000033     0.24464639     0.75535328
       87     0.00000023     0.23977742     0.76022235
       88     0.00000105     0.23070604     0.76929292
       89     0.00000029     0.22702176     0.77297795
       90     0.00000019     0.23403588     0.76596392
       91     0.00000083     0.24595766     0.75404151
       92     0.00000079     0.25067991     0.74931930
       93     0.00000002     0.24202111     0.75797887
       94     0.00000124     0.22706150     0.77293726
       95     0.00000085     0.22018008     0.77981907
       96     0.00000002     0.22914270     0.77085728
       97     0.00000070     0.24698701     0.75301229
       98     0.00000142     0.25782044     0.74217814
       99     0.00000023     0.25130545     0.74869432
      100     0.00000053     0.23223341     0.76776606
      101     0.00000163     0.21654528     0.78345309
      102     0.00000073     0.21731447     0.78268480
      103     0.00000010     0.23391218     0.76608773
      104     0.00000163     0.25296090     0.74703747
      105     0.00000137     0.25990079     0.74009784
      106     0.00000003     0.25036064     0.74963934
      107     0.00000060     0.23246245     0.76753695
      108     0.00000184     0.21960531     0.78039285
      109     0.00000122     0.21996117     0.78003761
      110     0.00000027     0.23132847     0.76867126
      111     0.00000259     0.24435412     0.75564329
      112     0.00000178     0.25034643     0.74965179
      113     0.00000002     0.24696896     0.75303102
      114     0.00000036     0.23854323     0.76145641
      115     0.00000153     0.23162489     0.76837359
      116     0.00000240     0.22999365     0.77000395
      117     0.00000055     0.23284561     0.76715384
      118     0.00000259     0.23664161     0.76335580
      119     0.00000331     0.23855259     0.76144410
      120     0.00000035     0.23852842     0.76147123
