#     Density Matrix: population Re; see the manual for detail orders
        0     0.00000000     0.00000000     1.00000000
        1     0.00000001     0.00001332     0.99998667
        2     0.00000003     0.00008982     0.99991015
        3     0.00000007     0.00015303     0.99984690
        4     0.00000011     0.00015711     0.99984278
        5     0.00000017     0.00011861     0.99988122
        6     0.00000023     0.00008136     0.99991841
        7     0.00000030     0.00006931     0.99993039
        8     0.00000038     0.00006811     0.99993151
        9     0.00000044     0.00004845     0.99995111
       10     0.00000058     0.00000963     0.99998979
       11     0.00000065     0.00001814     0.99998121
       12     0.00000085     0.00027324     0.99972591
       13     0.00000087     0.00150509     0.99849404
       14     0.00000077     0.01090220     0.98909703
       15     0.00000069     0.09261112     0.90738819
       16     0.00000079     0.21489746     0.78510175
       17     0.00000061     0.08916903     0.91083036
       18     0.00000122     0.09426803     0.90573075
       19     0.00000030     0.10329013     0.89670957
       20     0.00000110     0.11164844     0.88835045
       21     0.00000094     0.11865415     0.88134491
       22     0.00000047     0.12420558     0.87579395
       23     0.00000058     0.12833111     0.87166832
       24     0.00000078     0.13096217     0.86903705
       25     0.00000092     0.13211288     0.86788620
       26     0.00000017     0.13186200     0.86813782
       27     0.00000071     0.13024691     0.86975238
       28     0.00000078     0.12734612     0.87265310
       29     0.00000033     0.12332444     0.87667523
       30     0.00000190     0.11810427     0.88189384
       31     0.00000144     0.11152936     0.88846920
       32     0.00000016     0.10374812     0.89625172
       33     0.00000104     0.09441152     0.90558744
       34     0.00000250     0.08227533     0.91772218
       35     0.00000085     0.06591766     0.93408149
       36     0.00000053     0.04331931     0.95668016
       37     0.00000228     0.01499057     0.98500715
       38     0.00000145     0.05394185     0.94605669
       39     0.00000004     0.34651026     0.65348971
       40     0.00000102     0.63396283     0.36603615
       41     0.00000185     0.74883166     0.25116649
       42     0.00000051     0.79431995     0.20567954
       43     0.00000027     0.81635629     0.18364344
       44     0.00000177     0.82835330     0.17164493
       45     0.00000156     0.83514799     0.16485045
       46     0.00000017     0.83863293     0.16136690
       47     0.00000104     0.83995813     0.16004082
       48     0.00000211     0.84007717     0.15992072
       49     0.00000098     0.83955178     0.16044723
       50     0.00000012     0.83863311     0.16136678
       51     0.00000119     0.83745755     0.16254126
       52     0.00000171     0.83628741     0.16371088
       53     0.00000055     0.83534815     0.16465131
       54     0.00000014     0.83483719     0.16516266
       55     0.00000119     0.83491667     0.16508214
       56     0.00000132     0.83571739     0.16428129
       57     0.00000035     0.83732923     0.16267042
       58     0.00000019     0.83977596     0.16022384
       59     0.00000081     0.84301173     0.15698746
       60     0.00000150     0.84694105     0.15305745
       61     0.00000098     0.85141248     0.14858655
       62     0.00000018     0.85622011     0.14377971
       63     0.00000020     0.86115625     0.13884356
       64     0.00000050     0.86594930     0.13405020
       65     0.00000122     0.87029837     0.12970042
       66     0.00000149     0.87397566     0.12602286
       67     0.00000100     0.87679038     0.12320862
       68     0.00000085     0.87859456     0.12140459
       69     0.00000194     0.87929010     0.12070795
       70     0.00000313     0.87884404     0.12115283
       71     0.00000289     0.87728784     0.12270927
       72     0.00000220     0.87472087     0.12527693
       73     0.00000307     0.87131907     0.12867786
       74     0.00000479     0.86733932     0.13265589
       75     0.00000485     0.86311984     0.13687531
       76     0.00000341     0.85907014     0.14092645
       77     0.00000278     0.85552947     0.14446774
       78     0.00000327     0.85314115     0.14685558
       79     0.00000376     0.85235120     0.14764505
       80     0.00000327     0.85342719     0.14656954
       81     0.00000205     0.85634452     0.14365342
       82     0.00000130     0.86099439     0.13900431
       83     0.00000143     0.86685277     0.13314580
       84     0.00000224     0.87301266     0.12698510
       85     0.00000324     0.87856318     0.12143358
       86     0.00000343     0.88225283     0.11774374
       87     0.00000285     0.88315138     0.11684577
       88     0.00000367     0.88092015     0.11907619
       89     0.00000668     0.87563856     0.12435476
       90     0.00000969     0.86825253     0.13173778
       91     0.00000916     0.86039634     0.13959450
       92     0.00000593     0.85374274     0.14625133
       93     0.00000396     0.84996186     0.15003418
       94     0.00000427     0.85014361     0.14985212
       95     0.00000460     0.85440565     0.14558975
       96     0.00000403     0.86174153     0.13825444
       97     0.00000343     0.87019028     0.12980629
       98     0.00000262     0.87732360     0.12267377
       99     0.00000278     0.88094097     0.11905624
      100     0.00000731     0.87986224     0.12013045
      101     0.00001417     0.87441592     0.12556991
      102     0.00001601     0.86642946     0.13355453
      103     0.00001078     0.85874001     0.14124921
      104     0.00000471     0.85419636     0.14579893
      105     0.00000360     0.85455954     0.14543686
      106     0.00000535     0.85972979     0.14026486
      107     0.00000771     0.86757683     0.13241547
      108     0.00001161     0.87469212     0.12529627
      109     0.00001450     0.87781965     0.12216585
      110     0.00001303     0.87542727     0.12455970
      111     0.00001201     0.86863187     0.13135612
      112     0.00001694     0.86090479     0.13907827
      113     0.00002257     0.85644088     0.14353655
      114     0.00002226     0.85784826     0.14212948
      115     0.00001889     0.86440691     0.13557419
      116     0.00001740     0.87218174     0.12780086
      117     0.00001783     0.87616869     0.12381347
      118     0.00002247     0.87357126     0.12640627
      119     0.00003366     0.86606690     0.13389944
      120     0.00004479     0.85903572     0.14091949
