#     Density Matrix: population Re; see the manual for detail orders
        0     0.00000000     0.00000000     1.00000000
        1     0.00000000     0.00000083     0.99999916
        2     0.00000001     0.00000863     0.99999137
        3     0.00000001     0.00002473     0.99997526
        4     0.00000006     0.00004022     0.99995973
        5     0.00000005     0.00004458     0.99995537
        6     0.00000016     0.00003928     0.99996056
        7     0.00000013     0.00004285     0.99995702
        8     0.00000031     0.00008332     0.99991638
        9     0.00000026     0.00018538     0.99981436
       10     0.00000052     0.00037062     0.99962886
       11     0.00000046     0.00068793     0.99931161
       12     0.00000073     0.00131195     0.99868733
       13     0.00000061     0.00285451     0.99714488
       14     0.00000073     0.00755473     0.99244454
       15     0.00000089     0.02521874     0.97478037
       16     0.00000076     0.10902634     0.89097289
       17     0.00000062     0.42208056     0.57791882
       18     0.00000028     0.65202785     0.34797188
       19     0.00000088     0.46720692     0.53279219
       20     0.00000117     0.34949865     0.65050017
       21     0.00000094     0.28271820     0.71728086
       22     0.00000058     0.23757116     0.76242826
       23     0.00000089     0.20210507     0.79789403
       24     0.00000073     0.17084005     0.82915922
       25     0.00000076     0.14163504     0.85836420
       26     0.00000065     0.11406761     0.88593174
       27     0.00000032     0.08875181     0.91124787
       28     0.00000028     0.06660073     0.93339899
       29     0.00000038     0.04829179     0.95170783
       30     0.00000024     0.03397997     0.96601980
       31     0.00000019     0.02334026     0.97665955
       32     0.00000022     0.01570613     0.98429365
       33     0.00000015     0.01036480     0.98963505
       34     0.00000000     1.00000000     0.00000000
       35     0.00000011     0.99996460     0.00003528
       36     0.00000016     0.99982813     0.00017171
       37     0.00000004     0.99953534     0.00046462
       38     0.00000002     0.99900706     0.00099291
       39     0.00000012     0.99813681     0.00186307
       40     0.00000010     0.99678762     0.00321228
       41     0.00000002     0.99478179     0.00521819
       42     0.00000005     0.99189342     0.00810653
       43     0.00000011     0.98783130     0.01216859
       44     0.00000006     0.98218522     0.01781472
       45     0.00000002     0.97434897     0.02565100
       46     0.00000008     0.96332753     0.03667239
       47     0.00000008     0.94733449     0.05266543
       48     0.00000001     0.92307103     0.07692896
       49     0.00000007     0.88527718     0.11472275
       50     0.00000014     0.83001950     0.16998036
       51     0.00000005     0.76802966     0.23197029
       52     0.00000007     0.73407352     0.26592641
       53     0.00000021     0.75473136     0.24526843
       54     0.00000011     0.81517929     0.18482059
       55     0.00000001     0.88272079     0.11727920
       56     0.00000008     0.93651200     0.06348792
       57     0.00000004     0.97031266     0.02968730
       58     0.00000003     0.98551556     0.01448441
       59     0.00000006     0.98672204     0.01327790
       60     0.00000002     0.98017077     0.01982921
       61     0.00000008     0.97239918     0.02760074
       62     0.00000004     0.96812955     0.03187041
       63     0.00000003     0.96881552     0.03118445
       64     0.00000008     0.97301876     0.02698117
       65     0.00000002     0.97805027     0.02194971
       66     0.00000006     0.98162518     0.01837476
       67     0.00000002     0.98286187     0.01713811
       68     0.00000007     0.98239101     0.01760892
       69     0.00000008     0.98163515     0.01836476
       70     0.00000001     0.98168317     0.01831682
       71     0.00000006     0.98265756     0.01734238
       72     0.00000007     0.98396588     0.01603404
       73     0.00000006     0.98498789     0.01501204
       74     0.00000000     0.98559268     0.01440732
       75     0.00000014     0.98606099     0.01393887
       76     0.00000017     0.98661639     0.01338344
       77     0.00000001     0.98712066     0.01287933
       78     0.00000008     0.98729807     0.01270185
       79     0.00000024     0.98719789     0.01280186
       80     0.00000014     0.98730204     0.01269782
       81     0.00000003     0.98803809     0.01196187
       82     0.00000031     0.98919687     0.01080282
       83     0.00000034     0.98997398     0.01002568
       84     0.00000007     0.98974048     0.01025945
       85     0.00000019     0.98880372     0.01119610
       86     0.00000051     0.98829789     0.01170161
       87     0.00000032     0.98909074     0.01090894
       88     0.00000000     1.00000000     0.00000000
       89     0.00000078     0.99992867     0.00007055
       90     0.00000135     0.99976478     0.00023388
       91     0.00000037     0.99964642     0.00035320
       92     0.00000017     0.99968149     0.00031834
       93     0.00000134     0.99983962     0.00015903
       94     0.00000130     0.99996764     0.00003106
       95     0.00000015     0.99992286     0.00007700
       96     0.00000054     0.99970955     0.00028991
       97     0.00000172     0.99948917     0.00050911
       98     0.00000114     0.99944149     0.00055736
       99     0.00000008     0.99960143     0.00039849
      100     0.00000083     0.99982639     0.00017278
      101     0.00000185     0.99991905     0.00007910
      102     0.00000103     0.99978945     0.00020953
      103     0.00000008     0.99953172     0.00046820
      104     0.00000095     0.99934605     0.00065301
      105     0.00000190     0.99937527     0.00062283
      106     0.00000106     0.99959537     0.00040357
      107     0.00000009     0.99983991     0.00016001
      108     0.00000084     0.99993700     0.00006216
      109     0.00000184     0.99984025     0.00015791
      110     0.00000121     0.99965059     0.00034820
      111     0.00000013     0.99952578     0.00047409
      112     0.00000054     0.99956050     0.00043896
      113     0.00000165     0.99972700     0.00027134
      114     0.00000146     0.99990935     0.00008919
      115     0.00000032     0.99999606     0.00000361
      116     0.00000019     0.99995757     0.00004224
      117     0.00000124     0.99985689     0.00014187
      118     0.00000167     0.99978821     0.00021013
      119     0.00000078     0.99980069     0.00019853
      120     0.00000004     0.99987174     0.00012822
