#     Density Matrix: population Re; see the manual for detail orders
        0     0.00000000     0.00000000     1.00000000
        1     0.00000000     0.00001133     0.99998867
        2     0.00000001     0.00011071     0.99988928
        3     0.00000003     0.00031605     0.99968392
        4     0.00000005     0.00057271     0.99942724
        5     0.00000008     0.00084209     0.99915783
        6     0.00000011     0.00124214     0.99875775
        7     0.00000014     0.00221318     0.99778668
        8     0.00000018     0.00486983     0.99512999
        9     0.00000021     0.01225003     0.98774976
       10     0.00000023     0.03395714     0.96604263
       11     0.00000024     0.09951154     0.90048822
       12     0.00000020     0.24551791     0.75448188
       13     0.00000006     0.67803176     0.32196817
       14     0.00000022     0.51133787     0.48866190
       15     0.00000051     0.28315940     0.71684009
       16     0.00000013     0.18331295     0.81668692
       17     0.00000042     0.12240115     0.87759842
       18     0.00000030     0.08856280     0.91143691
       19     0.00000026     0.07148988     0.92850985
       20     0.00000033     0.06385020     0.93614947
       21     0.00000025     0.06094459     0.93905517
       22     0.00000026     0.05995084     0.94004889
       23     0.00000026     0.05937096     0.94062878
       24     0.00000024     0.05852811     0.94147165
       25     0.00000026     0.05723800     0.94276174
       26     0.00000027     0.05554683     0.94445290
       27     0.00000024     0.05359473     0.94640503
       28     0.00000022     0.05156544     0.94843434
       29     0.00000029     0.04961435     0.95038536
       30     0.00000025     0.04784304     0.95215671
       31     0.00000021     0.04634053     0.95365926
       32     0.00000024     0.04517547     0.95482429
       33     0.00000021     0.04441028     0.95558951
       34     0.00000018     0.04414261     0.95585721
       35     0.00000016     0.04451683     0.95548301
       36     0.00000014     0.04579948     0.95420038
       37     0.00000014     0.04853214     0.95146772
       38     0.00000013     0.05390443     0.94609544
       39     0.00000009     0.06506739     0.93493252
       40     0.00000009     0.09309375     0.90690616
       41     0.00000011     0.19979780     0.80020209
       42     0.00000012     0.56101055     0.43898933
       43     0.00000011     0.88914468     0.11085521
       44     0.00000008     0.96284674     0.03715319
       45     0.00000005     0.97672623     0.02327372
       46     0.00000007     0.98128610     0.01871382
       47     0.00000008     0.98339146     0.01660846
       48     0.00000006     0.98458610     0.01541384
       49     0.00000007     0.98535119     0.01464874
       50     0.00000010     0.98587392     0.01412598
       51     0.00000010     0.98624152     0.01375838
       52     0.00000008     0.98650098     0.01349893
       53     0.00000010     0.98668441     0.01331549
       54     0.00000013     0.98681616     0.01318371
       55     0.00000011     0.98691748     0.01308241
       56     0.00000011     0.98700713     0.01299276
       57     0.00000015     0.98710193     0.01289792
       58     0.00000016     0.98721599     0.01278385
       59     0.00000014     0.98735744     0.01264242
       60     0.00000016     0.98753105     0.01246878
       61     0.00000020     0.98773695     0.01226286
       62     0.00000019     0.98796737     0.01203244
       63     0.00000019     0.98821127     0.01178854
       64     0.00000021     0.98845579     0.01154401
       65     0.00000023     0.98868340     0.01131638
       66     0.00000023     0.98887770     0.01112207
       67     0.00000022     0.98902555     0.01097423
       68     0.00000022     0.98911536     0.01088442
       69     0.00000023     0.98914519     0.01085458
       70     0.00000025     0.98912476     0.01087499
       71     0.00000027     0.98906917     0.01093057
       72     0.00000026     0.98899660     0.01100314
       73     0.00000024     0.98893334     0.01106642
       74     0.00000027     0.98891509     0.01108464
       75     0.00000034     0.98897266     0.01102700
       76     0.00000038     0.98911986     0.01087976
       77     0.00000039     0.98935858     0.01064103
       78     0.00000044     0.98968089     0.01031867
       79     0.00000060     0.99005184     0.00994756
       80     0.00000073     0.99041851     0.00958076
       81     0.00000082     0.99071573     0.00928345
       82     0.00000096     0.99087422     0.00912482
       83     0.00000117     0.99083357     0.00916526
       84     0.00000141     0.99055392     0.00944467
       85     0.00000158     0.99004087     0.00995755
       86     0.00000171     0.98934814     0.01065015
       87     0.00000185     0.98858114     0.01141700
       88     0.00000203     0.98787742     0.01212055
       89     0.00000217     0.98739456     0.01260328
       90     0.00000222     0.98731524     0.01268254
       91     0.00000220     0.98778182     0.01221598
       92     0.00000223     0.98885040     0.01114737
       93     0.00000229     0.99047619     0.00952152
       94     0.00000236     0.99250244     0.00749521
       95     0.00000250     0.99466579     0.00533171
       96     0.00000276     0.99664682     0.00335042
       97     0.00000319     0.99815856     0.00183826
       98     0.00000363     0.99899357     0.00100280
       99     0.00000400     0.99909309     0.00090291
      100     0.00000440     0.99856955     0.00142605
      101     0.00000487     0.99768382     0.00231132
      102     0.00000522     0.99677842     0.00321636
      103     0.00000542     0.99618165     0.00381293
      104     0.00000559     0.99611268     0.00388173
      105     0.00000561     0.99661383     0.00338056
      106     0.00000557     0.99753770     0.00245674
      107     0.00000584     0.99859850     0.00139565
      108     0.00000634     0.99948043     0.00051323
      109     0.00000686     0.99994325     0.00004989
      110     0.00000728     0.99993269     0.00006004
      111     0.00000774     0.99958254     0.00040972
      112     0.00000836     0.99914229     0.00084936
      113     0.00000890     0.99886938     0.00112172
      114     0.00000914     0.99889865     0.00109221
      115     0.00000953     0.99918610     0.00080436
      116     0.00001056     0.99955519     0.00043425
      117     0.00001223     0.99981597     0.00017180
      118     0.00001387     0.99988071     0.00010542
      119     0.00001529     0.99978908     0.00019563
      120     0.00001683     0.99966086     0.00032231
