#     Density Matrix: population Re; see the manual for detail orders
        0     0.00000000     0.00000000     1.00000000
        1     0.00000000     0.00000284     0.99999716
        2     0.00000000     0.00002190     0.99997810
        3     0.00000000     0.00004147     0.99995853
        4     0.00000000     0.00003933     0.99996067
        5     0.00000001     0.00001814     0.99998186
        6     0.00000005     0.00000276     0.99999719
        7     0.00000017     0.00000857     0.99999127
        8     0.00000040     0.00002676     0.99997284
        9     0.00000058     0.00004355     0.99995587
       10     0.00000075     0.00005465     0.99994460
       11     0.00000083     0.00008047     0.99991870
       12     0.00000092     0.00020923     0.99978984
       13     0.00000092     0.00075133     0.99924775
       14     0.00000096     0.00316265     0.99683639
       15     0.00000089     0.02082211     0.97917700
       16     0.00000077     0.46755205     0.53244717
       17     0.00000002     0.70226117     0.29773881
       18     0.00000148     0.22034255     0.77965597
       19     0.00000056     0.17537025     0.82462919
       20     0.00000063     0.15596980     0.84402957
       21     0.00000161     0.14796122     0.85203716
       22     0.00000006     0.14565062     0.85434932
       23     0.00000127     0.14620437     0.85379436
       24     0.00000110     0.14809089     0.85190801
       25     0.00000009     0.15046469     0.84953523
       26     0.00000152     0.15286420     0.84713428
       27     0.00000080     0.15504982     0.84494938
       28     0.00000017     0.15691051     0.84308933
       29     0.00000151     0.15840981     0.84158868
       30     0.00000072     0.15955292     0.84044636
       31     0.00000014     0.16036613     0.83963373
       32     0.00000140     0.16088423     0.83911437
       33     0.00000085     0.16114199     0.83885716
       34     0.00000004     0.16116756     0.83883240
       35     0.00000116     0.16097585     0.83902299
       36     0.00000109     0.16055660     0.83944231
       37     0.00000002     0.15983970     0.84016028
       38     0.00000075     0.15855770     0.84144155
       39     0.00000130     0.15516506     0.84483363
       40     0.00000042     0.15689865     0.84310092
       41     0.00000080     0.49958282     0.50041638
       42     0.00000211     0.53238468     0.46761321
       43     0.00000119     0.54898368     0.45101513
       44     0.00000035     0.56344602     0.43655364
       45     0.00000169     0.57473118     0.42526713
       46     0.00000195     0.58388308     0.41611497
       47     0.00000050     0.59139352     0.40860599
       48     0.00000083     0.59752089     0.40247828
       49     0.00000218     0.60241974     0.39757808
       50     0.00000133     0.60619970     0.39379896
       51     0.00000029     0.60894626     0.39105345
       52     0.00000156     0.61073635     0.38926209
       53     0.00000218     0.61165271     0.38834511
       54     0.00000066     0.61178068     0.38821866
       55     0.00000059     0.61120776     0.38879165
       56     0.00000225     0.61003079     0.38996696
       57     0.00000178     0.60835679     0.39164143
       58     0.00000022     0.60629888     0.39370090
       59     0.00000133     0.60397429     0.39602438
       60     0.00000268     0.60150765     0.39848966
       61     0.00000109     0.59902442     0.40097449
       62     0.00000025     0.59664178     0.40335797
       63     0.00000234     0.59446581     0.40553185
       64     0.00000263     0.59258775     0.40740963
       65     0.00000039     0.59107353     0.40892608
       66     0.00000085     0.58995357     0.41004557
       67     0.00000310     0.58922177     0.41077513
       68     0.00000201     0.58883607     0.41116192
       69     0.00000007     0.58871697     0.41128296
       70     0.00000160     0.58875309     0.41124531
       71     0.00000300     0.58882237     0.41117463
       72     0.00000120     0.58881151     0.41118729
       73     0.00000022     0.58862873     0.41137105
       74     0.00000166     0.58822452     0.41177382
       75     0.00000205     0.58761713     0.41238082
       76     0.00000101     0.58689797     0.41310102
       77     0.00000059     0.58621391     0.41378550
       78     0.00000072     0.58574409     0.41425519
       79     0.00000154     0.58566730     0.41433115
       80     0.00000254     0.58610395     0.41389351
       81     0.00000127     0.58704283     0.41295590
       82     0.00000008     0.58828940     0.41171052
       83     0.00000355     0.58944961     0.41054684
       84     0.00000645     0.58994029     0.41005326
       85     0.00000286     0.58904088     0.41095626
       86     0.00000142     0.58602071     0.41397787
       87     0.00000810     0.58031951     0.41967239
       88     0.00001078     0.57174536     0.42824385
       89     0.00000434     0.56063810     0.43935756
       90     0.00000312     0.54797426     0.45202262
       91     0.00001001     0.53536782     0.46462217
       92     0.00000997     0.52489905     0.47509097
       93     0.00000263     0.51875720     0.48124017
       94     0.00000133     0.51875825     0.48124042
       95     0.00000442     0.52582065     0.47417493
       96     0.00000336     0.53953017     0.46046647
       97     0.00000146     0.55791862     0.44207993
       98     0.00000114     0.57761366     0.42238519
       99     0.00000005     0.59442707     0.40557288
      100     0.00000342     0.60432952     0.39566706
      101     0.00001093     0.60460209     0.39538699
      102     0.00001011     0.59483388     0.40515601
      103     0.00000414     0.57741357     0.42258229
      104     0.00000805     0.55721571     0.44277624
      105     0.00001436     0.54038454     0.45960110
      106     0.00000897     0.53240914     0.46758189
      107     0.00000123     0.53606800     0.46393077
      108     0.00000032     0.55003918     0.44996050
      109     0.00000096     0.56893058     0.43106845
      110     0.00000493     0.58503706     0.41495801
      111     0.00001212     0.59145323     0.40853465
      112     0.00001089     0.58533988     0.41464923
      113     0.00000633     0.56974256     0.43025111
      114     0.00001165     0.55266474     0.44732361
      115     0.00001587     0.54326010     0.45672403
      116     0.00000934     0.54674087     0.45324979
      117     0.00000360     0.56087689     0.43911952
      118     0.00000243     0.57668659     0.42331097
      119     0.00000523     0.58376585     0.41622892
      120     0.00001844     0.57739693     0.42258464
