#     Density Matrix: population Re; see the manual for detail orders
        0     0.00000000     0.00000000     1.00000000
        1     0.00000000     0.00000013     0.99999987
        2     0.00000001     0.00000285     0.99999714
        3     0.00000001     0.00001525     0.99998474
        4     0.00000004     0.00003934     0.99996063
        5     0.00000004     0.00006590     0.99993406
        6     0.00000011     0.00008453     0.99991536
        7     0.00000010     0.00010139     0.99989851
        8     0.00000022     0.00014793     0.99985185
        9     0.00000021     0.00027624     0.99972355
       10     0.00000036     0.00055711     0.99944253
       11     0.00000033     0.00111594     0.99888373
       12     0.00000047     0.00228463     0.99771490
       13     0.00000044     0.00512622     0.99487334
       14     0.00000049     0.01346107     0.98653844
       15     0.00000047     0.04305128     0.95694825
       16     0.00000034     0.15931808     0.84068158
       17     0.00000024     0.43901288     0.56098689
       18     0.00000009     0.56358481     0.43641511
       19     0.00000035     0.43593255     0.56406710
       20     0.00000025     0.30716672     0.69283302
       21     0.00000039     0.22567673     0.77432288
       22     0.00000033     0.17912358     0.82087609
       23     0.00000022     0.15469582     0.84530396
       24     0.00000035     0.14371529     0.85628436
       25     0.00000018     0.14047970     0.85952012
       26     0.00000021     0.14118470     0.85881508
       27     0.00000030     0.14343111     0.85656860
       28     0.00000014     0.14574072     0.85425914
       29     0.00000023     0.14722585     0.85277392
       30     0.00000028     0.14742898     0.85257074
       31     0.00000014     0.14619227     0.85380760
       32     0.00000021     0.14349467     0.85650512
       33     0.00000029     0.13940310     0.86059662
       34     0.00000014     0.13403059     0.86596927
       35     0.00000018     0.12749830     0.87250152
       36     0.00000030     0.11990587     0.88009384
       37     0.00000020     0.11130437     0.88869543
       38     0.00000016     0.10168617     0.89831368
       39     0.00000028     0.09095062     0.90904910
       40     0.00000028     0.07890098     0.92109874
       41     0.00000018     0.06544648     0.93455334
       42     0.00000027     0.05217081     0.94782893
       43     0.00000039     0.05707335     0.94292626
       44     0.00000030     0.21112897     0.78887073
       45     0.00000028     0.57704838     0.42295134
       46     0.00000041     0.81069892     0.18930067
       47     0.00000031     0.89957352     0.10042617
       48     0.00000025     0.93637599     0.06362377
       49     0.00000045     0.95128086     0.04871869
       50     0.00000053     0.95809747     0.04190200
       51     0.00000038     0.96157422     0.03842540
       52     0.00000043     0.96353796     0.03646161
       53     0.00000071     0.96478039     0.03521890
       54     0.00000079     0.96566886     0.03433035
       55     0.00000067     0.96635725     0.03364208
       56     0.00000075     0.96687936     0.03311989
       57     0.00000109     0.96718461     0.03281431
       58     0.00000124     0.96714329     0.03285547
       59     0.00000116     0.96656060     0.03343824
       60     0.00000133     0.96518096     0.03481770
       61     0.00000181     0.96270745     0.03729075
       62     0.00000203     0.95881636     0.04118161
       63     0.00000194     0.95314642     0.04685164
       64     0.00000215     0.94541957     0.05457829
       65     0.00000265     0.93550662     0.06449073
       66     0.00000282     0.92342849     0.07656869
       67     0.00000265     0.90949191     0.09050545
       68     0.00000282     0.89443346     0.10556372
       69     0.00000318     0.87946276     0.12053406
       70     0.00000301     0.86621680     0.13378019
       71     0.00000249     0.85667546     0.14332205
       72     0.00000230     0.85289559     0.14710211
       73     0.00000234     0.85659568     0.14340199
       74     0.00000205     0.86862848     0.13136947
       75     0.00000147     0.88840076     0.11159777
       76     0.00000127     0.91348268     0.08651605
       77     0.00000171     0.93975406     0.06024424
       78     0.00000211     0.96207256     0.03792533
       79     0.00000191     0.97548580     0.02451229
       80     0.00000145     0.97665229     0.02334626
       81     0.00000173     0.96545316     0.03454511
       82     0.00000240     0.94547436     0.05452324
       83     0.00000216     0.92339410     0.07660374
       84     0.00000103     0.90701462     0.09298435
       85     0.00000064     0.90206745     0.09793190
       86     0.00000102     0.90992929     0.09006969
       87     0.00000101     0.92663092     0.07336807
       88     0.00000060     0.94436151     0.05563789
       89     0.00000019     0.95499534     0.04500446
       90     0.00000040     0.95421617     0.04578343
       91     0.00000096     0.94390336     0.05609568
       92     0.00000072     0.93112169     0.06887759
       93     0.00000010     0.92388050     0.07611940
       94     0.00000006     0.92610343     0.07389651
       95     0.00000022     0.93511701     0.06488276
       96     0.00000036     0.94375735     0.05624229
       97     0.00000031     0.94586435     0.05413534
       98     0.00000002     0.94090821     0.05909177
       99     0.00000019     0.93403978     0.06596003
      100     0.00000040     0.93133033     0.06866927
      101     0.00000025     0.93440682     0.06559293
      102     0.00000010     0.93945445     0.06054545
      103     0.00000001     0.94143705     0.05856294
      104     0.00000041     0.93913378     0.06086582
      105     0.00000080     0.93578377     0.06421543
      106     0.00000048     0.93501293     0.06498659
      107     0.00000012     0.93693391     0.06306597
      108     0.00000025     0.93877783     0.06122192
      109     0.00000116     0.93863861     0.06136023
      110     0.00000188     0.93740796     0.06259016
      111     0.00000136     0.93684948     0.06314916
      112     0.00000077     0.93716704     0.06283219
      113     0.00000134     0.93743993     0.06255873
      114     0.00000316     0.93747053     0.06252631
      115     0.00000441     0.93777115     0.06222443
      116     0.00000375     0.93806419     0.06193206
      117     0.00000301     0.93752254     0.06247445
      118     0.00000435     0.93660192     0.06339373
      119     0.00000778     0.93684814     0.06314409
      120     0.00001014     0.93827487     0.06171499
