#     Density Matrix: population Re; see the manual for detail orders
        0     0.00000000     0.00000000     1.00000000
        1     0.00000008     0.00002866     0.99997125
        2     0.00000005     0.00019481     0.99980513
        3     0.00000003     0.00032912     0.99967085
        4     0.00000005     0.00031907     0.99968088
        5     0.00000002     0.00020640     0.99979359
        6     0.00000015     0.00010515     0.99989470
        7     0.00000005     0.00007736     0.99992259
        8     0.00000033     0.00009450     0.99990517
        9     0.00000014     0.00010152     0.99989834
       10     0.00000054     0.00009267     0.99990679
       11     0.00000030     0.00012361     0.99987609
       12     0.00000071     0.00026357     0.99973572
       13     0.00000050     0.00054436     0.99945514
       14     0.00000074     0.00097895     0.99902031
       15     0.00000075     0.00188678     0.99811247
       16     0.00000061     0.00778340     0.99221600
       17     0.00000092     0.32495552     0.67504356
       18     0.00000017     0.29806862     0.70193121
       19     0.00000315     0.33346746     0.66652939
       20     0.00000096     0.30037971     0.69961933
       21     0.00000196     0.28081103     0.71918701
       22     0.00000263     0.27032483     0.72967254
       23     0.00000053     0.26651626     0.73348321
       24     0.00000262     0.26797117     0.73202622
       25     0.00000148     0.27387328     0.72612525
       26     0.00000081     0.28383258     0.71616661
       27     0.00000292     0.29781148     0.70218559
       28     0.00000104     0.31593498     0.68406398
       29     0.00000102     0.33834651     0.66165247
       30     0.00000277     0.36532444     0.63467279
       31     0.00000115     0.39711895     0.60287990
       32     0.00000129     0.43347872     0.56652000
       33     0.00000291     0.47355689     0.52644020
       34     0.00000165     0.51549292     0.48450543
       35     0.00000136     0.55604880     0.44394984
       36     0.00000253     0.58954465     0.41045282
       37     0.00000193     0.60795033     0.39204775
       38     0.00000128     0.61155931     0.38843942
       39     0.00000212     0.60190462     0.39809326
       40     0.00000200     0.58636988     0.41362812
       41     0.00000122     0.59902839     0.40097039
       42     0.00000179     0.75776280     0.24223541
       43     0.00000264     0.71233486     0.28766250
       44     0.00000172     0.65844903     0.34154925
       45     0.00000135     0.64240283     0.35759582
       46     0.00000231     0.63593438     0.36406331
       47     0.00000229     0.63397267     0.36602504
       48     0.00000140     0.63744659     0.36255201
       49     0.00000173     0.64501840     0.35497987
       50     0.00000251     0.65596468     0.34403281
       51     0.00000193     0.66964397     0.33035410
       52     0.00000132     0.68554355     0.31445513
       53     0.00000207     0.70321149     0.29678643
       54     0.00000250     0.72219959     0.27779791
       55     0.00000164     0.74202259     0.25797577
       56     0.00000140     0.76215218     0.23784643
       57     0.00000231     0.78204929     0.21794839
       58     0.00000240     0.80121348     0.19878413
       59     0.00000147     0.81922821     0.18077032
       60     0.00000151     0.83579412     0.16420437
       61     0.00000242     0.85074335     0.14925423
       62     0.00000230     0.86402893     0.13596877
       63     0.00000142     0.87569720     0.12430138
       64     0.00000159     0.88586008     0.11413833
       65     0.00000242     0.89467237     0.10532522
       66     0.00000224     0.90230971     0.09768806
       67     0.00000144     0.90894960     0.09104896
       68     0.00000160     0.91476148     0.08523692
       69     0.00000229     0.91991693     0.08008079
       70     0.00000216     0.92455471     0.07544313
       71     0.00000161     0.92876251     0.07123588
       72     0.00000168     0.93263366     0.06736466
       73     0.00000233     0.93625705     0.06374062
       74     0.00000238     0.93967917     0.06031845
       75     0.00000185     0.94291802     0.05708013
       76     0.00000176     0.94599274     0.05400550
       77     0.00000232     0.94890788     0.05108981
       78     0.00000254     0.95165664     0.04834082
       79     0.00000165     0.95423823     0.04576013
       80     0.00000116     0.95664819     0.04335066
       81     0.00000212     0.95888328     0.04111461
       82     0.00000293     0.96095225     0.03904482
       83     0.00000201     0.96286911     0.03712888
       84     0.00000089     0.96464908     0.03535003
       85     0.00000177     0.96630946     0.03368877
       86     0.00000337     0.96787154     0.03212509
       87     0.00000281     0.96935701     0.03064018
       88     0.00000087     0.97078165     0.02921748
       89     0.00000109     0.97215517     0.02784373
       90     0.00000303     0.97347834     0.02651863
       91     0.00000320     0.97476944     0.02522736
       92     0.00000135     0.97603576     0.02396289
       93     0.00000046     0.97727446     0.02272508
       94     0.00000189     0.97847895     0.02151916
       95     0.00000353     0.97964559     0.02035087
       96     0.00000273     0.98077203     0.01922524
       97     0.00000061     0.98185193     0.01814746
       98     0.00000063     0.98287588     0.01712349
       99     0.00000326     0.98383733     0.01615942
      100     0.00000478     0.98473375     0.01526147
      101     0.00000249     0.98557207     0.01442544
      102     0.00000019     0.98632958     0.01367022
      103     0.00000108     0.98698733     0.01301159
      104     0.00000387     0.98755878     0.01243735
      105     0.00000473     0.98805245     0.01194282
      106     0.00000245     0.98848158     0.01151597
      107     0.00000060     0.98886282     0.01113658
      108     0.00000241     0.98921976     0.01077783
      109     0.00000588     0.98958405     0.01041007
      110     0.00000647     0.98998767     0.01000585
      111     0.00000000     1.00000000     0.00000000
      112     0.00000487     0.99999352     0.00000161
      113     0.00001357     0.99997986     0.00000657
      114     0.00001508     0.99997029     0.00001463
      115     0.00000742     0.99996772     0.00002486
      116     0.00000047     0.99996384     0.00003569
      117     0.00000347     0.99995122     0.00004531
      118     0.00001334     0.99993465     0.00005202
      119     0.00001846     0.99992699     0.00005456
      120     0.00001284     0.99993477     0.00005239
