#     Density Matrix: population Re; see the manual for detail orders
        0     0.00000000     0.00000000     1.00000000
        1     0.00000000     0.00000071     0.99999929
        2     0.00000001     0.00000551     0.99999449
        3     0.00000001     0.00001102     0.99998898
        4     0.00000005     0.00001196     0.99998799
        5     0.00000006     0.00000793     0.99999201
        6     0.00000017     0.00000769     0.99999215
        7     0.00000021     0.00002812     0.99997168
        8     0.00000038     0.00008789     0.99991173
        9     0.00000043     0.00020611     0.99979345
       10     0.00000062     0.00043004     0.99956934
       11     0.00000065     0.00094255     0.99905680
       12     0.00000081     0.00243422     0.99756497
       13     0.00000074     0.00775363     0.99224563
       14     0.00000082     0.03220040     0.96779878
       15     0.00000059     0.18466747     0.81533194
       16     0.00000023     0.61855219     0.38144758
       17     0.00000045     0.58192155     0.41807800
       18     0.00000182     0.34594080     0.65405738
       19     0.00000050     0.27056127     0.72943823
       20     0.00000033     0.24301032     0.75698934
       21     0.00000114     0.22638676     0.77361210
       22     0.00000011     0.21752048     0.78247941
       23     0.00000065     0.21374442     0.78625493
       24     0.00000085     0.21296780     0.78703135
       25     0.00000001     0.21363813     0.78636186
       26     0.00000077     0.21465798     0.78534125
       27     0.00000063     0.21528706     0.78471231
       28     0.00000002     0.21504169     0.78495829
       29     0.00000081     0.21360647     0.78639273
       30     0.00000060     0.21075897     0.78924042
       31     0.00000002     0.20630608     0.79369391
       32     0.00000076     0.20002665     0.79997259
       33     0.00000072     0.19161214     0.80838714
       34     0.00000001     0.18059295     0.81940704
       35     0.00000059     0.16623276     0.83376665
       36     0.00000089     0.14736905     0.85263006
       37     0.00000012     0.12220157     0.87779831
       38     0.00000032     0.08834175     0.91165793
       39     0.00000102     0.04595072     0.95404826
       40     0.00000044     0.02078367     0.97921589
       41     0.00000007     0.10731026     0.89268967
       42     0.00000089     0.31772561     0.68227350
       43     0.00000091     0.51043078     0.48956831
       44     0.00000008     0.65578009     0.34421983
       45     0.00000032     0.79066910     0.20933058
       46     0.00000093     0.92152508     0.07847399
       47     0.00000046     0.98584319     0.01415635
       48     0.00000006     0.97829290     0.02170705
       49     0.00000075     0.94937137     0.05062788
       50     0.00000098     0.92275000     0.07724902
       51     0.00000023     0.90305069     0.09694909
       52     0.00000026     0.89001878     0.10998095
       53     0.00000109     0.88262416     0.11737476
       54     0.00000091     0.87974139     0.12025770
       55     0.00000048     0.87867591     0.12132361
       56     0.00000057     0.87738303     0.12261640
       57     0.00000077     0.87585102     0.12414821
       58     0.00000070     0.87409223     0.12590707
       59     0.00000066     0.87214311     0.12785622
       60     0.00000061     0.87006334     0.12993605
       61     0.00000054     0.86793353     0.13206593
       62     0.00000079     0.86585317     0.13414604
       63     0.00000089     0.86393590     0.13606321
       64     0.00000045     0.86230104     0.13769851
       65     0.00000049     0.86106459     0.13893492
       66     0.00000118     0.86032074     0.13967808
       67     0.00000094     0.86011524     0.13988381
       68     0.00000019     0.86040252     0.13959729
       69     0.00000084     0.86100013     0.13899903
       70     0.00000161     0.86154465     0.13845373
       71     0.00000063     0.86145327     0.13854609
       72     0.00000019     0.85996159     0.14003822
       73     0.00000153     0.85629958     0.14369889
       74     0.00000157     0.85000902     0.14998941
       75     0.00000018     0.84121925     0.15878057
       76     0.00000067     0.83073862     0.16926072
       77     0.00000187     0.81983432     0.18016381
       78     0.00000095     0.80979978     0.19019927
       79     0.00000010     0.80157124     0.19842866
       80     0.00000115     0.79559429     0.20440456
       81     0.00000152     0.79185244     0.20814604
       82     0.00000043     0.79001243     0.20998714
       83     0.00000036     0.78957471     0.21042493
       84     0.00000124     0.79000193     0.20999683
       85     0.00000106     0.79080312     0.20919581
       86     0.00000035     0.79157895     0.20842070
       87     0.00000062     0.79203523     0.20796416
       88     0.00000110     0.79197007     0.20802883
       89     0.00000074     0.79125926     0.20874000
       90     0.00000037     0.78984596     0.21015367
       91     0.00000075     0.78773314     0.21226611
       92     0.00000094     0.78492780     0.21507125
       93     0.00000055     0.78144534     0.21855411
       94     0.00000053     0.77735184     0.22264763
       95     0.00000082     0.77271887     0.22728030
       96     0.00000067     0.76765740     0.23234193
       97     0.00000056     0.76233583     0.23766361
       98     0.00000084     0.75700158     0.24299759
       99     0.00000064     0.75196963     0.24802973
      100     0.00000041     0.74761327     0.25238632
      101     0.00000096     0.74436674     0.25563230
      102     0.00000113     0.74265751     0.25734136
      103     0.00000034     0.74287362     0.25712604
      104     0.00000055     0.74531662     0.25468283
      105     0.00000167     0.75017408     0.24982425
      106     0.00000121     0.75748626     0.24251252
      107     0.00000010     0.76715965     0.23284025
      108     0.00000099     0.77896261     0.22103639
      109     0.00000212     0.79255637     0.20744150
      110     0.00000093     0.80751847     0.19248060
      111     0.00000007     0.82343164     0.17656829
      112     0.00000154     0.83987854     0.16011992
      113     0.00000207     0.85642700     0.14357093
      114     0.00000051     0.87271471     0.12728477
      115     0.00000023     0.88834953     0.11165024
      116     0.00000163     0.90289212     0.09710625
      117     0.00000154     0.91593081     0.08406765
      118     0.00000008     0.93035270     0.06964723
      119     0.00000106     0.94330157     0.05669737
      120     0.00000268     0.94931321     0.05068411
