#     Density Matrix: population Re; see the manual for detail orders
        0     0.00000000     0.00000000     1.00000000
        1     0.00000000     0.00000083     0.99999916
        2     0.00000001     0.00000863     0.99999137
        3     0.00000001     0.00002473     0.99997526
        4     0.00000006     0.00004022     0.99995973
        5     0.00000005     0.00004458     0.99995537
        6     0.00000016     0.00003928     0.99996056
        7     0.00000013     0.00004285     0.99995702
        8     0.00000031     0.00008332     0.99991638
        9     0.00000026     0.00018538     0.99981436
       10     0.00000052     0.00037062     0.99962886
       11     0.00000046     0.00068793     0.99931161
       12     0.00000073     0.00131195     0.99868733
       13     0.00000061     0.00285451     0.99714488
       14     0.00000073     0.00755473     0.99244454
       15     0.00000089     0.02521874     0.97478037
       16     0.00000076     0.10902634     0.89097289
       17     0.00000062     0.42179847     0.57820092
       18     0.00000028     0.65207165     0.34792807
       19     0.00000088     0.46862954     0.53136958
       20     0.00000076     0.36712263     0.63287662
       21     0.00000011     0.32410368     0.67589621
       22     0.00000069     0.29436161     0.70563770
       23     0.00000077     0.27591303     0.72408620
       24     0.00000005     0.26617059     0.73382936
       25     0.00000126     0.26252345     0.73747529
       26     0.00000073     0.26275006     0.73724922
       27     0.00000006     0.26505743     0.73494250
       28     0.00000082     0.26808762     0.73191156
       29     0.00000040     0.27091279     0.72908681
       30     0.00000009     0.27290447     0.72709544
       31     0.00000088     0.27365478     0.72634434
       32     0.00000052     0.27286229     0.72713720
       33     0.00000006     0.27030894     0.72969100
       34     0.00000088     0.26568328     0.73431585
       35     0.00000073     0.25844340     0.74155586
       36     0.00000003     0.24768549     0.75231448
       37     0.00000067     0.23163220     0.76836713
       38     0.00000103     0.20637496     0.79362401
       39     0.00000020     0.16233519     0.83766461
       40     0.00000028     0.07854527     0.92145445
       41     0.00000087     0.06185308     0.93814606
       42     0.00000048     0.32338576     0.67661376
       43     0.00000013     0.51215850     0.48784137
       44     0.00000068     0.59817198     0.40182734
       45     0.00000075     0.65866866     0.34133058
       46     0.00000015     0.72131923     0.27868062
       47     0.00000010     0.80799533     0.19200457
       48     0.00000049     0.93297452     0.06702499
       49     0.00000040     0.97877956     0.02122005
       50     0.00000005     0.89413278     0.10586717
       51     0.00000020     0.81064484     0.18935496
       52     0.00000048     0.76240555     0.23759398
       53     0.00000026     0.73642457     0.26357517
       54     0.00000003     0.72345525     0.27654472
       55     0.00000022     0.71867637     0.28132341
       56     0.00000046     0.71945661     0.28054293
       57     0.00000025     0.72410518     0.27589457
       58     0.00000001     0.73119360     0.26880638
       59     0.00000022     0.73913124     0.26086854
       60     0.00000049     0.74577926     0.25422026
       61     0.00000029     0.74798250     0.25201721
       62     0.00000005     0.74100287     0.25899708
       63     0.00000040     0.71784923     0.28215036
       64     0.00000068     0.66873770     0.33126162
       65     0.00000031     0.58191401     0.41808569
       66     0.00000025     0.44919476     0.55080498
       67     0.00000076     0.28423622     0.71576303
       68     0.00000055     0.15378535     0.84621410
       69     0.00000011     0.16371978     0.83628010
       70     0.00000032     0.33467436     0.66532532
       71     0.00000018     0.55169228     0.44830755
       72     0.00000004     0.70465057     0.29534939
       73     0.00000029     0.76730259     0.23269712
       74     0.00000011     0.76185338     0.23814651
       75     0.00000024     0.72098017     0.27901960
       76     0.00000053     0.67288368     0.32711579
       77     0.00000027     0.63666394     0.36333579
       78     0.00000013     0.62106666     0.37893320
       79     0.00000015     0.62517780     0.37482205
       80     0.00000002     0.64116088     0.35883910
       81     0.00000013     0.65858209     0.34141778
       82     0.00000017     0.66904349     0.33095634
       83     0.00000009     0.66942572     0.33057420
       84     0.00000030     0.66235842     0.33764128
       85     0.00000012     0.65377336     0.34622652
       86     0.00000014     0.64900958     0.35099029
       87     0.00000017     0.64981890     0.35018093
       88     0.00000002     0.65402269     0.34597728
       89     0.00000014     0.65782247     0.34217739
       90     0.00000004     0.65887624     0.34112372
       91     0.00000014     0.65758898     0.34241088
       92     0.00000012     0.65594516     0.34405472
       93     0.00000004     0.65529956     0.34470040
       94     0.00000010     0.65537652     0.34462339
       95     0.00000000     0.65521219     0.34478781
       96     0.00000009     0.65471821     0.34528171
       97     0.00000002     0.65488586     0.34511412
       98     0.00000013     0.65644946     0.34355041
       99     0.00000010     0.65839564     0.34160426
      100     0.00000001     0.65847508     0.34152491
      101     0.00000002     0.65569341     0.34430657
      102     0.00000005     0.65209309     0.34790686
      103     0.00000011     0.65137794     0.34862196
      104     0.00000004     0.65514891     0.34485105
      105     0.00000014     0.66052275     0.33947711
      106     0.00000012     0.66232109     0.33767879
      107     0.00000002     0.65793899     0.34206098
      108     0.00000002     0.65049472     0.34950526
      109     0.00000015     0.64677965     0.35322020
      110     0.00000021     0.65106623     0.34893355
      111     0.00000009     0.66055860     0.33944131
      112     0.00000013     0.66716677     0.33283309
      113     0.00000017     0.66446728     0.33553254
      114     0.00000010     0.65372746     0.34627244
      115     0.00000005     0.64342426     0.35657569
      116     0.00000016     0.64237235     0.35762749
      117     0.00000034     0.65225903     0.34774063
      118     0.00000021     0.66581322     0.33418658
      119     0.00000009     0.67250697     0.32749295
      120     0.00000013     0.66687351     0.33312637
