#     Density Matrix: population Re; see the manual for detail orders
        0     0.00000000     0.00000000     1.00000000
        1     0.00000001     0.00001220     0.99998779
        2     0.00000002     0.00007867     0.99992131
        3     0.00000005     0.00012312     0.99987683
        4     0.00000008     0.00011094     0.99988898
        5     0.00000011     0.00006786     0.99993203
        6     0.00000014     0.00003289     0.99996697
        7     0.00000017     0.00001906     0.99998077
        8     0.00000020     0.00001440     0.99998540
        9     0.00000023     0.00000733     0.99999244
       10     0.00000028     0.00000574     0.99999399
       11     0.00000034     0.00004413     0.99995554
       12     0.00000040     0.00021725     0.99978234
       13     0.00000047     0.00095383     0.99904570
       14     0.00000040     0.00732501     0.99267459
       15     0.00000039     0.07403830     0.92596132
       16     0.00000037     0.15105335     0.84894628
       17     0.00000044     0.05139631     0.94860325
       18     0.00000048     0.05033819     0.94966133
       19     0.00000036     0.04931985     0.95067979
       20     0.00000046     0.04721819     0.95278135
       21     0.00000052     0.04444702     0.95555246
       22     0.00000050     0.04136061     0.95863890
       23     0.00000025     0.03817272     0.96182703
       24     0.00000056     0.03496511     0.96503433
       25     0.00000063     0.03179341     0.96820596
       26     0.00000020     0.02867696     0.97132284
       27     0.00000043     0.02561122     0.97438835
       28     0.00000043     0.02260419     0.97739538
       29     0.00000052     0.01968245     0.98031703
       30     0.00000115     0.01676893     0.98322992
       31     0.00000091     0.01380089     0.98619820
       32     0.00000050     0.01087359     0.98912591
       33     0.00000052     0.00796750     0.99203197
       34     0.00000143     0.00504633     0.99495224
       35     0.00000113     0.00273634     0.99726253
       36     0.00000065     0.00392030     0.99607905
       37     0.00000103     0.02539796     0.97460101
       38     0.00000102     0.18006782     0.81993117
       39     0.00000049     0.56436132     0.43563819
       40     0.00000034     0.83070583     0.16929384
       41     0.00000068     0.91428135     0.08571797
       42     0.00000065     0.94258100     0.05741835
       43     0.00000042     0.95507201     0.04492757
       44     0.00000054     0.96154123     0.03845823
       45     0.00000074     0.96516841     0.03483084
       46     0.00000076     0.96714437     0.03285487
       47     0.00000082     0.96812329     0.03187590
       48     0.00000072     0.96857831     0.03142097
       49     0.00000069     0.96876880     0.03123052
       50     0.00000070     0.96881298     0.03118632
       51     0.00000062     0.96877870     0.03122068
       52     0.00000055     0.96877755     0.03122190
       53     0.00000057     0.96890332     0.03109611
       54     0.00000059     0.96923552     0.03076389
       55     0.00000054     0.96983832     0.03016114
       56     0.00000045     0.97075573     0.02924382
       57     0.00000061     0.97200819     0.02799120
       58     0.00000091     0.97358898     0.02641010
       59     0.00000059     0.97545750     0.02454191
       60     0.00000076     0.97755067     0.02244857
       61     0.00000122     0.97978891     0.02020987
       62     0.00000120     0.98207830     0.01792049
       63     0.00000073     0.98433148     0.01566779
       64     0.00000031     0.98644467     0.01355503
       65     0.00000139     0.98831799     0.01168063
       66     0.00000244     0.98988789     0.01010967
       67     0.00000187     0.99111156     0.00888657
       68     0.00000089     0.99196241     0.00803670
       69     0.00000134     0.99243224     0.00756642
       70     0.00000264     0.99253683     0.00746052
       71     0.00000292     0.99231351     0.00768357
       72     0.00000208     0.99181688     0.00818104
       73     0.00000183     0.99112187     0.00887630
       74     0.00000278     0.99032282     0.00967440
       75     0.00000356     0.98953137     0.01046506
       76     0.00000319     0.98886945     0.01112736
       77     0.00000239     0.98842344     0.01157417
       78     0.00000208     0.98834317     0.01165475
       79     0.00000275     0.98870817     0.01128909
       80     0.00000369     0.98953178     0.01046453
       81     0.00000368     0.99076026     0.00923605
       82     0.00000298     0.99231021     0.00768681
       83     0.00000265     0.99401145     0.00598590
       84     0.00000318     0.99563828     0.00435853
       85     0.00000384     0.99699680     0.00299937
       86     0.00000360     0.99786180     0.00213461
       87     0.00000301     0.99811966     0.00187733
       88     0.00000308     0.99778788     0.00220904
       89     0.00000412     0.99696441     0.00303147
       90     0.00000569     0.99588839     0.00410592
       91     0.00000616     0.99488546     0.00510838
       92     0.00000524     0.99422663     0.00576813
       93     0.00000422     0.99412212     0.00587366
       94     0.00000417     0.99464102     0.00535481
       95     0.00000487     0.99568573     0.00430940
       96     0.00000547     0.99701318     0.00298135
       97     0.00000524     0.99830473     0.00169003
       98     0.00000430     0.99926049     0.00073521
       99     0.00000457     0.99968976     0.00030567
      100     0.00000621     0.99957870     0.00041510
      101     0.00000777     0.99908610     0.00090613
      102     0.00000808     0.99847837     0.00151355
      103     0.00000724     0.99803392     0.00195884
      104     0.00000591     0.99794228     0.00205180
      105     0.00000565     0.99823721     0.00175714
      106     0.00000688     0.99879830     0.00119482
      107     0.00000878     0.99940681     0.00058441
      108     0.00001026     0.99984370     0.00014604
      109     0.00001086     0.99998400     0.00000514
      110     0.00001100     0.99984605     0.00014296
      111     0.00001165     0.99957051     0.00041784
      112     0.00001322     0.99934271     0.00064407
      113     0.00001530     0.99929474     0.00068995
      114     0.00001737     0.99944111     0.00054152
      115     0.00001917     0.99968391     0.00029692
      116     0.00002063     0.99988327     0.00009610
      117     0.00002231     0.99994405     0.00003364
      118     0.00002454     0.99987109     0.00010437
      119     0.00002726     0.99975177     0.00022096
      120     0.00003105     0.99968309     0.00028585
