#     Density Matrix: population Re; see the manual for detail orders
        0     0.00000000     0.00000000     1.00000000
        1     0.00000000     0.00000008     0.99999992
        2     0.00000002     0.00000160     0.99999838
        3     0.00000006     0.00000776     0.99999218
        4     0.00000016     0.00001775     0.99998209
        5     0.00000024     0.00002578     0.99997399
        6     0.00000041     0.00002934     0.99997025
        7     0.00000050     0.00003639     0.99996312
        8     0.00000068     0.00006538     0.99993394
        9     0.00000075     0.00014356     0.99985569
       10     0.00000090     0.00031761     0.99968148
       11     0.00000091     0.00071126     0.99928783
       12     0.00000100     0.00176992     0.99822908
       13     0.00000092     0.00555705     0.99444203
       14     0.00000095     0.02686875     0.97313029
       15     0.00000070     0.27774568     0.72225362
       16     0.00000017     0.77712543     0.22287439
       17     0.00000139     0.36134653     0.63865208
       18     0.00000269     0.25050385     0.74949347
       19     0.00000016     0.20797388     0.79202596
       20     0.00000228     0.18367014     0.81632757
       21     0.00000127     0.16444242     0.83555631
       22     0.00000024     0.14548514     0.85451462
       23     0.00000189     0.12535300     0.87464511
       24     0.00000051     0.10426341     0.89573607
       25     0.00000040     0.08334130     0.91665830
       26     0.00000145     0.06400283     0.93599571
       27     0.00000028     0.04730548     0.95269425
       28     0.00000044     0.03383292     0.96616664
       29     0.00000117     0.02359972     0.97639912
       30     0.00000024     0.01622658     0.98377318
       31     0.00000041     0.01114148     0.98885812
       32     0.00000000     1.00000000     0.00000000
       33     0.00000006     0.99993979     0.00006015
       34     0.00000009     0.99974424     0.00025567
       35     0.00000002     0.99939028     0.00060971
       36     0.00000002     0.99885424     0.00114574
       37     0.00000009     0.99811410     0.00188581
       38     0.00000005     0.99715263     0.00284731
       39     0.00000000     0.99596218     0.00403782
       40     0.00000006     0.99455019     0.00544976
       41     0.00000008     0.99294422     0.00705570
       42     0.00000001     0.99118833     0.00881166
       43     0.00000003     0.98932460     0.01067537
       44     0.00000007     0.98734300     0.01265693
       45     0.00000003     0.98506287     0.01493710
       46     0.00000001     0.98189905     0.01810093
       47     0.00000008     0.97643360     0.02356633
       48     0.00000005     0.96574389     0.03425606
       49     0.00000000     0.94487071     0.05512929
       50     0.00000012     0.90842367     0.09157621
       51     0.00000018     0.85861042     0.14138940
       52     0.00000005     0.81652732     0.18347263
       53     0.00000015     0.81146525     0.18853460
       54     0.00000024     0.84749147     0.15250829
       55     0.00000004     0.90106616     0.09893380
       56     0.00000003     0.94904180     0.05095817
       57     0.00000006     0.98123925     0.01876069
       58     0.00000000     1.00000000     0.00000000
       59     0.00000002     0.99644629     0.00355369
       60     0.00000003     0.99027268     0.00972729
       61     0.00000000     0.98644716     0.01355284
       62     0.00000002     0.98675062     0.01324937
       63     0.00000000     1.00000000     0.00000000
       64     0.00000002     0.99959889     0.00040109
       65     0.00000003     0.99890813     0.00109183
       66     0.00000000     0.99856682     0.00143318
       67     0.00000002     0.99876798     0.00123200
       68     0.00000005     0.99924517     0.00075478
       69     0.00000001     0.99958888     0.00041110
       70     0.00000003     0.99960477     0.00039520
       71     0.00000008     0.99941583     0.00058408
       72     0.00000004     0.99926528     0.00073468
       73     0.00000004     0.99925919     0.00074077
       74     0.00000012     0.99931641     0.00068346
       75     0.00000009     0.99933535     0.00066456
       76     0.00000007     0.99933782     0.00066211
       77     0.00000020     0.99940403     0.00059577
       78     0.00000018     0.99950273     0.00049709
       79     0.00000013     0.99948047     0.00051940
       80     0.00000030     0.99927177     0.00072793
       81     0.00000032     0.99905984     0.00093985
       82     0.00000024     0.99911705     0.00088272
       83     0.00000044     0.99945447     0.00054510
       84     0.00000051     0.99971816     0.00028132
       85     0.00000039     0.99954121     0.00045839
       86     0.00000060     0.99900400     0.00099540
       87     0.00000077     0.99863804     0.00136119
       88     0.00000062     0.99887745     0.00112193
       89     0.00000080     0.99953067     0.00046853
       90     0.00000108     0.99990181     0.00009710
       91     0.00000093     0.99950108     0.00049799
       92     0.00000102     0.99860718     0.00139180
       93     0.00000141     0.99805099     0.00194760
       94     0.00000134     0.99839402     0.00160464
       95     0.00000127     0.99933591     0.00066281
       96     0.00000171     0.99997052     0.00002777
       97     0.00000181     0.99964826     0.00034993
       98     0.00000158     0.99859810     0.00140032
       99     0.00000191     0.99771885     0.00227925
      100     0.00000227     0.99775981     0.00223792
      101     0.00000203     0.99866633     0.00133164
      102     0.00000205     0.99966876     0.00032918
      103     0.00000254     0.99997764     0.00001982
      104     0.00000252     0.99943189     0.00056559
      105     0.00000223     0.99856047     0.00143729
      106     0.00000257     0.99808275     0.00191468
      107     0.00000296     0.99832739     0.00166965
      108     0.00000270     0.99904066     0.00095664
      109     0.00000255     0.99967170     0.00032575
      110     0.00000298     0.99983411     0.00016291
      111     0.00000311     0.99955529     0.00044160
      112     0.00000275     0.99916211     0.00083515
      113     0.00000280     0.99896953     0.00102768
      114     0.00000329     0.99905576     0.00094095
      115     0.00000333     0.99927235     0.00072432
      116     0.00000297     0.99942812     0.00056891
      117     0.00000302     0.99945616     0.00054082
      118     0.00000341     0.99942484     0.00057176
      119     0.00000344     0.99941844     0.00057812
      120     0.00000318     0.99943355     0.00056327
