#     Density Matrix: population Re; see the manual for detail orders
        0     0.00000000     0.00000000     1.00000000
        1     0.00000001     0.00000611     0.99999388
        2     0.00000001     0.00003579     0.99996420
        3     0.00000001     0.00004774     0.99995224
        4     0.00000006     0.00003731     0.99996263
        5     0.00000009     0.00002528     0.99997462
        6     0.00000016     0.00002229     0.99997754
        7     0.00000020     0.00002075     0.99997905
        8     0.00000027     0.00001287     0.99998686
        9     0.00000030     0.00000680     0.99999290
       10     0.00000034     0.00002419     0.99997547
       11     0.00000037     0.00009061     0.99990902
       12     0.00000039     0.00024430     0.99975531
       13     0.00000040     0.00060699     0.99939261
       14     0.00000041     0.00173938     0.99826021
       15     0.00000041     0.00755796     0.99244163
       16     0.00000040     0.09837835     0.90162125
       17     0.00000015     0.47433341     0.52566644
       18     0.00000048     0.57824509     0.42175443
       19     0.00000022     0.32881586     0.67118392
       20     0.00000021     0.24460073     0.75539906
       21     0.00000035     0.19320369     0.80679596
       22     0.00000026     0.16098136     0.83901839
       23     0.00000032     0.14051489     0.85948479
       24     0.00000033     0.12740713     0.87259254
       25     0.00000034     0.11900393     0.88099574
       26     0.00000038     0.11362529     0.88637433
       27     0.00000037     0.11020883     0.88979079
       28     0.00000035     0.10809399     0.89190566
       29     0.00000036     0.10685255     0.89314709
       30     0.00000036     0.10622063     0.89377901
       31     0.00000035     0.10604116     0.89395849
       32     0.00000036     0.10621768     0.89378197
       33     0.00000036     0.10672324     0.89327640
       34     0.00000036     0.10757620     0.89242344
       35     0.00000037     0.10883873     0.89116091
       36     0.00000037     0.11068085     0.88931878
       37     0.00000038     0.11352877     0.88647085
       38     0.00000038     0.11843619     0.88156343
       39     0.00000039     0.12845212     0.87154749
       40     0.00000039     0.15412279     0.84587682
       41     0.00000039     0.23572942     0.76427020
       42     0.00000037     0.43996282     0.56003680
       43     0.00000036     0.66266075     0.33733889
       44     0.00000036     0.76970055     0.23029909
       45     0.00000033     0.81052575     0.18947392
       46     0.00000027     0.82984082     0.17015891
       47     0.00000023     0.84142217     0.15857760
       48     0.00000020     0.84694762     0.15305218
       49     0.00000016     0.82188777     0.17811206
       50     0.00000012     0.65826526     0.34173463
       51     0.00000007     0.41420231     0.58579762
       52     0.00000005     0.29434648     0.70565348
       53     0.00000006     0.24804019     0.75195976
       54     0.00000005     0.22434663     0.77565332
       55     0.00000003     0.20930620     0.79069378
       56     0.00000002     0.19830065     0.80169933
       57     0.00000003     0.18940768     0.81059230
       58     0.00000001     0.18166795     0.81833203
       59     0.00000001     0.17453118     0.82546881
       60     0.00000001     0.16765313     0.83234687
       61     0.00000001     0.16078884     0.83921115
       62     0.00000000     0.15375809     0.84624190
       63     0.00000000     0.14642721     0.85357279
       64     0.00000000     0.13869612     0.86130388
       65     0.00000000     0.13048765     0.86951235
       66     0.00000000     0.12174386     0.87825614
       67     0.00000000     0.11242175     0.88757825
       68     0.00000000     0.10248825     0.89751175
       69     0.00000000     0.09193444     0.90806556
       70     0.00000000     0.08077444     0.91922556
       71     0.00000000     0.06908689     0.93091311
       72     0.00000000     0.05706764     0.94293235
       73     0.00000000     0.04511266     0.95488734
       74     0.00000001     0.03387657     0.96612343
       75     0.00000001     0.02429439     0.97570560
       76     0.00000001     0.01740262     0.98259736
       77     0.00000002     0.01388082     0.98611916
       78     0.00000003     0.01344869     0.98655128
       79     0.00000004     0.01461000     0.98538995
       80     0.00000006     0.01530282     0.98469711
       81     0.00000008     0.01432127     0.98567865
       82     0.00000009     0.01252665     0.98747326
       83     0.00000011     0.01267300     0.98732689
       84     0.00000013     0.01763148     0.98236840
       85     0.00000014     0.02839115     0.97160872
       86     0.00000014     0.04363264     0.95636721
       87     0.00000015     0.06090835     0.93909150
       88     0.00000016     0.07799401     0.92200583
       89     0.00000015     0.09346795     0.90653190
       90     0.00000015     0.10666351     0.89333634
       91     0.00000015     0.11741124     0.88258861
       92     0.00000014     0.12581102     0.87418884
       93     0.00000013     0.13207875     0.86792112
       94     0.00000012     0.13646540     0.86353447
       95     0.00000012     0.13922107     0.86077882
       96     0.00000011     0.14059879     0.85940111
       97     0.00000010     0.14082259     0.85917731
       98     0.00000009     0.14011475     0.85988516
       99     0.00000008     0.13871018     0.86128974
      100     0.00000007     0.13681874     0.86318118
      101     0.00000007     0.13468992     0.86531001
      102     0.00000006     0.13258008     0.86741985
      103     0.00000006     0.13075462     0.86924532
      104     0.00000006     0.12949724     0.87050270
      105     0.00000006     0.12910623     0.87089372
      106     0.00000006     0.12993326     0.87006669
      107     0.00000005     0.13234815     0.86765179
      108     0.00000005     0.13679865     0.86320129
      109     0.00000005     0.14383636     0.85616359
      110     0.00000005     0.15419708     0.84580287
      111     0.00000005     0.16891083     0.83108911
      112     0.00000005     0.18945822     0.81054172
      113     0.00000005     0.21803352     0.78196643
      114     0.00000005     0.25786970     0.74213026
      115     0.00000004     0.31341303     0.68658693
      116     0.00000004     0.38989812     0.61010185
      117     0.00000003     0.49050408     0.50949589
      118     0.00000002     0.60976437     0.39023561
      119     0.00000001     0.72927112     0.27072887
      120     0.00000000     0.82681729     0.17318270
