#     Density Matrix: population Re; see the manual for detail orders
        0     0.00000000     0.00000000     1.00000000
        1     0.00000000     0.00000120     0.99999880
        2     0.00000001     0.00001659     0.99998340
        3     0.00000001     0.00006825     0.99993173
        4     0.00000004     0.00016769     0.99983227
        5     0.00000008     0.00031187     0.99968805
        6     0.00000012     0.00051295     0.99948693
        7     0.00000021     0.00087218     0.99912761
        8     0.00000024     0.00172333     0.99827643
        9     0.00000039     0.00396262     0.99603699
       10     0.00000037     0.01002132     0.98997832
       11     0.00000057     0.02717889     0.97282054
       12     0.00000046     0.07809641     0.92190313
       13     0.00000057     0.21126078     0.78873865
       14     0.00000029     0.39882114     0.60117857
       15     0.00000032     0.45428122     0.54571845
       16     0.00000044     0.37430174     0.62569783
       17     0.00000062     0.27571812     0.72428126
       18     0.00000065     0.20022597     0.79977338
       19     0.00000057     0.15000919     0.84999023
       20     0.00000109     0.11932649     0.88067242
       21     0.00000026     0.10226407     0.89773566
       22     0.00000089     0.09417987     0.90581924
       23     0.00000122     0.09182199     0.90817679
       24     0.00000016     0.09302418     0.90697566
       25     0.00000086     0.09640643     0.90359271
       26     0.00000114     0.10114342     0.89885544
       27     0.00000006     0.10677972     0.89322022
       28     0.00000101     0.11314610     0.88685288
       29     0.00000146     0.12022822     0.87977032
       30     0.00000014     0.12812593     0.87187393
       31     0.00000090     0.13706463     0.86293446
       32     0.00000167     0.14740675     0.85259157
       33     0.00000035     0.15973881     0.84026084
       34     0.00000056     0.17507826     0.82492118
       35     0.00000170     0.19537629     0.80462201
       36     0.00000069     0.22502572     0.77497358
       37     0.00000025     0.27613963     0.72386012
       38     0.00000154     0.39397449     0.60602397
       39     0.00000137     0.70695750     0.29304114
       40     0.00000013     0.95685482     0.04314504
       41     0.00000093     0.95398886     0.04601022
       42     0.00000209     0.92453327     0.07546464
       43     0.00000099     0.90468888     0.09531013
       44     0.00000016     0.89011643     0.10988341
       45     0.00000152     0.87817898     0.12181950
       46     0.00000215     0.86761936     0.13237849
       47     0.00000071     0.85782192     0.14217737
       48     0.00000033     0.84849112     0.15150855
       49     0.00000186     0.83951776     0.16048038
       50     0.00000215     0.83091264     0.16908521
       51     0.00000062     0.82276410     0.17723528
       52     0.00000041     0.81521027     0.18478932
       53     0.00000194     0.80842156     0.19157649
       54     0.00000217     0.80257774     0.19742008
       55     0.00000067     0.79783338     0.20216594
       56     0.00000031     0.79429074     0.20570896
       57     0.00000167     0.79197630     0.20802203
       58     0.00000213     0.79082402     0.20917384
       59     0.00000087     0.79066251     0.20933662
       60     0.00000011     0.79122009     0.20877981
       61     0.00000098     0.79215581     0.20784321
       62     0.00000184     0.79310530     0.20689287
       63     0.00000127     0.79373484     0.20626389
       64     0.00000022     0.79379584     0.20620394
       65     0.00000020     0.79317353     0.20682627
       66     0.00000118     0.79191411     0.20808471
       67     0.00000185     0.79021655     0.20978160
       68     0.00000132     0.78838766     0.21161102
       69     0.00000032     0.78677217     0.21322751
       70     0.00000057     0.78567584     0.21432359
       71     0.00000230     0.78529533     0.21470237
       72     0.00000338     0.78566876     0.21432786
       73     0.00000230     0.78666183     0.21333588
       74     0.00000095     0.78799926     0.21199980
       75     0.00000197     0.78933215     0.21066588
       76     0.00000433     0.79032558     0.20967009
       77     0.00000463     0.79074343     0.20925194
       78     0.00000249     0.79051323     0.20948428
       79     0.00000114     0.78975903     0.21023983
       80     0.00000232     0.78879456     0.21120312
       81     0.00000380     0.78807251     0.21192369
       82     0.00000316     0.78809734     0.21189950
       83     0.00000122     0.78931604     0.21068274
       84     0.00000021     0.79201304     0.20798675
       85     0.00000056     0.79622601     0.20377344
       86     0.00000129     0.80170360     0.19829511
       87     0.00000182     0.80791088     0.19208730
       88     0.00000191     0.81408700     0.18591108
       89     0.00000128     0.81935384     0.18064487
       90     0.00000066     0.82286003     0.17713931
       91     0.00000181     0.82393926     0.17605894
       92     0.00000476     0.82224821     0.17774703
       93     0.00000667     0.81786046     0.18213287
       94     0.00000546     0.81128895     0.18870559
       95     0.00000339     0.80343640     0.19656021
       96     0.00000408     0.79546430     0.20453162
       97     0.00000693     0.78859887     0.21139420
       98     0.00000776     0.78390575     0.21608649
       99     0.00000506     0.78207858     0.21791636
      100     0.00000183     0.78328553     0.21671264
      101     0.00000072     0.78712026     0.21287902
      102     0.00000093     0.79267900     0.20732007
      103     0.00000141     0.79875082     0.20124778
      104     0.00000309     0.80408411     0.19591280
      105     0.00000582     0.80766353     0.19233065
      106     0.00000710     0.80892780     0.19106510
      107     0.00000690     0.80786983     0.19212326
      108     0.00000912     0.80500169     0.19498920
      109     0.00001469     0.80120302     0.19878229
      110     0.00001792     0.79751159     0.20247049
      111     0.00001423     0.79491189     0.20507388
      112     0.00000716     0.79414668     0.20584616
      113     0.00000264     0.79554565     0.20445170
      114     0.00000135     0.79885673     0.20114192
      115     0.00000200     0.80314251     0.19685549
      116     0.00000620     0.80686602     0.19312779
      117     0.00001352     0.80830812     0.19167836
      118     0.00001803     0.80631102     0.19367096
      119     0.00001633     0.80107614     0.19890753
      120     0.00001293     0.79452862     0.20545845
