#     Density Matrix: population Re; see the manual for detail orders
        0     0.00000000     0.00000000     1.00000000
        1     0.00000011     0.00000104     0.99999885
        2     0.00000012     0.00001205     0.99998782
        3     0.00000027     0.00004310     0.99995663
        4     0.00000026     0.00010135     0.99989839
        5     0.00000048     0.00020369     0.99979583
        6     0.00000047     0.00042432     0.99957522
        7     0.00000066     0.00101135     0.99898799
        8     0.00000072     0.00270504     0.99729424
        9     0.00000070     0.00784810     0.99215120
       10     0.00000092     0.02508043     0.97491865
       11     0.00000052     0.09018648     0.90981300
       12     0.00000069     0.29917063     0.70082868
       13     0.00000008     0.54332293     0.45667699
       14     0.00000045     0.51802065     0.48197889
       15     0.00000035     0.39270564     0.60729402
       16     0.00000065     0.29934763     0.70065172
       17     0.00000064     0.24332704     0.75667231
       18     0.00000041     0.21380625     0.78619334
       19     0.00000066     0.20179866     0.79820068
       20     0.00000040     0.20094657     0.79905303
       21     0.00000032     0.20681782     0.79318187
       22     0.00000050     0.21630429     0.78369521
       23     0.00000026     0.22714956     0.77285018
       24     0.00000029     0.23760343     0.76239628
       25     0.00000046     0.24614515     0.75385440
       26     0.00000025     0.25128971     0.74871004
       27     0.00000031     0.25141493     0.74858477
       28     0.00000052     0.24474124     0.75525824
       29     0.00000034     0.22908148     0.77091818
       30     0.00000033     0.20044965     0.79955002
       31     0.00000061     0.16476286     0.83523653
       32     0.00000052     0.12299891     0.87700057
       33     0.00000038     0.07551480     0.92448482
       34     0.00000067     0.02749267     0.97250667
       35     0.00000075     0.01903414     0.98096510
       36     0.00000047     0.13780785     0.86219168
       37     0.00000056     0.31671101     0.68328843
       38     0.00000079     0.41552172     0.58447749
       39     0.00000060     0.59804665     0.40195275
       40     0.00000058     0.73492316     0.26507626
       41     0.00000092     0.81512258     0.18487650
       42     0.00000093     0.86043090     0.13956818
       43     0.00000069     0.88704724     0.11295207
       44     0.00000088     0.90330103     0.09669809
       45     0.00000119     0.91336486     0.08663395
       46     0.00000101     0.91947844     0.08052056
       47     0.00000085     0.92295774     0.07704141
       48     0.00000118     0.92466293     0.07533590
       49     0.00000136     0.92524815     0.07475049
       50     0.00000107     0.92526577     0.07473316
       51     0.00000101     0.92523440     0.07476459
       52     0.00000138     0.92566250     0.07433612
       53     0.00000143     0.92703741     0.07296116
       54     0.00000109     0.92978261     0.07021630
       55     0.00000111     0.93429673     0.06570216
       56     0.00000147     0.94060620     0.05939233
       57     0.00000144     0.94802317     0.05197539
       58     0.00000109     0.95620902     0.04378988
       59     0.00000115     0.96474974     0.03524911
       60     0.00000152     0.97317460     0.02682388
       61     0.00000151     0.98096450     0.01903399
       62     0.00000119     0.98755561     0.01244320
       63     0.00000000     1.00000000     0.00000000
       64     0.00000307     0.99723295     0.00276398
       65     0.00000628     0.98899832     0.01099541
       66     0.00000308     0.97637664     0.02362027
       67     0.00000001     0.96178508     0.03821491
       68     0.00000315     0.94867481     0.05132204
       69     0.00000561     0.94071127     0.05928312
       70     0.00000253     0.94052966     0.05946780
       71     0.00000007     0.94853971     0.05146022
       72     0.00000191     0.96242235     0.03757573
       73     0.00000413     0.97773106     0.02226481
       74     0.00000302     0.98945106     0.01054591
       75     0.00000000     1.00000000     0.00000000
       76     0.00000150     0.99826447     0.00173403
       77     0.00000302     0.99425828     0.00573870
       78     0.00000155     0.99037523     0.00962322
       79     0.00000004     0.98879272     0.01120724
       80     0.00000000     1.00000000     0.00000000
       81     0.00000091     0.99916566     0.00083343
       82     0.00000187     0.99742079     0.00257734
       83     0.00000103     0.99613250     0.00386646
       84     0.00000003     0.99621597     0.00378400
       85     0.00000056     0.99752001     0.00247943
       86     0.00000158     0.99899704     0.00100138
       87     0.00000131     0.99956358     0.00043511
       88     0.00000018     0.99897443     0.00102539
       89     0.00000032     0.99796544     0.00203424
       90     0.00000160     0.99752811     0.00247029
       91     0.00000178     0.99798856     0.00200967
       92     0.00000056     0.99877709     0.00122235
       93     0.00000008     0.99909548     0.00090444
       94     0.00000157     0.99875082     0.00124761
       95     0.00000283     0.99826025     0.00173693
       96     0.00000176     0.99817801     0.00182023
       97     0.00000027     0.99848720     0.00151253
       98     0.00000125     0.99874779     0.00125096
       99     0.00000397     0.99870546     0.00129057
      100     0.00000458     0.99853191     0.00146351
      101     0.00000233     0.99847394     0.00152373
      102     0.00000129     0.99851814     0.00148057
      103     0.00000417     0.99853261     0.00146322
      104     0.00000818     0.99853792     0.00145390
      105     0.00000842     0.99861360     0.00137797
      106     0.00000531     0.99866086     0.00133383
      107     0.00000451     0.99853657     0.00145892
      108     0.00000914     0.99837360     0.00161726
      109     0.00001565     0.99844864     0.00153571
      110     0.00001767     0.99869975     0.00128258
      111     0.00001446     0.99873292     0.00125262
      112     0.00001224     0.99844522     0.00154253
      113     0.00001671     0.99826407     0.00171922
      114     0.00002687     0.99849544     0.00147769
      115     0.00003552     0.99878551     0.00117898
      116     0.00003743     0.99865146     0.00131111
      117     0.00003500     0.99828452     0.00168048
      118     0.00003504     0.99827275     0.00169221
      119     0.00004306     0.99863597     0.00132097
      120     0.00005876     0.99877086     0.00117037
