#     Density Matrix: population Re; see the manual for detail orders
        0     0.00000000     0.00000000     1.00000000
        1     0.00000005     0.00002413     0.99997583
        2     0.00000004     0.00015648     0.99984348
        3     0.00000001     0.00024460     0.99975540
        4     0.00000001     0.00021468     0.99978531
        5     0.00000001     0.00011766     0.99988233
        6     0.00000005     0.00003982     0.99996013
        7     0.00000007     0.00001498     0.99998495
        8     0.00000012     0.00001774     0.99998214
        9     0.00000015     0.00001645     0.99998340
       10     0.00000020     0.00001057     0.99998924
       11     0.00000023     0.00002191     0.99997787
       12     0.00000026     0.00006926     0.99993048
       13     0.00000028     0.00016601     0.99983371
       14     0.00000030     0.00037307     0.99962662
       15     0.00000032     0.00108119     0.99891850
       16     0.00000033     0.00605993     0.99393974
       17     0.00000016     0.62619730     0.37380254
       18     0.00000008     0.45113217     0.54886775
       19     0.00000093     0.20352153     0.79647753
       20     0.00000019     0.15289748     0.84710233
       21     0.00000024     0.11706816     0.88293160
       22     0.00000036     0.09229140     0.90770824
       23     0.00000015     0.07522416     0.92477569
       24     0.00000019     0.06349401     0.93650580
       25     0.00000023     0.05544882     0.94455095
       26     0.00000022     0.04999189     0.95000790
       27     0.00000025     0.04635981     0.95363994
       28     0.00000031     0.04403677     0.95596291
       29     0.00000028     0.04263095     0.95736877
       30     0.00000026     0.04187006     0.95812968
       31     0.00000016     0.04163408     0.95836576
       32     0.00000018     0.04179123     0.95820859
       33     0.00000029     0.04230474     0.95769497
       34     0.00000016     0.04318419     0.95681565
       35     0.00000006     0.04450759     0.95549235
       36     0.00000016     0.04635785     0.95364200
       37     0.00000017     0.04905411     0.95094572
       38     0.00000007     0.05331667     0.94668326
       39     0.00000007     0.06037485     0.93962508
       40     0.00000008     0.07618685     0.92381307
       41     0.00000008     0.14347922     0.85652070
       42     0.00000008     0.55105640     0.44894352
       43     0.00000011     0.92289119     0.07710870
       44     0.00000011     0.96893489     0.03106500
       45     0.00000008     0.97566984     0.02433009
       46     0.00000008     0.97781826     0.02218165
       47     0.00000009     0.97871276     0.02128715
       48     0.00000005     0.97915368     0.02084626
       49     0.00000005     0.97941278     0.02058718
       50     0.00000008     0.97958166     0.02041827
       51     0.00000007     0.97971919     0.02028074
       52     0.00000004     0.97985830     0.02014166
       53     0.00000005     0.98002051     0.01997944
       54     0.00000007     0.98021781     0.01978212
       55     0.00000006     0.98045636     0.01954358
       56     0.00000004     0.98073642     0.01926354
       57     0.00000005     0.98105373     0.01894621
       58     0.00000006     0.98140144     0.01859850
       59     0.00000005     0.98176896     0.01823099
       60     0.00000004     0.98214459     0.01785537
       61     0.00000005     0.98251619     0.01748376
       62     0.00000005     0.98287199     0.01712795
       63     0.00000004     0.98320221     0.01679774
       64     0.00000004     0.98350029     0.01649967
       65     0.00000004     0.98376282     0.01623713
       66     0.00000005     0.98399087     0.01600909
       67     0.00000004     0.98418849     0.01581147
       68     0.00000004     0.98436318     0.01563678
       69     0.00000005     0.98452441     0.01547554
       70     0.00000005     0.98468931     0.01531063
       71     0.00000003     0.98485883     0.01514114
       72     0.00000002     0.98504217     0.01495781
       73     0.00000005     0.98524831     0.01475164
       74     0.00000007     0.98547954     0.01452039
       75     0.00000006     0.98570579     0.01429416
       76     0.00000009     0.98591125     0.01408867
       77     0.00000008     0.98616082     0.01383910
       78     0.00000007     0.98640562     0.01359431
       79     0.00000019     0.98664518     0.01335463
       80     0.00000027     0.98692057     0.01307917
       81     0.00000019     0.98717657     0.01282324
       82     0.00000010     0.98737858     0.01262132
       83     0.00000012     0.98754860     0.01245128
       84     0.00000035     0.98774441     0.01225525
       85     0.00000043     0.98795745     0.01204213
       86     0.00000026     0.98819145     0.01180829
       87     0.00000017     0.98846330     0.01153653
       88     0.00000034     0.98878828     0.01121138
       89     0.00000044     0.98922182     0.01077773
       90     0.00000023     0.98970893     0.01029084
       91     0.00000008     0.99018955     0.00981038
       92     0.00000043     0.99075568     0.00924390
       93     0.00000108     0.99134468     0.00865424
       94     0.00000091     0.99183962     0.00815947
       95     0.00000031     0.99223133     0.00776836
       96     0.00000044     0.99251023     0.00748933
       97     0.00000130     0.99265763     0.00734107
       98     0.00000171     0.99267736     0.00732092
       99     0.00000130     0.99259649     0.00740220
      100     0.00000105     0.99246585     0.00753310
      101     0.00000162     0.99235413     0.00764425
      102     0.00000235     0.99233928     0.00765837
      103     0.00000244     0.99249448     0.00750308
      104     0.00000214     0.99286961     0.00712825
      105     0.00000220     0.99347959     0.00651821
      106     0.00000275     0.99429610     0.00570115
      107     0.00000332     0.99525139     0.00474529
      108     0.00000405     0.99626429     0.00373166
      109     0.00000577     0.99720155     0.00279268
      110     0.00000706     0.99794705     0.00204589
      111     0.00000676     0.99845670     0.00153654
      112     0.00000543     0.99869554     0.00129903
      113     0.00000680     0.99868167     0.00131153
      114     0.00000993     0.99849364     0.00149643
      115     0.00001096     0.99821931     0.00176972
      116     0.00000890     0.99795838     0.00203272
      117     0.00000823     0.99780920     0.00218256
      118     0.00000992     0.99782742     0.00216267
      119     0.00001120     0.99802423     0.00196457
      120     0.00000981     0.99837324     0.00161696
