#     Density Matrix: population Re; see the manual for detail orders
        0     0.00000000     0.00000000     1.00000000
        1     0.00000001     0.00000705     0.99999294
        2     0.00000002     0.00004322     0.99995676
        3     0.00000002     0.00006321     0.99993678
        4     0.00000012     0.00005723     0.99994266
        5     0.00000011     0.00004813     0.99995176
        6     0.00000032     0.00005104     0.99994864
        7     0.00000027     0.00005446     0.99994527
        8     0.00000058     0.00003831     0.99996111
        9     0.00000048     0.00000783     0.99999169
       10     0.00000083     0.00001069     0.99998848
       11     0.00000069     0.00012658     0.99987273
       12     0.00000098     0.00045429     0.99954473
       13     0.00000087     0.00117309     0.99882604
       14     0.00000098     0.00300698     0.99699204
       15     0.00000101     0.01122485     0.98877414
       16     0.00000077     0.13512026     0.86487897
       17     0.00000057     0.11957922     0.88042021
       18     0.00000079     0.41172210     0.58827711
       19     0.00000020     0.23862659     0.76137321
       20     0.00000114     0.19650395     0.80349492
       21     0.00000053     0.18562834     0.81437113
       22     0.00000052     0.18655011     0.81344936
       23     0.00000118     0.19257698     0.80742184
       24     0.00000033     0.20075913     0.79924054
       25     0.00000099     0.20959991     0.79039910
       26     0.00000109     0.21826841     0.78173050
       27     0.00000013     0.22638743     0.77361245
       28     0.00000094     0.23372434     0.76627472
       29     0.00000089     0.24011769     0.75988142
       30     0.00000008     0.24549855     0.75450137
       31     0.00000075     0.24986024     0.75013901
       32     0.00000083     0.25318390     0.74681527
       33     0.00000011     0.25543053     0.74456936
       34     0.00000057     0.25652795     0.74347148
       35     0.00000079     0.25634163     0.74365758
       36     0.00000015     0.25468322     0.74531664
       37     0.00000038     0.25150466     0.74849496
       38     0.00000086     0.24829839     0.75170075
       39     0.00000032     0.25746141     0.74253826
       40     0.00000014     0.32769113     0.67230873
       41     0.00000069     0.46145828     0.53854103
       42     0.00000053     0.55607359     0.44392588
       43     0.00000010     0.59985580     0.40014410
       44     0.00000045     0.62248047     0.37751908
       45     0.00000057     0.63715237     0.36284705
       46     0.00000011     0.64942224     0.35057765
       47     0.00000013     0.66252935     0.33747052
       48     0.00000040     0.67584500     0.32415461
       49     0.00000023     0.64150851     0.35849126
       50     0.00000000     0.51928543     0.48071457
       51     0.00000012     0.44027667     0.55972321
       52     0.00000024     0.40978770     0.59021206
       53     0.00000009     0.39408432     0.60591559
       54     0.00000002     0.38392958     0.61607040
       55     0.00000015     0.37633804     0.62366181
       56     0.00000015     0.37006880     0.62993104
       57     0.00000005     0.36447652     0.63552343
       58     0.00000006     0.35916255     0.64083738
       59     0.00000013     0.35387431     0.64612556
       60     0.00000009     0.34839588     0.65160403
       61     0.00000005     0.34254471     0.65745523
       62     0.00000007     0.33617312     0.66382681
       63     0.00000010     0.32912940     0.67087050
       64     0.00000009     0.32125612     0.67874380
       65     0.00000006     0.31237957     0.68762037
       66     0.00000007     0.30229543     0.69770450
       67     0.00000009     0.29075975     0.70924015
       68     0.00000009     0.27748214     0.72251778
       69     0.00000006     0.26212678     0.73787316
       70     0.00000007     0.24433645     0.75566347
       71     0.00000009     0.22379920     0.77620071
       72     0.00000009     0.20038723     0.79961268
       73     0.00000008     0.17439274     0.82560718
       74     0.00000007     0.14682549     0.85317444
       75     0.00000009     0.11964403     0.88035588
       76     0.00000013     0.09556727     0.90443260
       77     0.00000008     0.07724304     0.92275689
       78     0.00000002     0.06630059     0.93369938
       79     0.00000020     0.06321084     0.93678896
       80     0.00000024     0.06796643     0.93203332
       81     0.00000002     0.08056050     0.91943948
       82     0.00000015     0.10056914     0.89943071
       83     0.00000042     0.12639580     0.87360378
       84     0.00000016     0.15533730     0.84466254
       85     0.00000004     0.18455393     0.81544603
       86     0.00000039     0.21194274     0.78805687
       87     0.00000033     0.23636934     0.76363033
       88     0.00000001     0.25746599     0.74253400
       89     0.00000037     0.27794124     0.72205839
       90     0.00000077     0.29674134     0.70325789
       91     0.00000023     0.31081140     0.68918837
       92     0.00000005     0.32161967     0.67838027
       93     0.00000043     0.33029183     0.66970774
       94     0.00000035     0.33732757     0.66267208
       95     0.00000006     0.34254703     0.65745291
       96     0.00000009     0.34505050     0.65494941
       97     0.00000022     0.34303130     0.65696848
       98     0.00000018     0.33359423     0.66640560
       99     0.00000000     0.31253903     0.68746096
      100     0.00000030     0.27463633     0.72536337
      101     0.00000059     0.21467422     0.78532519
      102     0.00000006     0.13228336     0.86771658
      103     0.00000043     0.04755153     0.95244804
      104     0.00000092     0.03350537     0.96649371
      105     0.00000018     0.20380861     0.79619121
      106     0.00000028     0.51308029     0.48691943
      107     0.00000031     0.72588652     0.27411317
      108     0.00000002     0.76236630     0.23763368
      109     0.00000044     0.70247392     0.29752564
      110     0.00000011     0.62160603     0.37839387
      111     0.00000029     0.55743660     0.44256311
      112     0.00000061     0.52280399     0.47719540
      113     0.00000005     0.51635442     0.48364553
      114     0.00000037     0.52911539     0.47088424
      115     0.00000027     0.54933093     0.45066881
      116     0.00000012     0.56661920     0.43338068
      117     0.00000050     0.57496818     0.42503133
      118     0.00000001     0.57371132     0.42628868
      119     0.00000053     0.56646279     0.43353668
      120     0.00000021     0.55853260     0.44146719
