#     Density Matrix: population Re; see the manual for detail orders
        0     0.00000000     0.00000000     1.00000000
        1     0.00000004     0.00000053     0.99999943
        2     0.00000003     0.00000180     0.99999817
        3     0.00000001     0.00000271     0.99999728
        4     0.00000004     0.00001710     0.99998286
        5     0.00000002     0.00005376     0.99994622
        6     0.00000011     0.00009814     0.99990175
        7     0.00000008     0.00013043     0.99986948
        8     0.00000017     0.00016296     0.99983687
        9     0.00000017     0.00025367     0.99974616
       10     0.00000022     0.00049717     0.99950261
       11     0.00000024     0.00105284     0.99894692
       12     0.00000028     0.00231589     0.99768383
       13     0.00000031     0.00554763     0.99445206
       14     0.00000034     0.01543752     0.98456214
       15     0.00000035     0.05169297     0.94830669
       16     0.00000017     0.57267592     0.42732391
       17     0.00000006     0.83031116     0.16968878
       18     0.00000045     0.41763001     0.58236954
       19     0.00000089     0.21600001     0.78399910
       20     0.00000005     0.14937858     0.85062137
       21     0.00000051     0.11399231     0.88600718
       22     0.00000034     0.09700833     0.90299133
       23     0.00000018     0.08998207     0.91001775
       24     0.00000037     0.08766482     0.91233481
       25     0.00000024     0.08698380     0.91301596
       26     0.00000028     0.08634421     0.91365550
       27     0.00000030     0.08506292     0.91493678
       28     0.00000023     0.08297063     0.91702914
       29     0.00000029     0.08018451     0.91981520
       30     0.00000030     0.07692444     0.92307527
       31     0.00000026     0.07345231     0.92654743
       32     0.00000030     0.07004408     0.92995561
       33     0.00000032     0.06698357     0.93301611
       34     0.00000031     0.06459646     0.93540323
       35     0.00000033     0.06329089     0.93670878
       36     0.00000036     0.06368179     0.93631785
       37     0.00000035     0.06679443     0.93320522
       38     0.00000037     0.07455128     0.92544836
       39     0.00000039     0.09088120     0.90911842
       40     0.00000036     0.13104383     0.86895582
       41     0.00000044     0.21980763     0.78019193
       42     0.00000058     0.40170825     0.59829116
       43     0.00000041     0.62423535     0.37576424
       44     0.00000034     0.77896815     0.22103151
       45     0.00000050     0.85730245     0.14269705
       46     0.00000051     0.89700718     0.10299231
       47     0.00000040     0.91961004     0.08038957
       48     0.00000044     0.93403231     0.06596725
       49     0.00000054     0.94409299     0.05590647
       50     0.00000051     0.95157787     0.04842162
       51     0.00000045     0.95739371     0.04260584
       52     0.00000051     0.96203684     0.03796266
       53     0.00000057     0.96579254     0.03420690
       54     0.00000053     0.96884047     0.03115901
       55     0.00000049     0.97129280     0.02870670
       56     0.00000054     0.97323276     0.02676670
       57     0.00000058     0.97472387     0.02527555
       58     0.00000055     0.97582321     0.02417624
       59     0.00000053     0.97658298     0.02341649
       60     0.00000057     0.97705842     0.02294101
       61     0.00000060     0.97730752     0.02269188
       62     0.00000059     0.97739000     0.02260942
       63     0.00000058     0.97736838     0.02263105
       64     0.00000061     0.97730277     0.02269662
       65     0.00000066     0.97725073     0.02274861
       66     0.00000067     0.97726349     0.02273584
       67     0.00000067     0.97738238     0.02261695
       68     0.00000071     0.97763877     0.02236053
       69     0.00000076     0.97804879     0.02195045
       70     0.00000079     0.97861711     0.02138210
       71     0.00000080     0.97933187     0.02066733
       72     0.00000082     0.98016927     0.01982991
       73     0.00000087     0.98109529     0.01890384
       74     0.00000091     0.98206769     0.01793140
       75     0.00000093     0.98304127     0.01695780
       76     0.00000094     0.98397209     0.01602697
       77     0.00000097     0.98482174     0.01517728
       78     0.00000102     0.98556266     0.01443632
       79     0.00000105     0.98617933     0.01381962
       80     0.00000107     0.98667071     0.01332822
       81     0.00000110     0.98704916     0.01294975
       82     0.00000115     0.98733705     0.01266180
       83     0.00000120     0.98756343     0.01243536
       84     0.00000124     0.98775994     0.01223882
       85     0.00000128     0.98795420     0.01204453
       86     0.00000132     0.98816735     0.01183133
       87     0.00000137     0.98840903     0.01158960
       88     0.00000142     0.98867851     0.01132007
       89     0.00000144     0.98896459     0.01103397
       90     0.00000145     0.98924889     0.01074967
       91     0.00000145     0.98951031     0.01048824
       92     0.00000146     0.98973042     0.01026813
       93     0.00000145     0.98989855     0.01010001
       94     0.00000141     0.99001585     0.00998274
       95     0.00000137     0.99009719     0.00990144
       96     0.00000132     0.99017061     0.00982807
       97     0.00000128     0.99027280     0.00972592
       98     0.00000124     0.99044416     0.00955460
       99     0.00000119     0.99071947     0.00927934
      100     0.00000113     0.99112066     0.00887821
      101     0.00000108     0.99164951     0.00834941
      102     0.00000104     0.99228534     0.00771361
      103     0.00000102     0.99298445     0.00701453
      104     0.00000100     0.99368667     0.00631233
      105     0.00000098     0.99432398     0.00567503
      106     0.00000098     0.99483148     0.00516754
      107     0.00000098     0.99516036     0.00483865
      108     0.00000101     0.99528660     0.00471239
      109     0.00000104     0.99521691     0.00478206
      110     0.00000107     0.99498882     0.00501011
      111     0.00000109     0.99466463     0.00533428
      112     0.00000112     0.99431962     0.00567927
      113     0.00000113     0.99402696     0.00597191
      114     0.00000113     0.99384323     0.00615564
      115     0.00000111     0.99379677     0.00620212
      116     0.00000106     0.99388241     0.00611653
      117     0.00000100     0.99406614     0.00593286
      118     0.00000093     0.99429699     0.00570207
      119     0.00000088     0.99452404     0.00547509
      120     0.00000084     0.99471294     0.00528622
