#     Density Matrix: population Re; see the manual for detail orders
        0     0.00000000     0.00000000     1.00000000
        1     0.00000000     0.00000272     0.99999728
        2     0.00000001     0.00002136     0.99997864
        3     0.00000001     0.00004484     0.99995515
        4     0.00000006     0.00005500     0.99994495
        5     0.00000007     0.00004361     0.99995631
        6     0.00000017     0.00002322     0.99997661
        7     0.00000019     0.00002773     0.99997208
        8     0.00000034     0.00010467     0.99989499
        9     0.00000037     0.00031231     0.99968732
       10     0.00000053     0.00075867     0.99924080
       11     0.00000058     0.00181751     0.99818190
       12     0.00000068     0.00529446     0.99470486
       13     0.00000076     0.02352500     0.97647424
       14     0.00000144     0.50333121     0.49666735
       15     0.00000038     0.76034815     0.23965147
       16     0.00000305     0.45266781     0.54732914
       17     0.00000058     0.38779961     0.61219981
       18     0.00000200     0.35760933     0.64238868
       19     0.00000229     0.34742089     0.65257682
       20     0.00000040     0.34914943     0.65085016
       21     0.00000278     0.35817482     0.64182240
       22     0.00000114     0.37191358     0.62808528
       23     0.00000105     0.38901624     0.61098271
       24     0.00000265     0.40889511     0.59110223
       25     0.00000064     0.43150827     0.56849109
       26     0.00000152     0.45709158     0.54290689
       27     0.00000237     0.48606395     0.51393368
       28     0.00000056     0.51879876     0.48120068
       29     0.00000162     0.55555951     0.44443888
       30     0.00000220     0.59627677     0.40372103
       31     0.00000067     0.64041615     0.35958319
       32     0.00000141     0.68668094     0.31331765
       33     0.00000208     0.73311918     0.26687874
       34     0.00000093     0.77717720     0.22282187
       35     0.00000109     0.81628027     0.18371864
       36     0.00000189     0.84817469     0.15182342
       37     0.00000131     0.86786512     0.13213357
       38     0.00000089     0.87613944     0.12385968
       39     0.00000157     0.87476149     0.12523694
       40     0.00000174     0.86410206     0.13589620
       41     0.00000095     0.84370734     0.15629171
       42     0.00000111     0.79594989     0.20404900
       43     0.00000209     0.56234154     0.43765637
       44     0.00000198     0.30810813     0.69188989
       45     0.00000080     0.22194872     0.77805047
       46     0.00000067     0.17862282     0.82137651
       47     0.00000166     0.15108760     0.84891074
       48     0.00000157     0.13539398     0.86460445
       49     0.00000083     0.13272975     0.86726942
       50     0.00000097     0.14691570     0.85308334
       51     0.00000121     0.17974961     0.82024917
       52     0.00000113     0.22057931     0.77941956
       53     0.00000129     0.36136923     0.63862948
       54     0.00000141     0.49813422     0.50186437
       55     0.00000161     0.59084484     0.40915355
       56     0.00000130     0.64833177     0.35166693
       57     0.00000086     0.68449599     0.31550316
       58     0.00000146     0.70828317     0.29171537
       59     0.00000202     0.72482421     0.27517377
       60     0.00000115     0.73714355     0.26285530
       61     0.00000074     0.74726110     0.25273816
       62     0.00000189     0.75681941     0.24317870
       63     0.00000200     0.76745872     0.23253928
       64     0.00000078     0.78292302     0.21707620
       65     0.00000108     0.79981463     0.20018428
       66     0.00000203     0.81919596     0.18080200
       67     0.00000139     0.84304492     0.15695368
       68     0.00000082     0.87422551     0.12577367
       69     0.00000146     0.91269436     0.08730418
       70     0.00000192     0.92091560     0.07908248
       71     0.00000153     0.75889866     0.24109981
       72     0.00000041     0.58680194     0.41319765
       73     0.00000089     0.64395557     0.35604354
       74     0.00000200     0.76844908     0.23154892
       75     0.00000122     0.85921397     0.14078480
       76     0.00000090     0.91480920     0.08518991
       77     0.00000140     0.94684299     0.05315561
       78     0.00000100     0.96325680     0.03674221
       79     0.00000122     0.96938157     0.03061721
       80     0.00000135     0.96971190     0.03028675
       81     0.00000092     0.96827615     0.03172293
       82     0.00000134     0.96794449     0.03205416
       83     0.00000112     0.96979775     0.03020113
       84     0.00000106     0.97332708     0.02667185
       85     0.00000140     0.97725161     0.02274700
       86     0.00000097     0.98038929     0.01960975
       87     0.00000119     0.98222648     0.01777232
       88     0.00000118     0.98302701     0.01697180
       89     0.00000115     0.98349949     0.01649936
       90     0.00000115     0.98422916     0.01576969
       91     0.00000100     0.98531958     0.01467942
       92     0.00000133     0.98649803     0.01350064
       93     0.00000107     0.98747303     0.01252590
       94     0.00000112     0.98819725     0.01180163
       95     0.00000114     0.98882084     0.01117802
       96     0.00000115     0.98944612     0.01055273
       97     0.00000117     0.98999327     0.01000556
       98     0.00000000     1.00000000     0.00000000
       99     0.00000000     0.99999825     0.00000175
      100     0.00000000     0.99999317     0.00000683
      101     0.00000000     0.99998793     0.00001207
      102     0.00000000     0.99998697     0.00001302
      103     0.00000000     0.99999101     0.00000898
      104     0.00000000     0.99999500     0.00000500
      105     0.00000000     0.99999218     0.00000782
      106     0.00000000     0.99998076     0.00001924
      107     0.00000001     0.99996674     0.00003326
      108     0.00000001     0.99995979     0.00004020
      109     0.00000001     0.99996352     0.00003647
      110     0.00000001     0.99997106     0.00002893
      111     0.00000002     0.99997004     0.00002995
      112     0.00000002     0.99995330     0.00004668
      113     0.00000002     0.99992552     0.00007446
      114     0.00000002     0.99990106     0.00009892
      115     0.00000003     0.99989178     0.00010820
      116     0.00000003     0.99989671     0.00010326
      117     0.00000003     0.99990206     0.00009791
      118     0.00000003     0.99989103     0.00010894
      119     0.00000004     0.99985686     0.00014311
      120     0.00000004     0.99980855     0.00019141
