#     Density Matrix: population Re; see the manual for detail orders
        0     0.00000000     0.00000000     1.00000000
        1     0.00000000     0.00000848     0.99999152
        2     0.00000001     0.00005864     0.99994136
        3     0.00000001     0.00009804     0.99990195
        4     0.00000004     0.00008681     0.99991315
        5     0.00000006     0.00004133     0.99995862
        6     0.00000010     0.00000635     0.99999355
        7     0.00000011     0.00000870     0.99999119
        8     0.00000015     0.00004125     0.99995860
        9     0.00000019     0.00008118     0.99991863
       10     0.00000023     0.00011532     0.99988445
       11     0.00000023     0.00015995     0.99983982
       12     0.00000029     0.00028927     0.99971044
       13     0.00000036     0.00073475     0.99926489
       14     0.00000035     0.00238049     0.99761916
       15     0.00000028     0.01028075     0.98971897
       16     0.00000026     0.07857816     0.92142158
       17     0.00000010     0.79971632     0.20028357
       18     0.00000008     0.47275589     0.52724403
       19     0.00000068     0.14060140     0.85939792
       20     0.00000018     0.08354743     0.91645239
       21     0.00000036     0.05883202     0.94116762
       22     0.00000038     0.04749681     0.95250281
       23     0.00000026     0.04189557     0.95810417
       24     0.00000024     0.03865028     0.96134949
       25     0.00000022     0.03627374     0.96372604
       26     0.00000020     0.03412546     0.96587434
       27     0.00000021     0.03197350     0.96802629
       28     0.00000022     0.02977863     0.97022115
       29     0.00000021     0.02759157     0.97240821
       30     0.00000022     0.02548382     0.97451596
       31     0.00000023     0.02353715     0.97646262
       32     0.00000023     0.02183586     0.97816391
       33     0.00000024     0.02045789     0.97954187
       34     0.00000024     0.01948951     0.98051025
       35     0.00000025     0.01903949     0.98096026
       36     0.00000025     0.01926965     0.98073010
       37     0.00000026     0.02046426     0.97953548
       38     0.00000026     0.02318504     0.97681470
       39     0.00000025     0.02863477     0.97136498
       40     0.00000025     0.03984973     0.96015003
       41     0.00000027     0.06641073     0.93358900
       42     0.00000032     0.14778124     0.85221844
       43     0.00000028     0.41209488     0.58790483
       44     0.00000027     0.77612812     0.22387161
       45     0.00000035     0.93529681     0.06470284
       46     0.00000033     0.97131739     0.02868228
       47     0.00000026     0.98183366     0.01816607
       48     0.00000029     0.98593180     0.01406791
       49     0.00000035     0.98776669     0.01223296
       50     0.00000031     0.98856079     0.01143890
       51     0.00000027     0.98875478     0.01124495
       52     0.00000032     0.98852982     0.01146987
       53     0.00000036     0.98797858     0.01202106
       54     0.00000031     0.98715781     0.01284188
       55     0.00000029     0.98610467     0.01389504
       56     0.00000038     0.98486496     0.01513466
       57     0.00000037     0.98349198     0.01650765
       58     0.00000035     0.98204565     0.01795400
       59     0.00000035     0.98058968     0.01940997
       60     0.00000042     0.97919275     0.02080683
       61     0.00000047     0.97792565     0.02207388
       62     0.00000047     0.97685298     0.02314655
       63     0.00000049     0.97602155     0.02397797
       64     0.00000057     0.97545716     0.02454226
       65     0.00000065     0.97518124     0.02481812
       66     0.00000064     0.97518136     0.02481800
       67     0.00000065     0.97542344     0.02457591
       68     0.00000074     0.97585385     0.02414541
       69     0.00000083     0.97640305     0.02359613
       70     0.00000084     0.97699646     0.02300269
       71     0.00000085     0.97756597     0.02243318
       72     0.00000092     0.97805673     0.02194234
       73     0.00000103     0.97844279     0.02155618
       74     0.00000112     0.97872463     0.02127425
       75     0.00000119     0.97892850     0.02107031
       76     0.00000131     0.97910718     0.02089151
       77     0.00000150     0.97932075     0.02067775
       78     0.00000175     0.97963127     0.02036698
       79     0.00000201     0.98006419     0.01993380
       80     0.00000222     0.98061001     0.01938777
       81     0.00000244     0.98123439     0.01876317
       82     0.00000275     0.98186344     0.01813380
       83     0.00000313     0.98239503     0.01760183
       84     0.00000364     0.98273125     0.01726511
       85     0.00000403     0.98280151     0.01719446
       86     0.00000417     0.98257242     0.01742341
       87     0.00000424     0.98207958     0.01791618
       88     0.00000442     0.98142804     0.01856754
       89     0.00000463     0.98079013     0.01920524
       90     0.00000467     0.98038206     0.01961326
       91     0.00000449     0.98042419     0.01957132
       92     0.00000421     0.98109895     0.01889683
       93     0.00000417     0.98250148     0.01749435
       94     0.00000437     0.98460822     0.01538741
       95     0.00000442     0.98725670     0.01273888
       96     0.00000435     0.99016570     0.00982995
       97     0.00000443     0.99297513     0.00702044
       98     0.00000490     0.99530957     0.00468553
       99     0.00000569     0.99685277     0.00314154
      100     0.00000629     0.99742677     0.00256694
      101     0.00000660     0.99704267     0.00295074
      102     0.00000694     0.99590719     0.00408587
      103     0.00000752     0.99438889     0.00560358
      104     0.00000815     0.99294134     0.00705051
      105     0.00000848     0.99199510     0.00799642
      106     0.00000845     0.99184938     0.00814218
      107     0.00000830     0.99258794     0.00740375
      108     0.00000835     0.99405424     0.00593741
      109     0.00000867     0.99589203     0.00409931
      110     0.00000919     0.99765184     0.00233898
      111     0.00000981     0.99892891     0.00106127
      112     0.00001049     0.99948980     0.00049971
      113     0.00001122     0.99934700     0.00064178
      114     0.00001192     0.99874422     0.00124385
      115     0.00001247     0.99805718     0.00193035
      116     0.00001274     0.99764641     0.00234086
      117     0.00001263     0.99771621     0.00227116
      118     0.00001240     0.99824013     0.00174747
      119     0.00001280     0.99898615     0.00100106
      120     0.00001375     0.99963926     0.00034699
