#     Density Matrix: population Re; see the manual for detail orders
        0     0.00000000     0.00000000     1.00000000
        1     0.00000002     0.00000408     0.99999590
        2     0.00000002     0.00002193     0.99997805
        3     0.00000001     0.00002714     0.99997285
        4     0.00000003     0.00003240     0.99996757
        5     0.00000006     0.00006876     0.99993119
        6     0.00000009     0.00014356     0.99985635
        7     0.00000017     0.00022725     0.99977257
        8     0.00000019     0.00028734     0.99971247
        9     0.00000035     0.00037247     0.99962718
       10     0.00000029     0.00078563     0.99921409
       11     0.00000055     0.00263931     0.99736014
       12     0.00000036     0.01081981     0.98917983
       13     0.00000067     0.06044953     0.93954981
       14     0.00000033     0.45108386     0.54891580
       15     0.00000014     0.69242233     0.30757753
       16     0.00000045     0.31384360     0.68615595
       17     0.00000068     0.24239845     0.75760087
       18     0.00000038     0.20563028     0.79436935
       19     0.00000054     0.18781683     0.81218263
       20     0.00000023     0.18070793     0.81929183
       21     0.00000032     0.17945446     0.82054522
       22     0.00000035     0.18115430     0.81884536
       23     0.00000018     0.18412123     0.81587859
       24     0.00000044     0.18742031     0.81257925
       25     0.00000046     0.19057045     0.80942909
       26     0.00000008     0.19336695     0.80663297
       27     0.00000045     0.19576918     0.80423037
       28     0.00000033     0.19782002     0.80217965
       29     0.00000006     0.19959628     0.80040366
       30     0.00000042     0.20117148     0.79882810
       31     0.00000030     0.20261923     0.79738047
       32     0.00000004     0.20399649     0.79600347
       33     0.00000034     0.20534205     0.79465761
       34     0.00000032     0.20669013     0.79330955
       35     0.00000005     0.20810683     0.79189312
       36     0.00000025     0.20967507     0.79032468
       37     0.00000031     0.21152437     0.78847532
       38     0.00000005     0.21396385     0.78603610
       39     0.00000017     0.21789493     0.78210490
       40     0.00000032     0.22779304     0.77220664
       41     0.00000013     0.39510897     0.60489090
       42     0.00000001     0.73678325     0.26321674
       43     0.00000026     0.80058800     0.19941173
       44     0.00000030     0.80073933     0.19926038
       45     0.00000004     0.80013621     0.19986375
       46     0.00000018     0.79945694     0.20054287
       47     0.00000042     0.79872581     0.20127377
       48     0.00000019     0.79791699     0.20208282
       49     0.00000003     0.79700139     0.20299857
       50     0.00000032     0.79595628     0.20404340
       51     0.00000039     0.79476911     0.20523050
       52     0.00000008     0.79343300     0.20656691
       53     0.00000009     0.79194168     0.20805823
       54     0.00000040     0.79030942     0.20969018
       55     0.00000032     0.78856219     0.21143749
       56     0.00000003     0.78672617     0.21327380
       57     0.00000017     0.78484103     0.21515879
       58     0.00000041     0.78294958     0.21705001
       59     0.00000021     0.78111157     0.21888823
       60     0.00000001     0.77938153     0.22061846
       61     0.00000023     0.77780716     0.22219261
       62     0.00000035     0.77644470     0.22355495
       63     0.00000010     0.77533356     0.22466634
       64     0.00000002     0.77449641     0.22550357
       65     0.00000024     0.77393668     0.22606308
       66     0.00000022     0.77363653     0.22636324
       67     0.00000002     0.77355675     0.22644323
       68     0.00000007     0.77363890     0.22636103
       69     0.00000019     0.77381169     0.22618811
       70     0.00000009     0.77399964     0.22600027
       71     0.00000002     0.77413246     0.22586752
       72     0.00000010     0.77415486     0.22584504
       73     0.00000009     0.77403534     0.22596458
       74     0.00000005     0.77376766     0.22623230
       75     0.00000014     0.77338511     0.22661476
       76     0.00000010     0.77295635     0.22704355
       77     0.00000000     0.77254804     0.22745196
       78     0.00000021     0.77219798     0.22780181
       79     0.00000039     0.77197619     0.22802342
       80     0.00000015     0.77194490     0.22805495
       81     0.00000011     0.77211705     0.22788284
       82     0.00000065     0.77247084     0.22752852
       83     0.00000083     0.77295145     0.22704772
       84     0.00000037     0.77348608     0.22651355
       85     0.00000043     0.77397867     0.22602090
       86     0.00000117     0.77434592     0.22565291
       87     0.00000120     0.77453481     0.22546399
       88     0.00000052     0.77450769     0.22549179
       89     0.00000062     0.77430699     0.22569239
       90     0.00000127     0.77402821     0.22597052
       91     0.00000101     0.77382291     0.22617608
       92     0.00000030     0.77388340     0.22611630
       93     0.00000033     0.77441540     0.22558427
       94     0.00000055     0.77560617     0.22439328
       95     0.00000024     0.77754071     0.22245905
       96     0.00000001     0.78020739     0.21979260
       97     0.00000012     0.78346865     0.21653124
       98     0.00000004     0.78700589     0.21299406
       99     0.00000031     0.79034178     0.20965791
      100     0.00000136     0.79290361     0.20709503
      101     0.00000187     0.79405245     0.20594568
      102     0.00000179     0.79325358     0.20674462
      103     0.00000318     0.79020429     0.20979253
      104     0.00000547     0.78498936     0.21500517
      105     0.00000575     0.77818930     0.22180496
      106     0.00000488     0.77083147     0.22916364
      107     0.00000560     0.76426379     0.23573062
      108     0.00000620     0.75998572     0.24000808
      109     0.00000419     0.75925709     0.24073872
      110     0.00000159     0.76270060     0.23729782
      111     0.00000050     0.76994214     0.23005736
      112     0.00000020     0.77936906     0.22063075
      113     0.00000134     0.78855537     0.21144329
      114     0.00000479     0.79475503     0.20524018
      115     0.00000777     0.79573931     0.20425291
      116     0.00000971     0.79085388     0.20913640
      117     0.00001321     0.78156046     0.21842634
      118     0.00001571     0.77115527     0.22882902
      119     0.00001273     0.76365293     0.23633435
      120     0.00000682     0.76225578     0.23773740
