#     Density Matrix: population Re; see the manual for detail orders
        0     0.00000000     0.00000000     1.00000000
        1     0.00000000     0.00000504     0.99999495
        2     0.00000001     0.00002943     0.99997056
        3     0.00000001     0.00004061     0.99995937
        4     0.00000005     0.00004079     0.99995916
        5     0.00000007     0.00005569     0.99994424
        6     0.00000013     0.00009548     0.99990438
        7     0.00000016     0.00013697     0.99986287
        8     0.00000026     0.00014484     0.99985490
        9     0.00000028     0.00012180     0.99987791
       10     0.00000035     0.00016531     0.99983434
       11     0.00000050     0.00052650     0.99947300
       12     0.00000054     0.00177269     0.99822677
       13     0.00000056     0.00554492     0.99445452
       14     0.00000042     0.01894724     0.98105234
       15     0.00000065     0.09050932     0.90949003
       16     0.00000022     0.47321036     0.52678942
       17     0.00000022     0.67029975     0.32970003
       18     0.00000051     0.37880989     0.62118961
       19     0.00000029     0.29954706     0.70045265
       20     0.00000038     0.25429682     0.74570280
       21     0.00000060     0.23136298     0.76863642
       22     0.00000015     0.22272499     0.77727486
       23     0.00000056     0.22312182     0.77687761
       24     0.00000044     0.22918692     0.77081264
       25     0.00000022     0.23887750     0.76112228
       26     0.00000062     0.25118704     0.74881234
       27     0.00000024     0.26570876     0.73429100
       28     0.00000036     0.28237412     0.71762552
       29     0.00000085     0.30156231     0.69843684
       30     0.00000026     0.32386113     0.67613861
       31     0.00000044     0.34982522     0.65017434
       32     0.00000092     0.37999798     0.62000110
       33     0.00000032     0.41448773     0.58551195
       34     0.00000030     0.45277808     0.54722162
       35     0.00000083     0.49394706     0.50605210
       36     0.00000042     0.52645850     0.47354108
       37     0.00000013     0.54070669     0.45929318
       38     0.00000065     0.52609920     0.47390015
       39     0.00000046     0.41103126     0.58896828
       40     0.00000000     0.25642487     0.74357513
       41     0.00000075     0.31779651     0.68220274
       42     0.00000132     0.31498493     0.68501375
       43     0.00000039     0.28745950     0.71254012
       44     0.00000012     0.25407834     0.74592154
       45     0.00000078     0.22368785     0.77631137
       46     0.00000064     0.20380668     0.79619268
       47     0.00000021     0.20805933     0.79194046
       48     0.00000033     0.27786935     0.72213031
       49     0.00000025     0.42015319     0.57984656
       50     0.00000030     0.70676080     0.29323890
       51     0.00000048     0.82757994     0.17241958
       52     0.00000046     0.86911915     0.13088039
       53     0.00000040     0.88720392     0.11279568
       54     0.00000035     0.89640805     0.10359160
       55     0.00000037     0.90136754     0.09863208
       56     0.00000051     0.90394475     0.09605475
       57     0.00000047     0.90530939     0.09469015
       58     0.00000027     0.90563247     0.09436726
       59     0.00000045     0.90507547     0.09492408
       60     0.00000073     0.90389225     0.09610702
       61     0.00000036     0.90252236     0.09747728
       62     0.00000024     0.90172342     0.09827634
       63     0.00000073     0.90259718     0.09740209
       64     0.00000066     0.90659979     0.09339955
       65     0.00000025     0.91525971     0.08474004
       66     0.00000055     0.92866731     0.07133214
       67     0.00000089     0.93770510     0.06229401
       68     0.00000058     0.89571133     0.10428809
       69     0.00000007     0.74872544     0.25127448
       70     0.00000080     0.65729341     0.34270578
       71     0.00000163     0.71798564     0.28201274
       72     0.00000068     0.81633567     0.18366365
       73     0.00000038     0.88953763     0.11046199
       74     0.00000093     0.93607689     0.06392218
       75     0.00000060     0.96358588     0.03641352
       76     0.00000066     0.97761594     0.02238340
       77     0.00000071     0.98220433     0.01779495
       78     0.00000052     0.98124143     0.01875805
       79     0.00000085     0.97862225     0.02137690
       80     0.00000055     0.97725153     0.02274792
       81     0.00000065     0.97817536     0.02182398
       82     0.00000074     0.98078433     0.01921493
       83     0.00000058     0.98376578     0.01623364
       84     0.00000072     0.98602381     0.01397546
       85     0.00000055     0.98717368     0.01282577
       86     0.00000080     0.98754003     0.01245917
       87     0.00000060     0.98775168     0.01224772
       88     0.00000060     0.98823865     0.01176075
       89     0.00000074     0.98900903     0.01099023
       90     0.00000067     0.98981101     0.01018831
       91     0.00000000     1.00000000     0.00000000
       92     0.00000002     0.99999993     0.00000005
       93     0.00000003     0.99999991     0.00000006
       94     0.00000000     0.99999947     0.00000052
       95     0.00000002     0.99999797     0.00000202
       96     0.00000005     0.99999592     0.00000404
       97     0.00000002     0.99999479     0.00000519
       98     0.00000002     0.99999514     0.00000484
       99     0.00000007     0.99999547     0.00000447
      100     0.00000005     0.99999320     0.00000675
      101     0.00000002     0.99998713     0.00001285
      102     0.00000008     0.99997929     0.00002062
      103     0.00000009     0.99997362     0.00002628
      104     0.00000004     0.99997159     0.00002838
      105     0.00000009     0.99996965     0.00003026
      106     0.00000014     0.99996186     0.00003799
      107     0.00000007     0.99994503     0.00005489
      108     0.00000010     0.99992201     0.00007789
      109     0.00000019     0.99990001     0.00009980
      110     0.00000014     0.99988376     0.00011610
      111     0.00000010     0.99986981     0.00013010
      112     0.00000020     0.99984828     0.00015152
      113     0.00000021     0.99981067     0.00018912
      114     0.00000012     0.99975671     0.00024317
      115     0.00000018     0.99969539     0.00030444
      116     0.00000026     0.99963856     0.00036117
      117     0.00000018     0.99959170     0.00040813
      118     0.00000014     0.99954895     0.00045091
      119     0.00000025     0.99949775     0.00050200
      120     0.00000025     0.99942912     0.00057063
