#     Density Matrix: population Re; see the manual for detail orders
        0     0.00000000     0.00000000     1.00000000
        1     0.00000001     0.00000087     0.99999913
        2     0.00000001     0.00000729     0.99999270
        3     0.00000000     0.00001573     0.99998427
        4     0.00000005     0.00001807     0.99998188
        5     0.00000004     0.00001239     0.99998757
        6     0.00000017     0.00000862     0.99999121
        7     0.00000016     0.00002582     0.99997402
        8     0.00000036     0.00008392     0.99991572
        9     0.00000036     0.00019957     0.99980007
       10     0.00000059     0.00040643     0.99959298
       11     0.00000057     0.00083364     0.99916580
       12     0.00000081     0.00192185     0.99807734
       13     0.00000070     0.00508013     0.99491917
       14     0.00000093     0.01515046     0.98484860
       15     0.00000072     0.05104757     0.94895171
       16     0.00000081     0.18130337     0.81869582
       17     0.00000079     0.51732229     0.48267692
       18     0.00000013     0.60126375     0.39873612
       19     0.00000069     0.48525953     0.51473977
       20     0.00000018     0.41112347     0.58887635
       21     0.00000053     0.35394483     0.64605464
       22     0.00000079     0.31619668     0.68380254
       23     0.00000013     0.29567089     0.70432898
       24     0.00000083     0.28915511     0.71084406
       25     0.00000058     0.29374896     0.70625045
       26     0.00000018     0.30723376     0.69276606
       27     0.00000087     0.32814990     0.67184923
       28     0.00000041     0.35574818     0.64425141
       29     0.00000019     0.38981901     0.61018080
       30     0.00000080     0.43045942     0.56953978
       31     0.00000035     0.47769836     0.52230129
       32     0.00000013     0.53115183     0.46884803
       33     0.00000068     0.58944866     0.41055066
       34     0.00000041     0.64995681     0.35004278
       35     0.00000005     0.70879935     0.29120060
       36     0.00000049     0.76154159     0.23845793
       37     0.00000056     0.77038620     0.22961324
       38     0.00000020     0.78355483     0.21644497
       39     0.00000028     0.80321143     0.19678829
       40     0.00000047     0.83236198     0.16763755
       41     0.00000025     0.86849944     0.13150032
       42     0.00000011     0.89734800     0.10265189
       43     0.00000031     0.90585127     0.09414841
       44     0.00000036     0.90067761     0.09932202
       45     0.00000015     0.89443519     0.10556466
       46     0.00000018     0.89157585     0.10842398
       47     0.00000043     0.89152981     0.10846977
       48     0.00000038     0.89293514     0.10706448
       49     0.00000017     0.89480168     0.10519815
       50     0.00000030     0.89650079     0.10349891
       51     0.00000055     0.89758117     0.10241828
       52     0.00000041     0.89764203     0.10235756
       53     0.00000022     0.89626262     0.10373716
       54     0.00000047     0.89306198     0.10693754
       55     0.00000070     0.88773535     0.11226395
       56     0.00000045     0.88027751     0.11972204
       57     0.00000034     0.87125599     0.12874367
       58     0.00000069     0.86262605     0.13737326
       59     0.00000072     0.85469761     0.14530167
       60     0.00000039     0.84874155     0.15125806
       61     0.00000047     0.84651005     0.15348949
       62     0.00000062     0.84904729     0.15095209
       63     0.00000039     0.85692306     0.14307654
       64     0.00000032     0.86947641     0.13052327
       65     0.00000049     0.88462423     0.11537528
       66     0.00000043     0.89936734     0.10063223
       67     0.00000022     0.91117023     0.08882956
       68     0.00000024     0.91983030     0.08016946
       69     0.00000034     0.92756475     0.07243491
       70     0.00000021     0.93688946     0.06311033
       71     0.00000008     0.94858673     0.05141318
       72     0.00000015     0.96166787     0.03833198
       73     0.00000019     0.97447572     0.02552409
       74     0.00000008     0.98552966     0.01447027
       75     0.00000000     1.00000000     0.00000000
       76     0.00000017     0.99787939     0.00212044
       77     0.00000027     0.99366734     0.00633238
       78     0.00000006     0.99030723     0.00969271
       79     0.00000004     0.98949547     0.01050449
       80     0.00000000     1.00000000     0.00000000
       81     0.00000006     0.99960942     0.00039052
       82     0.00000010     0.99887226     0.00112764
       83     0.00000002     0.99839702     0.00160296
       84     0.00000001     0.99846701     0.00153298
       85     0.00000008     0.99893583     0.00106410
       86     0.00000008     0.99941560     0.00058433
       87     0.00000001     0.99960362     0.00039637
       88     0.00000005     0.99948513     0.00051483
       89     0.00000014     0.99925492     0.00074494
       90     0.00000007     0.99912631     0.00087362
       91     0.00000001     0.99915980     0.00084019
       92     0.00000014     0.99924069     0.00075918
       93     0.00000020     0.99927006     0.00072974
       94     0.00000006     0.99927546     0.00072448
       95     0.00000011     0.99933387     0.00066602
       96     0.00000033     0.99942210     0.00057757
       97     0.00000025     0.99940781     0.00059194
       98     0.00000011     0.99922234     0.00077755
       99     0.00000036     0.99900600     0.00099364
      100     0.00000057     0.99900560     0.00099383
      101     0.00000032     0.99928724     0.00071244
      102     0.00000032     0.99959530     0.00040438
      103     0.00000075     0.99957556     0.00042369
      104     0.00000077     0.99916711     0.00083212
      105     0.00000045     0.99872873     0.00127082
      106     0.00000071     0.99871020     0.00128909
      107     0.00000121     0.99917587     0.00082292
      108     0.00000100     0.99969688     0.00030212
      109     0.00000069     0.99971977     0.00027953
      110     0.00000117     0.99917645     0.00082239
      111     0.00000162     0.99855654     0.00144183
      112     0.00000126     0.99844194     0.00155679
      113     0.00000100     0.99895091     0.00104809
      114     0.00000160     0.99961722     0.00038118
      115     0.00000200     0.99983104     0.00016697
      116     0.00000152     0.99940638     0.00059209
      117     0.00000122     0.99873759     0.00126119
      118     0.00000179     0.99841973     0.00157848
      119     0.00000228     0.99871283     0.00128489
      120     0.00000186     0.99933632     0.00066182
