#     Density Matrix: population Re; see the manual for detail orders
        0     0.00000000     0.00000000     1.00000000
        1     0.00000002     0.00000283     0.99999715
        2     0.00000002     0.00002192     0.99997806
        3     0.00000007     0.00004278     0.99995716
        4     0.00000006     0.00004411     0.99995583
        5     0.00000022     0.00002528     0.99997450
        6     0.00000025     0.00001550     0.99998424
        7     0.00000056     0.00006940     0.99993004
        8     0.00000055     0.00025199     0.99974745
        9     0.00000081     0.00062451     0.99937467
       10     0.00000070     0.00131472     0.99868458
       11     0.00000090     0.00285613     0.99714297
       12     0.00000069     0.00749283     0.99250648
       13     0.00000082     0.02554614     0.97445304
       14     0.00000120     0.22047864     0.77952017
       15     0.00000043     0.71678501     0.28321456
       16     0.00000125     0.57717329     0.42282546
       17     0.00000152     0.39353242     0.60646606
       18     0.00000002     0.32488614     0.67511384
       19     0.00000033     0.30401956     0.69598011
       20     0.00000031     0.29026506     0.70973464
       21     0.00000003     0.28383764     0.71616233
       22     0.00000040     0.28378465     0.71621495
       23     0.00000012     0.28850283     0.71149705
       24     0.00000016     0.29619491     0.70380493
       25     0.00000038     0.30520639     0.69479323
       26     0.00000002     0.31422006     0.68577992
       27     0.00000032     0.32232650     0.67767318
       28     0.00000037     0.32900422     0.67099541
       29     0.00000001     0.33405476     0.66594524
       30     0.00000040     0.33751466     0.66248494
       31     0.00000034     0.33956394     0.66043571
       32     0.00000001     0.34044939     0.65955060
       33     0.00000040     0.34042754     0.65957206
       34     0.00000033     0.33972393     0.66027574
       35     0.00000001     0.33850718     0.66149281
       36     0.00000034     0.33687496     0.66312470
       37     0.00000032     0.33484877     0.66515091
       38     0.00000002     0.33237089     0.66762909
       39     0.00000027     0.32930468     0.67069504
       40     0.00000030     0.32543290     0.67456680
       41     0.00000004     0.32045522     0.67954474
       42     0.00000021     0.31398077     0.68601902
       43     0.00000029     0.30551682     0.69448289
       44     0.00000007     0.29445291     0.70554702
       45     0.00000016     0.28003958     0.71996026
       46     0.00000028     0.26136526     0.73863446
       47     0.00000010     0.23735320     0.76264670
       48     0.00000011     0.20682097     0.79317891
       49     0.00000027     0.16874028     0.83125946
       50     0.00000016     0.12305421     0.87694564
       51     0.00000007     0.07271556     0.92728436
       52     0.00000023     0.02708504     0.97291472
       53     0.00000023     0.00244692     0.99755284
       54     0.00000005     0.01043015     0.98956979
       55     0.00000017     0.04222568     0.95777415
       56     0.00000036     0.07490352     0.92509612
       57     0.00000016     0.09016042     0.90983943
       58     0.00000004     0.08008210     0.91991786
       59     0.00000035     0.04644293     0.95355673
       60     0.00000036     0.00824932     0.99175032
       61     0.00000004     0.00746724     0.99253272
       62     0.00000017     0.07154026     0.92845957
       63     0.00000047     0.17506096     0.82493857
       64     0.00000023     0.27926930     0.72073047
       65     0.00000001     0.36748690     0.63251309
       66     0.00000031     0.43795972     0.56203997
       67     0.00000039     0.49304871     0.50695090
       68     0.00000006     0.53494364     0.46505630
       69     0.00000013     0.55720029     0.44279958
       70     0.00000052     0.55844307     0.44155641
       71     0.00000035     0.54923834     0.45076131
       72     0.00000001     0.53728687     0.46271312
       73     0.00000026     0.52692224     0.47307750
       74     0.00000056     0.52017659     0.47982285
       75     0.00000027     0.51779930     0.48220043
       76     0.00000000     0.51987129     0.48012871
       77     0.00000034     0.52607344     0.47392622
       78     0.00000063     0.53570858     0.46429080
       79     0.00000029     0.54753898     0.45246073
       80     0.00000001     0.55947801     0.44052198
       81     0.00000054     0.56815980     0.43183966
       82     0.00000096     0.56847859     0.43152045
       83     0.00000050     0.55329360     0.44670590
       84     0.00000020     0.51384410     0.48615570
       85     0.00000084     0.44232724     0.55767192
       86     0.00000105     0.33756105     0.66243790
       87     0.00000033     0.21424450     0.78575516
       88     0.00000043     0.11000088     0.88999869
       89     0.00000080     0.07371758     0.92628162
       90     0.00000020     0.13019769     0.86980211
       91     0.00000011     0.25319452     0.74680537
       92     0.00000047     0.38279879     0.61720074
       93     0.00000009     0.46763017     0.53236974
       94     0.00000038     0.48873466     0.51126496
       95     0.00000098     0.45761154     0.54238748
       96     0.00000015     0.40189473     0.59810512
       97     0.00000058     0.35021353     0.64978590
       98     0.00000087     0.32200979     0.67798934
       99     0.00000002     0.32223480     0.67776518
      100     0.00000062     0.34220860     0.65779078
      101     0.00000034     0.36622421     0.63377545
      102     0.00000016     0.38060472     0.61939512
      103     0.00000068     0.38035162     0.61964770
      104     0.00000003     0.36982200     0.63017797
      105     0.00000060     0.35814824     0.64185116
      106     0.00000043     0.35304530     0.64695428
      107     0.00000013     0.35574184     0.64425803
      108     0.00000063     0.36171411     0.63828526
      109     0.00000002     0.36565006     0.63434992
      110     0.00000070     0.36556984     0.63442946
      111     0.00000027     0.36329895     0.63670078
      112     0.00000033     0.36165402     0.63834564
      113     0.00000068     0.36139667     0.63860265
      114     0.00000017     0.36136118     0.63863865
      115     0.00000057     0.36081602     0.63918341
      116     0.00000009     0.36048248     0.63951744
      117     0.00000095     0.36230687     0.63769218
      118     0.00000038     0.36551622     0.63448339
      119     0.00000022     0.36664500     0.63335478
      120     0.00000050     0.36369241     0.63630709
