#     Density Matrix: population Re; see the manual for detail orders
        0     0.00000000     0.00000000     1.00000000
        1     0.00000008     0.00000002     0.99999990
        2     0.00000005     0.00000168     0.99999827
        3     0.00000003     0.00001621     0.99998376
        4     0.00000004     0.00005866     0.99994130
        5     0.00000001     0.00013183     0.99986816
        6     0.00000013     0.00022983     0.99977005
        7     0.00000004     0.00037272     0.99962724
        8     0.00000028     0.00066869     0.99933103
        9     0.00000014     0.00141638     0.99858348
       10     0.00000047     0.00335920     0.99664034
       11     0.00000031     0.00856735     0.99143234
       12     0.00000059     0.02394978     0.97604963
       13     0.00000051     0.07577255     0.92422695
       14     0.00000046     0.24100198     0.75899757
       15     0.00000065     0.53715595     0.46284341
       16     0.00000034     0.51500706     0.48499260
       17     0.00000096     0.39411298     0.60588605
       18     0.00000001     0.33064236     0.66935763
       19     0.00000104     0.28178488     0.71821408
       20     0.00000037     0.24945595     0.75054367
       21     0.00000038     0.23180674     0.76819288
       22     0.00000114     0.22580895     0.77418991
       23     0.00000006     0.22825496     0.77174498
       24     0.00000084     0.23621374     0.76378542
       25     0.00000081     0.24721664     0.75278255
       26     0.00000039     0.26233381     0.73766580
       27     0.00000276     0.27872725     0.72126999
       28     0.00000089     0.29091813     0.70908098
       29     0.00000054     0.29972088     0.70027859
       30     0.00000255     0.30590597     0.69409148
       31     0.00000067     0.30993872     0.69006061
       32     0.00000064     0.31228336     0.68771600
       33     0.00000228     0.31330089     0.68669683
       34     0.00000078     0.31330722     0.68669200
       35     0.00000050     0.31259186     0.68740764
       36     0.00000174     0.31145536     0.68854290
       37     0.00000092     0.31017088     0.68982820
       38     0.00000040     0.30898319     0.69101641
       39     0.00000119     0.30814002     0.69185879
       40     0.00000092     0.30782326     0.69217582
       41     0.00000059     0.30814725     0.69185216
       42     0.00000087     0.30911020     0.69088892
       43     0.00000088     0.31059905     0.68940007
       44     0.00000086     0.31231801     0.68768113
       45     0.00000067     0.31373862     0.68626071
       46     0.00000076     0.31412004     0.68587920
       47     0.00000121     0.31251008     0.68748870
       48     0.00000060     0.30780588     0.69219352
       49     0.00000063     0.29894323     0.70105614
       50     0.00000145     0.28523969     0.71475886
       51     0.00000054     0.26700327     0.73299619
       52     0.00000061     0.24655810     0.75344129
       53     0.00000167     0.23002015     0.76997818
       54     0.00000042     0.23051270     0.76948688
       55     0.00000079     0.27446261     0.72553661
       56     0.00000164     0.41290425     0.58709412
       57     0.00000029     0.70246666     0.29753305
       58     0.00000072     0.89150421     0.10849507
       59     0.00000022     0.52734679     0.47265299
       60     0.00000224     0.17854145     0.82145630
       61     0.00000122     0.09476431     0.90523447
       62     0.00000058     0.11866694     0.88133248
       63     0.00000239     0.16373730     0.83626031
       64     0.00000016     0.19740406     0.80259578
       65     0.00000197     0.21062574     0.78937229
       66     0.00000096     0.20652948     0.79346956
       67     0.00000087     0.19404681     0.80595231
       68     0.00000181     0.18263103     0.81736716
       69     0.00000019     0.17812138     0.82187842
       70     0.00000209     0.18089040     0.81910751
       71     0.00000020     0.18695463     0.81304517
       72     0.00000174     0.19132689     0.80867137
       73     0.00000054     0.19138472     0.80861474
       74     0.00000128     0.18821601     0.81178270
       75     0.00000091     0.18511925     0.81487984
       76     0.00000087     0.18458635     0.81541277
       77     0.00000111     0.18641703     0.81358186
       78     0.00000061     0.18838715     0.81161224
       79     0.00000112     0.18868208     0.81131679
       80     0.00000051     0.18752558     0.81247391
       81     0.00000113     0.18647068     0.81352819
       82     0.00000050     0.18647096     0.81352855
       83     0.00000102     0.18705809     0.81294089
       84     0.00000056     0.18736717     0.81263227
       85     0.00000097     0.18734357     0.81265547
       86     0.00000057     0.18745502     0.81254441
       87     0.00000089     0.18759863     0.81240048
       88     0.00000070     0.18716414     0.81283516
       89     0.00000072     0.18631674     0.81368253
       90     0.00000072     0.18627436     0.81372492
       91     0.00000077     0.18766613     0.81233310
       92     0.00000074     0.18902861     0.81097065
       93     0.00000059     0.18825537     0.81174403
       94     0.00000096     0.18568776     0.81431128
       95     0.00000060     0.18442157     0.81557783
       96     0.00000076     0.18663090     0.81336834
       97     0.00000068     0.19026436     0.80973496
       98     0.00000101     0.19083734     0.80916165
       99     0.00000052     0.18687420     0.81312529
      100     0.00000084     0.18240767     0.81759149
      101     0.00000076     0.18286402     0.81713522
      102     0.00000066     0.18866552     0.81133382
      103     0.00000052     0.19397599     0.80602349
      104     0.00000085     0.19272891     0.80727024
      105     0.00000089     0.18537614     0.81462297
      106     0.00000048     0.17895008     0.82104944
      107     0.00000069     0.18020227     0.81979704
      108     0.00000087     0.18864888     0.81135025
      109     0.00000065     0.19672006     0.80327928
      110     0.00000052     0.19684510     0.80315439
      111     0.00000075     0.18855448     0.81144477
      112     0.00000086     0.17891309     0.82108605
      113     0.00000063     0.17612310     0.82387627
      114     0.00000045     0.18242513     0.81757441
      115     0.00000104     0.19242390     0.80757507
      116     0.00000070     0.19810128     0.80189801
      117     0.00000056     0.19551060     0.80448883
      118     0.00000067     0.18741150     0.81258783
      119     0.00000066     0.18035474     0.81964460
      120     0.00000106     0.17918298     0.82081596
