#     Density Matrix: population Re; see the manual for detail orders
        0     0.00000000     0.00000000     1.00000000
        1     0.00000008     0.00001287     0.99998704
        2     0.00000011     0.00011285     0.99988704
        3     0.00000025     0.00028086     0.99971889
        4     0.00000026     0.00043630     0.99956343
        5     0.00000049     0.00052020     0.99947931
        6     0.00000048     0.00062006     0.99937946
        7     0.00000069     0.00114968     0.99884963
        8     0.00000071     0.00321255     0.99678674
        9     0.00000077     0.00981939     0.99017984
       10     0.00000089     0.03114957     0.96884955
       11     0.00000063     0.10772776     0.89227161
       12     0.00000067     0.33559729     0.66440204
       13     0.00000044     0.57190040     0.42809916
       14     0.00000069     0.45729152     0.54270779
       15     0.00000135     0.33571958     0.66427907
       16     0.00000084     0.27835320     0.72164596
       17     0.00000007     0.25400162     0.74599831
       18     0.00000110     0.23620969     0.76378921
       19     0.00000034     0.22526536     0.77473430
       20     0.00000034     0.22039841     0.77960125
       21     0.00000106     0.22027994     0.77971901
       22     0.00000011     0.22340707     0.77659283
       23     0.00000054     0.22831591     0.77168355
       24     0.00000082     0.23388819     0.76611098
       25     0.00000004     0.23928041     0.76071955
       26     0.00000081     0.24378306     0.75621614
       27     0.00000078     0.24718654     0.75281268
       28     0.00000007     0.24938240     0.75061752
       29     0.00000092     0.25047154     0.74952753
       30     0.00000090     0.25070844     0.74929066
       31     0.00000008     0.25017285     0.74982708
       32     0.00000096     0.24895756     0.75104148
       33     0.00000111     0.24729735     0.75270155
       34     0.00000010     0.24551497     0.75448493
       35     0.00000072     0.24390358     0.75609571
       36     0.00000120     0.24265922     0.75733958
       37     0.00000023     0.24205563     0.75794414
       38     0.00000037     0.24285568     0.75714395
       39     0.00000124     0.24735547     0.75264329
       40     0.00000057     0.26461848     0.73538095
       41     0.00000011     0.34953308     0.65046681
       42     0.00000118     0.57799887     0.42199995
       43     0.00000117     0.73682347     0.26317536
       44     0.00000008     0.76924004     0.23075988
       45     0.00000056     0.77535518     0.22464426
       46     0.00000144     0.77721530     0.22278326
       47     0.00000056     0.77820380     0.22179565
       48     0.00000009     0.77907218     0.22092773
       49     0.00000134     0.78006165     0.21993701
       50     0.00000138     0.78127765     0.21872097
       51     0.00000009     0.78276862     0.21723129
       52     0.00000075     0.78454450     0.21545475
       53     0.00000209     0.78658363     0.21341429
       54     0.00000097     0.78882581     0.21117321
       55     0.00000016     0.79116338     0.20883646
       56     0.00000205     0.79344315     0.20655480
       57     0.00000254     0.79546580     0.20453166
       58     0.00000057     0.79657138     0.20342805
       59     0.00000116     0.79638474     0.20361410
       60     0.00000370     0.79501764     0.20497866
       61     0.00000257     0.79270155     0.20729589
       62     0.00000065     0.78921977     0.21077958
       63     0.00000324     0.78330164     0.21669512
       64     0.00000515     0.77537595     0.22461890
       65     0.00000226     0.76613518     0.23386256
       66     0.00000163     0.75541084     0.24458753
       67     0.00000506     0.74356954     0.25642540
       68     0.00000458     0.73199803     0.26799738
       69     0.00000130     0.72223190     0.27776680
       70     0.00000233     0.71543868     0.28455899
       71     0.00000473     0.71314327     0.28685199
       72     0.00000270     0.71686891     0.28312839
       73     0.00000018     0.72731089     0.27268893
       74     0.00000114     0.74429702     0.25570185
       75     0.00000233     0.76668753     0.23331014
       76     0.00000207     0.79190000     0.20809793
       77     0.00000074     0.81615453     0.18384473
       78     0.00000046     0.83500488     0.16499466
       79     0.00000400     0.84427786     0.15571814
       80     0.00000624     0.84127384     0.15871992
       81     0.00000294     0.82590514     0.17409192
       82     0.00000262     0.80137173     0.19862565
       83     0.00000720     0.77394863     0.22604418
       84     0.00000620     0.75157664     0.24841715
       85     0.00000153     0.74134646     0.25865201
       86     0.00000106     0.74700367     0.25299527
       87     0.00000241     0.76663720     0.23336039
       88     0.00000326     0.79271834     0.20727840
       89     0.00000289     0.81425365     0.18574346
       90     0.00000123     0.82185912     0.17813965
       91     0.00000327     0.81241984     0.18757689
       92     0.00000754     0.79141528     0.20857718
       93     0.00000563     0.77071901     0.22927536
       94     0.00000139     0.76219407     0.23780454
       95     0.00000129     0.77036539     0.22963331
       96     0.00000298     0.78877619     0.21122083
       97     0.00000477     0.80440445     0.19559078
       98     0.00000429     0.80633710     0.19365861
       99     0.00000294     0.79405672     0.20594034
      100     0.00000508     0.77855505     0.22143988
      101     0.00000663     0.77312727     0.22686610
      102     0.00000483     0.78120485     0.21879031
      103     0.00000308     0.79416198     0.20583494
      104     0.00000400     0.79908077     0.20091523
      105     0.00000907     0.79195015     0.20804078
      106     0.00001207     0.78172158     0.21826635
      107     0.00000949     0.77979670     0.22019381
      108     0.00000627     0.78702777     0.21296596
      109     0.00000729     0.79363468     0.20635803
      110     0.00001435     0.79184940     0.20813625
      111     0.00002202     0.78524867     0.21472931
      112     0.00002281     0.78298895     0.21698824
      113     0.00002078     0.78760975     0.21236947
      114     0.00002265     0.79160711     0.20837024
      115     0.00003054     0.78989182     0.21007764
      116     0.00004166     0.78631664     0.21364170
      117     0.00005089     0.78636259     0.21358651
      118     0.00006250     0.78912431     0.21081319
      119     0.00008110     0.78985152     0.21006737
      120     0.00009830     0.78817100     0.21173070
