#     Density Matrix: population Re; see the manual for detail orders
        0     0.00000000     0.00000000     1.00000000
        1     0.00000006     0.00000046     0.99999948
        2     0.00000009     0.00000982     0.99999008
        3     0.00000017     0.00005621     0.99994362
        4     0.00000024     0.00017269     0.99982707
        5     0.00000032     0.00038260     0.99961707
        6     0.00000044     0.00072636     0.99927320
        7     0.00000046     0.00137407     0.99862546
        8     0.00000068     0.00294263     0.99705669
        9     0.00000055     0.00754870     0.99245075
       10     0.00000088     0.02330387     0.97669525
       11     0.00000054     0.08676417     0.91323530
       12     0.00000065     0.31923113     0.68076822
       13     0.00000009     0.58609081     0.41390911
       14     0.00000037     0.49199936     0.50800028
       15     0.00000040     0.32966278     0.67033683
       16     0.00000051     0.23254098     0.76745851
       17     0.00000068     0.18234883     0.81765048
       18     0.00000036     0.16033249     0.83966715
       19     0.00000052     0.15507724     0.84492224
       20     0.00000037     0.15964265     0.84035698
       21     0.00000020     0.16977789     0.83022191
       22     0.00000047     0.18285578     0.81714374
       23     0.00000023     0.19717700     0.80282277
       24     0.00000015     0.21162721     0.78837265
       25     0.00000036     0.22535789     0.77464175
       26     0.00000015     0.23751629     0.76248356
       27     0.00000012     0.24705187     0.75294800
       28     0.00000031     0.25240272     0.74759697
       29     0.00000015     0.25103081     0.74896904
       30     0.00000009     0.23890909     0.76109082
       31     0.00000030     0.21979864     0.78020105
       32     0.00000022     0.19364643     0.80635335
       33     0.00000009     0.15978180     0.84021811
       34     0.00000031     0.11789831     0.88210137
       35     0.00000039     0.07570226     0.92429735
       36     0.00000017     0.07365468     0.92634514
       37     0.00000030     0.16672685     0.83327285
       38     0.00000056     0.30727379     0.69272564
       39     0.00000036     0.45390506     0.54609458
       40     0.00000023     0.57768545     0.42231433
       41     0.00000050     0.66495138     0.33504813
       42     0.00000054     0.72175422     0.27824524
       43     0.00000032     0.75882215     0.24117754
       44     0.00000052     0.78383535     0.21616413
       45     0.00000071     0.80145813     0.19854116
       46     0.00000049     0.81440792     0.18559159
       47     0.00000049     0.82441142     0.17558810
       48     0.00000087     0.83268553     0.16731360
       49     0.00000088     0.84036101     0.15963810
       50     0.00000059     0.84935038     0.15064903
       51     0.00000079     0.85812481     0.14187440
       52     0.00000116     0.86657910     0.13341974
       53     0.00000097     0.87469685     0.12530218
       54     0.00000072     0.88247867     0.11752062
       55     0.00000106     0.88996915     0.11002980
       56     0.00000131     0.89725999     0.10273869
       57     0.00000097     0.90439733     0.09560170
       58     0.00000084     0.91143703     0.08856213
       59     0.00000125     0.91841597     0.08158278
       60     0.00000133     0.92533976     0.07465890
       61     0.00000090     0.93216430     0.06783479
       62     0.00000085     0.93886115     0.06113800
       63     0.00000131     0.94539813     0.05460056
       64     0.00000131     0.95170915     0.04828954
       65     0.00000085     0.95774883     0.04225033
       66     0.00000083     0.96349288     0.03650629
       67     0.00000129     0.96892905     0.03106966
       68     0.00000137     0.97407044     0.02592820
       69     0.00000096     0.97889531     0.02110373
       70     0.00000099     0.98334085     0.01665816
       71     0.00000172     0.98733345     0.01266482
       72     0.00000000     1.00000000     0.00000000
       73     0.00000464     0.99977957     0.00021579
       74     0.00001018     0.99907958     0.00091024
       75     0.00000603     0.99788297     0.00211100
       76     0.00000020     0.99623596     0.00376383
       77     0.00000470     0.99428402     0.00571128
       78     0.00001175     0.99229816     0.00769009
       79     0.00000830     0.99063870     0.00935300
       80     0.00000085     0.98967074     0.01032841
       81     0.00000297     0.98968199     0.01031503
       82     0.00000000     1.00000000     0.00000000
       83     0.00000727     0.99935229     0.00064044
       84     0.00001658     0.99754099     0.00244243
       85     0.00001165     0.99501959     0.00496876
       86     0.00000116     0.99252261     0.00747622
       87     0.00000299     0.99087947     0.00911754
       88     0.00001327     0.99074057     0.00924616
       89     0.00001496     0.99227377     0.00771127
       90     0.00000586     0.99497945     0.00501470
       91     0.00000000     0.99780670     0.00219330
       92     0.00000637     0.99954371     0.00044993
       93     0.00001576     0.99943970     0.00054454
       94     0.00001388     0.99765331     0.00233281
       95     0.00000353     0.99523823     0.00475823
       96     0.00000048     0.99362782     0.00637170
       97     0.00000827     0.99382125     0.00617048
       98     0.00001547     0.99568807     0.00429646
       99     0.00001267     0.99796707     0.00202026
      100     0.00000348     0.99908601     0.00091051
      101     0.00000060     0.99833644     0.00166295
      102     0.00001000     0.99647685     0.00351314
      103     0.00002048     0.99518035     0.00479917
      104     0.00001920     0.99557305     0.00440775
      105     0.00000825     0.99719626     0.00279549
      106     0.00000108     0.99842591     0.00157301
      107     0.00000828     0.99810183     0.00188989
      108     0.00002492     0.99674601     0.00322907
      109     0.00003446     0.99597180     0.00399374
      110     0.00002803     0.99662116     0.00335081
      111     0.00001376     0.99778572     0.00220053
      112     0.00000883     0.99799092     0.00200025
      113     0.00002421     0.99710619     0.00286960
      114     0.00005292     0.99644361     0.00350348
      115     0.00007626     0.99687134     0.00305240
      116     0.00008093     0.99762196     0.00229711
      117     0.00006940     0.99755893     0.00237166
      118     0.00006009     0.99691560     0.00302431
      119     0.00007587     0.99677550     0.00314863
      120     0.00012847     0.99723555     0.00263598
