#     Density Matrix: population Re; see the manual for detail orders
        0     0.00000000     0.00000000     1.00000000
        1     0.00000006     0.00000670     0.99999323
        2     0.00000009     0.00004777     0.99995214
        3     0.00000012     0.00008860     0.99991128
        4     0.00000015     0.00009938     0.99990047
        5     0.00000018     0.00008171     0.99991811
        6     0.00000021     0.00006248     0.99993731
        7     0.00000023     0.00008828     0.99991149
        8     0.00000026     0.00026318     0.99973656
        9     0.00000028     0.00102880     0.99897092
       10     0.00000029     0.00638188     0.99361783
       11     0.00000012     0.63790466     0.36209522
       12     0.00000002     0.46065662     0.53934337
       13     0.00000114     0.00704964     0.99294922
       14     0.00000013     0.00243368     0.99756619
       15     0.00000040     0.00088390     0.99911570
       16     0.00000035     0.00033916     0.99966048
       17     0.00000018     0.00018232     0.99981750
       18     0.00000033     0.00016783     0.99983185
       19     0.00000023     0.00018912     0.99981066
       20     0.00000026     0.00020239     0.99979735
       21     0.00000029     0.00019440     0.99980531
       22     0.00000022     0.00016685     0.99983294
       23     0.00000022     0.00013055     0.99986923
       24     0.00000025     0.00009710     0.99990265
       25     0.00000023     0.00008001     0.99991976
       26     0.00000025     0.00010235     0.99989740
       27     0.00000028     0.00019119     0.99980853
       28     0.00000020     0.00040310     0.99959670
       29     0.00000022     0.00083288     0.99916689
       30     0.00000028     0.00159501     0.99840470
       31     0.00000030     0.00299294     0.99700676
       32     0.00000025     0.00568706     0.99431268
       33     0.00000025     0.01103177     0.98896798
       34     0.00000027     0.02265676     0.97734298
       35     0.00000024     0.05182510     0.94817466
       36     0.00000023     0.13833547     0.86166430
       37     0.00000024     0.36916217     0.63083759
       38     0.00000021     0.67880020     0.32119959
       39     0.00000021     0.86606793     0.13393185
       40     0.00000026     0.94025297     0.05974677
       41     0.00000022     0.96720315     0.03279663
       42     0.00000017     0.97835600     0.02164383
       43     0.00000021     0.98402824     0.01597156
       44     0.00000022     0.98714757     0.01285221
       45     0.00000017     0.98880241     0.01119742
       46     0.00000016     0.98959997     0.01039987
       47     0.00000018     0.98991805     0.01008176
       48     0.00000017     0.98993648     0.01006335
       49     0.00000013     0.98975631     0.01024355
       50     0.00000013     0.98946429     0.01053558
       51     0.00000014     0.98912689     0.01087297
       52     0.00000012     0.98879749     0.01120240
       53     0.00000010     0.98851892     0.01148098
       54     0.00000011     0.98832387     0.01167603
       55     0.00000011     0.98823362     0.01176627
       56     0.00000010     0.98825859     0.01174132
       57     0.00000009     0.98839804     0.01160186
       58     0.00000011     0.98864062     0.01135927
       59     0.00000012     0.98896721     0.01103267
       60     0.00000013     0.98935217     0.01064771
       61     0.00000014     0.98976648     0.01023338
       62     0.00000018     0.99018031     0.00981951
       63     0.00000022     0.99056683     0.00943295
       64     0.00000026     0.99090314     0.00909660
       65     0.00000030     0.99119059     0.00880911
       66     0.00000032     0.99139135     0.00860833
       67     0.00000046     0.99147354     0.00852600
       68     0.00000053     0.99146995     0.00852951
       69     0.00000053     0.99141747     0.00858200
       70     0.00000066     0.99130040     0.00869894
       71     0.00000093     0.99104500     0.00895407
       72     0.00000123     0.99073868     0.00926009
       73     0.00000128     0.99049807     0.00950065
       74     0.00000126     0.99026250     0.00973624
       75     0.00000137     0.98998940     0.01000923
       76     0.00000148     0.98973752     0.01026100
       77     0.00000166     0.98965456     0.01034378
       78     0.00000156     0.98983422     0.01016422
       79     0.00000148     0.99028865     0.00970986
       80     0.00000164     0.99102133     0.00897704
       81     0.00000182     0.99204019     0.00795799
       82     0.00000194     0.99336515     0.00663291
       83     0.00000212     0.99489543     0.00510246
       84     0.00000204     0.99636911     0.00362885
       85     0.00000216     0.99768385     0.00231399
       86     0.00000275     0.99866913     0.00132812
       87     0.00000296     0.99911554     0.00088150
       88     0.00000295     0.99898100     0.00101604
       89     0.00000340     0.99827728     0.00171932
       90     0.00000362     0.99720451     0.00279187
       91     0.00000355     0.99603281     0.00396363
       92     0.00000357     0.99503513     0.00496130
       93     0.00000374     0.99448378     0.00551248
       94     0.00000385     0.99454877     0.00544738
       95     0.00000382     0.99524305     0.00475313
       96     0.00000379     0.99640931     0.00358691
       97     0.00000391     0.99776121     0.00223487
       98     0.00000421     0.99896724     0.00102854
       99     0.00000459     0.99975326     0.00024215
      100     0.00000498     0.99998921     0.00000580
      101     0.00000539     0.99972850     0.00026611
      102     0.00000583     0.99918259     0.00081158
      103     0.00000629     0.99863743     0.00135629
      104     0.00000672     0.99834159     0.00165169
      105     0.00000713     0.99841048     0.00158238
      106     0.00000760     0.99878926     0.00120314
      107     0.00000819     0.99929261     0.00069920
      108     0.00000894     0.99970283     0.00028822
      109     0.00000985     0.99987809     0.00011206
      110     0.00001087     0.99981415     0.00017498
      111     0.00001197     0.99962770     0.00036033
      112     0.00001317     0.99947449     0.00051234
      113     0.00001450     0.99945497     0.00053053
      114     0.00001603     0.99956539     0.00041858
      115     0.00001785     0.99972060     0.00026156
      116     0.00002049     0.99982428     0.00015523
      117     0.00002410     0.99983483     0.00014108
      118     0.00002738     0.99979005     0.00018257
      119     0.00003172     0.99974610     0.00022218
      120     0.00003698     0.99974615     0.00021687
