#     Density Matrix: population Re; see the manual for detail orders
        0     0.00000000     0.00000000     1.00000000
        1     0.00000001     0.00000147     0.99999852
        2     0.00000001     0.00000786     0.99999214
        3     0.00000000     0.00000939     0.99999061
        4     0.00000004     0.00001183     0.99998813
        5     0.00000004     0.00002557     0.99997439
        6     0.00000016     0.00004410     0.99995574
        7     0.00000017     0.00004990     0.99994993
        8     0.00000038     0.00004691     0.99995271
        9     0.00000041     0.00008441     0.99991518
       10     0.00000069     0.00024972     0.99974959
       11     0.00000070     0.00065601     0.99934329
       12     0.00000098     0.00150548     0.99849354
       13     0.00000083     0.00340974     0.99658944
       14     0.00000101     0.00875396     0.99124503
       15     0.00000111     0.02867515     0.97132374
       16     0.00000129     0.12579747     0.87420125
       17     0.00000062     0.46373982     0.53625956
       18     0.00000032     0.62841422     0.37158547
       19     0.00000086     0.41370388     0.58629527
       20     0.00000154     0.30507644     0.69492201
       21     0.00000083     0.25336657     0.74663259
       22     0.00000120     0.22745075     0.77254806
       23     0.00000116     0.21478824     0.78521060
       24     0.00000045     0.20914833     0.79085122
       25     0.00000060     0.20708896     0.79291044
       26     0.00000074     0.20660374     0.79339552
       27     0.00000059     0.20657266     0.79342675
       28     0.00000051     0.20637109     0.79362840
       29     0.00000032     0.20573727     0.79426241
       30     0.00000024     0.20457964     0.79542012
       31     0.00000011     0.20292098     0.79707891
       32     0.00000018     0.20092808     0.79907174
       33     0.00000008     0.19861888     0.80138104
       34     0.00000002     0.19600420     0.80399578
       35     0.00000010     0.19312407     0.80687583
       36     0.00000006     0.18994462     0.81005532
       37     0.00000000     0.18640643     0.81359357
       38     0.00000003     0.18252966     0.81747031
       39     0.00000001     0.17849037     0.82150962
       40     0.00000003     0.17459865     0.82540132
       41     0.00000002     0.17142175     0.82857823
       42     0.00000000     0.16984691     0.83015309
       43     0.00000002     0.17115774     0.82884225
       44     0.00000000     0.17704678     0.82295322
       45     0.00000003     0.18949130     0.81050867
       46     0.00000004     0.21047976     0.78952020
       47     0.00000002     0.24153780     0.75846219
       48     0.00000015     0.28260306     0.71739679
       49     0.00000013     0.33030543     0.66969444
       50     0.00000012     0.37512944     0.62487044
       51     0.00000024     0.39796782     0.60203193
       52     0.00000020     0.36960772     0.63039208
       53     0.00000024     0.26573320     0.73426656
       54     0.00000051     0.11253423     0.88746526
       55     0.00000016     0.01001754     0.98998230
       56     0.00000075     0.02705599     0.97294326
       57     0.00000043     0.11273518     0.88726439
       58     0.00000014     0.18372593     0.81627393
       59     0.00000044     0.20525088     0.79474868
       60     0.00000005     0.18503171     0.81496825
       61     0.00000059     0.14686549     0.85313393
       62     0.00000034     0.11341437     0.88658528
       63     0.00000026     0.09769036     0.90230938
       64     0.00000055     0.10058236     0.89941709
       65     0.00000005     0.11383105     0.88616890
       66     0.00000059     0.12637188     0.87362754
       67     0.00000000     0.13083720     0.86916279
       68     0.00000061     0.12694942     0.87304997
       69     0.00000014     0.11982101     0.88017885
       70     0.00000032     0.11534828     0.88465140
       71     0.00000018     0.11581631     0.88418352
       72     0.00000014     0.11913094     0.88086892
       73     0.00000013     0.12170260     0.87829726
       74     0.00000010     0.12188418     0.87811573
       75     0.00000017     0.12074299     0.87925684
       76     0.00000005     0.12001274     0.87998721
       77     0.00000015     0.11994295     0.88005690
       78     0.00000002     0.11957677     0.88042321
       79     0.00000007     0.11873958     0.88126035
       80     0.00000006     0.11872178     0.88127816
       81     0.00000020     0.12051253     0.87948727
       82     0.00000000     0.12269599     0.87730401
       83     0.00000010     0.12244848     0.87755142
       84     0.00000012     0.11910327     0.88089661
       85     0.00000003     0.11589506     0.88410491
       86     0.00000005     0.11690821     0.88309174
       87     0.00000020     0.12202873     0.87797108
       88     0.00000005     0.12601993     0.87398001
       89     0.00000006     0.12387719     0.87612275
       90     0.00000029     0.11687977     0.88311993
       91     0.00000010     0.11227043     0.88772947
       92     0.00000003     0.11573446     0.88426551
       93     0.00000026     0.12472315     0.87527659
       94     0.00000023     0.13018113     0.86981864
       95     0.00000002     0.12572086     0.87427913
       96     0.00000026     0.11481757     0.88518216
       97     0.00000036     0.10807393     0.89192571
       98     0.00000007     0.11280255     0.88719738
       99     0.00000024     0.12541302     0.87458674
      100     0.00000052     0.13435316     0.86564632
      101     0.00000014     0.13096734     0.86903252
      102     0.00000006     0.11777641     0.88222353
      103     0.00000039     0.10628976     0.89370985
      104     0.00000049     0.10660536     0.89339415
      105     0.00000019     0.11859000     0.88140980
      106     0.00000069     0.13214906     0.86785025
      107     0.00000054     0.13624227     0.86375719
      108     0.00000004     0.12812340     0.87187656
      109     0.00000004     0.11479584     0.88520412
      110     0.00000050     0.10673286     0.89326664
      111     0.00000086     0.10937022     0.89062891
      112     0.00000054     0.11946252     0.88053694
      113     0.00000103     0.12882583     0.87117314
      114     0.00000068     0.13094630     0.86905302
      115     0.00000001     0.12562526     0.87437473
      116     0.00000003     0.11792102     0.88207895
      117     0.00000042     0.11353912     0.88646046
      118     0.00000172     0.11454921     0.88544907
      119     0.00000116     0.11874094     0.88125790
      120     0.00000106     0.12235188     0.87764706
