#     Density Matrix: population Re; see the manual for detail orders
        0     0.00000000     0.00000000     1.00000000
        1     0.00000002     0.00000127     0.99999871
        2     0.00000004     0.00001868     0.99998127
        3     0.00000009     0.00008295     0.99991696
        4     0.00000014     0.00022139     0.99977847
        5     0.00000020     0.00045324     0.99954655
        6     0.00000028     0.00083187     0.99916785
        7     0.00000032     0.00158100     0.99841868
        8     0.00000044     0.00348808     0.99651148
        9     0.00000042     0.00932211     0.99067747
       10     0.00000057     0.03050844     0.96949099
       11     0.00000043     0.12309314     0.87690643
       12     0.00000039     0.42722093     0.57277868
       13     0.00000026     0.61055442     0.38944531
       14     0.00000079     0.40039931     0.59959990
       15     0.00000115     0.28594294     0.71405591
       16     0.00000079     0.22559667     0.77440254
       17     0.00000083     0.18785978     0.81213939
       18     0.00000048     0.17863175     0.82136777
       19     0.00000020     0.17717649     0.82282331
       20     0.00000061     0.17745503     0.82254436
       21     0.00000033     0.17994430     0.82005537
       22     0.00000029     0.18491382     0.81508588
       23     0.00000066     0.19247570     0.80752364
       24     0.00000020     0.20270946     0.79729034
       25     0.00000044     0.21570979     0.78428977
       26     0.00000065     0.23171159     0.76828776
       27     0.00000013     0.25110418     0.74889569
       28     0.00000057     0.27464639     0.72535304
       29     0.00000059     0.30344539     0.69655402
       30     0.00000012     0.33928815     0.66071173
       31     0.00000063     0.38456539     0.61543398
       32     0.00000053     0.44249368     0.55750579
       33     0.00000015     0.51662906     0.48337080
       34     0.00000057     0.60899019     0.39100923
       35     0.00000048     0.71532884     0.28467067
       36     0.00000023     0.82081544     0.17918432
       37     0.00000039     0.90481143     0.09518818
       38     0.00000042     0.95692263     0.04307695
       39     0.00000040     0.98287881     0.01712079
       40     0.00000031     0.99384719     0.00615250
       41     0.00000035     0.99346792     0.00653173
       42     0.00000054     0.99302287     0.00697659
       43     0.00000046     0.99255184     0.00744770
       44     0.00000035     0.99184688     0.00815277
       45     0.00000040     0.99070981     0.00928979
       46     0.00000047     0.98902133     0.01097820
       47     0.00000046     0.98680776     0.01319178
       48     0.00000037     0.98426025     0.01573938
       49     0.00000038     0.98166671     0.01833291
       50     0.00000050     0.97929898     0.02070052
       51     0.00000046     0.97733879     0.02266076
       52     0.00000034     0.97587277     0.02412689
       53     0.00000042     0.97492331     0.02507627
       54     0.00000050     0.97456023     0.02543927
       55     0.00000041     0.97460886     0.02539073
       56     0.00000037     0.97496927     0.02503037
       57     0.00000043     0.97553939     0.02446018
       58     0.00000047     0.97622249     0.02377703
       59     0.00000043     0.97693079     0.02306879
       60     0.00000035     0.97758642     0.02241323
       61     0.00000043     0.97812169     0.02187788
       62     0.00000052     0.97847907     0.02152041
       63     0.00000038     0.97861147     0.02138815
       64     0.00000035     0.97848654     0.02151311
       65     0.00000052     0.97810651     0.02189297
       66     0.00000044     0.97759036     0.02240920
       67     0.00000033     0.97576300     0.02423666
       68     0.00000049     0.96585824     0.03414127
       69     0.00000034     0.93583811     0.06416155
       70     0.00000041     0.95655783     0.04344177
       71     0.00000050     0.96254450     0.03745500
       72     0.00000026     0.96547518     0.03452456
       73     0.00000051     0.96736630     0.03263319
       74     0.00000051     0.96895639     0.03104310
       75     0.00000025     0.97056221     0.02943754
       76     0.00000054     0.97228403     0.02771543
       77     0.00000040     0.97409523     0.02590436
       78     0.00000035     0.97590644     0.02409321
       79     0.00000051     0.97761807     0.02238143
       80     0.00000029     0.97915785     0.02084185
       81     0.00000051     0.98049904     0.01950045
       82     0.00000039     0.98166161     0.01833799
       83     0.00000037     0.98270100     0.01729863
       84     0.00000049     0.98368582     0.01631369
       85     0.00000032     0.98466665     0.01533304
       86     0.00000051     0.98564524     0.01435425
       87     0.00000034     0.98656579     0.01343387
       88     0.00000042     0.98734681     0.01265277
       89     0.00000043     0.98794666     0.01205292
       90     0.00000040     0.98841648     0.01158312
       91     0.00000040     0.98888231     0.01111729
       92     0.00000036     0.98944879     0.01055085
       93     0.00000000     1.00000000     0.00000000
       94     0.00000001     0.99999890     0.00000110
       95     0.00000001     0.99999626     0.00000373
       96     0.00000000     0.99999420     0.00000580
       97     0.00000001     0.99999462     0.00000537
       98     0.00000002     0.99999723     0.00000275
       99     0.00000001     0.99999943     0.00000056
      100     0.00000000     0.99999851     0.00000149
      101     0.00000002     0.99999448     0.00000549
      102     0.00000002     0.99999049     0.00000949
      103     0.00000001     0.99998999     0.00001001
      104     0.00000002     0.99999328     0.00000669
      105     0.00000003     0.99999695     0.00000302
      106     0.00000001     0.99999661     0.00000338
      107     0.00000002     0.99999107     0.00000891
      108     0.00000004     0.99998387     0.00001609
      109     0.00000002     0.99998035     0.00001963
      110     0.00000001     0.99998274     0.00001725
      111     0.00000004     0.99998791     0.00001205
      112     0.00000003     0.99998963     0.00001034
      113     0.00000001     0.99998354     0.00001644
      114     0.00000003     0.99997101     0.00002896
      115     0.00000004     0.99995844     0.00004152
      116     0.00000002     0.99995234     0.00004765
      117     0.00000002     0.99995400     0.00004599
      118     0.00000004     0.99995806     0.00004190
      119     0.00000003     0.99995582     0.00004415
      120     0.00000001     0.99994101     0.00005898
