#     Density Matrix: population Re; see the manual for detail orders
        0     0.00000000     0.00000000     1.00000000
        1     0.00000000     0.00000218     0.99999782
        2     0.00000002     0.00001691     0.99998308
        3     0.00000002     0.00003375     0.99996623
        4     0.00000013     0.00003664     0.99996323
        5     0.00000013     0.00002562     0.99997425
        6     0.00000035     0.00003037     0.99996928
        7     0.00000036     0.00009686     0.99990279
        8     0.00000062     0.00025411     0.99974527
        9     0.00000064     0.00050536     0.99949401
       10     0.00000088     0.00088539     0.99911373
       11     0.00000084     0.00160771     0.99839145
       12     0.00000104     0.00337709     0.99662187
       13     0.00000086     0.00823460     0.99176453
       14     0.00000101     0.02248167     0.97751732
       15     0.00000071     0.06745649     0.93254280
       16     0.00000073     0.20219423     0.79780503
       17     0.00000028     0.42457961     0.57542011
       18     0.00000032     0.48477683     0.51522285
       19     0.00000042     0.37182443     0.62817515
       20     0.00000055     0.25459968     0.74539977
       21     0.00000059     0.17506597     0.82493344
       22     0.00000052     0.12782195     0.87217753
       23     0.00000058     0.10302476     0.89697465
       24     0.00000026     0.09266347     0.90733627
       25     0.00000025     0.09100346     0.90899629
       26     0.00000034     0.09409299     0.90590667
       27     0.00000034     0.09934360     0.90065605
       28     0.00000083     0.10509872     0.89490045
       29     0.00000035     0.11037248     0.88962717
       30     0.00000002     0.11452095     0.88547903
       31     0.00000062     0.11716785     0.88283153
       32     0.00000065     0.11787659     0.88212276
       33     0.00000003     0.11635786     0.88364211
       34     0.00000030     0.11173404     0.88826566
       35     0.00000060     0.10384662     0.89615279
       36     0.00000013     0.09308238     0.90691749
       37     0.00000010     0.07971304     0.92028686
       38     0.00000062     0.06447039     0.93552899
       39     0.00000042     0.04963605     0.95036353
       40     0.00000000     0.04333548     0.95666452
       41     0.00000050     0.06968551     0.93031399
       42     0.00000080     0.16016900     0.83983021
       43     0.00000018     0.27949913     0.72050069
       44     0.00000008     0.34340057     0.65659935
       45     0.00000040     0.34713054     0.65286905
       46     0.00000032     0.32702885     0.67297083
       47     0.00000006     0.31089565     0.68910429
       48     0.00000033     0.33668059     0.66331908
       49     0.00000058     0.62560595     0.37439347
       50     0.00000031     0.88892522     0.11107447
       51     0.00000023     0.97347759     0.02652218
       52     0.00000000     1.00000000     0.00000000
       53     0.00000095     0.99828961     0.00170944
       54     0.00000159     0.99637221     0.00362620
       55     0.00000050     0.99537740     0.00462210
       56     0.00000018     0.99534514     0.00465468
       57     0.00000143     0.99614351     0.00385506
       58     0.00000147     0.99737999     0.00261854
       59     0.00000021     0.99841071     0.00158908
       60     0.00000038     0.99840607     0.00159356
       61     0.00000165     0.99626787     0.00373048
       62     0.00000122     0.99053524     0.00946354
       63     0.00000002     0.97949666     0.02050332
       64     0.00000099     0.96127061     0.03872840
       65     0.00000206     0.93463932     0.06535862
       66     0.00000077     0.90003208     0.09996715
       67     0.00000014     0.86080621     0.13919365
       68     0.00000135     0.82523814     0.17476050
       69     0.00000117     0.80572093     0.19427790
       70     0.00000019     0.81365870     0.18634110
       71     0.00000067     0.85087951     0.14911982
       72     0.00000123     0.90495925     0.09503952
       73     0.00000115     0.95585854     0.04414031
       74     0.00000071     0.98854421     0.01145508
       75     0.00000000     1.00000000     0.00000000
       76     0.00000010     0.99079513     0.00920477
       77     0.00000016     0.97242350     0.02757634
       78     0.00000002     0.95763451     0.04236547
       79     0.00000005     0.95372459     0.04627536
       80     0.00000009     0.96062078     0.03937913
       81     0.00000002     0.97258735     0.02741263
       82     0.00000007     0.98234156     0.01765837
       83     0.00000004     0.98533231     0.01466765
       84     0.00000005     0.98184264     0.01815731
       85     0.00000005     0.97606633     0.02393362
       86     0.00000008     0.97270246     0.02729746
       87     0.00000021     0.97370915     0.02629064
       88     0.00000008     0.97742681     0.02257311
       89     0.00000012     0.98056502     0.01943486
       90     0.00000016     0.98110548     0.01889436
       91     0.00000012     0.97964456     0.02035532
       92     0.00000012     0.97830717     0.02169270
       93     0.00000011     0.97851620     0.02148369
       94     0.00000021     0.97993736     0.02006243
       95     0.00000016     0.98124071     0.01875913
       96     0.00000024     0.98171004     0.01828972
       97     0.00000018     0.98175505     0.01824477
       98     0.00000021     0.98199830     0.01800149
       99     0.00000043     0.98244253     0.01755704
      100     0.00000039     0.98277050     0.01722911
      101     0.00000011     0.98305550     0.01694439
      102     0.00000028     0.98374491     0.01625481
      103     0.00000072     0.98482660     0.01517268
      104     0.00000035     0.98554817     0.01445147
      105     0.00000003     0.98536713     0.01463285
      106     0.00000056     0.98491674     0.01508270
      107     0.00000101     0.98541540     0.01458359
      108     0.00000032     0.98703087     0.01296880
      109     0.00000010     0.98843279     0.01156711
      110     0.00000103     0.98836352     0.01163545
      111     0.00000128     0.98734949     0.01264923
      112     0.00000036     0.98721141     0.01278824
      113     0.00000026     0.98877864     0.01122110
      114     0.00000000     1.00000000     0.00000000
      115     0.00000145     0.99993018     0.00006836
      116     0.00000321     0.99979910     0.00019770
      117     0.00000200     0.99976137     0.00023664
      118     0.00000013     0.99986203     0.00013784
      119     0.00000136     0.99998012     0.00001852
      120     0.00000374     0.99997307     0.00002318
