#     Density Matrix: population Re; see the manual for detail orders
        0     0.00000000     0.00000000     1.00000000
        1     0.00000004     0.00000187     0.99999810
        2     0.00000006     0.00001686     0.99998308
        3     0.00000011     0.00004263     0.99995726
        4     0.00000014     0.00006785     0.99993201
        5     0.00000019     0.00009432     0.99990549
        6     0.00000022     0.00015446     0.99984532
        7     0.00000025     0.00032271     0.99967704
        8     0.00000027     0.00076122     0.99923850
        9     0.00000029     0.00193242     0.99806729
       10     0.00000031     0.00555698     0.99444271
       11     0.00000031     0.01999163     0.98000806
       12     0.00000016     0.54253143     0.45746841
       13     0.00000010     0.55606670     0.44393320
       14     0.00000036     0.14295089     0.85704875
       15     0.00000026     0.05274428     0.94725546
       16     0.00000029     0.02270575     0.97729395
       17     0.00000033     0.01037932     0.98962035
       18     0.00000040     0.00474820     0.99525140
       19     0.00000047     0.00209451     0.99790502
       20     0.00000030     0.00087204     0.99912767
       21     0.00000050     0.00034115     0.99965835
       22     0.00000033     0.00013000     0.99986967
       23     0.00000029     0.00005606     0.99994364
       24     0.00000034     0.00003413     0.99996553
       25     0.00000030     0.00003326     0.99996644
       26     0.00000030     0.00006019     0.99993951
       27     0.00000031     0.00015769     0.99984200
       28     0.00000029     0.00041807     0.99958165
       29     0.00000028     0.00102224     0.99897748
       30     0.00000028     0.00233422     0.99766549
       31     0.00000027     0.00513741     0.99486232
       32     0.00000026     0.01128830     0.98871144
       33     0.00000026     0.02577614     0.97422360
       34     0.00000025     0.06403780     0.93596195
       35     0.00000025     0.17402722     0.82597253
       36     0.00000023     0.41884359     0.58115618
       37     0.00000021     0.69483951     0.30516028
       38     0.00000021     0.85888824     0.14111155
       39     0.00000016     0.94212443     0.05787541
       40     0.00000020     0.98308878     0.01691102
       41     0.00000021     0.99569597     0.00430382
       42     0.00000016     0.99425944     0.00574039
       43     0.00000016     0.98744131     0.01255853
       44     0.00000019     0.97921901     0.02078080
       45     0.00000017     0.97120656     0.02879327
       46     0.00000015     0.96400344     0.03599641
       47     0.00000017     0.95780314     0.04219669
       48     0.00000018     0.95264085     0.04735897
       49     0.00000016     0.94849642     0.05150342
       50     0.00000016     0.94533173     0.05466811
       51     0.00000019     0.94309969     0.05690012
       52     0.00000020     0.94175278     0.05824702
       53     0.00000021     0.94123971     0.05876009
       54     0.00000024     0.94149801     0.05850175
       55     0.00000030     0.94244874     0.05755097
       56     0.00000034     0.94402054     0.05597912
       57     0.00000039     0.94606866     0.05393095
       58     0.00000051     0.94843550     0.05156399
       59     0.00000065     0.95096670     0.04903265
       60     0.00000077     0.95345025     0.04654899
       61     0.00000093     0.95563727     0.04436181
       62     0.00000113     0.95724469     0.04275417
       63     0.00000140     0.95798351     0.04201510
       64     0.00000162     0.95758988     0.04240850
       65     0.00000188     0.95589080     0.04410732
       66     0.00000217     0.95279904     0.04719879
       67     0.00000238     0.94843547     0.05156215
       68     0.00000253     0.94316845     0.05682902
       69     0.00000265     0.93766716     0.06233019
       70     0.00000268     0.93286327     0.06713404
       71     0.00000259     0.92981974     0.07017767
       72     0.00000243     0.92965625     0.07034131
       73     0.00000225     0.93327107     0.06672668
       74     0.00000205     0.94091754     0.05908041
       75     0.00000186     0.95203810     0.04796004
       76     0.00000172     0.96522129     0.03477699
       77     0.00000166     0.97845888     0.02153945
       78     0.00000170     0.98945926     0.01053904
       79     0.00000184     0.99636486     0.00363331
       80     0.00000198     0.99847378     0.00152424
       81     0.00000207     0.99647291     0.00352502
       82     0.00000209     0.99224672     0.00775119
       83     0.00000203     0.98819852     0.01179945
       84     0.00000191     0.98632803     0.01367006
       85     0.00000177     0.98745573     0.01254250
       86     0.00000161     0.99097109     0.00902730
       87     0.00000146     0.99525524     0.00474330
       88     0.00000143     0.99856606     0.00143251
       89     0.00000149     0.99994719     0.00005132
       90     0.00000155     0.99958618     0.00041228
       91     0.00000162     0.99849387     0.00150451
       92     0.00000178     0.99776197     0.00223625
       93     0.00000180     0.99790639     0.00209181
       94     0.00000170     0.99869908     0.00129922
       95     0.00000170     0.99952384     0.00047446
       96     0.00000197     0.99991160     0.00008643
       97     0.00000225     0.99983773     0.00016002
       98     0.00000244     0.99961123     0.00038633
       99     0.00000267     0.99953573     0.00046160
      100     0.00000306     0.99966933     0.00032762
      101     0.00000352     0.99985942     0.00013705
      102     0.00000407     0.99994966     0.00004626
      103     0.00000475     0.99992594     0.00006931
      104     0.00000557     0.99988202     0.00011241
      105     0.00000659     0.99989062     0.00010279
      106     0.00000787     0.99993784     0.00005428
      107     0.00000947     0.99997012     0.00002041
      108     0.00001143     0.99996801     0.00002056
      109     0.00001385     0.99995587     0.00003028
      110     0.00001687     0.99995721     0.00002592
      111     0.00002062     0.99996721     0.00001218
      112     0.00002524     0.99997001     0.00000475
      113     0.00003101     0.99996316     0.00000583
      114     0.00003828     0.99995499     0.00000673
      115     0.00004748     0.99994870     0.00000382
      116     0.00005913     0.99993993     0.00000094
      117     0.00007389     0.99992567     0.00000045
      118     0.00009268     0.99990667     0.00000065
      119     0.00011686     0.99988278     0.00000036
      120     0.00014830     0.99985153     0.00000016
