#     Density Matrix: population Re; see the manual for detail orders
        0     0.00000000     0.00000000     1.00000000
        1     0.00000000     0.00000267     0.99999733
        2     0.00000000     0.00001947     0.99998053
        3     0.00000000     0.00003320     0.99996680
        4     0.00000000     0.00002719     0.99997281
        5     0.00000000     0.00001143     0.99998856
        6     0.00000002     0.00000476     0.99999522
        7     0.00000006     0.00000867     0.99999128
        8     0.00000012     0.00001347     0.99998641
        9     0.00000018     0.00001663     0.99998319
       10     0.00000022     0.00002502     0.99997475
       11     0.00000025     0.00005561     0.99994413
       12     0.00000029     0.00015441     0.99984530
       13     0.00000031     0.00049101     0.99950868
       14     0.00000034     0.00195769     0.99804197
       15     0.00000036     0.01343665     0.98656299
       16     0.00000019     0.70314803     0.29685179
       17     0.00000003     0.43446373     0.56553624
       18     0.00000103     0.01887289     0.98112608
       19     0.00000028     0.00543837     0.99456135
       20     0.00000039     0.00224973     0.99774988
       21     0.00000050     0.00177871     0.99822080
       22     0.00000033     0.00205755     0.99794212
       23     0.00000042     0.00246648     0.99753310
       24     0.00000039     0.00281293     0.99718668
       25     0.00000039     0.00305451     0.99694510
       26     0.00000043     0.00319851     0.99680106
       27     0.00000041     0.00326666     0.99673293
       28     0.00000042     0.00328075     0.99671883
       29     0.00000043     0.00325907     0.99674050
       30     0.00000042     0.00321604     0.99678354
       31     0.00000042     0.00316220     0.99683737
       32     0.00000042     0.00310593     0.99689364
       33     0.00000042     0.00305317     0.99694642
       34     0.00000041     0.00300942     0.99699017
       35     0.00000040     0.00297947     0.99702013
       36     0.00000039     0.00296947     0.99703014
       37     0.00000038     0.00299098     0.99700864
       38     0.00000037     0.00307843     0.99692120
       39     0.00000036     0.00346856     0.99653109
       40     0.00000019     0.25868109     0.74131872
       41     0.00000017     0.75774526     0.24225458
       42     0.00000056     0.78384522     0.21615422
       43     0.00000039     0.78926506     0.21073454
       44     0.00000013     0.79276519     0.20723469
       45     0.00000033     0.79567051     0.20432916
       46     0.00000043     0.79829484     0.20170473
       47     0.00000021     0.80070103     0.19929876
       48     0.00000018     0.80290253     0.19709729
       49     0.00000036     0.80488724     0.19511240
       50     0.00000030     0.80665278     0.19334692
       51     0.00000016     0.80820798     0.19179186
       52     0.00000023     0.80957262     0.19042716
       53     0.00000031     0.81078720     0.18921249
       54     0.00000021     0.81191669     0.18808310
       55     0.00000015     0.81304058     0.18695927
       56     0.00000023     0.81424326     0.18575651
       57     0.00000025     0.81561224     0.18438750
       58     0.00000016     0.81724009     0.18275975
       59     0.00000015     0.81918912     0.18081073
       60     0.00000022     0.82150992     0.17848986
       61     0.00000020     0.82422426     0.17577553
       62     0.00000014     0.82731515     0.17268470
       63     0.00000015     0.83072563     0.16927422
       64     0.00000019     0.83438211     0.16561770
       65     0.00000018     0.83817595     0.16182387
       66     0.00000014     0.84198819     0.15801167
       67     0.00000016     0.84569384     0.15430600
       68     0.00000021     0.84918239     0.15081740
       69     0.00000023     0.85237865     0.14762113
       70     0.00000022     0.85523800     0.14476178
       71     0.00000026     0.85776656     0.14223317
       72     0.00000037     0.86001609     0.13998354
       73     0.00000046     0.86209224     0.13790730
       74     0.00000051     0.86411767     0.13588182
       75     0.00000062     0.86623760     0.13376179
       76     0.00000080     0.86858385     0.13141535
       77     0.00000097     0.87125587     0.12874316
       78     0.00000107     0.87430612     0.12569281
       79     0.00000121     0.87772207     0.12227671
       80     0.00000142     0.88143080     0.11856778
       81     0.00000158     0.88531653     0.11468189
       82     0.00000164     0.88923788     0.11076048
       83     0.00000170     0.89305445     0.10694384
       84     0.00000179     0.89666825     0.10332996
       85     0.00000180     0.90005494     0.09994326
       86     0.00000171     0.90327345     0.09672484
       87     0.00000159     0.90646508     0.09353333
       88     0.00000149     0.90982427     0.09017424
       89     0.00000137     0.91357933     0.08641931
       90     0.00000122     0.91792126     0.08207752
       91     0.00000111     0.92294975     0.07704913
       92     0.00000109     0.92861930     0.07137961
       93     0.00000117     0.93472049     0.06527834
       94     0.00000135     0.94088142     0.05911723
       95     0.00000164     0.94662634     0.05337202
       96     0.00000203     0.95146309     0.04853488
       97     0.00000252     0.95498102     0.04501646
       98     0.00000306     0.95698183     0.04301512
       99     0.00000357     0.95754321     0.04245322
      100     0.00000399     0.95703840     0.04295761
      101     0.00000428     0.95609930     0.04389642
      102     0.00000440     0.95549339     0.04450220
      103     0.00000435     0.95594105     0.04405460
      104     0.00000414     0.95797140     0.04202447
      105     0.00000384     0.96175226     0.03824391
      106     0.00000357     0.96704636     0.03295007
      107     0.00000345     0.97324172     0.02675483
      108     0.00000357     0.97948684     0.02050959
      109     0.00000398     0.98490102     0.01509501
      110     0.00000465     0.98880042     0.01119493
      111     0.00000551     0.99086801     0.00912647
      112     0.00000642     0.99123740     0.00875619
      113     0.00000719     0.99044014     0.00955267
      114     0.00000771     0.98924510     0.01074719
      115     0.00000792     0.98842776     0.01156432
      116     0.00000785     0.98854546     0.01144669
      117     0.00000767     0.98978071     0.01021161
      118     0.00000757     0.99190927     0.00808317
      119     0.00000772     0.99439736     0.00559493
      120     0.00000822     0.99660638     0.00338540
