#     Density Matrix: population Re; see the manual for detail orders
        0     0.00000000     0.00000000     1.00000000
        1     0.00000001     0.00000136     0.99999863
        2     0.00000002     0.00001235     0.99998763
        3     0.00000007     0.00003023     0.99996970
        4     0.00000009     0.00004195     0.99995795
        5     0.00000020     0.00004222     0.99995758
        6     0.00000026     0.00004954     0.99995020
        7     0.00000041     0.00010134     0.99989825
        8     0.00000050     0.00023526     0.99976425
        9     0.00000067     0.00048677     0.99951257
       10     0.00000074     0.00093779     0.99906146
       11     0.00000088     0.00187654     0.99812258
       12     0.00000089     0.00428963     0.99570948
       13     0.00000098     0.01173218     0.98826684
       14     0.00000086     0.03910158     0.96089756
       15     0.00000082     0.15303950     0.84695968
       16     0.00000039     0.45194301     0.54805659
       17     0.00000041     0.60164000     0.39835959
       18     0.00000089     0.45882779     0.54117132
       19     0.00000071     0.36629481     0.63370449
       20     0.00000018     0.32261069     0.67738913
       21     0.00000091     0.29342492     0.70657417
       22     0.00000047     0.27692585     0.72307368
       23     0.00000033     0.27043457     0.72956510
       24     0.00000094     0.27145087     0.72854819
       25     0.00000030     0.27795539     0.72204431
       26     0.00000041     0.28841751     0.71158208
       27     0.00000086     0.30173427     0.69826487
       28     0.00000022     0.31709770     0.68290208
       29     0.00000036     0.33384681     0.66615283
       30     0.00000077     0.35136541     0.64863382
       31     0.00000022     0.36902572     0.63097406
       32     0.00000023     0.38593767     0.61406210
       33     0.00000066     0.40095131     0.59904803
       34     0.00000026     0.41241500     0.58758473
       35     0.00000009     0.41799378     0.58200612
       36     0.00000055     0.41433522     0.58566423
       37     0.00000041     0.39624707     0.60375252
       38     0.00000004     0.35767890     0.64232106
       39     0.00000041     0.29801833     0.70198126
       40     0.00000065     0.22023931     0.77976004
       41     0.00000020     0.13529404     0.86470575
       42     0.00000019     0.06749485     0.93250496
       43     0.00000077     0.04733565     0.95266358
       44     0.00000068     0.08631156     0.91368777
       45     0.00000016     0.16880879     0.83119105
       46     0.00000043     0.27482273     0.72517685
       47     0.00000080     0.39378509     0.60621412
       48     0.00000037     0.50579671     0.49420292
       49     0.00000002     0.71943208     0.28056789
       50     0.00000064     0.85075344     0.14924592
       51     0.00000112     0.90945476     0.09054413
       52     0.00000045     0.93650363     0.06349592
       53     0.00000017     0.95006213     0.04993770
       54     0.00000107     0.95696005     0.04303887
       55     0.00000134     0.95983704     0.04016162
       56     0.00000043     0.95966105     0.04033851
       57     0.00000035     0.95664188     0.04335776
       58     0.00000138     0.95064284     0.04935577
       59     0.00000140     0.94161841     0.05838020
       60     0.00000038     0.92929537     0.07070425
       61     0.00000050     0.91396612     0.08603337
       62     0.00000149     0.89661752     0.10338099
       63     0.00000121     0.87907354     0.12092525
       64     0.00000024     0.86382492     0.13617484
       65     0.00000052     0.85341877     0.14658071
       66     0.00000131     0.84956494     0.15043375
       67     0.00000095     0.85231365     0.14768540
       68     0.00000016     0.86011683     0.13988300
       69     0.00000035     0.87138754     0.12861212
       70     0.00000096     0.88586814     0.11413090
       71     0.00000074     0.90373251     0.09626674
       72     0.00000010     0.92395105     0.07604885
       73     0.00000013     0.94442453     0.05557535
       74     0.00000050     0.96310785     0.03689165
       75     0.00000043     0.97857385     0.02142572
       76     0.00000010     0.98997803     0.01002186
       77     0.00000000     1.00000000     0.00000000
       78     0.00000019     0.99853524     0.00146457
       79     0.00000033     0.99564289     0.00435678
       80     0.00000010     0.99330032     0.00669958
       81     0.00000003     0.99264403     0.00735594
       82     0.00000014     0.99370361     0.00629625
       83     0.00000015     0.99562113     0.00437872
       84     0.00000010     0.99724931     0.00275060
       85     0.00000005     0.99782124     0.00217871
       86     0.00000011     0.99732314     0.00267675
       87     0.00000013     0.99637178     0.00362810
       88     0.00000007     0.99571153     0.00428840
       89     0.00000011     0.99570180     0.00429810
       90     0.00000008     0.99615704     0.00384288
       91     0.00000010     0.99661505     0.00338485
       92     0.00000010     0.99676373     0.00323618
       93     0.00000009     0.99664815     0.00335176
       94     0.00000012     0.99650987     0.00349001
       95     0.00000008     0.99647669     0.00352324
       96     0.00000008     0.99645428     0.00354564
       97     0.00000011     0.99632054     0.00367935
       98     0.00000014     0.99615855     0.00384131
       99     0.00000006     0.99621131     0.00378863
      100     0.00000007     0.99656818     0.00343175
      101     0.00000021     0.99694917     0.00305062
      102     0.00000014     0.99691300     0.00308686
      103     0.00000001     0.99634585     0.00365414
      104     0.00000014     0.99570110     0.00429876
      105     0.00000033     0.99563787     0.00436179
      106     0.00000014     0.99634206     0.00365780
      107     0.00000002     0.99722905     0.00277093
      108     0.00000033     0.99742202     0.00257765
      109     0.00000042     0.99660936     0.00339022
      110     0.00000010     0.99543320     0.00456670
      111     0.00000010     0.99496404     0.00503586
      112     0.00000054     0.99570659     0.00429287
      113     0.00000052     0.99707328     0.00292621
      114     0.00000009     0.99785802     0.00214189
      115     0.00000022     0.99730930     0.00269048
      116     0.00000068     0.99582642     0.00417289
      117     0.00000058     0.99463738     0.00536204
      118     0.00000012     0.99474484     0.00525504
      119     0.00000031     0.99607257     0.00392712
      120     0.00000083     0.99754122     0.00245795
