#     Density Matrix: population Re; see the manual for detail orders
        0     0.00000000     0.00000000     1.00000000
        1     0.00000001     0.00000278     0.99999721
        2     0.00000001     0.00002693     0.99997306
        3     0.00000001     0.00007415     0.99992584
        4     0.00000004     0.00012253     0.99987743
        5     0.00000005     0.00014583     0.99985412
        6     0.00000012     0.00014622     0.99985366
        7     0.00000015     0.00018076     0.99981909
        8     0.00000024     0.00036803     0.99963173
        9     0.00000031     0.00089013     0.99910956
       10     0.00000038     0.00205899     0.99794063
       11     0.00000051     0.00464921     0.99535027
       12     0.00000049     0.01126261     0.98873689
       13     0.00000070     0.03228299     0.96771631
       14     0.00000049     0.11207564     0.88792388
       15     0.00000050     0.34942573     0.65057376
       16     0.00000010     0.55215441     0.44784549
       17     0.00000106     0.45087516     0.54912378
       18     0.00000154     0.29671276     0.70328570
       19     0.00000105     0.22287942     0.77711953
       20     0.00000170     0.18645814     0.81354016
       21     0.00000105     0.16908865     0.83091030
       22     0.00000079     0.16193346     0.83806575
       23     0.00000114     0.16004213     0.83995673
       24     0.00000052     0.16041505     0.83958443
       25     0.00000041     0.16119906     0.83880053
       26     0.00000063     0.16129968     0.83869969
       27     0.00000021     0.16014422     0.83985557
       28     0.00000016     0.15750089     0.84249895
       29     0.00000031     0.15333088     0.84666881
       30     0.00000007     0.14767644     0.85232349
       31     0.00000005     0.14060590     0.85939405
       32     0.00000014     0.13221250     0.86778736
       33     0.00000002     0.12267160     0.87732838
       34     0.00000004     0.11233229     0.88766767
       35     0.00000007     0.10181633     0.89818360
       36     0.00000001     0.09216202     0.90783797
       37     0.00000006     0.08491059     0.91508935
       38     0.00000006     0.08213049     0.91786945
       39     0.00000001     0.08634811     0.91365188
       40     0.00000004     0.10027473     0.89972523
       41     0.00000004     0.12623654     0.87376342
       42     0.00000004     0.16519538     0.83480459
       43     0.00000002     0.21530857     0.78469141
       44     0.00000003     0.27023074     0.72976923
       45     0.00000015     0.31788005     0.68211981
       46     0.00000005     0.34132526     0.65867469
       47     0.00000011     0.32412845     0.67587144
       48     0.00000035     0.26075889     0.73924075
       49     0.00000014     0.16639321     0.83360666
       50     0.00000028     0.07514623     0.92485349
       51     0.00000047     0.02197239     0.97802714
       52     0.00000012     0.02135479     0.97864509
       53     0.00000037     0.06110499     0.93889464
       54     0.00000028     0.11361885     0.88638087
       55     0.00000017     0.15255717     0.84744267
       56     0.00000052     0.16413785     0.83586164
       57     0.00000019     0.14983884     0.85016096
       58     0.00000052     0.12214760     0.87785188
       59     0.00000046     0.09668483     0.90331471
       60     0.00000024     0.08452840     0.91547136
       61     0.00000053     0.08787511     0.91212435
       62     0.00000012     0.10061623     0.89938365
       63     0.00000045     0.11306581     0.88693374
       64     0.00000022     0.11798039     0.88201940
       65     0.00000041     0.11429870     0.88570089
       66     0.00000045     0.10658414     0.89341541
       67     0.00000020     0.10094670     0.89905310
       68     0.00000039     0.10057637     0.89942324
       69     0.00000004     0.10412758     0.89587238
       70     0.00000027     0.10778330     0.89221643
       71     0.00000007     0.10882907     0.89117086
       72     0.00000046     0.10749469     0.89250485
       73     0.00000017     0.10585046     0.89414938
       74     0.00000020     0.10530867     0.89469113
       75     0.00000008     0.10549778     0.89450215
       76     0.00000008     0.10542998     0.89456994
       77     0.00000004     0.10516619     0.89483377
       78     0.00000026     0.10571439     0.89428535
       79     0.00000029     0.10726627     0.89273344
       80     0.00000003     0.10825106     0.89174891
       81     0.00000010     0.10693731     0.89306259
       82     0.00000016     0.10398667     0.89601317
       83     0.00000010     0.10253063     0.89746926
       84     0.00000014     0.10486856     0.89513130
       85     0.00000040     0.10922771     0.89077188
       86     0.00000016     0.11089666     0.88910317
       87     0.00000006     0.10735024     0.89264970
       88     0.00000030     0.10169758     0.89830212
       89     0.00000040     0.10007948     0.89992013
       90     0.00000018     0.10496450     0.89503532
       91     0.00000042     0.11180016     0.88819941
       92     0.00000053     0.11333094     0.88666853
       93     0.00000018     0.10738461     0.89261521
       94     0.00000015     0.09963265     0.90036720
       95     0.00000070     0.09806104     0.90193827
       96     0.00000097     0.10459908     0.89539994
       97     0.00000051     0.11294599     0.88705350
       98     0.00000057     0.11488546     0.88511397
       99     0.00000038     0.10858267     0.89141695
      100     0.00000042     0.10020876     0.89979082
      101     0.00000062     0.09768964     0.90230974
      102     0.00000159     0.10304486     0.89695356
      103     0.00000201     0.11085739     0.88914060
      104     0.00000070     0.11389523     0.88610407
      105     0.00000013     0.10993410     0.89006577
      106     0.00000016     0.10326010     0.89673974
      107     0.00000159     0.10002654     0.89997187
      108     0.00000249     0.10248724     0.89751027
      109     0.00000226     0.10755806     0.89243968
      110     0.00000217     0.11041785     0.88957998
      111     0.00000059     0.10909534     0.89090406
      112     0.00000021     0.10566903     0.89433076
      113     0.00000122     0.10353994     0.89645885
      114     0.00000296     0.10415762     0.89583942
      115     0.00000486     0.10614947     0.89384567
      116     0.00000306     0.10734847     0.89264847
      117     0.00000051     0.10708867     0.89291082
      118     0.00000004     0.10635624     0.89364372
      119     0.00000179     0.10608189     0.89391632
      120     0.00000582     0.10606450     0.89392968
