#     Density Matrix: population Re; see the manual for detail orders
        0     0.00000000     0.00000000     1.00000000
        1     0.00000005     0.00000146     0.99999849
        2     0.00000006     0.00001514     0.99998479
        3     0.00000015     0.00004689     0.99995296
        4     0.00000016     0.00009365     0.99990620
        5     0.00000029     0.00015557     0.99984414
        6     0.00000030     0.00027197     0.99972773
        7     0.00000044     0.00060829     0.99939127
        8     0.00000047     0.00173522     0.99826432
        9     0.00000053     0.00594805     0.99405142
       10     0.00000063     0.02663809     0.97336128
       11     0.00000045     0.19206374     0.80793581
       12     0.00000027     0.69800863     0.30199110
       13     0.00000051     0.53479979     0.46519970
       14     0.00000118     0.30652076     0.69347807
       15     0.00000003     0.24960805     0.75039192
       16     0.00000146     0.21932761     0.78067093
       17     0.00000042     0.20465242     0.79534717
       18     0.00000054     0.19920915     0.80079031
       19     0.00000138     0.19907869     0.80091993
       20     0.00000003     0.20180310     0.79819687
       21     0.00000103     0.20585216     0.79414681
       22     0.00000105     0.21029911     0.78969985
       23     0.00000003     0.21471925     0.78528073
       24     0.00000148     0.21868616     0.78131236
       25     0.00000109     0.22203491     0.77796401
       26     0.00000005     0.22482497     0.77517498
       27     0.00000144     0.22698476     0.77301380
       28     0.00000115     0.22860348     0.77139537
       29     0.00000003     0.22972681     0.77027317
       30     0.00000118     0.23039590     0.76960292
       31     0.00000131     0.23067271     0.76932598
       32     0.00000011     0.23056419     0.76943570
       33     0.00000059     0.22995055     0.77004887
       34     0.00000129     0.22866963     0.77132908
       35     0.00000040     0.22630833     0.77369127
       36     0.00000017     0.22136715     0.77863267
       37     0.00000107     0.21407835     0.78592058
       38     0.00000065     0.42435350     0.57564585
       39     0.00000003     0.67905960     0.32094038
       40     0.00000058     0.70258640     0.29741303
       41     0.00000081     0.71325890     0.28674029
       42     0.00000024     0.72275829     0.27724147
       43     0.00000018     0.73496974     0.26503008
       44     0.00000054     0.75485963     0.24513982
       45     0.00000045     0.79352568     0.20647387
       46     0.00000026     0.82997943     0.17002032
       47     0.00000030     0.66822553     0.33177417
       48     0.00000028     0.49297556     0.50702416
       49     0.00000029     0.43333928     0.56666044
       50     0.00000036     0.40748053     0.59251910
       51     0.00000030     0.39368011     0.60631959
       52     0.00000024     0.38550139     0.61449837
       53     0.00000032     0.38006487     0.61993481
       54     0.00000039     0.37630669     0.62369293
       55     0.00000028     0.37383924     0.62616049
       56     0.00000026     0.37224762     0.62775211
       57     0.00000040     0.37128048     0.62871912
       58     0.00000043     0.37079436     0.62920521
       59     0.00000028     0.37064592     0.62935380
       60     0.00000027     0.37075036     0.62924937
       61     0.00000045     0.37103745     0.62896210
       62     0.00000045     0.37145615     0.62854340
       63     0.00000025     0.37198540     0.62801435
       64     0.00000031     0.37262758     0.62737211
       65     0.00000052     0.37340708     0.62659241
       66     0.00000043     0.37438183     0.62561774
       67     0.00000023     0.37562797     0.62437180
       68     0.00000037     0.37725390     0.62274573
       69     0.00000054     0.37937912     0.62062034
       70     0.00000036     0.38209520     0.61790444
       71     0.00000023     0.38546298     0.61453679
       72     0.00000046     0.38947376     0.61052577
       73     0.00000051     0.39403138     0.60596812
       74     0.00000027     0.39893892     0.60106081
       75     0.00000029     0.40390265     0.59609706
       76     0.00000051     0.40857036     0.59142912
       77     0.00000041     0.41257684     0.58742275
       78     0.00000025     0.41554305     0.58445670
       79     0.00000037     0.41724790     0.58275173
       80     0.00000045     0.41756974     0.58242981
       81     0.00000029     0.41639321     0.58360650
       82     0.00000028     0.41372839     0.58627133
       83     0.00000048     0.40965111     0.59034841
       84     0.00000040     0.40428669     0.59571291
       85     0.00000021     0.39781670     0.60218309
       86     0.00000044     0.39050360     0.60949595
       87     0.00000075     0.38246139     0.61753787
       88     0.00000038     0.37386053     0.62613909
       89     0.00000017     0.36505607     0.63494376
       90     0.00000063     0.35632503     0.64367435
       91     0.00000075     0.34792944     0.65206981
       92     0.00000021     0.34014820     0.65985159
       93     0.00000023     0.33325485     0.66674492
       94     0.00000095     0.32750895     0.67249010
       95     0.00000083     0.32313173     0.67686744
       96     0.00000010     0.32028934     0.67971056
       97     0.00000038     0.31910024     0.68089938
       98     0.00000104     0.31957824     0.68042072
       99     0.00000064     0.32171332     0.67828604
      100     0.00000002     0.32541653     0.67458345
      101     0.00000058     0.33053996     0.66945946
      102     0.00000115     0.33686563     0.66313322
      103     0.00000050     0.34411646     0.65588303
      104     0.00000003     0.35184501     0.64815496
      105     0.00000074     0.35972120     0.64027806
      106     0.00000113     0.36729495     0.63270392
      107     0.00000040     0.37367108     0.62632853
      108     0.00000007     0.37774500     0.62225493
      109     0.00000076     0.37776118     0.62223806
      110     0.00000098     0.37070917     0.62928986
      111     0.00000032     0.35083242     0.64916726
      112     0.00000008     0.30591904     0.69408087
      113     0.00000057     0.21271753     0.78728190
      114     0.00000075     0.09350647     0.90649279
      115     0.00000032     0.09636694     0.90363274
      116     0.00000023     0.17632977     0.82367000
      117     0.00000073     0.21462076     0.78537851
      118     0.00000069     0.20614252     0.79385679
      119     0.00000025     0.16049158     0.83950818
      120     0.00000038     0.10061787     0.89938175
