#     Density Matrix: population Re; see the manual for detail orders
        0     0.00000000     0.00000000     1.00000000
        1     0.00000001     0.00000971     0.99999028
        2     0.00000001     0.00007017     0.99992982
        3     0.00000001     0.00012650     0.99987349
        4     0.00000008     0.00012335     0.99987658
        5     0.00000007     0.00006606     0.99993388
        6     0.00000020     0.00000977     0.99999004
        7     0.00000015     0.00000874     0.99999111
        8     0.00000035     0.00007569     0.99992396
        9     0.00000029     0.00017758     0.99982212
       10     0.00000055     0.00025918     0.99974027
       11     0.00000039     0.00028872     0.99971089
       12     0.00000079     0.00033869     0.99966052
       13     0.00000074     0.00078166     0.99921760
       14     0.00000082     0.00307096     0.99692822
       15     0.00000066     0.01492293     0.98507641
       16     0.00000053     0.11350249     0.88649698
       17     0.00000104     0.13206073     0.86793824
       18     0.00000164     0.48308769     0.51691067
       19     0.00000011     0.32811588     0.67188401
       20     0.00000068     0.29954680     0.70045251
       21     0.00000072     0.28973896     0.71026032
       22     0.00000007     0.28892537     0.71107456
       23     0.00000113     0.29175009     0.70824878
       24     0.00000030     0.29529529     0.70470441
       25     0.00000037     0.29818884     0.70181079
       26     0.00000093     0.29992881     0.70007026
       27     0.00000009     0.30053217     0.69946774
       28     0.00000062     0.30025767     0.69974171
       29     0.00000086     0.29945812     0.70054103
       30     0.00000004     0.29845864     0.70154131
       31     0.00000071     0.29751535     0.70248394
       32     0.00000091     0.29680866     0.70319043
       33     0.00000005     0.29645545     0.70354450
       34     0.00000062     0.29653299     0.70346639
       35     0.00000104     0.29710607     0.70289289
       36     0.00000016     0.29825573     0.70174411
       37     0.00000036     0.30011349     0.69988615
       38     0.00000109     0.30289948     0.69709943
       39     0.00000045     0.30702375     0.69297580
       40     0.00000010     0.31323589     0.68676401
       41     0.00000086     0.32293844     0.67706070
       42     0.00000081     0.33922581     0.66077338
       43     0.00000009     0.37044940     0.62955052
       44     0.00000040     0.44746513     0.55253447
       45     0.00000096     0.68876029     0.31123875
       46     0.00000038     0.89922560     0.10077403
       47     0.00000003     0.86931318     0.13068680
       48     0.00000058     0.83841206     0.16158736
       49     0.00000073     0.82562047     0.17437880
       50     0.00000016     0.82018031     0.17981953
       51     0.00000012     0.81804970     0.18195018
       52     0.00000073     0.81752741     0.18247185
       53     0.00000069     0.81778190     0.18221741
       54     0.00000007     0.81836187     0.18163806
       55     0.00000027     0.81899580     0.18100394
       56     0.00000100     0.81951423     0.18048476
       57     0.00000080     0.81981936     0.18017984
       58     0.00000006     0.81986339     0.18013655
       59     0.00000038     0.81963407     0.18036555
       60     0.00000132     0.81914761     0.18085107
       61     0.00000100     0.81844604     0.18155296
       62     0.00000008     0.81758593     0.18241399
       63     0.00000069     0.81663770     0.18336161
       64     0.00000191     0.81567053     0.18432757
       65     0.00000143     0.81476030     0.18523827
       66     0.00000027     0.81395597     0.18604376
       67     0.00000102     0.81330196     0.18669701
       68     0.00000259     0.81283869     0.18715872
       69     0.00000213     0.81254330     0.18745457
       70     0.00000064     0.81239159     0.18760777
       71     0.00000123     0.81234082     0.18765796
       72     0.00000310     0.81234251     0.18765439
       73     0.00000293     0.81235291     0.18764416
       74     0.00000110     0.81233615     0.18766275
       75     0.00000097     0.81228950     0.18770953
       76     0.00000271     0.81224537     0.18775192
       77     0.00000321     0.81227288     0.18772391
       78     0.00000163     0.81248311     0.18751526
       79     0.00000044     0.81298956     0.18701000
       80     0.00000116     0.81392374     0.18607510
       81     0.00000237     0.81539444     0.18460319
       82     0.00000234     0.81744118     0.18255647
       83     0.00000121     0.82004309     0.17995570
       84     0.00000048     0.82304274     0.17695678
       85     0.00000147     0.82616439     0.17383414
       86     0.00000366     0.82904203     0.17095431
       87     0.00000474     0.83121434     0.16878092
       88     0.00000360     0.83220344     0.16779296
       89     0.00000270     0.83157466     0.16842264
       90     0.00000510     0.82902498     0.17096992
       91     0.00000887     0.82448866     0.17550247
       92     0.00000919     0.81817538     0.18181543
       93     0.00000638     0.81062598     0.18936764
       94     0.00000546     0.80269854     0.19729600
       95     0.00000786     0.79547519     0.20451695
       96     0.00000939     0.79011758     0.20987303
       97     0.00000709     0.78766633     0.21232659
       98     0.00000353     0.78882014     0.21117633
       99     0.00000214     0.79371742     0.20628044
      100     0.00000277     0.80180153     0.19819570
      101     0.00000390     0.81180852     0.18818758
      102     0.00000501     0.82191010     0.17808489
      103     0.00000545     0.83002874     0.16996581
      104     0.00000524     0.83429222     0.16570254
      105     0.00000706     0.83354007     0.16645287
      106     0.00001250     0.82774921     0.17223829
      107     0.00001729     0.81821177     0.18177094
      108     0.00001620     0.80737861     0.19260519
      109     0.00001119     0.79830472     0.20168409
      110     0.00000811     0.79375738     0.20623452
      111     0.00000783     0.79528442     0.20470776
      112     0.00000759     0.80250650     0.19748591
      113     0.00000739     0.81299012     0.18700249
      114     0.00000829     0.82289901     0.17709270
      115     0.00000922     0.82837038     0.17162039
      116     0.00001128     0.82710725     0.17288147
      117     0.00001691     0.81958489     0.18039820
      118     0.00002201     0.80916223     0.19081576
      119     0.00002061     0.80078811     0.19919128
      120     0.00001357     0.79868374     0.20130269
