#     Density Matrix: population Re; see the manual for detail orders
        0     0.00000000     0.00000000     1.00000000
        1     0.00000002     0.00002201     0.99997797
        2     0.00000005     0.00017602     0.99982393
        3     0.00000010     0.00038843     0.99961147
        4     0.00000016     0.00052837     0.99947148
        5     0.00000022     0.00050587     0.99949391
        6     0.00000031     0.00034792     0.99965177
        7     0.00000036     0.00024593     0.99975371
        8     0.00000047     0.00056504     0.99943449
        9     0.00000047     0.00186659     0.99813294
       10     0.00000060     0.00515340     0.99484600
       11     0.00000052     0.01315761     0.98684188
       12     0.00000064     0.03698710     0.96301226
       13     0.00000044     0.13329274     0.86670682
       14     0.00000029     0.44212329     0.55787642
       15     0.00000026     0.58902831     0.41097143
       16     0.00000062     0.38304663     0.61695275
       17     0.00000013     0.29009917     0.70990070
       18     0.00000083     0.22838980     0.77160938
       19     0.00000036     0.19395829     0.80604135
       20     0.00000025     0.18021038     0.81978937
       21     0.00000061     0.18141879     0.81858060
       22     0.00000006     0.19327770     0.80672224
       23     0.00000032     0.21288187     0.78711781
       24     0.00000033     0.23857389     0.76142578
       25     0.00000002     0.26967659     0.73032340
       26     0.00000037     0.30628771     0.69371192
       27     0.00000019     0.34912785     0.65087196
       28     0.00000004     0.39932387     0.60067609
       29     0.00000035     0.45805473     0.54194492
       30     0.00000016     0.52588120     0.47411864
       31     0.00000002     0.60169743     0.39830255
       32     0.00000026     0.68163531     0.31836444
       33     0.00000017     0.75908669     0.24091314
       34     0.00000001     0.82676118     0.17323880
       35     0.00000011     0.87963327     0.12036662
       36     0.00000015     0.91614327     0.08385657
       37     0.00000007     0.93930621     0.06069372
       38     0.00000005     0.95688967     0.04311028
       39     0.00000012     0.97079889     0.02920099
       40     0.00000014     0.98194218     0.01805768
       41     0.00000005     0.99052033     0.00947962
       42     0.00000006     0.99475556     0.00524439
       43     0.00000015     0.99253237     0.00746748
       44     0.00000011     0.97360372     0.02639617
       45     0.00000014     0.93674427     0.06325559
       46     0.00000010     0.90040761     0.09959229
       47     0.00000002     0.88670895     0.11329103
       48     0.00000027     0.90027612     0.09972361
       49     0.00000036     0.92924520     0.07075444
       50     0.00000005     0.95770641     0.04229354
       51     0.00000017     0.97654840     0.02345143
       52     0.00000057     0.98538664     0.01461279
       53     0.00000033     0.98775095     0.01224871
       54     0.00000002     0.98702738     0.01297259
       55     0.00000039     0.98535045     0.01464915
       56     0.00000058     0.98386683     0.01613259
       57     0.00000015     0.98316911     0.01683073
       58     0.00000008     0.98349905     0.01650087
       59     0.00000047     0.98491828     0.01508125
       60     0.00000042     0.98736110     0.01263848
       61     0.00000000     1.00000000     0.00000000
       62     0.00000040     0.99956338     0.00043621
       63     0.00000070     0.99775158     0.00224772
       64     0.00000023     0.99361558     0.00638419
       65     0.00000004     0.98594727     0.01405269
       66     0.00000055     0.97336804     0.02663141
       67     0.00000056     0.95460756     0.04539188
       68     0.00000004     0.92916103     0.07083892
       69     0.00000024     0.89851895     0.10148081
       70     0.00000065     0.86781486     0.13218449
       71     0.00000025     0.84645877     0.15354098
       72     0.00000003     0.84479535     0.15520462
       73     0.00000043     0.86592064     0.13407893
       74     0.00000042     0.90084036     0.09915922
       75     0.00000008     0.93566334     0.06433658
       76     0.00000011     0.96197330     0.03802659
       77     0.00000029     0.97857349     0.02142623
       78     0.00000023     0.98775965     0.01224012
       79     0.00000000     1.00000000     0.00000000
       80     0.00000001     0.99572604     0.00427395
       81     0.00000002     0.98799138     0.01200860
       82     0.00000000     0.98299660     0.01700339
       83     0.00000001     0.98335037     0.01664962
       84     0.00000001     0.98773575     0.01226423
       85     0.00000000     1.00000000     0.00000000
       86     0.00000000     0.99955033     0.00044967
       87     0.00000000     0.99877034     0.00122966
       88     0.00000000     0.99841465     0.00158535
       89     0.00000000     0.99871412     0.00128588
       90     0.00000000     0.99931309     0.00068691
       91     0.00000000     0.99967876     0.00032124
       92     0.00000000     0.99959349     0.00040650
       93     0.00000001     0.99928599     0.00071401
       94     0.00000001     0.99911321     0.00088678
       95     0.00000001     0.99919855     0.00080143
       96     0.00000002     0.99937354     0.00062644
       97     0.00000004     0.99944349     0.00055647
       98     0.00000005     0.99940012     0.00059983
       99     0.00000006     0.99935578     0.00064416
      100     0.00000009     0.99935096     0.00064895
      101     0.00000011     0.99932454     0.00067535
      102     0.00000013     0.99927303     0.00072684
      103     0.00000018     0.99929379     0.00070603
      104     0.00000024     0.99941619     0.00058356
      105     0.00000029     0.99948942     0.00051030
      106     0.00000031     0.99936808     0.00063161
      107     0.00000038     0.99916607     0.00083355
      108     0.00000050     0.99915836     0.00084115
      109     0.00000057     0.99940083     0.00059860
      110     0.00000061     0.99958947     0.00040992
      111     0.00000070     0.99944079     0.00055851
      112     0.00000081     0.99910222     0.00089697
      113     0.00000088     0.99901000     0.00098912
      114     0.00000094     0.99931274     0.00068632
      115     0.00000104     0.99963817     0.00036079
      116     0.00000112     0.99955041     0.00044847
      117     0.00000116     0.99912419     0.00087465
      118     0.00000120     0.99887830     0.00112049
      119     0.00000130     0.99912926     0.00086945
      120     0.00000135     0.99958330     0.00041535
