#     Density Matrix: population Re; see the manual for detail orders
        0     0.00000000     0.00000000     1.00000000
        1     0.00000001     0.00001002     0.99998996
        2     0.00000006     0.00006542     0.99993452
        3     0.00000013     0.00012069     0.99987918
        4     0.00000021     0.00014511     0.99985468
        5     0.00000032     0.00014134     0.99985834
        6     0.00000044     0.00020843     0.99979113
        7     0.00000055     0.00057670     0.99942275
        8     0.00000230     0.00370020     0.99629750
        9     0.00000255     0.02995217     0.97004528
       10     0.00000085     0.22997833     0.77002082
       11     0.00000085     0.70460121     0.29539794
       12     0.00000136     0.52457105     0.47542759
       13     0.00000191     0.29926512     0.70073298
       14     0.00000020     0.20747995     0.79251985
       15     0.00000247     0.16922154     0.83077599
       16     0.00000049     0.15473910     0.84526041
       17     0.00000083     0.15114831     0.84885086
       18     0.00000164     0.15198257     0.84801578
       19     0.00000008     0.15388164     0.84611828
       20     0.00000109     0.15519709     0.84480182
       21     0.00000093     0.15528174     0.84471733
       22     0.00000017     0.15411326     0.84588656
       23     0.00000111     0.15203899     0.84795990
       24     0.00000058     0.14962110     0.85037832
       25     0.00000034     0.14757984     0.85241981
       26     0.00000097     0.14673286     0.85326617
       27     0.00000046     0.14791600     0.85208354
       28     0.00000046     0.15188823     0.84811131
       29     0.00000077     0.15918873     0.84081050
       30     0.00000051     0.16992573     0.83007376
       31     0.00000053     0.18351401     0.81648546
       32     0.00000062     0.19839623     0.80160315
       33     0.00000070     0.21179209     0.78820721
       34     0.00000053     0.21958290     0.78041657
       35     0.00000049     0.21654156     0.78345795
       36     0.00000086     0.19725066     0.80274848
       37     0.00000037     0.15822559     0.84177404
       38     0.00000060     0.10211377     0.89788563
       39     0.00000089     0.04464988     0.95534923
       40     0.00000014     0.02246386     0.97753600
       41     0.00000094     0.08817468     0.91182438
       42     0.00000059     0.26270713     0.73729228
       43     0.00000021     0.46520475     0.53479504
       44     0.00000073     0.56158074     0.43841854
       45     0.00000009     0.51439003     0.48560988
       46     0.00000086     0.39444751     0.60555163
       47     0.00000044     0.28370959     0.71628997
       48     0.00000035     0.22406329     0.77593636
       49     0.00000110     0.21848057     0.78151833
       50     0.00000002     0.24708978     0.75291021
       51     0.00000105     0.28336838     0.71663056
       52     0.00000025     0.30674408     0.69325567
       53     0.00000065     0.30946929     0.69053006
       54     0.00000067     0.29663058     0.70336875
       55     0.00000023     0.28027470     0.71972507
       56     0.00000098     0.27118440     0.72881462
       57     0.00000004     0.27290041     0.72709955
       58     0.00000091     0.28115665     0.71884244
       59     0.00000008     0.28839964     0.71160028
       60     0.00000080     0.28975124     0.71024796
       61     0.00000021     0.28592422     0.71407557
       62     0.00000059     0.28138271     0.71861670
       63     0.00000040     0.27990509     0.72009452
       64     0.00000037     0.28163746     0.71836217
       65     0.00000037     0.28398476     0.71601487
       66     0.00000040     0.28476274     0.71523686
       67     0.00000050     0.28410330     0.71589621
       68     0.00000022     0.28341966     0.71658012
       69     0.00000056     0.28330770     0.71669174
       70     0.00000030     0.28310364     0.71689607
       71     0.00000032     0.28243451     0.71756517
       72     0.00000034     0.28223799     0.71776167
       73     0.00000058     0.28348321     0.71651621
       74     0.00000018     0.28524633     0.71475349
       75     0.00000037     0.28521311     0.71478652
       76     0.00000055     0.28264677     0.71735268
       77     0.00000030     0.28011871     0.71988099
       78     0.00000022     0.28098400     0.71901579
       79     0.00000058     0.28502959     0.71496983
       80     0.00000049     0.28787290     0.71212661
       81     0.00000012     0.28567674     0.71432314
       82     0.00000051     0.28012819     0.71987130
       83     0.00000066     0.27735844     0.72264090
       84     0.00000021     0.28118659     0.71881320
       85     0.00000024     0.28818312     0.71181664
       86     0.00000073     0.29071951     0.70927976
       87     0.00000050     0.28528264     0.71471687
       88     0.00000009     0.27691543     0.72308447
       89     0.00000047     0.27443708     0.72556245
       90     0.00000082     0.28116243     0.71883674
       91     0.00000026     0.29091661     0.70908313
       92     0.00000017     0.29393637     0.70606346
       93     0.00000063     0.28675374     0.71324564
       94     0.00000067     0.27584511     0.72415423
       95     0.00000024     0.27151050     0.72848926
       96     0.00000018     0.27802806     0.72197176
       97     0.00000093     0.28955637     0.71044270
       98     0.00000051     0.29578294     0.70421654
       99     0.00000014     0.29124503     0.70875483
      100     0.00000023     0.28016759     0.71983217
      101     0.00000059     0.27220960     0.72778981
      102     0.00000087     0.27376956     0.72622957
      103     0.00000008     0.28287793     0.71712199
      104     0.00000044     0.29152956     0.70847000
      105     0.00000073     0.29290147     0.70709780
      106     0.00000033     0.28679740     0.71320227
      107     0.00000039     0.27897659     0.72102302
      108     0.00000006     0.27570048     0.72429946
      109     0.00000076     0.27865599     0.72134325
      110     0.00000093     0.28437810     0.71562097
      111     0.00000008     0.28796058     0.71203934
      112     0.00000039     0.28725905     0.71274056
      113     0.00000031     0.28398553     0.71601416
      114     0.00000049     0.28136825     0.71863126
      115     0.00000075     0.28108791     0.71891134
      116     0.00000005     0.28235392     0.71764602
      117     0.00000049     0.28345790     0.71654161
      118     0.00000061     0.28369849     0.71630091
      119     0.00000021     0.28363405     0.71636574
      120     0.00000050     0.28394828     0.71605122
