#     Density Matrix: population Re; see the manual for detail orders
        0     0.00000000     0.00000000     1.00000000
        1     0.00000000     0.00000743     0.99999257
        2     0.00000001     0.00006154     0.99993845
        3     0.00000004     0.00014138     0.99985858
        4     0.00000008     0.00019880     0.99980112
        5     0.00000013     0.00019971     0.99980016
        6     0.00000019     0.00016677     0.99983304
        7     0.00000026     0.00022224     0.99977749
        8     0.00000033     0.00065319     0.99934647
        9     0.00000041     0.00214131     0.99785828
       10     0.00000047     0.00692530     0.99307423
       11     0.00000052     0.02662476     0.97337472
       12     0.00000047     0.16043210     0.83956743
       13     0.00000018     0.64929847     0.35070135
       14     0.00000056     0.53928630     0.46071314
       15     0.00000251     0.26502606     0.73497143
       16     0.00000096     0.19541375     0.80458529
       17     0.00000122     0.16645587     0.83354292
       18     0.00000168     0.15098971     0.84900861
       19     0.00000036     0.14003053     0.85996911
       20     0.00000075     0.12971121     0.87028804
       21     0.00000073     0.11832125     0.88167801
       22     0.00000006     0.10540226     0.89459767
       23     0.00000044     0.09125143     0.90874813
       24     0.00000034     0.07663129     0.92336837
       25     0.00000000     0.06247691     0.93752308
       26     0.00000026     0.04951508     0.95048466
       27     0.00000018     0.03825698     0.96174284
       28     0.00000002     0.02886980     0.97113018
       29     0.00000015     0.02129878     0.97870107
       30     0.00000011     0.01538862     0.98461127
       31     0.00000005     0.01096197     0.98903798
       32     0.00000000     1.00000000     0.00000000
       33     0.00000014     0.99975902     0.00024084
       34     0.00000021     0.99892113     0.00107866
       35     0.00000004     0.99728655     0.00271341
       36     0.00000004     0.99463263     0.00536733
       37     0.00000021     0.99074610     0.00925369
       38     0.00000012     0.98547599     0.01452389
       39     0.00000000     0.97880354     0.02119646
       40     0.00000014     0.97093009     0.02906977
       41     0.00000018     0.96236191     0.03763791
       42     0.00000002     0.95393359     0.04606639
       43     0.00000006     0.94664087     0.05335907
       44     0.00000018     0.94117853     0.05882129
       45     0.00000008     0.93723841     0.06276152
       46     0.00000001     0.93311571     0.06688428
       47     0.00000016     0.92689491     0.07310492
       48     0.00000017     0.91928177     0.08071806
       49     0.00000001     0.91548753     0.08451246
       50     0.00000008     0.92116109     0.07883883
       51     0.00000017     0.93684550     0.06315433
       52     0.00000004     0.95774082     0.04225913
       53     0.00000003     0.97762303     0.02237694
       54     0.00000000     1.00000000     0.00000000
       55     0.00000001     0.99582681     0.00417318
       56     0.00000002     0.98805056     0.01194942
       57     0.00000000     0.98264903     0.01735097
       58     0.00000002     0.98238462     0.01761536
       59     0.00000001     0.98636072     0.01363927
       60     0.00000000     1.00000000     0.00000000
       61     0.00000001     0.99954222     0.00045777
       62     0.00000001     0.99872524     0.00127475
       63     0.00000000     0.99829113     0.00170887
       64     0.00000001     0.99850666     0.00149334
       65     0.00000001     0.99909019     0.00090979
       66     0.00000001     0.99954520     0.00045479
       67     0.00000001     0.99959324     0.00040675
       68     0.00000004     0.99934616     0.00065380
       69     0.00000004     0.99911509     0.00088488
       70     0.00000003     0.99908862     0.00091135
       71     0.00000006     0.99920374     0.00079620
       72     0.00000008     0.99929547     0.00070444
       73     0.00000007     0.99930720     0.00069273
       74     0.00000013     0.99931067     0.00068920
       75     0.00000018     0.99934878     0.00065104
       76     0.00000016     0.99934505     0.00065480
       77     0.00000022     0.99922472     0.00077505
       78     0.00000033     0.99907991     0.00091976
       79     0.00000032     0.99910846     0.00089122
       80     0.00000039     0.99934684     0.00065277
       81     0.00000054     0.99954521     0.00045425
       82     0.00000056     0.99941868     0.00058076
       83     0.00000061     0.99902648     0.00097291
       84     0.00000082     0.99878665     0.00121253
       85     0.00000090     0.99901822     0.00098088
       86     0.00000091     0.99951504     0.00048404
       87     0.00000114     0.99970671     0.00029215
       88     0.00000131     0.99929867     0.00070001
       89     0.00000130     0.99866404     0.00133467
       90     0.00000146     0.99848381     0.00151473
       91     0.00000174     0.99899085     0.00100741
       92     0.00000177     0.99966905     0.00032919
       93     0.00000179     0.99977924     0.00021897
       94     0.00000207     0.99915602     0.00084191
       95     0.00000224     0.99840441     0.00159336
       96     0.00000218     0.99827713     0.00172069
       97     0.00000233     0.99890065     0.00109702
       98     0.00000262     0.99965806     0.00033932
       99     0.00000262     0.99982258     0.00017480
      100     0.00000252     0.99926878     0.00072869
      101     0.00000273     0.99855645     0.00144082
      102     0.00000299     0.99835432     0.00164269
      103     0.00000297     0.99881119     0.00118584
      104     0.00000290     0.99947173     0.00052537
      105     0.00000307     0.99975516     0.00024177
      106     0.00000323     0.99948817     0.00050860
      107     0.00000317     0.99899873     0.00099811
      108     0.00000314     0.99875099     0.00124588
      109     0.00000339     0.99891833     0.00107828
      110     0.00000365     0.99928629     0.00071005
      111     0.00000361     0.99951600     0.00048039
      112     0.00000349     0.99946491     0.00053160
      113     0.00000366     0.99926414     0.00073220
      114     0.00000405     0.99913135     0.00086461
      115     0.00000429     0.99915138     0.00084433
      116     0.00000432     0.99924219     0.00075349
      117     0.00000444     0.99929435     0.00070120
      118     0.00000482     0.99929407     0.00070111
      119     0.00000527     0.99929666     0.00069808
      120     0.00000560     0.99931782     0.00067658
