#     Density Matrix: population Re; see the manual for detail orders
        0     0.00000000     0.00000000     1.00000000
        1     0.00000003     0.00000012     0.99999985
        2     0.00000004     0.00000138     0.99999859
        3     0.00000012     0.00000423     0.99999565
        4     0.00000013     0.00000694     0.99999292
        5     0.00000032     0.00000732     0.99999236
        6     0.00000034     0.00000535     0.99999431
        7     0.00000062     0.00000293     0.99999644
        8     0.00000061     0.00000149     0.99999790
        9     0.00000091     0.00000090     0.99999819
       10     0.00000084     0.00000174     0.99999742
       11     0.00000106     0.00001487     0.99998408
       12     0.00000097     0.00013486     0.99986417
       13     0.00000101     0.00353715     0.99646184
       14     0.00000100     0.00302980     0.99696920
       15     0.00000087     0.01565080     0.98434833
       16     0.00000000     0.00000000     1.00000000
       17     0.00000319     0.00005519     0.99994161
       18     0.00000131     0.00010256     0.99989613
       19     0.00000093     0.00012186     0.99987721
       20     0.00000339     0.00012561     0.99987100
       21     0.00000025     0.00012454     0.99987521
       22     0.00000187     0.00012587     0.99987226
       23     0.00000273     0.00013451     0.99986276
       24     0.00000004     0.00015443     0.99984552
       25     0.00000208     0.00019019     0.99980773
       26     0.00000237     0.00024894     0.99974869
       27     0.00000006     0.00034425     0.99965570
       28     0.00000183     0.00050529     0.99949288
       29     0.00000240     0.00080398     0.99919363
       30     0.00000018     0.00145845     0.99854137
       31     0.00000128     0.00343419     0.99656453
       32     0.00000254     0.01821368     0.98178378
       33     0.00000082     0.37376205     0.62623713
       34     0.00000084     0.85809287     0.14190629
       35     0.00000315     0.90877352     0.09122334
       36     0.00000192     0.91891991     0.08107817
       37     0.00000028     0.92278543     0.07721429
       38     0.00000226     0.92454265     0.07545509
       39     0.00000295     0.92541190     0.07458515
       40     0.00000072     0.92593229     0.07406699
       41     0.00000090     0.92646377     0.07353533
       42     0.00000301     0.92738718     0.07260980
       43     0.00000212     0.92865142     0.07134646
       44     0.00000032     0.93029698     0.06970270
       45     0.00000166     0.93233375     0.06766458
       46     0.00000307     0.93475151     0.06524542
       47     0.00000144     0.93751550     0.06248307
       48     0.00000038     0.94056213     0.05943749
       49     0.00000211     0.94381088     0.05618701
       50     0.00000288     0.94717697     0.05282015
       51     0.00000111     0.95057183     0.04942706
       52     0.00000049     0.95390719     0.04609232
       53     0.00000224     0.95710918     0.04288859
       54     0.00000279     0.96012592     0.03987129
       55     0.00000107     0.96292208     0.03707685
       56     0.00000048     0.96547592     0.03452360
       57     0.00000218     0.96778486     0.03221296
       58     0.00000290     0.96986539     0.03013171
       59     0.00000126     0.97174287     0.02825587
       60     0.00000036     0.97344483     0.02655481
       61     0.00000198     0.97500340     0.02499463
       62     0.00000322     0.97645512     0.02354166
       63     0.00000175     0.97783146     0.02216679
       64     0.00000022     0.97915171     0.02084807
       65     0.00000159     0.98042665     0.01957176
       66     0.00000363     0.98166294     0.01833343
       67     0.00000267     0.98285969     0.01713763
       68     0.00000034     0.98400381     0.01599585
       69     0.00000093     0.98507808     0.01492099
       70     0.00000374     0.98606910     0.01392716
       71     0.00000399     0.98696712     0.01302889
       72     0.00000119     0.98776503     0.01223378
       73     0.00000017     0.98845675     0.01154308
       74     0.00000286     0.98905495     0.01094219
       75     0.00000494     0.98958350     0.01041156
       76     0.00000000     1.00000000     0.00000000
       77     0.00000192     0.99999798     0.00000010
       78     0.00000480     0.99999447     0.00000073
       79     0.00000419     0.99999323     0.00000258
       80     0.00000103     0.99999243     0.00000654
       81     0.00000028     0.99998619     0.00001353
       82     0.00000335     0.99997230     0.00002434
       83     0.00000587     0.99995466     0.00003947
       84     0.00000416     0.99993696     0.00005888
       85     0.00000075     0.99991745     0.00008181
       86     0.00000072     0.99989237     0.00010691
       87     0.00000439     0.99986319     0.00013242
       88     0.00000679     0.99983713     0.00015608
       89     0.00000464     0.99981988     0.00017547
       90     0.00000095     0.99981059     0.00018845
       91     0.00000090     0.99980557     0.00019353
       92     0.00000483     0.99980515     0.00019002
       93     0.00000778     0.99981395     0.00017826
       94     0.00000603     0.99983429     0.00015968
       95     0.00000188     0.99986142     0.00013669
       96     0.00000076     0.99988663     0.00011262
       97     0.00000434     0.99990450     0.00009116
       98     0.00000853     0.99991551     0.00007596
       99     0.00000842     0.99992148     0.00007010
      100     0.00000424     0.99992028     0.00007549
      101     0.00000104     0.99990644     0.00009252
      102     0.00000281     0.99987741     0.00011978
      103     0.00000784     0.99983801     0.00015414
      104     0.00001067     0.99979836     0.00019097
      105     0.00000830     0.99976740     0.00022431
      106     0.00000343     0.99974818     0.00024840
      107     0.00000142     0.99973996     0.00025863
      108     0.00000451     0.99974271     0.00025278
      109     0.00000960     0.99975865     0.00023175
      110     0.00001159     0.99978846     0.00019994
      111     0.00000857     0.99982686     0.00016457
      112     0.00000359     0.99986181     0.00013459
      113     0.00000153     0.99987959     0.00011889
      114     0.00000433     0.99987190     0.00012377
      115     0.00000940     0.99983974     0.00015086
      116     0.00001200     0.99979259     0.00019541
      117     0.00000980     0.99974313     0.00024707
      118     0.00000486     0.99970288     0.00029226
      119     0.00000160     0.99968050     0.00031789
      120     0.00000279     0.99968162     0.00031559
