#     Density Matrix: population Re; see the manual for detail orders
        0     0.00000000     0.00000000     1.00000000
        1     0.00000003     0.00000740     0.99999257
        2     0.00000006     0.00007311     0.99992683
        3     0.00000012     0.00021532     0.99978456
        4     0.00000016     0.00040890     0.99959094
        5     0.00000025     0.00062667     0.99937308
        6     0.00000033     0.00095109     0.99904858
        7     0.00000040     0.00181363     0.99818597
        8     0.00000054     0.00463530     0.99536416
        9     0.00000052     0.01424818     0.98575131
       10     0.00000072     0.05048311     0.94951618
       11     0.00000047     0.19683131     0.80316823
       12     0.00000085     0.58518600     0.41481315
       13     0.00000009     0.57427130     0.42572861
       14     0.00000141     0.43201808     0.56798051
       15     0.00000008     0.36881501     0.63118491
       16     0.00000106     0.32541365     0.67458529
       17     0.00000106     0.30133251     0.69866642
       18     0.00000006     0.29308858     0.70691136
       19     0.00000141     0.29683640     0.70316219
       20     0.00000049     0.30920126     0.69079825
       21     0.00000037     0.32752930     0.67247033
       22     0.00000150     0.34988232     0.65011618
       23     0.00000024     0.37499464     0.62500512
       24     0.00000052     0.40214469     0.59785480
       25     0.00000120     0.43095343     0.56904536
       26     0.00000013     0.46135426     0.53864562
       27     0.00000056     0.49333950     0.50665995
       28     0.00000111     0.52675654     0.47324235
       29     0.00000016     0.56113087     0.43886896
       30     0.00000042     0.59538105     0.40461853
       31     0.00000108     0.62739282     0.37260610
       32     0.00000034     0.65249650     0.34750316
       33     0.00000019     0.66417427     0.33582554
       34     0.00000097     0.65705488     0.34294415
       35     0.00000066     0.61655848     0.38344085
       36     0.00000005     0.51632354     0.48367641
       37     0.00000074     0.37526848     0.62473078
       38     0.00000119     0.27971881     0.72027999
       39     0.00000028     0.24183427     0.75816545
       40     0.00000021     0.22529720     0.77470259
       41     0.00000119     0.21441649     0.78558232
       42     0.00000080     0.21037618     0.78962302
       43     0.00000003     0.24485048     0.75514949
       44     0.00000053     0.40212892     0.59787055
       45     0.00000071     0.53314803     0.46685127
       46     0.00000032     0.48841270     0.51158698
       47     0.00000038     0.38150829     0.61849133
       48     0.00000041     0.28741173     0.71258785
       49     0.00000029     0.21932720     0.78067251
       50     0.00000049     0.17216191     0.82783760
       51     0.00000050     0.13919482     0.86080468
       52     0.00000023     0.11556191     0.88443786
       53     0.00000041     0.09813397     0.90186562
       54     0.00000062     0.08491054     0.91508884
       55     0.00000030     0.07460939     0.92539032
       56     0.00000026     0.06640475     0.93359500
       57     0.00000065     0.05973886     0.94026049
       58     0.00000049     0.05422619     0.94577332
       59     0.00000016     0.04959842     0.95040142
       60     0.00000052     0.04566969     0.95432979
       61     0.00000070     0.04231527     0.95768403
       62     0.00000022     0.03945880     0.96054097
       63     0.00000029     0.03706645     0.96293325
       64     0.00000078     0.03514709     0.96485214
       65     0.00000047     0.03376020     0.96623933
       66     0.00000012     0.03303615     0.96696373
       67     0.00000063     0.03321929     0.96678007
       68     0.00000076     0.03475649     0.96524275
       69     0.00000017     0.03846223     0.96153760
       70     0.00000033     0.04576882     0.95423085
       71     0.00000086     0.05885241     0.94114673
       72     0.00000046     0.07959888     0.92040066
       73     0.00000012     0.10562326     0.89437662
       74     0.00000064     0.12622560     0.87377377
       75     0.00000071     0.12877095     0.87122834
       76     0.00000017     0.11129177     0.88870806
       77     0.00000035     0.08273352     0.91726613
       78     0.00000082     0.05368792     0.94631126
       79     0.00000043     0.03065771     0.96934186
       80     0.00000012     0.01560795     0.98439194
       81     0.00000000     0.00000000     1.00000000
       82     0.00000027     0.00181292     0.99818682
       83     0.00000045     0.00624961     0.99374994
       84     0.00000011     0.01213585     0.98786404
       85     0.00000007     0.01875081     0.98124912
       86     0.00000045     0.02570833     0.97429122
       87     0.00000038     0.03282311     0.96717651
       88     0.00000002     0.04001515     0.95998483
       89     0.00000022     0.04725154     0.95274824
       90     0.00000054     0.05451438     0.94548508
       91     0.00000025     0.06178460     0.93821515
       92     0.00000002     0.06903644     0.93096355
       93     0.00000038     0.07623691     0.92376271
       94     0.00000059     0.08526740     0.91473201
       95     0.00000027     0.09589235     0.90410737
       96     0.00000006     0.10642117     0.89357877
       97     0.00000020     0.11715027     0.88284953
       98     0.00000024     0.12874994     0.87124981
       99     0.00000008     0.14222914     0.85777077
      100     0.00000000     0.15903822     0.84096178
      101     0.00000004     0.18094191     0.81905805
      102     0.00000014     0.20960930     0.79039057
      103     0.00000019     0.24707614     0.75292366
      104     0.00000007     0.29432928     0.70567065
      105     0.00000004     0.35083517     0.64916479
      106     0.00000031     0.41238127     0.58761842
      107     0.00000037     0.47310658     0.52689305
      108     0.00000011     0.51948294     0.48051695
      109     0.00000023     0.52644788     0.47355189
      110     0.00000057     0.49151287     0.50848656
      111     0.00000037     0.42755246     0.57244717
      112     0.00000019     0.36722318     0.63277663
      113     0.00000062     0.35639683     0.64360255
      114     0.00000070     0.43112471     0.56887459
      115     0.00000022     0.57269410     0.42730569
      116     0.00000012     0.71529369     0.28470620
      117     0.00000027     0.82188845     0.17811127
      118     0.00000011     0.89249789     0.10750200
      119     0.00000001     0.93639557     0.06360442
      120     0.00000010     0.96112202     0.03887788
