#     Density Matrix: population Re; see the manual for detail orders
        0     0.00000000     0.00000000     1.00000000
        1     0.00000001     0.00000000     0.99999999
        2     0.00000002     0.00000020     0.99999978
        3     0.00000007     0.00000228     0.99999764
        4     0.00000010     0.00000884     0.99999106
        5     0.00000021     0.00002048     0.99997931
        6     0.00000027     0.00003665     0.99996308
        7     0.00000044     0.00006247     0.99993709
        8     0.00000053     0.00011769     0.99988177
        9     0.00000072     0.00024641     0.99975287
       10     0.00000078     0.00053985     0.99945936
       11     0.00000093     0.00121735     0.99878172
       12     0.00000091     0.00292254     0.99707656
       13     0.00000100     0.00792531     0.99207369
       14     0.00000086     0.02611266     0.97388648
       15     0.00000083     0.11003042     0.88996875
       16     0.00000044     0.41178942     0.58821014
       17     0.00000030     0.64005422     0.35994548
       18     0.00000081     0.47819718     0.52180201
       19     0.00000135     0.36629996     0.63369868
       20     0.00000064     0.31945711     0.68054225
       21     0.00000007     0.30037730     0.69962263
       22     0.00000103     0.28883676     0.71116220
       23     0.00000049     0.28381021     0.71618930
       24     0.00000021     0.28394858     0.71605121
       25     0.00000103     0.28811078     0.71188819
       26     0.00000029     0.29516498     0.70483474
       27     0.00000015     0.30426123     0.69573862
       28     0.00000065     0.31472221     0.68527714
       29     0.00000020     0.32594332     0.67405648
       30     0.00000010     0.33753418     0.66246572
       31     0.00000051     0.34909480     0.65090469
       32     0.00000020     0.36008812     0.63991168
       33     0.00000006     0.36987663     0.63012331
       34     0.00000051     0.37742690     0.62257259
       35     0.00000032     0.38114620     0.61885349
       36     0.00000002     0.37856416     0.62143582
       37     0.00000048     0.36573943     0.63426009
       38     0.00000054     0.33626981     0.66372964
       39     0.00000007     0.28610473     0.71389521
       40     0.00000039     0.21385231     0.78614730
       41     0.00000089     0.11976440     0.88023471
       42     0.00000037     0.02471768     0.97528195
       43     0.00000017     0.06704413     0.93295570
       44     0.00000094     0.35591049     0.64408857
       45     0.00000101     0.60397720     0.39602179
       46     0.00000030     0.71563594     0.28436375
       47     0.00000073     0.77395126     0.22604801
       48     0.00000158     0.81131491     0.18868351
       49     0.00000102     0.83800868     0.16199030
       50     0.00000053     0.85798395     0.14201552
       51     0.00000157     0.87308602     0.12691241
       52     0.00000202     0.88429771     0.11570027
       53     0.00000099     0.89233327     0.10766575
       54     0.00000100     0.89782453     0.10217447
       55     0.00000230     0.90142337     0.09857433
       56     0.00000219     0.90397290     0.09602491
       57     0.00000102     0.90690125     0.09309773
       58     0.00000141     0.90961893     0.09037966
       59     0.00000252     0.91266931     0.08732817
       60     0.00000201     0.91653948     0.08345851
       61     0.00000095     0.92153646     0.07846259
       62     0.00000144     0.92779279     0.07220577
       63     0.00000233     0.93525173     0.06474594
       64     0.00000172     0.94367432     0.05632395
       65     0.00000074     0.95267166     0.04732761
       66     0.00000116     0.96174727     0.03825157
       67     0.00000201     0.97035879     0.02963921
       68     0.00000157     0.97796444     0.02203399
       69     0.00000064     0.98404795     0.01595141
       70     0.00000092     0.98819084     0.01180824
       71     0.00000000     1.00000000     0.00000000
       72     0.00000221     0.99639034     0.00360745
       73     0.00000458     0.98665238     0.01334305
       74     0.00000236     0.97369210     0.02630555
       75     0.00000001     0.96153987     0.03846012
       76     0.00000186     0.95412086     0.04587728
       77     0.00000360     0.95385241     0.04614399
       78     0.00000198     0.96070653     0.03929149
       79     0.00000022     0.97203502     0.02796476
       80     0.00000092     0.98356121     0.01643787
       81     0.00000000     1.00000000     0.00000000
       82     0.00000095     0.99879246     0.00120659
       83     0.00000192     0.99606859     0.00392948
       84     0.00000098     0.99351889     0.00648013
       85     0.00000001     0.99257928     0.00742071
       86     0.00000060     0.99369125     0.00630815
       87     0.00000138     0.99609208     0.00390654
       88     0.00000099     0.99829934     0.00169967
       89     0.00000010     0.99905930     0.00094059
       90     0.00000041     0.99815941     0.00184018
       91     0.00000143     0.99652322     0.00347535
       92     0.00000113     0.99548404     0.00451483
       93     0.00000016     0.99577239     0.00422745
       94     0.00000032     0.99699153     0.00300815
       95     0.00000137     0.99803936     0.00195927
       96     0.00000151     0.99810333     0.00189516
       97     0.00000036     0.99732735     0.00267229
       98     0.00000019     0.99657675     0.00342306
       99     0.00000149     0.99654369     0.00345482
      100     0.00000201     0.99711513     0.00288287
      101     0.00000086     0.99761624     0.00238290
      102     0.00000003     0.99759097     0.00240900
      103     0.00000152     0.99722265     0.00277582
      104     0.00000313     0.99698956     0.00300730
      105     0.00000218     0.99707339     0.00292443
      106     0.00000039     0.99725395     0.00274566
      107     0.00000119     0.99730700     0.00269181
      108     0.00000424     0.99727850     0.00271726
      109     0.00000506     0.99729020     0.00270474
      110     0.00000262     0.99728448     0.00271290
      111     0.00000135     0.99716064     0.00283801
      112     0.00000440     0.99704813     0.00294747
      113     0.00000865     0.99716925     0.00282210
      114     0.00000877     0.99743078     0.00256045
      115     0.00000537     0.99745330     0.00254133
      116     0.00000440     0.99712951     0.00286610
      117     0.00000891     0.99688052     0.00311057
      118     0.00001514     0.99709665     0.00288821
      119     0.00001656     0.99751255     0.00247088
      120     0.00001287     0.99752160     0.00246553
