#     Density Matrix: population Re; see the manual for detail orders
        0     0.00000000     0.00000000     1.00000000
        1     0.00000008     0.00000762     0.99999230
        2     0.00000010     0.00006144     0.99993846
        3     0.00000024     0.00013415     0.99986561
        4     0.00000024     0.00017463     0.99982513
        5     0.00000044     0.00016153     0.99983802
        6     0.00000041     0.00015253     0.99984706
        7     0.00000062     0.00033330     0.99966609
        8     0.00000062     0.00113579     0.99886359
        9     0.00000067     0.00381268     0.99618665
       10     0.00000078     0.01408194     0.98591728
       11     0.00000054     0.07824944     0.92175002
       12     0.00000054     0.52674760     0.47325187
       13     0.00000023     0.64860772     0.35139206
       14     0.00000263     0.29208963     0.70790774
       15     0.00000168     0.21282186     0.78717646
       16     0.00000054     0.18565976     0.81433970
       17     0.00000195     0.17637854     0.82361952
       18     0.00000053     0.17442656     0.82557291
       19     0.00000048     0.17508312     0.82491640
       20     0.00000118     0.17600045     0.82399837
       21     0.00000013     0.17600166     0.82399821
       22     0.00000036     0.17455359     0.82544605
       23     0.00000065     0.17159549     0.82840386
       24     0.00000009     0.16729115     0.83270877
       25     0.00000026     0.16209400     0.83790574
       26     0.00000035     0.15638506     0.84361459
       27     0.00000018     0.15044582     0.84955401
       28     0.00000022     0.14441180     0.85558797
       29     0.00000026     0.13826005     0.86173968
       30     0.00000036     0.13198374     0.86801590
       31     0.00000023     0.12572055     0.87427922
       32     0.00000018     0.11965204     0.88034778
       33     0.00000030     0.11426737     0.88573234
       34     0.00000029     0.11044950     0.88955022
       35     0.00000018     0.10941686     0.89058296
       36     0.00000021     0.11276223     0.88723756
       37     0.00000029     0.12228651     0.87771320
       38     0.00000030     0.13970546     0.86029424
       39     0.00000045     0.16618096     0.83381859
       40     0.00000038     0.20135755     0.79864207
       41     0.00000074     0.24200064     0.75799862
       42     0.00000104     0.28074501     0.71925395
       43     0.00000024     0.30511249     0.69488727
       44     0.00000108     0.29875406     0.70124486
       45     0.00000096     0.24809814     0.75190089
       46     0.00000021     0.15626657     0.84373322
       47     0.00000154     0.05665380     0.94334466
       48     0.00000058     0.00261174     0.99738768
       49     0.00000061     0.02471209     0.97528730
       50     0.00000157     0.09991260     0.90008584
       51     0.00000015     0.17488660     0.82511325
       52     0.00000144     0.21004637     0.78995219
       53     0.00000070     0.19848067     0.80151863
       54     0.00000077     0.15828618     0.84171304
       55     0.00000181     0.11572496     0.88427323
       56     0.00000010     0.09083347     0.90916644
       57     0.00000208     0.08972224     0.91027567
       58     0.00000044     0.10512874     0.89487082
       59     0.00000104     0.12307249     0.87692648
       60     0.00000084     0.13200291     0.86799625
       61     0.00000052     0.12892314     0.87107634
       62     0.00000132     0.11905097     0.88094772
       63     0.00000010     0.11094631     0.88905359
       64     0.00000100     0.10979375     0.89020525
       65     0.00000012     0.11427702     0.88572286
       66     0.00000086     0.11926918     0.88072996
       67     0.00000019     0.12072018     0.87927963
       68     0.00000080     0.11868192     0.88131728
       69     0.00000034     0.11610881     0.88389085
       70     0.00000054     0.11531924     0.88468023
       71     0.00000044     0.11604384     0.88395572
       72     0.00000052     0.11671345     0.88328603
       73     0.00000034     0.11679883     0.88320083
       74     0.00000051     0.11711505     0.88288444
       75     0.00000063     0.11797621     0.88202316
       76     0.00000025     0.11818086     0.88181889
       77     0.00000044     0.11664561     0.88335395
       78     0.00000059     0.11458346     0.88541595
       79     0.00000041     0.11468626     0.88531333
       80     0.00000029     0.11735833     0.88264138
       81     0.00000079     0.11986336     0.88013585
       82     0.00000042     0.11878284     0.88121674
       83     0.00000020     0.11455055     0.88544925
       84     0.00000069     0.11186013     0.88813918
       85     0.00000071     0.11448597     0.88551333
       86     0.00000014     0.12018994     0.87980992
       87     0.00000051     0.12250042     0.87749907
       88     0.00000093     0.11811656     0.88188252
       89     0.00000041     0.11119324     0.88880635
       90     0.00000016     0.10961961     0.89038023
       91     0.00000112     0.11580984     0.88418903
       92     0.00000094     0.12356037     0.87643868
       93     0.00000011     0.12433298     0.87566691
       94     0.00000048     0.11694889     0.88305063
       95     0.00000104     0.10905170     0.89094726
       96     0.00000090     0.10877734     0.89122176
       97     0.00000001     0.11646630     0.88353370
       98     0.00000114     0.12426725     0.87573161
       99     0.00000094     0.12462256     0.87537650
      100     0.00000036     0.11745887     0.88254077
      101     0.00000010     0.10993818     0.89006171
      102     0.00000081     0.10910311     0.89089608
      103     0.00000201     0.11520117     0.88479682
      104     0.00000034     0.12219662     0.87780304
      105     0.00000034     0.12364600     0.87635367
      106     0.00000057     0.11888612     0.88111331
      107     0.00000076     0.11289338     0.88710585
      108     0.00000124     0.11105581     0.88894295
      109     0.00000010     0.11431405     0.88568585
      110     0.00000110     0.11900174     0.88099716
      111     0.00000131     0.12078730     0.87921138
      112     0.00000020     0.11883286     0.88116693
      113     0.00000045     0.11565206     0.88434749
      114     0.00000001     0.11422453     0.88577546
      115     0.00000165     0.11531452     0.88468383
      116     0.00000202     0.11720604     0.88279194
      117     0.00000013     0.11802725     0.88197262
      118     0.00000032     0.11751713     0.88248255
      119     0.00000013     0.11681147     0.88318840
      120     0.00000113     0.11659894     0.88339993
