#     Density Matrix: population Re; see the manual for detail orders
        0     0.00000000     0.00000000     1.00000000
        1     0.00000004     0.00000735     0.99999261
        2     0.00000007     0.00007921     0.99992073
        3     0.00000013     0.00025688     0.99974299
        4     0.00000021     0.00053408     0.99946571
        5     0.00000027     0.00090873     0.99909100
        6     0.00000039     0.00156631     0.99843330
        7     0.00000040     0.00334973     0.99664987
        8     0.00000057     0.00931764     0.99068180
        9     0.00000044     0.03176854     0.96823101
       10     0.00000061     0.12713831     0.87286108
       11     0.00000027     0.41893854     0.58106119
       12     0.00000014     0.59271927     0.40728059
       13     0.00000030     0.43484353     0.56515617
       14     0.00000052     0.28608265     0.71391683
       15     0.00000040     0.20134671     0.79865289
       16     0.00000054     0.15690215     0.84309731
       17     0.00000042     0.13583526     0.86416433
       18     0.00000044     0.12823696     0.87176260
       19     0.00000069     0.12827975     0.87171956
       20     0.00000021     0.13253376     0.86746603
       21     0.00000049     0.13899384     0.86100567
       22     0.00000035     0.14651021     0.85348944
       23     0.00000030     0.15436038     0.84563932
       24     0.00000050     0.16200261     0.83799689
       25     0.00000028     0.16883139     0.83116833
       26     0.00000024     0.17397270     0.82602705
       27     0.00000042     0.17600466     0.82399492
       28     0.00000026     0.17303483     0.82696492
       29     0.00000017     0.16471829     0.83528154
       30     0.00000037     0.15135587     0.84864376
       31     0.00000035     0.13349522     0.86650443
       32     0.00000018     0.11107117     0.88892865
       33     0.00000032     0.08062920     0.91937048
       34     0.00000041     0.02092903     0.97907056
       35     0.00000018     0.15400465     0.84599517
       36     0.00000027     0.60484851     0.39515122
       37     0.00000054     0.70041631     0.29958315
       38     0.00000036     0.72747563     0.27252401
       39     0.00000018     0.73977360     0.26022622
       40     0.00000055     0.74676220     0.25323725
       41     0.00000064     0.75158280     0.24841656
       42     0.00000026     0.75590671     0.24409304
       43     0.00000036     0.76134844     0.23865121
       44     0.00000075     0.76926702     0.23073223
       45     0.00000054     0.77864790     0.22135156
       46     0.00000025     0.78926614     0.21073361
       47     0.00000059     0.80096989     0.19902952
       48     0.00000081     0.81363892     0.18636027
       49     0.00000042     0.82712682     0.17287276
       50     0.00000031     0.84121525     0.15878444
       51     0.00000073     0.85560213     0.14439714
       52     0.00000072     0.86992613     0.13007316
       53     0.00000030     0.88381667     0.11618303
       54     0.00000035     0.89695126     0.10304839
       55     0.00000067     0.90909827     0.09090106
       56     0.00000054     0.92013074     0.07986872
       57     0.00000023     0.93001588     0.06998389
       58     0.00000027     0.93879179     0.06120794
       59     0.00000046     0.94653932     0.05346022
       60     0.00000037     0.95335667     0.04664296
       61     0.00000013     0.95933828     0.04066159
       62     0.00000015     0.96457842     0.03542142
       63     0.00000048     0.96912259     0.03087694
       64     0.00000063     0.97299994     0.02699943
       65     0.00000040     0.97623658     0.02376303
       66     0.00000033     0.97883456     0.02116512
       67     0.00000089     0.98080432     0.01919479
       68     0.00000142     0.98217148     0.01782711
       69     0.00000119     0.98298805     0.01701077
       70     0.00000100     0.98333859     0.01666042
       71     0.00000178     0.98334359     0.01665463
       72     0.00000260     0.98315478     0.01684262
       73     0.00000230     0.98293954     0.01705816
       74     0.00000177     0.98287071     0.01712751
       75     0.00000228     0.98308234     0.01691538
       76     0.00000320     0.98364719     0.01634961
       77     0.00000315     0.98462083     0.01537602
       78     0.00000228     0.98600343     0.01399429
       79     0.00000219     0.98773726     0.01226055
       80     0.00000336     0.98972655     0.01027009
       81     0.00000000     1.00000000     0.00000000
       82     0.00000624     0.99988444     0.00010932
       83     0.00001561     0.99953783     0.00044656
       84     0.00001342     0.99899263     0.00099395
       85     0.00000310     0.99831316     0.00168374
       86     0.00000108     0.99759891     0.00240001
       87     0.00001117     0.99698858     0.00300025
       88     0.00001860     0.99663679     0.00334461
       89     0.00001253     0.99665874     0.00332873
       90     0.00000201     0.99707503     0.00292295
       91     0.00000234     0.99779878     0.00219888
       92     0.00001369     0.99866220     0.00132411
       93     0.00002139     0.99944422     0.00053439
       94     0.00001514     0.99991897     0.00006589
       95     0.00000334     0.99992433     0.00007233
       96     0.00000243     0.99943385     0.00056373
       97     0.00001492     0.99860569     0.00137939
       98     0.00002530     0.99775275     0.00222195
       99     0.00002043     0.99722506     0.00275451
      100     0.00000693     0.99725536     0.00273772
      101     0.00000184     0.99784827     0.00214989
      102     0.00001185     0.99875911     0.00122904
      103     0.00002651     0.99958831     0.00038518
      104     0.00003015     0.99995044     0.00001941
      105     0.00001888     0.99967164     0.00030948
      106     0.00000602     0.99891247     0.00108150
      107     0.00000780     0.99812098     0.00187122
      108     0.00002467     0.99779300     0.00218233
      109     0.00004092     0.99815612     0.00180296
      110     0.00004186     0.99898376     0.00097438
      111     0.00002832     0.99971191     0.00025977
      112     0.00001532     0.99982804     0.00015664
      113     0.00001987     0.99927400     0.00070614
      114     0.00004413     0.99852785     0.00142802
      115     0.00007213     0.99823219     0.00169568
      116     0.00008521     0.99864023     0.00127456
      117     0.00007846     0.99936087     0.00056066
      118     0.00006270     0.99971003     0.00022727
      119     0.00005825     0.99937315     0.00056860
      120     0.00008236     0.99874095     0.00117669
