#     Density Matrix: population Re; see the manual for detail orders
        0     0.00000000     0.00000000     1.00000000
        1     0.00000001     0.00000224     0.99999775
        2     0.00000000     0.00001791     0.99998209
        3     0.00000000     0.00003510     0.99996490
        4     0.00000000     0.00003538     0.99996461
        5     0.00000001     0.00002436     0.99997563
        6     0.00000003     0.00002999     0.99996998
        7     0.00000007     0.00007371     0.99992623
        8     0.00000012     0.00016031     0.99983957
        9     0.00000017     0.00030303     0.99969680
       10     0.00000021     0.00056994     0.99942985
       11     0.00000025     0.00116198     0.99883777
       12     0.00000029     0.00262279     0.99737691
       13     0.00000033     0.00654098     0.99345868
       14     0.00000037     0.01802409     0.98197555
       15     0.00000038     0.05366496     0.94633465
       16     0.00000036     0.14896435     0.85103529
       17     0.00000016     0.65424791     0.34575192
       18     0.00000017     0.53326073     0.46673909
       19     0.00000069     0.29349069     0.70650863
       20     0.00000032     0.17074750     0.82925218
       21     0.00000063     0.09957110     0.90042827
       22     0.00000058     0.06185160     0.93814782
       23     0.00000050     0.04351495     0.95648456
       24     0.00000055     0.03559107     0.96440839
       25     0.00000048     0.03278152     0.96721800
       26     0.00000048     0.03212469     0.96787483
       27     0.00000049     0.03204629     0.96795322
       28     0.00000046     0.03177008     0.96822946
       29     0.00000045     0.03095337     0.96904618
       30     0.00000045     0.02949636     0.97050319
       31     0.00000043     0.02741162     0.97258795
       32     0.00000043     0.02477170     0.97522787
       33     0.00000044     0.02169102     0.97830854
       34     0.00000044     0.01833768     0.98166188
       35     0.00000044     0.01497759     0.98502198
       36     0.00000044     0.01206687     0.98793269
       37     0.00000044     0.01042835     0.98957120
       38     0.00000045     0.01160862     0.98839093
       39     0.00000046     0.01857447     0.98142507
       40     0.00000047     0.03696673     0.96303281
       41     0.00000047     0.07675548     0.92324405
       42     0.00000048     0.15208035     0.84791917
       43     0.00000048     0.27377022     0.72622930
       44     0.00000049     0.43652504     0.56347447
       45     0.00000047     0.62352048     0.37647906
       46     0.00000055     0.81919481     0.18080464
       47     0.00000078     0.95175378     0.04824544
       48     0.00000071     0.99430201     0.00569728
       49     0.00000057     0.99819034     0.00180909
       50     0.00000072     0.99272814     0.00727114
       51     0.00000085     0.98597122     0.01402794
       52     0.00000075     0.97983577     0.02016347
       53     0.00000076     0.97476440     0.02523484
       54     0.00000092     0.97085556     0.02914352
       55     0.00000096     0.96812688     0.03187216
       56     0.00000091     0.96657147     0.03342762
       57     0.00000099     0.96614635     0.03385266
       58     0.00000112     0.96676277     0.03323610
       59     0.00000114     0.96824745     0.03175140
       60     0.00000117     0.97032294     0.02967589
       61     0.00000130     0.97258693     0.02741177
       62     0.00000142     0.97451119     0.02548739
       63     0.00000148     0.97544878     0.02454974
       64     0.00000157     0.97469891     0.02529951
       65     0.00000171     0.97159472     0.02840357
       66     0.00000181     0.96564515     0.03435304
       67     0.00000186     0.95669817     0.04329997
       68     0.00000192     0.94512478     0.05487331
       69     0.00000194     0.93194809     0.06804997
       70     0.00000189     0.91888097     0.08111713
       71     0.00000179     0.90817437     0.09182383
       72     0.00000166     0.90228019     0.09771815
       73     0.00000149     0.90323946     0.09675906
       74     0.00000129     0.91200680     0.08799191
       75     0.00000112     0.92787721     0.07212167
       76     0.00000099     0.94827889     0.05172012
       77     0.00000092     0.96925571     0.03074337
       78     0.00000091     0.98656775     0.01343133
       79     0.00000095     0.99708597     0.00291308
       80     0.00000101     0.99990848     0.00009051
       81     0.00000104     0.99663305     0.00336591
       82     0.00000103     0.99061488     0.00938409
       83     0.00000098     0.98552765     0.01447137
       84     0.00000089     0.98387667     0.01612243
       85     0.00000079     0.98614177     0.01385744
       86     0.00000072     0.99091105     0.00908824
       87     0.00000068     0.99587628     0.00412304
       88     0.00000068     0.99911884     0.00088048
       89     0.00000071     0.99999092     0.00000838
       90     0.00000073     0.99917032     0.00082895
       91     0.00000074     0.99798365     0.00201561
       92     0.00000074     0.99750464     0.00249462
       93     0.00000074     0.99799790     0.00200136
       94     0.00000076     0.99898561     0.00101363
       95     0.00000081     0.99977410     0.00022509
       96     0.00000089     0.99999603     0.00000307
       97     0.00000099     0.99978504     0.00021397
       98     0.00000109     0.99953528     0.00046362
       99     0.00000121     0.99952358     0.00047521
      100     0.00000136     0.99972605     0.00027259
      101     0.00000155     0.99993430     0.00006414
      102     0.00000180     0.99999719     0.00000101
      103     0.00000209     0.99994023     0.00005768
      104     0.00000242     0.99988497     0.00011261
      105     0.00000281     0.99990109     0.00009610
      106     0.00000327     0.99995727     0.00003946
      107     0.00000383     0.99999120     0.00000497
      108     0.00000448     0.99998714     0.00000838
      109     0.00000523     0.99997384     0.00002093
      110     0.00000608     0.99997371     0.00002020
      111     0.00000707     0.99998112     0.00001181
      112     0.00000822     0.99998448     0.00000730
      113     0.00000956     0.99998485     0.00000559
      114     0.00001108     0.99998639     0.00000254
      115     0.00001279     0.99998541     0.00000179
      116     0.00001476     0.99997896     0.00000629
      117     0.00001702     0.99997333     0.00000966
      118     0.00001961     0.99997428     0.00000611
      119     0.00002256     0.99997632     0.00000112
      120     0.00002593     0.99997118     0.00000289
