#     Density Matrix: population Re; see the manual for detail orders
        0     0.00000000     0.00000000     1.00000000
        1     0.00000002     0.00000162     0.99999836
        2     0.00000003     0.00000870     0.99999127
        3     0.00000009     0.00000963     0.99999028
        4     0.00000010     0.00000830     0.99999159
        5     0.00000016     0.00001487     0.99998496
        6     0.00000019     0.00002809     0.99997172
        7     0.00000023     0.00004427     0.99995550
        8     0.00000026     0.00007829     0.99992145
        9     0.00000029     0.00017645     0.99982326
       10     0.00000031     0.00044382     0.99955587
       11     0.00000033     0.00117391     0.99882576
       12     0.00000035     0.00342933     0.99657032
       13     0.00000037     0.01222724     0.98777239
       14     0.00000036     0.06044043     0.93955921
       15     0.00000018     0.67313956     0.32686026
       16     0.00000002     0.56805893     0.43194105
       17     0.00000055     0.17280998     0.82718946
       18     0.00000029     0.08117024     0.91882948
       19     0.00000034     0.04277465     0.95722501
       20     0.00000041     0.02685898     0.97314061
       21     0.00000033     0.02076936     0.97923032
       22     0.00000038     0.01885943     0.98114020
       23     0.00000039     0.01851551     0.98148410
       24     0.00000045     0.01854490     0.98145465
       25     0.00000047     0.01841657     0.98158296
       26     0.00000028     0.01790924     0.98209048
       27     0.00000038     0.01695942     0.98304021
       28     0.00000033     0.01554941     0.98445026
       29     0.00000028     0.01367136     0.98632835
       30     0.00000033     0.01134027     0.98865939
       31     0.00000033     0.00864614     0.99135353
       32     0.00000031     0.00599012     0.99400957
       33     0.00000037     0.00499014     0.99500949
       34     0.00000035     0.01258332     0.98741633
       35     0.00000029     0.06574056     0.93425916
       36     0.00000035     0.26877810     0.73122155
       37     0.00000039     0.57696295     0.42303666
       38     0.00000030     0.75520740     0.24479230
       39     0.00000031     0.82595469     0.17404501
       40     0.00000037     0.85861543     0.14138419
       41     0.00000034     0.87664139     0.12335827
       42     0.00000029     0.88799586     0.11200385
       43     0.00000033     0.89589673     0.10410294
       44     0.00000036     0.90185147     0.09814817
       45     0.00000033     0.90662579     0.09337388
       46     0.00000031     0.91064112     0.08935856
       47     0.00000035     0.91410512     0.08589452
       48     0.00000036     0.91713541     0.08286423
       49     0.00000033     0.91978544     0.08021422
       50     0.00000034     0.92206233     0.07793734
       51     0.00000037     0.92395847     0.07604117
       52     0.00000037     0.92546620     0.07453343
       53     0.00000036     0.92658070     0.07341894
       54     0.00000035     0.92731695     0.07268270
       55     0.00000039     0.92771730     0.07228231
       56     0.00000042     0.92783882     0.07216076
       57     0.00000041     0.92775830     0.07224129
       58     0.00000042     0.92756545     0.07243413
       59     0.00000046     0.92736223     0.07263731
       60     0.00000049     0.92724085     0.07275866
       61     0.00000050     0.92728631     0.07271319
       62     0.00000053     0.92756015     0.07243933
       63     0.00000058     0.92806841     0.07193101
       64     0.00000062     0.92881172     0.07118766
       65     0.00000065     0.92977382     0.07022554
       66     0.00000068     0.93090449     0.06909483
       67     0.00000074     0.93213897     0.06786028
       68     0.00000081     0.93340646     0.06659274
       69     0.00000084     0.93465189     0.06534727
       70     0.00000087     0.93582661     0.06417251
       71     0.00000093     0.93690834     0.06309073
       72     0.00000101     0.93789472     0.06210428
       73     0.00000108     0.93880283     0.06119610
       74     0.00000113     0.93966332     0.06033555
       75     0.00000120     0.94051080     0.05948800
       76     0.00000129     0.94138151     0.05861720
       77     0.00000140     0.94229634     0.05770226
       78     0.00000150     0.94326217     0.05673633
       79     0.00000159     0.94426732     0.05573109
       80     0.00000168     0.94528968     0.05470864
       81     0.00000179     0.94629270     0.05370551
       82     0.00000190     0.94724469     0.05275341
       83     0.00000199     0.94811908     0.05187893
       84     0.00000204     0.94889866     0.05109929
       85     0.00000209     0.94959511     0.05040280
       86     0.00000215     0.95023706     0.04976078
       87     0.00000224     0.95086883     0.04912892
       88     0.00000233     0.95154411     0.04845357
       89     0.00000240     0.95231113     0.04768647
       90     0.00000246     0.95320754     0.04679000
       91     0.00000251     0.95424356     0.04575393
       92     0.00000256     0.95540688     0.04459056
       93     0.00000262     0.95665976     0.04333763
       94     0.00000266     0.95794704     0.04205029
       95     0.00000269     0.95920437     0.04079293
       96     0.00000270     0.96037519     0.03962211
       97     0.00000269     0.96142195     0.03857536
       98     0.00000267     0.96233799     0.03765934
       99     0.00000265     0.96314612     0.03685123
      100     0.00000262     0.96389595     0.03610143
      101     0.00000258     0.96465160     0.03534583
      102     0.00000253     0.96547189     0.03452558
      103     0.00000247     0.96639771     0.03359982
      104     0.00000240     0.96743506     0.03256254
      105     0.00000232     0.96854944     0.03144825
      106     0.00000221     0.96967190     0.03032589
      107     0.00000208     0.97071328     0.02928465
      108     0.00000192     0.97158363     0.02841445
      109     0.00000176     0.97221661     0.02778162
      110     0.00000161     0.97258863     0.02740976
      111     0.00000144     0.97272666     0.02727189
      112     0.00000127     0.97270220     0.02729653
      113     0.00000109     0.97261387     0.02738504
      114     0.00000094     0.97256730     0.02743176
      115     0.00000082     0.97264393     0.02735526
      116     0.00000071     0.97286939     0.02712990
      117     0.00000060     0.97321086     0.02678853
      118     0.00000048     0.97358933     0.02641018
      119     0.00000035     0.97389991     0.02609974
      120     0.00000023     0.97405279     0.02594698
