#     Density Matrix: population Re; see the manual for detail orders
        0     0.00000000     0.00000000     1.00000000
        1     0.00000001     0.00000141     0.99999859
        2     0.00000000     0.00000728     0.99999271
        3     0.00000000     0.00000799     0.99999201
        4     0.00000003     0.00000877     0.99999121
        5     0.00000003     0.00001680     0.99998317
        6     0.00000007     0.00002539     0.99997454
        7     0.00000009     0.00002766     0.99997225
        8     0.00000013     0.00003505     0.99996482
        9     0.00000016     0.00007277     0.99992707
       10     0.00000021     0.00016881     0.99983099
       11     0.00000025     0.00037052     0.99962924
       12     0.00000029     0.00081603     0.99918368
       13     0.00000032     0.00195601     0.99804368
       14     0.00000033     0.00545457     0.99454510
       15     0.00000043     0.01895541     0.98104415
       16     0.00000051     0.08640858     0.91359091
       17     0.00000022     0.69034613     0.30965366
       18     0.00000003     0.56040005     0.43959992
       19     0.00000058     0.19513373     0.80486569
       20     0.00000036     0.09641999     0.90357966
       21     0.00000049     0.05198233     0.94801717
       22     0.00000039     0.03273958     0.96726003
       23     0.00000043     0.02516375     0.97483582
       24     0.00000048     0.02278853     0.97721099
       25     0.00000053     0.02250079     0.97749868
       26     0.00000077     0.02281141     0.97718782
       27     0.00000067     0.02301224     0.97698709
       28     0.00000032     0.02277820     0.97722149
       29     0.00000059     0.02193663     0.97806278
       30     0.00000055     0.02040577     0.97959367
       31     0.00000039     0.01807809     0.98192152
       32     0.00000051     0.01482280     0.98517669
       33     0.00000045     0.01060935     0.98939021
       34     0.00000041     0.00602492     0.99397467
       35     0.00000050     0.00544242     0.99455708
       36     0.00000048     0.03908951     0.96091001
       37     0.00000042     0.23399620     0.76600338
       38     0.00000051     0.57200943     0.42799005
       39     0.00000066     0.77759279     0.22240655
       40     0.00000074     0.86078439     0.13921486
       41     0.00000065     0.89615094     0.10384841
       42     0.00000065     0.91450698     0.08549236
       43     0.00000074     0.92555905     0.07444020
       44     0.00000072     0.93293739     0.06706189
       45     0.00000067     0.93823591     0.06176342
       46     0.00000069     0.94222207     0.05777724
       47     0.00000069     0.94532062     0.05467870
       48     0.00000072     0.94778613     0.05221315
       49     0.00000073     0.94976125     0.05023801
       50     0.00000070     0.95134627     0.04865303
       51     0.00000068     0.95261450     0.04738482
       52     0.00000072     0.95363011     0.04636917
       53     0.00000070     0.95446172     0.04553758
       54     0.00000065     0.95516956     0.04482978
       55     0.00000066     0.95582009     0.04417926
       56     0.00000068     0.95647846     0.04352086
       57     0.00000065     0.95720891     0.04279043
       58     0.00000062     0.95806408     0.04193530
       59     0.00000063     0.95908439     0.04091499
       60     0.00000065     0.96029211     0.03970725
       61     0.00000065     0.96168803     0.03831132
       62     0.00000065     0.96325708     0.03674227
       63     0.00000069     0.96495543     0.03504388
       64     0.00000072     0.96671312     0.03328616
       65     0.00000078     0.96843804     0.03156118
       66     0.00000085     0.97006013     0.02993902
       67     0.00000094     0.97150660     0.02849246
       68     0.00000102     0.97270694     0.02729204
       69     0.00000112     0.97361361     0.02638526
       70     0.00000128     0.97419916     0.02579957
       71     0.00000143     0.97446796     0.02553061
       72     0.00000158     0.97444883     0.02554959
       73     0.00000174     0.97419884     0.02579943
       74     0.00000188     0.97380292     0.02619520
       75     0.00000200     0.97335536     0.02664264
       76     0.00000209     0.97296730     0.02703061
       77     0.00000215     0.97274124     0.02725661
       78     0.00000219     0.97277982     0.02721799
       79     0.00000220     0.97317224     0.02682556
       80     0.00000215     0.97397622     0.02602163
       81     0.00000206     0.97522562     0.02477232
       82     0.00000202     0.97690665     0.02309133
       83     0.00000201     0.97895889     0.02103910
       84     0.00000205     0.98126469     0.01873326
       85     0.00000210     0.98365635     0.01634156
       86     0.00000227     0.98592878     0.01406895
       87     0.00000255     0.98786087     0.01213659
       88     0.00000287     0.98925037     0.01074676
       89     0.00000318     0.98995104     0.01004578
       90     0.00000349     0.98990925     0.01008726
       91     0.00000383     0.98919117     0.01080500
       92     0.00000411     0.98799734     0.01199855
       93     0.00000423     0.98663033     0.01336545
       94     0.00000420     0.98545545     0.01454035
       95     0.00000410     0.98482946     0.01516645
       96     0.00000395     0.98501906     0.01497699
       97     0.00000379     0.98613350     0.01386272
       98     0.00000363     0.98807990     0.01191648
       99     0.00000354     0.99057272     0.00942375
      100     0.00000361     0.99319057     0.00680582
      101     0.00000387     0.99547896     0.00451717
      102     0.00000428     0.99705262     0.00294310
      103     0.00000477     0.99770446     0.00229077
      104     0.00000532     0.99746778     0.00252690
      105     0.00000587     0.99660315     0.00339099
      106     0.00000628     0.99552650     0.00446723
      107     0.00000658     0.99468820     0.00530522
      108     0.00000672     0.99443056     0.00556272
      109     0.00000673     0.99488956     0.00510371
      110     0.00000690     0.99595456     0.00403854
      111     0.00000733     0.99731267     0.00268000
      112     0.00000801     0.99856519     0.00142680
      113     0.00000889     0.99937420     0.00061692
      114     0.00000987     0.99958664     0.00040348
      115     0.00001090     0.99928532     0.00070378
      116     0.00001190     0.99874325     0.00124485
      117     0.00001283     0.99829873     0.00168844
      118     0.00001345     0.99820429     0.00178226
      119     0.00001357     0.99851759     0.00146884
      120     0.00001416     0.99908688     0.00089896
