#     Density Matrix: population Re; see the manual for detail orders
        0     0.00000000     0.00000000     1.00000000
        1     0.00000002     0.00000534     0.99999464
        2     0.00000003     0.00002641     0.99997356
        3     0.00000010     0.00002593     0.99997398
        4     0.00000013     0.00003216     0.99996771
        5     0.00000020     0.00007431     0.99992549
        6     0.00000022     0.00012540     0.99987438
        7     0.00000026     0.00017406     0.99982567
        8     0.00000029     0.00029092     0.99970879
        9     0.00000031     0.00064437     0.99935532
       10     0.00000034     0.00159863     0.99840103
       11     0.00000036     0.00420903     0.99579061
       12     0.00000038     0.01230717     0.98769245
       13     0.00000039     0.04201683     0.95798278
       14     0.00000023     0.58588001     0.41411977
       15     0.00000006     0.84129873     0.15870121
       16     0.00000020     0.63718433     0.36281547
       17     0.00000050     0.57283754     0.42716196
       18     0.00000039     0.60197879     0.39802082
       19     0.00000033     0.65076371     0.34923596
       20     0.00000027     0.69750145     0.30249829
       21     0.00000018     0.73642184     0.26357797
       22     0.00000013     0.76687207     0.23312780
       23     0.00000008     0.78989249     0.21010743
       24     0.00000004     0.80681983     0.19318013
       25     0.00000002     0.81902257     0.18097741
       26     0.00000001     0.82766143     0.17233857
       27     0.00000000     0.83369045     0.16630955
       28     0.00000000     0.83792223     0.16207777
       29     0.00000001     0.84103675     0.15896323
       30     0.00000002     0.84361730     0.15638267
       31     0.00000003     0.84621905     0.15378092
       32     0.00000004     0.84936972     0.15063024
       33     0.00000005     0.85359018     0.14640977
       34     0.00000005     0.85937279     0.14062716
       35     0.00000005     0.86716372     0.13283623
       36     0.00000005     0.87727501     0.12272495
       37     0.00000004     0.88977479     0.11022517
       38     0.00000003     0.90436299     0.09563697
       39     0.00000003     0.92018208     0.07981790
       40     0.00000002     0.93568591     0.06431407
       41     0.00000002     0.94858028     0.05141970
       42     0.00000002     0.95589629     0.04410369
       43     0.00000003     0.95435534     0.04564463
       44     0.00000003     0.94106997     0.05893000
       45     0.00000004     0.91469699     0.08530298
       46     0.00000004     0.87695459     0.12304537
       47     0.00000005     0.83438710     0.16561285
       48     0.00000005     0.79926488     0.20073507
       49     0.00000006     0.78746702     0.21253292
       50     0.00000006     0.81015065     0.18984929
       51     0.00000005     0.86206517     0.13793479
       52     0.00000003     0.92090404     0.07909593
       53     0.00000002     0.96439863     0.03560136
       54     0.00000001     0.98546052     0.01453947
       55     0.00000001     0.99020151     0.00979847
       56     0.00000001     0.98822417     0.01177582
       57     0.00000002     0.98637443     0.01362556
       58     0.00000001     0.98736317     0.01263681
       59     0.00000001     0.99083109     0.00916890
       60     0.00000001     0.99504007     0.00495992
       61     0.00000001     0.99831012     0.00168988
       62     0.00000001     0.99984094     0.00015904
       63     0.00000002     0.99984327     0.00015671
       64     0.00000002     0.99914241     0.00085757
       65     0.00000002     0.99858215     0.00141783
       66     0.00000003     0.99857810     0.00142188
       67     0.00000003     0.99902722     0.00097275
       68     0.00000003     0.99954673     0.00045323
       69     0.00000004     0.99982113     0.00017882
       70     0.00000006     0.99980414     0.00019581
       71     0.00000007     0.99966725     0.00033268
       72     0.00000009     0.99959444     0.00040547
       73     0.00000010     0.99962795     0.00037195
       74     0.00000013     0.99968936     0.00031052
       75     0.00000016     0.99971366     0.00028618
       76     0.00000020     0.99972749     0.00027231
       77     0.00000024     0.99978561     0.00021415
       78     0.00000029     0.99986152     0.00013820
       79     0.00000034     0.99985308     0.00014658
       80     0.00000040     0.99971915     0.00028045
       81     0.00000047     0.99957470     0.00042483
       82     0.00000055     0.99959179     0.00040766
       83     0.00000063     0.99979072     0.00020865
       84     0.00000072     0.99997530     0.00002398
       85     0.00000081     0.99992590     0.00007328
       86     0.00000091     0.99965248     0.00034661
       87     0.00000102     0.99941049     0.00058849
       88     0.00000113     0.99943972     0.00055915
       89     0.00000125     0.99970625     0.00029251
       90     0.00000137     0.99993190     0.00006673
       91     0.00000149     0.99987774     0.00012077
       92     0.00000162     0.99957921     0.00041918
       93     0.00000175     0.99929901     0.00069924
       94     0.00000188     0.99926652     0.00073160
       95     0.00000201     0.99947352     0.00052447
       96     0.00000215     0.99970974     0.00028811
       97     0.00000228     0.99977141     0.00022631
       98     0.00000240     0.99963257     0.00036503
       99     0.00000253     0.99943824     0.00055923
      100     0.00000265     0.99935749     0.00063986
      101     0.00000277     0.99944579     0.00055144
      102     0.00000288     0.99962596     0.00037116
      103     0.00000299     0.99977488     0.00022213
      104     0.00000308     0.99982408     0.00017284
      105     0.00000317     0.99979424     0.00020259
      106     0.00000326     0.99975548     0.00024125
      107     0.00000335     0.99976291     0.00023374
      108     0.00000343     0.99982151     0.00017505
      109     0.00000351     0.99989737     0.00009911
      110     0.00000359     0.99995320     0.00004321
      111     0.00000366     0.99997519     0.00002115
      112     0.00000373     0.99997447     0.00002180
      113     0.00000381     0.99997031     0.00002589
      114     0.00000390     0.99997350     0.00002260
      115     0.00000399     0.99998235     0.00001365
      116     0.00000410     0.99999001     0.00000589
      117     0.00000421     0.99999302     0.00000277
      118     0.00000435     0.99999329     0.00000236
      119     0.00000451     0.99999384     0.00000166
      120     0.00000470     0.99999462     0.00000069
