#     Density Matrix: population Re; see the manual for detail orders
        0     0.00000000     0.00000000     1.00000000
        1     0.00000003     0.00002136     0.99997861
        2     0.00000005     0.00019102     0.99980893
        3     0.00000011     0.00048685     0.99951305
        4     0.00000014     0.00077657     0.99922329
        5     0.00000024     0.00097063     0.99902913
        6     0.00000028     0.00126543     0.99873430
        7     0.00000036     0.00255208     0.99744756
        8     0.00000041     0.00749088     0.99250870
        9     0.00000042     0.02474351     0.97525606
       10     0.00000047     0.08753671     0.91246282
       11     0.00000028     0.28857994     0.71141978
       12     0.00000045     0.57389479     0.42610476
       13     0.00000039     0.48905133     0.51094828
       14     0.00000156     0.36281384     0.63718460
       15     0.00000081     0.29592621     0.70407299
       16     0.00000079     0.26263770     0.73736150
       17     0.00000109     0.24784224     0.75215667
       18     0.00000028     0.24289816     0.75710156
       19     0.00000061     0.24251123     0.75748816
       20     0.00000059     0.24339660     0.75660281
       21     0.00000009     0.24361664     0.75638327
       22     0.00000041     0.24216742     0.75783217
       23     0.00000030     0.23865389     0.76134582
       24     0.00000001     0.23303495     0.76696504
       25     0.00000020     0.22561169     0.77438810
       26     0.00000008     0.21646808     0.78353184
       27     0.00000001     0.20580334     0.79419665
       28     0.00000005     0.19435060     0.80564935
       29     0.00000000     0.18295209     0.81704791
       30     0.00000001     0.17293665     0.82706335
       31     0.00000002     0.16619674     0.83380324
       32     0.00000003     0.16509588     0.83490409
       33     0.00000000     0.17231117     0.82768883
       34     0.00000001     0.19041076     0.80958923
       35     0.00000001     0.22104978     0.77895021
       36     0.00000007     0.26381090     0.73618903
       37     0.00000016     0.31470714     0.68529270
       38     0.00000002     0.36481555     0.63518443
       39     0.00000022     0.39982797     0.60017180
       40     0.00000035     0.40231402     0.59768563
       41     0.00000000     0.35846607     0.64153393
       42     0.00000056     0.26916897     0.73083047
       43     0.00000051     0.15891700     0.84108250
       44     0.00000004     0.07080239     0.92919757
       45     0.00000088     0.04256944     0.95742968
       46     0.00000033     0.08094024     0.91905943
       47     0.00000025     0.15831540     0.84168435
       48     0.00000086     0.23280468     0.76719446
       49     0.00000001     0.27263544     0.72736454
       50     0.00000079     0.26895890     0.73104031
       51     0.00000048     0.23407713     0.76592239
       52     0.00000026     0.19100270     0.80899704
       53     0.00000105     0.16096089     0.83903807
       54     0.00000002     0.15424436     0.84575561
       55     0.00000092     0.16764816     0.83235093
       56     0.00000034     0.18865351     0.81134615
       57     0.00000042     0.20361536     0.79638421
       58     0.00000070     0.20534285     0.79465645
       59     0.00000009     0.19600832     0.80399159
       60     0.00000089     0.18412802     0.81587109
       61     0.00000001     0.17804072     0.82195928
       62     0.00000072     0.18043533     0.81956395
       63     0.00000011     0.18753366     0.81246622
       64     0.00000035     0.19286199     0.80713766
       65     0.00000012     0.19297469     0.80702519
       66     0.00000021     0.18929658     0.81070321
       67     0.00000019     0.18574975     0.81425007
       68     0.00000007     0.18505893     0.81494100
       69     0.00000011     0.18698595     0.81301394
       70     0.00000007     0.18896104     0.81103889
       71     0.00000013     0.18934190     0.81065797
       72     0.00000005     0.18887430     0.81112565
       73     0.00000027     0.18854663     0.81145310
       74     0.00000002     0.18854890     0.81145109
       75     0.00000005     0.18776114     0.81223882
       76     0.00000012     0.18654203     0.81345785
       77     0.00000026     0.18642572     0.81357402
       78     0.00000002     0.18894527     0.81105471
       79     0.00000024     0.19201800     0.80798175
       80     0.00000020     0.19181575     0.80818405
       81     0.00000003     0.18777497     0.81222500
       82     0.00000005     0.18402637     0.81597357
       83     0.00000034     0.18507207     0.81492759
       84     0.00000021     0.19078692     0.80921286
       85     0.00000004     0.19528558     0.80471438
       86     0.00000025     0.19302898     0.80697077
       87     0.00000029     0.18555431     0.81444540
       88     0.00000017     0.18056591     0.81943392
       89     0.00000017     0.18416794     0.81583189
       90     0.00000059     0.19311347     0.80688594
       91     0.00000036     0.19830843     0.80169121
       92     0.00000004     0.19372659     0.80627337
       93     0.00000009     0.18356973     0.81643019
       94     0.00000054     0.17812398     0.82187548
       95     0.00000076     0.18278067     0.81721857
       96     0.00000042     0.19282130     0.80717829
       97     0.00000057     0.19839796     0.80160148
       98     0.00000034     0.19425999     0.80573968
       99     0.00000022     0.18471201     0.81528777
      100     0.00000031     0.17895310     0.82104659
      101     0.00000074     0.18201082     0.81798843
      102     0.00000145     0.19034991     0.80964863
      103     0.00000077     0.19594313     0.80405610
      104     0.00000012     0.19405765     0.80594222
      105     0.00000005     0.18711686     0.81288309
      106     0.00000054     0.18200489     0.81799457
      107     0.00000127     0.18280606     0.81719266
      108     0.00000087     0.18785226     0.81214686
      109     0.00000079     0.19187464     0.80812457
      110     0.00000076     0.19168125     0.80831799
      111     0.00000035     0.18835082     0.81164883
      112     0.00000072     0.18555109     0.81444819
      113     0.00000066     0.18552008     0.81447926
      114     0.00000110     0.18741571     0.81258319
      115     0.00000178     0.18884879     0.81114943
      116     0.00000086     0.18882389     0.81117525
      117     0.00000029     0.18800208     0.81199763
      118     0.00000047     0.18752699     0.81247254
      119     0.00000084     0.18753408     0.81246508
      120     0.00000214     0.18748118     0.81251669
