#     Density Matrix: population Re; see the manual for detail orders
        0     0.00000000     0.00000000     1.00000000
        1     0.00000000     0.00000031     0.99999969
        2     0.00000001     0.00000169     0.99999830
        3     0.00000001     0.00000212     0.99999788
        4     0.00000007     0.00000213     0.99999780
        5     0.00000007     0.00000320     0.99999673
        6     0.00000022     0.00000503     0.99999475
        7     0.00000022     0.00000567     0.99999411
        8     0.00000046     0.00000452     0.99999501
        9     0.00000046     0.00000633     0.99999321
       10     0.00000076     0.00002482     0.99997442
       11     0.00000071     0.00008932     0.99990997
       12     0.00000103     0.00027412     0.99972485
       13     0.00000091     0.00085151     0.99914758
       14     0.00000116     0.00335320     0.99664564
       15     0.00000105     0.02637015     0.97362880
       16     0.00000097     0.15207396     0.84792507
       17     0.00000057     0.36087074     0.63912868
       18     0.00000152     0.12459286     0.87540562
       19     0.00000100     0.12012183     0.87987717
       20     0.00000053     0.12494235     0.87505712
       21     0.00000189     0.13112872     0.86886939
       22     0.00000042     0.13655235     0.86344723
       23     0.00000108     0.14071463     0.85928429
       24     0.00000169     0.14367120     0.85632711
       25     0.00000024     0.14564745     0.85435231
       26     0.00000128     0.14688844     0.85311027
       27     0.00000138     0.14760910     0.85238952
       28     0.00000016     0.14797477     0.85202507
       29     0.00000118     0.14809911     0.85189971
       30     0.00000132     0.14805294     0.85194574
       31     0.00000015     0.14787345     0.85212640
       32     0.00000088     0.14757180     0.85242732
       33     0.00000138     0.14713539     0.85286323
       34     0.00000027     0.14652082     0.85347891
       35     0.00000043     0.14562268     0.85437689
       36     0.00000132     0.14414047     0.85585822
       37     0.00000064     0.14067765     0.85932171
       38     0.00000011     0.13092582     0.86907407
       39     0.00000013     0.52360788     0.47639199
       40     0.00000074     0.60010532     0.39989393
       41     0.00000054     0.60368389     0.39631557
       42     0.00000002     0.60372472     0.39627525
       43     0.00000024     0.60221583     0.39778393
       44     0.00000052     0.59937151     0.40062797
       45     0.00000024     0.59465072     0.40534904
       46     0.00000006     0.58583259     0.41416735
       47     0.00000025     0.55886698     0.44113277
       48     0.00000025     0.23642338     0.76357637
       49     0.00000007     0.17875059     0.82124934
       50     0.00000014     0.20469077     0.79530909
       51     0.00000029     0.21334271     0.78665700
       52     0.00000017     0.21915581     0.78084402
       53     0.00000005     0.22395936     0.77604059
       54     0.00000019     0.22828536     0.77171444
       55     0.00000028     0.23229585     0.76770387
       56     0.00000011     0.23600869     0.76399120
       57     0.00000006     0.23935778     0.76064216
       58     0.00000022     0.24222835     0.75777143
       59     0.00000021     0.24445265     0.75554714
       60     0.00000004     0.24584685     0.75415312
       61     0.00000011     0.24621625     0.75378364
       62     0.00000026     0.24534124     0.75465850
       63     0.00000015     0.24300793     0.75699193
       64     0.00000004     0.23901106     0.76098890
       65     0.00000021     0.23318063     0.76681916
       66     0.00000027     0.22539490     0.77460484
       67     0.00000008     0.21559980     0.78440013
       68     0.00000010     0.20386461     0.79613529
       69     0.00000029     0.19041718     0.80958253
       70     0.00000020     0.17564805     0.82435175
       71     0.00000004     0.16012148     0.83987848
       72     0.00000018     0.14456326     0.85543657
       73     0.00000031     0.12978051     0.87021918
       74     0.00000013     0.11654714     0.88345272
       75     0.00000006     0.10548600     0.89451394
       76     0.00000028     0.09691600     0.90308372
       77     0.00000030     0.09082025     0.90917945
       78     0.00000008     0.08692180     0.91307813
       79     0.00000010     0.08476491     0.91523498
       80     0.00000032     0.08382685     0.91617283
       81     0.00000026     0.08361009     0.91638965
       82     0.00000005     0.08369323     0.91630673
       83     0.00000014     0.08375031     0.91624955
       84     0.00000031     0.08354771     0.91645199
       85     0.00000019     0.08292884     0.91707097
       86     0.00000004     0.08179845     0.91820152
       87     0.00000016     0.08010962     0.91989022
       88     0.00000029     0.07785077     0.92214894
       89     0.00000016     0.07504060     0.92495924
       90     0.00000006     0.07171521     0.92828473
       91     0.00000020     0.06794673     0.93205307
       92     0.00000028     0.06379583     0.93620389
       93     0.00000014     0.05933780     0.94066206
       94     0.00000008     0.05470118     0.94529874
       95     0.00000020     0.04998730     0.95001250
       96     0.00000024     0.04528983     0.95470993
       97     0.00000012     0.04071791     0.95928198
       98     0.00000010     0.03637414     0.96362577
       99     0.00000020     0.03234365     0.96765615
      100     0.00000020     0.02869906     0.97130074
      101     0.00000008     0.02548507     0.97451485
      102     0.00000010     0.02273703     0.97726287
      103     0.00000021     0.02049238     0.97950741
      104     0.00000018     0.01878417     0.98121566
      105     0.00000008     0.01765966     0.98234027
      106     0.00000012     0.01719897     0.98280091
      107     0.00000021     0.01754342     0.98245637
      108     0.00000016     0.01894366     0.98105618
      109     0.00000008     0.02184677     0.97815315
      110     0.00000012     0.02705905     0.97294083
      111     0.00000018     0.03609496     0.96390486
      112     0.00000013     0.05183016     0.94816971
      113     0.00000007     0.07985981     0.92014013
      114     0.00000010     0.13062417     0.86937573
      115     0.00000014     0.21955595     0.78044391
      116     0.00000012     0.35424368     0.64575619
      117     0.00000012     0.50914750     0.49085238
      118     0.00000009     0.64614603     0.35385388
      119     0.00000003     0.73145613     0.26854384
      120     0.00000014     0.75854285     0.24145701
