#     Density Matrix: population Re; see the manual for detail orders
        0     0.00000000     0.00000000     1.00000000
        1     0.00000000     0.00000718     0.99999282
        2     0.00000001     0.00004780     0.99995219
        3     0.00000001     0.00007940     0.99992060
        4     0.00000002     0.00007830     0.99992168
        5     0.00000004     0.00005282     0.99994714
        6     0.00000006     0.00002538     0.99997456
        7     0.00000008     0.00001128     0.99998863
        8     0.00000010     0.00001047     0.99998943
        9     0.00000013     0.00001459     0.99998528
       10     0.00000015     0.00001714     0.99998271
       11     0.00000018     0.00001640     0.99998342
       12     0.00000021     0.00001295     0.99998684
       13     0.00000024     0.00001274     0.99998702
       14     0.00000027     0.00009422     0.99990551
       15     0.00000029     0.00324034     0.99675936
       16     0.00000030     0.00341782     0.99658188
       17     0.00000034     0.01982591     0.98017375
       18     0.00000039     0.00888683     0.99111278
       19     0.00000041     0.00699543     0.99300416
       20     0.00000044     0.00597098     0.99402858
       21     0.00000047     0.00498092     0.99501861
       22     0.00000050     0.00390135     0.99609815
       23     0.00000052     0.00277775     0.99722174
       24     0.00000052     0.00170734     0.99829214
       25     0.00000053     0.00080449     0.99919498
       26     0.00000057     0.00019466     0.99980477
       27     0.00000061     0.00001712     0.99998226
       28     0.00000060     0.00044642     0.99955298
       29     0.00000060     0.00172137     0.99827803
       30     0.00000064     0.00418840     0.99581096
       31     0.00000062     0.00837305     0.99162633
       32     0.00000059     0.01512560     0.98487381
       33     0.00000076     0.02585605     0.97414319
       34     0.00000075     0.04293084     0.95706841
       35     0.00000068     0.07042119     0.92957813
       36     0.00000074     0.11519802     0.88480124
       37     0.00000070     0.19623321     0.80376609
       38     0.00000076     0.32408541     0.67591383
       39     0.00000100     0.49204723     0.50795177
       40     0.00000086     0.64465614     0.35534300
       41     0.00000064     0.74935390     0.25064546
       42     0.00000083     0.81257451     0.18742466
       43     0.00000091     0.85035542     0.14964367
       44     0.00000082     0.87372858     0.12627060
       45     0.00000079     0.88879783     0.11120138
       46     0.00000088     0.89885002     0.10114910
       47     0.00000090     0.90571420     0.09428490
       48     0.00000084     0.91049142     0.08950773
       49     0.00000084     0.91385402     0.08614513
       50     0.00000091     0.91624498     0.08375412
       51     0.00000090     0.91797701     0.08202209
       52     0.00000077     0.91927435     0.08072488
       53     0.00000076     0.92030453     0.07969471
       54     0.00000087     0.92120563     0.07879350
       55     0.00000092     0.92208358     0.07791550
       56     0.00000084     0.92302380     0.07697536
       57     0.00000080     0.92408350     0.07591570
       58     0.00000088     0.92530182     0.07469730
       59     0.00000095     0.92669360     0.07330545
       60     0.00000093     0.92825732     0.07174175
       61     0.00000089     0.92996251     0.07003660
       62     0.00000094     0.93176655     0.06823251
       63     0.00000103     0.93360987     0.06638910
       64     0.00000108     0.93543261     0.06456630
       65     0.00000110     0.93717089     0.06282801
       66     0.00000119     0.93878071     0.06121810
       67     0.00000131     0.94022446     0.05977423
       68     0.00000131     0.94149260     0.05850608
       69     0.00000122     0.94258508     0.05741371
       70     0.00000120     0.94353003     0.05646877
       71     0.00000133     0.94436297     0.05563570
       72     0.00000146     0.94512696     0.05487158
       73     0.00000144     0.94585949     0.05413907
       74     0.00000130     0.94659217     0.05340653
       75     0.00000123     0.94734461     0.05265416
       76     0.00000129     0.94811798     0.05188073
       77     0.00000134     0.94889869     0.05109996
       78     0.00000127     0.94966112     0.05033761
       79     0.00000114     0.95037557     0.04962328
       80     0.00000106     0.95101066     0.04898827
       81     0.00000106     0.95154672     0.04845222
       82     0.00000106     0.95198059     0.04801834
       83     0.00000101     0.95232409     0.04767490
       84     0.00000091     0.95260820     0.04739089
       85     0.00000084     0.95288446     0.04711470
       86     0.00000081     0.95319229     0.04680690
       87     0.00000083     0.95355375     0.04644542
       88     0.00000086     0.95398941     0.04600972
       89     0.00000088     0.95449923     0.04549990
       90     0.00000088     0.95506080     0.04493833
       91     0.00000085     0.95563063     0.04436852
       92     0.00000086     0.95615546     0.04384368
       93     0.00000089     0.95658216     0.04341695
       94     0.00000088     0.95687283     0.04312629
       95     0.00000080     0.95701531     0.04298388
       96     0.00000069     0.95703257     0.04296674
       97     0.00000060     0.95698326     0.04301613
       98     0.00000054     0.95695738     0.04304208
       99     0.00000046     0.95706297     0.04293657
      100     0.00000035     0.95740718     0.04259247
      101     0.00000026     0.95807259     0.04192715
      102     0.00000019     0.95909846     0.04090135
      103     0.00000014     0.96046659     0.03953327
      104     0.00000011     0.96209793     0.03790196
      105     0.00000008     0.96385989     0.03614003
      106     0.00000006     0.96559007     0.03440987
      107     0.00000006     0.96711680     0.03288314
      108     0.00000007     0.96830103     0.03169890
      109     0.00000010     0.96905816     0.03094174
      110     0.00000011     0.96936796     0.03063193
      111     0.00000010     0.96928623     0.03071366
      112     0.00000007     0.96893932     0.03106060
      113     0.00000006     0.96849793     0.03150201
      114     0.00000006     0.96815275     0.03184719
      115     0.00000005     0.96808570     0.03191424
      116     0.00000004     0.96844642     0.03155354
      117     0.00000005     0.96932194     0.03067801
      118     0.00000007     0.97072009     0.02927984
      119     0.00000009     0.97255787     0.02744204
      120     0.00000009     0.97467956     0.02532035
