#     Density Matrix: population Re; see the manual for detail orders
        0     0.00000000     0.00000000     1.00000000
        1     0.00000001     0.00002752     0.99997247
        2     0.00000003     0.00026430     0.99973568
        3     0.00000007     0.00075087     0.99924906
        4     0.00000012     0.00137629     0.99862360
        5     0.00000019     0.00203866     0.99796115
        6     0.00000026     0.00302791     0.99697182
        7     0.00000034     0.00587043     0.99412923
        8     0.00000042     0.01573846     0.98426111
        9     0.00000046     0.05001163     0.94998792
       10     0.00000046     0.16141317     0.83858637
       11     0.00000029     0.38598939     0.61401032
       12     0.00000022     0.49493532     0.50506445
       13     0.00000047     0.39059500     0.60940453
       14     0.00000064     0.26113480     0.73886456
       15     0.00000070     0.17254218     0.82745711
       16     0.00000076     0.12067651     0.87932273
       17     0.00000061     0.09373063     0.90626875
       18     0.00000057     0.08229977     0.91769966
       19     0.00000067     0.07986060     0.92013873
       20     0.00000054     0.08212242     0.91787704
       21     0.00000055     0.08639423     0.91360521
       22     0.00000057     0.09107588     0.90892355
       23     0.00000045     0.09528693     0.90471262
       24     0.00000048     0.09860308     0.90139644
       25     0.00000045     0.10087715     0.89912240
       26     0.00000036     0.10212051     0.89787913
       27     0.00000040     0.10242700     0.89757261
       28     0.00000037     0.10192786     0.89807177
       29     0.00000028     0.10076828     0.89923144
       30     0.00000030     0.09910021     0.90089949
       31     0.00000029     0.09709265     0.90290706
       32     0.00000021     0.09496605     0.90503374
       33     0.00000022     0.09308166     0.90691812
       34     0.00000023     0.09218685     0.90781292
       35     0.00000017     0.09417531     0.90582452
       36     0.00000017     0.10474485     0.89525499
       37     0.00000021     0.14352312     0.85647667
       38     0.00000019     0.26627483     0.73372498
       39     0.00000015     0.50177697     0.49822288
       40     0.00000017     0.70417858     0.29582126
       41     0.00000010     0.79678481     0.20321509
       42     0.00000008     0.83620686     0.16379306
       43     0.00000013     0.85587044     0.14412942
       44     0.00000013     0.86709259     0.13290728
       45     0.00000009     0.87407931     0.12592060
       46     0.00000010     0.87865575     0.12134414
       47     0.00000014     0.88171050     0.11828936
       48     0.00000012     0.88373260     0.11626728
       49     0.00000010     0.88501743     0.11498248
       50     0.00000013     0.88575724     0.11424262
       51     0.00000015     0.88609515     0.11390470
       52     0.00000012     0.88614041     0.11385948
       53     0.00000011     0.88598323     0.11401666
       54     0.00000015     0.88570273     0.11429712
       55     0.00000015     0.88536736     0.11463249
       56     0.00000010     0.88503687     0.11496302
       57     0.00000012     0.88475849     0.11524139
       58     0.00000014     0.88456170     0.11543816
       59     0.00000011     0.88445797     0.11554192
       60     0.00000007     0.88443906     0.11556087
       61     0.00000008     0.88447760     0.11552232
       62     0.00000008     0.88453029     0.11546963
       63     0.00000004     0.88454425     0.11545571
       64     0.00000002     0.88446484     0.11553515
       65     0.00000002     0.88424745     0.11575252
       66     0.00000002     0.88386199     0.11613799
       67     0.00000001     0.88330212     0.11669787
       68     0.00000001     0.88259859     0.11740141
       69     0.00000002     0.88180657     0.11819342
       70     0.00000007     0.88100361     0.11899633
       71     0.00000010     0.88028768     0.11971222
       72     0.00000011     0.87975155     0.12024834
       73     0.00000018     0.87947003     0.12052980
       74     0.00000029     0.87948846     0.12051125
       75     0.00000038     0.87980745     0.12019218
       76     0.00000044     0.88037947     0.11962009
       77     0.00000056     0.88111157     0.11888787
       78     0.00000071     0.88187800     0.11812129
       79     0.00000079     0.88254305     0.11745617
       80     0.00000084     0.88298356     0.11701560
       81     0.00000099     0.88311880     0.11688021
       82     0.00000108     0.88293673     0.11706219
       83     0.00000103     0.88250888     0.11749009
       84     0.00000096     0.88199323     0.11800580
       85     0.00000094     0.88162037     0.11837869
       86     0.00000085     0.88166573     0.11833342
       87     0.00000066     0.88240178     0.11759757
       88     0.00000046     0.88403909     0.11596045
       89     0.00000032     0.88666902     0.11333066
       90     0.00000025     0.89020336     0.10979640
       91     0.00000029     0.89434314     0.10565657
       92     0.00000049     0.89858503     0.10141448
       93     0.00000090     0.90226297     0.09773613
       94     0.00000159     0.90464584     0.09535257
       95     0.00000259     0.90507281     0.09492459
       96     0.00000371     0.90312244     0.09687385
       97     0.00000456     0.89877119     0.10122425
       98     0.00000535     0.89249802     0.10749663
       99     0.00000627     0.88529771     0.11469601
      100     0.00000647     0.87856489     0.12142864
      101     0.00000550     0.87382248     0.12617202
      102     0.00000413     0.87234914     0.12764673
      103     0.00000301     0.87477311     0.12522388
      104     0.00000217     0.88074976     0.11924807
      105     0.00000180     0.88887780     0.11112039
      106     0.00000238     0.89693865     0.10305897
      107     0.00000395     0.90248676     0.09750929
      108     0.00000675     0.90364877     0.09634448
      109     0.00001012     0.89988608     0.10010379
      110     0.00001193     0.89239631     0.10759175
      111     0.00001133     0.88389319     0.11609548
      112     0.00000967     0.87770852     0.12228180
      113     0.00000775     0.87646339     0.12352886
      114     0.00000579     0.88081038     0.11918383
      115     0.00000504     0.88887663     0.11111833
      116     0.00000631     0.89686169     0.10313200
      117     0.00000957     0.90073567     0.09925476
      118     0.00001421     0.89836705     0.10161874
      119     0.00001818     0.89096067     0.10902114
      120     0.00001871     0.88275052     0.11723077
