#     Density Matrix: population Re; see the manual for detail orders
        0     0.00000000     0.00000000     1.00000000
        1     0.00000005     0.00000025     0.99999969
        2     0.00000007     0.00000110     0.99999882
        3     0.00000017     0.00000119     0.99999864
        4     0.00000019     0.00000472     0.99999509
        5     0.00000034     0.00001900     0.99998066
        6     0.00000037     0.00005051     0.99994912
        7     0.00000050     0.00011017     0.99988932
        8     0.00000058     0.00025302     0.99974640
        9     0.00000061     0.00082944     0.99916995
       10     0.00000078     0.00599688     0.99400234
       11     0.00000056     0.16625212     0.83374732
       12     0.00000068     0.28435709     0.71564224
       13     0.00000161     0.12491633     0.87508205
       14     0.00000015     0.13108690     0.86891295
       15     0.00000116     0.13820677     0.86179207
       16     0.00000098     0.14412649     0.85587254
       17     0.00000020     0.14853667     0.85146313
       18     0.00000155     0.15155037     0.84844808
       19     0.00000032     0.15339338     0.84660630
       20     0.00000065     0.15431351     0.84568584
       21     0.00000135     0.15454916     0.84544949
       22     0.00000006     0.15431587     0.84568406
       23     0.00000086     0.15379928     0.84619986
       24     0.00000109     0.15315112     0.84684780
       25     0.00000001     0.15248916     0.84751083
       26     0.00000087     0.15189954     0.84809958
       27     0.00000098     0.15144132     0.84855769
       28     0.00000001     0.15115264     0.84884735
       29     0.00000074     0.15105751     0.84894175
       30     0.00000102     0.15117294     0.84882604
       31     0.00000006     0.15151953     0.84848040
       32     0.00000050     0.15214071     0.84785879
       33     0.00000109     0.15315695     0.84684195
       34     0.00000026     0.15503358     0.84496616
       35     0.00000019     0.16348377     0.83651603
       36     0.00000088     0.63523821     0.36476091
       37     0.00000053     0.97616794     0.02383153
       38     0.00000005     0.97736034     0.02263961
       39     0.00000064     0.97798137     0.02201799
       40     0.00000085     0.97849153     0.02150763
       41     0.00000018     0.97895762     0.02104221
       42     0.00000021     0.97938929     0.02061050
       43     0.00000083     0.97978286     0.02021630
       44     0.00000061     0.98013069     0.01986870
       45     0.00000005     0.98042175     0.01957820
       46     0.00000039     0.98064465     0.01935496
       47     0.00000086     0.98079167     0.01920747
       48     0.00000044     0.98085836     0.01914121
       49     0.00000003     0.98084219     0.01915778
       50     0.00000050     0.98074518     0.01925433
       51     0.00000086     0.98057611     0.01942303
       52     0.00000037     0.98034843     0.01965120
       53     0.00000004     0.98007789     0.01992207
       54     0.00000055     0.97978356     0.02021589
       55     0.00000089     0.97948753     0.02051158
       56     0.00000040     0.97921075     0.02078885
       57     0.00000005     0.97896962     0.02103033
       58     0.00000055     0.97877586     0.02122358
       59     0.00000099     0.97863634     0.02136267
       60     0.00000056     0.97855051     0.02144893
       61     0.00000008     0.97850903     0.02149089
       62     0.00000050     0.97849645     0.02150305
       63     0.00000114     0.97849509     0.02150377
       64     0.00000088     0.97848673     0.02151239
       65     0.00000021     0.97845380     0.02154599
       66     0.00000040     0.97838331     0.02161629
       67     0.00000124     0.97827132     0.02172744
       68     0.00000135     0.97812377     0.02187488
       69     0.00000058     0.97795358     0.02204584
       70     0.00000031     0.97777836     0.02222132
       71     0.00000113     0.97761930     0.02237957
       72     0.00000180     0.97749801     0.02250019
       73     0.00000130     0.97743062     0.02256808
       74     0.00000050     0.97742286     0.02257664
       75     0.00000080     0.97746978     0.02252942
       76     0.00000190     0.97755878     0.02243932
       77     0.00000221     0.97767174     0.02232605
       78     0.00000134     0.97778677     0.02221189
       79     0.00000071     0.97788240     0.02211689
       80     0.00000144     0.97794426     0.02205430
       81     0.00000265     0.97796987     0.02202748
       82     0.00000271     0.97796814     0.02202915
       83     0.00000164     0.97795519     0.02204316
       84     0.00000111     0.97795039     0.02204850
       85     0.00000206     0.97797320     0.02202473
       86     0.00000340     0.97803904     0.02195756
       87     0.00000345     0.97815341     0.02184314
       88     0.00000227     0.97830780     0.02168993
       89     0.00000159     0.97848100     0.02151741
       90     0.00000248     0.97864563     0.02135189
       91     0.00000401     0.97877581     0.02122017
       92     0.00000440     0.97885271     0.02114289
       93     0.00000330     0.97886756     0.02112914
       94     0.00000219     0.97882377     0.02117404
       95     0.00000257     0.97873725     0.02126019
       96     0.00000415     0.97863325     0.02136260
       97     0.00000521     0.97853883     0.02145597
       98     0.00000464     0.97847335     0.02152201
       99     0.00000318     0.97844204     0.02155478
      100     0.00000254     0.97843545     0.02156201
      101     0.00000347     0.97843451     0.02156202
      102     0.00000501     0.97841800     0.02157699
      103     0.00000553     0.97836969     0.02162478
      104     0.00000451     0.97828381     0.02171168
      105     0.00000301     0.97816839     0.02182860
      106     0.00000251     0.97804534     0.02195215
      107     0.00000340     0.97794605     0.02205055
      108     0.00000469     0.97790267     0.02209264
      109     0.00000503     0.97793738     0.02205760
      110     0.00000404     0.97805378     0.02194218
      111     0.00000258     0.97823415     0.02176327
      112     0.00000187     0.97844349     0.02155464
      113     0.00000234     0.97863893     0.02135873
      114     0.00000332     0.97878114     0.02121554
      115     0.00000374     0.97884406     0.02115220
      116     0.00000312     0.97882055     0.02117633
      117     0.00000191     0.97872422     0.02127387
      118     0.00000100     0.97858436     0.02141463
      119     0.00000094     0.97843683     0.02156223
      120     0.00000148     0.97831410     0.02168442
