#     Density Matrix: population Re; see the manual for detail orders
        0     0.00000000     0.00000000     1.00000000
        1     0.00000002     0.00000618     0.99999380
        2     0.00000002     0.00005517     0.99994481
        3     0.00000001     0.00013960     0.99986039
        4     0.00000007     0.00021612     0.99978382
        5     0.00000007     0.00024411     0.99975582
        6     0.00000020     0.00024154     0.99975826
        7     0.00000020     0.00032837     0.99967143
        8     0.00000037     0.00073802     0.99926162
        9     0.00000038     0.00182899     0.99817063
       10     0.00000051     0.00422833     0.99577116
       11     0.00000058     0.00948299     0.99051643
       12     0.00000057     0.02249525     0.97750419
       13     0.00000072     0.06029886     0.93970042
       14     0.00000043     0.17214904     0.82785053
       15     0.00000045     0.37667984     0.62331971
       16     0.00000018     0.46518011     0.53481971
       17     0.00000063     0.36858154     0.63141783
       18     0.00000042     0.24687475     0.75312483
       19     0.00000080     0.16023221     0.83976699
       20     0.00000064     0.10813231     0.89186705
       21     0.00000049     0.08097500     0.91902451
       22     0.00000071     0.07018657     0.92981272
       23     0.00000034     0.06934585     0.93065381
       24     0.00000043     0.07391965     0.92607992
       25     0.00000046     0.08083825     0.91916129
       26     0.00000020     0.08813417     0.91186563
       27     0.00000040     0.09465105     0.90534855
       28     0.00000035     0.09981457     0.90018509
       29     0.00000018     0.10345495     0.89654488
       30     0.00000040     0.10566902     0.89433058
       31     0.00000033     0.10671735     0.89328233
       32     0.00000018     0.10695578     0.89304404
       33     0.00000038     0.10679337     0.89320626
       34     0.00000033     0.10667517     0.89332450
       35     0.00000016     0.10709948     0.89290036
       36     0.00000032     0.10866976     0.89132992
       37     0.00000036     0.11220143     0.88779821
       38     0.00000017     0.11894141     0.88105842
       39     0.00000024     0.13102558     0.86897419
       40     0.00000036     0.15247711     0.84752253
       41     0.00000020     0.19137869     0.80862111
       42     0.00000014     0.26361807     0.73638179
       43     0.00000029     0.39164101     0.60835869
       44     0.00000025     0.57204483     0.42795492
       45     0.00000011     0.75641011     0.24358978
       46     0.00000029     0.87753702     0.12246269
       47     0.00000034     0.93149254     0.06850712
       48     0.00000013     0.95451462     0.04548526
       49     0.00000012     0.96543271     0.03456717
       50     0.00000030     0.97133908     0.02866062
       51     0.00000022     0.97493731     0.02506247
       52     0.00000005     0.97734935     0.02265060
       53     0.00000014     0.97908754     0.02091232
       54     0.00000024     0.98040731     0.01959245
       55     0.00000012     0.98144646     0.01855341
       56     0.00000003     0.98228488     0.01771509
       57     0.00000014     0.98297258     0.01702728
       58     0.00000019     0.98354324     0.01645657
       59     0.00000007     0.98402062     0.01597931
       60     0.00000003     0.98442210     0.01557787
       61     0.00000014     0.98476102     0.01523884
       62     0.00000016     0.98504786     0.01495198
       63     0.00000004     0.98529018     0.01470978
       64     0.00000004     0.98549265     0.01450731
       65     0.00000016     0.98565744     0.01434240
       66     0.00000015     0.98578430     0.01421554
       67     0.00000004     0.98587045     0.01412951
       68     0.00000006     0.98591119     0.01408876
       69     0.00000019     0.98590128     0.01409853
       70     0.00000018     0.98583667     0.01416315
       71     0.00000005     0.98571568     0.01428427
       72     0.00000007     0.98554049     0.01445944
       73     0.00000023     0.98531908     0.01468069
       74     0.00000025     0.98506594     0.01493381
       75     0.00000012     0.98480073     0.01519915
       76     0.00000010     0.98454622     0.01545368
       77     0.00000031     0.98432550     0.01567419
       78     0.00000044     0.98415812     0.01584144
       79     0.00000031     0.98405487     0.01594482
       80     0.00000023     0.98401339     0.01598638
       81     0.00000051     0.98401622     0.01598327
       82     0.00000082     0.98403096     0.01596822
       83     0.00000071     0.98401172     0.01598756
       84     0.00000055     0.98390369     0.01609577
       85     0.00000087     0.98365204     0.01634709
       86     0.00000135     0.98321287     0.01678577
       87     0.00000129     0.98256361     0.01743510
       88     0.00000098     0.98171233     0.01828669
       89     0.00000123     0.98070599     0.01929278
       90     0.00000177     0.97963462     0.02036361
       91     0.00000173     0.97862757     0.02137070
       92     0.00000125     0.97784089     0.02215786
       93     0.00000123     0.97743755     0.02256122
       94     0.00000168     0.97756166     0.02243666
       95     0.00000176     0.97830704     0.02169120
       96     0.00000133     0.97968433     0.02031434
       97     0.00000109     0.98159573     0.01840319
       98     0.00000149     0.98382543     0.01617309
       99     0.00000219     0.98605412     0.01394369
      100     0.00000255     0.98790028     0.01209717
      101     0.00000254     0.98898662     0.01101084
      102     0.00000307     0.98902635     0.01097059
      103     0.00000456     0.98791220     0.01208323
      104     0.00000589     0.98577907     0.01421504
      105     0.00000594     0.98301543     0.01697863
      106     0.00000555     0.98020626     0.01978819
      107     0.00000600     0.97801107     0.02198293
      108     0.00000673     0.97699763     0.02299564
      109     0.00000646     0.97746928     0.02252426
      110     0.00000542     0.97934204     0.02065253
      111     0.00000492     0.98212200     0.01787307
      112     0.00000579     0.98500530     0.01498891
      113     0.00000774     0.98709460     0.01289765
      114     0.00000952     0.98768019     0.01231029
      115     0.00001012     0.98650635     0.01348353
      116     0.00001018     0.98393054     0.01605928
      117     0.00001086     0.98088160     0.01910755
      118     0.00001169     0.97857806     0.02141025
      119     0.00001140     0.97805499     0.02193361
      120     0.00001010     0.97966267     0.02032723
