#     Density Matrix: population Re; see the manual for detail orders
        0     0.00000000     0.00000000     1.00000000
        1     0.00000001     0.00000034     0.99999965
        2     0.00000002     0.00000633     0.99999366
        3     0.00000001     0.00003269     0.99996729
        4     0.00000008     0.00009174     0.99990819
        5     0.00000010     0.00018484     0.99981506
        6     0.00000022     0.00031583     0.99968395
        7     0.00000027     0.00053447     0.99946526
        8     0.00000042     0.00102442     0.99897516
        9     0.00000050     0.00230917     0.99769033
       10     0.00000060     0.00591154     0.99408787
       11     0.00000077     0.01705423     0.98294500
       12     0.00000066     0.05773829     0.94226105
       13     0.00000081     0.21754957     0.78244963
       14     0.00000068     0.59013042     0.40986889
       15     0.00000015     0.55284028     0.44715957
       16     0.00000208     0.39832211     0.60167581
       17     0.00000098     0.31457904     0.68541998
       18     0.00000087     0.26956236     0.73043677
       19     0.00000175     0.24571199     0.75428627
       20     0.00000023     0.23404914     0.76595063
       21     0.00000074     0.22951907     0.77048019
       22     0.00000073     0.22903514     0.77096413
       23     0.00000001     0.23066955     0.76933044
       24     0.00000048     0.23313745     0.76686207
       25     0.00000031     0.23558104     0.76441865
       26     0.00000003     0.23753437     0.76246559
       27     0.00000041     0.23881468     0.76118491
       28     0.00000028     0.23929525     0.76070447
       29     0.00000006     0.23897401     0.76102593
       30     0.00000023     0.23812284     0.76187693
       31     0.00000025     0.23719213     0.76280762
       32     0.00000022     0.23675119     0.76324860
       33     0.00000021     0.23743921     0.76256057
       34     0.00000021     0.23990878     0.76009100
       35     0.00000024     0.24473189     0.75526787
       36     0.00000019     0.25225028     0.74774953
       37     0.00000020     0.26237633     0.73762347
       38     0.00000026     0.27438845     0.72561129
       39     0.00000011     0.28663712     0.71336276
       40     0.00000018     0.29614666     0.70385316
       41     0.00000029     0.29821173     0.70178799
       42     0.00000005     0.28595056     0.71404938
       43     0.00000028     0.25019003     0.74980969
       44     0.00000032     0.18117295     0.81882673
       45     0.00000003     0.08058256     0.91941741
       46     0.00000049     0.02004386     0.97995566
       47     0.00000031     0.23812803     0.76187166
       48     0.00000006     0.68569701     0.31430293
       49     0.00000024     0.84958446     0.15041530
       50     0.00000008     0.77492632     0.22507360
       51     0.00000042     0.66720409     0.33279549
       52     0.00000012     0.59300198     0.40699790
       53     0.00000022     0.56055477     0.43944501
       54     0.00000042     0.56048247     0.43951711
       55     0.00000002     0.57825199     0.42174799
       56     0.00000054     0.59967561     0.40032385
       57     0.00000016     0.61443142     0.38556843
       58     0.00000036     0.61840111     0.38159852
       59     0.00000047     0.61331394     0.38668558
       60     0.00000011     0.60459655     0.39540335
       61     0.00000067     0.59797413     0.40202520
       62     0.00000005     0.59648957     0.40351037
       63     0.00000047     0.59941181     0.40058772
       64     0.00000012     0.60360079     0.39639909
       65     0.00000037     0.60600200     0.39399762
       66     0.00000018     0.60566088     0.39433894
       67     0.00000027     0.60387312     0.39612662
       68     0.00000040     0.60247763     0.39752198
       69     0.00000009     0.60226484     0.39773507
       70     0.00000028     0.60267974     0.39731999
       71     0.00000021     0.60288949     0.39711030
       72     0.00000031     0.60286026     0.39713943
       73     0.00000007     0.60320068     0.39679926
       74     0.00000047     0.60405303     0.39594649
       75     0.00000018     0.60454002     0.39545980
       76     0.00000013     0.60368221     0.39631766
       77     0.00000028     0.60184322     0.39815649
       78     0.00000037     0.60085558     0.39914406
       79     0.00000005     0.60225511     0.39774483
       80     0.00000032     0.60525312     0.39474656
       81     0.00000048     0.60684679     0.39315272
       82     0.00000008     0.60489189     0.39510802
       83     0.00000024     0.60048333     0.39951644
       84     0.00000054     0.59787095     0.40212851
       85     0.00000014     0.60055670     0.39944316
       86     0.00000009     0.60701730     0.39298261
       87     0.00000057     0.61136000     0.38863943
       88     0.00000046     0.60856048     0.39143906
       89     0.00000001     0.59976410     0.40023588
       90     0.00000064     0.59234646     0.40765290
       91     0.00000053     0.59367412     0.40632535
       92     0.00000003     0.60430838     0.39569159
       93     0.00000027     0.61637486     0.38362486
       94     0.00000085     0.61963661     0.38036254
       95     0.00000030     0.60979281     0.39020688
       96     0.00000009     0.59280425     0.40719565
       97     0.00000077     0.58106351     0.41893572
       98     0.00000065     0.58419165     0.41580771
       99     0.00000002     0.60152765     0.39847232
      100     0.00000044     0.62217924     0.37782032
      101     0.00000088     0.63222882     0.36777030
      102     0.00000025     0.62443072     0.37556903
      103     0.00000006     0.60319737     0.39680257
      104     0.00000062     0.58143332     0.41856605
      105     0.00000077     0.57203676     0.42796247
      106     0.00000012     0.57990186     0.42009802
      107     0.00000036     0.59955367     0.40044597
      108     0.00000104     0.61932657     0.38067239
      109     0.00000032     0.62877932     0.37122036
      110     0.00000005     0.62461995     0.37538000
      111     0.00000032     0.61134194     0.38865774
      112     0.00000050     0.59735305     0.40264645
      113     0.00000040     0.58957743     0.41042217
      114     0.00000002     0.59019891     0.40980108
      115     0.00000090     0.59631799     0.40368112
      116     0.00000103     0.60289958     0.39709939
      117     0.00000004     0.60656259     0.39343737
      118     0.00000032     0.60698142     0.39301825
      119     0.00000039     0.60599356     0.39400605
      120     0.00000031     0.60570429     0.39429540
