#     Density Matrix: population Re; see the manual for detail orders
        0     0.00000000     0.00000000     1.00000000
        1     0.00000001     0.00000109     0.99999890
        2     0.00000002     0.00000819     0.99999179
        3     0.00000005     0.00001615     0.99998380
        4     0.00000008     0.00001881     0.99998111
        5     0.00000012     0.00001522     0.99998466
        6     0.00000015     0.00001080     0.99998905
        7     0.00000019     0.00001520     0.99998461
        8     0.00000021     0.00004426     0.99995553
        9     0.00000024     0.00014772     0.99985204
       10     0.00000027     0.00064193     0.99935781
       11     0.00000029     0.00852588     0.99147383
       12     0.00000030     0.01354533     0.98645437
       13     0.00000037     0.05547734     0.94452229
       14     0.00000039     0.01964682     0.98035279
       15     0.00000039     0.01495327     0.98504634
       16     0.00000037     0.01313929     0.98686034
       17     0.00000038     0.01183915     0.98816047
       18     0.00000039     0.01064286     0.98935676
       19     0.00000039     0.00950373     0.99049588
       20     0.00000040     0.00845309     0.99154652
       21     0.00000040     0.00753462     0.99246498
       22     0.00000040     0.00677952     0.99322007
       23     0.00000041     0.00621342     0.99378618
       24     0.00000040     0.00585375     0.99414585
       25     0.00000040     0.00571601     0.99428359
       26     0.00000039     0.00582043     0.99417918
       27     0.00000038     0.00620134     0.99379828
       28     0.00000037     0.00691865     0.99308098
       29     0.00000035     0.00808172     0.99191793
       30     0.00000034     0.00989261     0.99010705
       31     0.00000032     0.01274417     0.98725550
       32     0.00000031     0.01745924     0.98254046
       33     0.00000029     0.02599945     0.97400026
       34     0.00000026     0.04397359     0.95602615
       35     0.00000024     0.09209902     0.90790074
       36     0.00000021     0.25971852     0.74028127
       37     0.00000019     0.61644702     0.38355278
       38     0.00000021     0.87345462     0.12654517
       39     0.00000018     0.94764403     0.05235579
       40     0.00000015     0.96979976     0.03020009
       41     0.00000014     0.97873202     0.02126784
       42     0.00000014     0.98311139     0.01688847
       43     0.00000011     0.98553507     0.01446482
       44     0.00000010     0.98698273     0.01301718
       45     0.00000010     0.98789202     0.01210788
       46     0.00000009     0.98848025     0.01151966
       47     0.00000008     0.98886592     0.01113400
       48     0.00000007     0.98911866     0.01088127
       49     0.00000007     0.98928174     0.01071819
       50     0.00000007     0.98938179     0.01061814
       51     0.00000006     0.98943719     0.01056274
       52     0.00000007     0.98946184     0.01053810
       53     0.00000007     0.98946558     0.01053435
       54     0.00000007     0.98945598     0.01054395
       55     0.00000007     0.98944088     0.01055905
       56     0.00000008     0.98942730     0.01057262
       57     0.00000008     0.98942220     0.01057771
       58     0.00000009     0.98943129     0.01056863
       59     0.00000009     0.98945997     0.01053995
       60     0.00000010     0.98951254     0.01048736
       61     0.00000010     0.98959066     0.01040923
       62     0.00000011     0.98969466     0.01030523
       63     0.00000011     0.98982235     0.01017754
       64     0.00000012     0.98996925     0.01003063
       65     0.00000013     0.99012933     0.00987054
       66     0.00000014     0.99029615     0.00970371
       67     0.00000015     0.99046301     0.00953684
       68     0.00000016     0.99062465     0.00937518
       69     0.00000018     0.99077740     0.00922242
       70     0.00000020     0.99091982     0.00907998
       71     0.00000022     0.99105288     0.00894690
       72     0.00000024     0.99117958     0.00882018
       73     0.00000027     0.99130377     0.00869596
       74     0.00000030     0.99142987     0.00856983
       75     0.00000032     0.99156247     0.00843721
       76     0.00000036     0.99170382     0.00829582
       77     0.00000039     0.99185413     0.00814548
       78     0.00000043     0.99201141     0.00798816
       79     0.00000046     0.99217167     0.00782787
       80     0.00000050     0.99233039     0.00766910
       81     0.00000055     0.99248405     0.00751540
       82     0.00000060     0.99263158     0.00736782
       83     0.00000064     0.99277643     0.00722293
       84     0.00000068     0.99292648     0.00707283
       85     0.00000074     0.99309367     0.00690559
       86     0.00000079     0.99329180     0.00670741
       87     0.00000085     0.99353436     0.00646479
       88     0.00000091     0.99382928     0.00616981
       89     0.00000099     0.99417706     0.00582195
       90     0.00000108     0.99456763     0.00543129
       91     0.00000119     0.99498023     0.00501858
       92     0.00000132     0.99538537     0.00461331
       93     0.00000148     0.99574986     0.00424866
       94     0.00000166     0.99604311     0.00395523
       95     0.00000187     0.99624445     0.00375368
       96     0.00000210     0.99634908     0.00364882
       97     0.00000233     0.99636539     0.00363228
       98     0.00000254     0.99632969     0.00366777
       99     0.00000277     0.99628374     0.00371349
      100     0.00000301     0.99627405     0.00372294
      101     0.00000323     0.99634205     0.00365472
      102     0.00000343     0.99651339     0.00348318
      103     0.00000363     0.99679205     0.00320432
      104     0.00000385     0.99715943     0.00283672
      105     0.00000411     0.99757896     0.00241693
      106     0.00000439     0.99800420     0.00199142
      107     0.00000468     0.99838747     0.00160784
      108     0.00000501     0.99869069     0.00130430
      109     0.00000537     0.99889202     0.00110261
      110     0.00000574     0.99898805     0.00100620
      111     0.00000608     0.99899428     0.00099965
      112     0.00000638     0.99893997     0.00105366
      113     0.00000666     0.99886394     0.00112940
      114     0.00000688     0.99880553     0.00118759
      115     0.00000699     0.99879415     0.00119886
      116     0.00000695     0.99884817     0.00114488
      117     0.00000689     0.99896935     0.00102376
      118     0.00000690     0.99914241     0.00085069
      119     0.00000698     0.99934004     0.00065298
      120     0.00000705     0.99952877     0.00046418
