#     Density Matrix: population Re; see the manual for detail orders
        0     0.00000000     0.00000000     1.00000000
        1     0.00000001     0.00000007     0.99999992
        2     0.00000001     0.00000074     0.99999926
        3     0.00000004     0.00000205     0.99999791
        4     0.00000005     0.00000313     0.99999682
        5     0.00000015     0.00000325     0.99999661
        6     0.00000022     0.00000301     0.99999677
        7     0.00000043     0.00000383     0.99999574
        8     0.00000050     0.00000688     0.99999263
        9     0.00000077     0.00001332     0.99998591
       10     0.00000072     0.00002670     0.99997258
       11     0.00000103     0.00006137     0.99993760
       12     0.00000111     0.00017835     0.99982054
       13     0.00000084     0.00072825     0.99927091
       14     0.00000089     0.00586985     0.99412926
       15     0.00000108     0.15516580     0.84483311
       16     0.00000087     0.27589906     0.72410007
       17     0.00000104     0.12145046     0.87854850
       18     0.00000057     0.12657569     0.87342374
       19     0.00000117     0.13202543     0.86797340
       20     0.00000076     0.13575692     0.86424232
       21     0.00000018     0.13777706     0.86222275
       22     0.00000092     0.13859230     0.86140678
       23     0.00000011     0.13867951     0.86132038
       24     0.00000073     0.13838052     0.86161876
       25     0.00000093     0.13806886     0.86193022
       26     0.00000003     0.13798597     0.86201399
       27     0.00000084     0.13826683     0.86173233
       28     0.00000089     0.13901182     0.86098729
       29     0.00000001     0.14035074     0.85964925
       30     0.00000069     0.14240998     0.85758933
       31     0.00000085     0.14529163     0.85470751
       32     0.00000003     0.14909125     0.85090872
       33     0.00000046     0.15442190     0.84557764
       34     0.00000089     0.16243134     0.83756777
       35     0.00000018     0.17523090     0.82476892
       36     0.00000016     0.19952279     0.80047704
       37     0.00000074     0.26715747     0.73284179
       38     0.00000036     0.62602899     0.37397066
       39     0.00000001     0.96675401     0.03324598
       40     0.00000038     0.96376533     0.03623429
       41     0.00000041     0.94810081     0.05189878
       42     0.00000006     0.94030543     0.05969451
       43     0.00000014     0.93614053     0.06385933
       44     0.00000045     0.93375943     0.06624012
       45     0.00000028     0.93237150     0.06762822
       46     0.00000002     0.93157423     0.06842575
       47     0.00000024     0.93113963     0.06886012
       48     0.00000043     0.93093250     0.06906707
       49     0.00000017     0.93086347     0.06913636
       50     0.00000004     0.93086843     0.06913154
       51     0.00000033     0.93090266     0.06909701
       52     0.00000041     0.93093947     0.06906012
       53     0.00000010     0.93096266     0.06903724
       54     0.00000007     0.93096488     0.06903505
       55     0.00000040     0.93094243     0.06905718
       56     0.00000037     0.93089489     0.06910474
       57     0.00000004     0.93086109     0.06913887
       58     0.00000016     0.93086584     0.06913400
       59     0.00000059     0.93091664     0.06908277
       60     0.00000046     0.93104462     0.06895492
       61     0.00000001     0.93125007     0.06874992
       62     0.00000022     0.93147109     0.06852869
       63     0.00000041     0.93181051     0.06818909
       64     0.00000017     0.93233786     0.06766197
       65     0.00000001     0.93294528     0.06705471
       66     0.00000033     0.93360730     0.06639237
       67     0.00000052     0.93428321     0.06571626
       68     0.00000020     0.93493239     0.06506741
       69     0.00000002     0.93551231     0.06448767
       70     0.00000039     0.93597663     0.06402298
       71     0.00000062     0.93628829     0.06371109
       72     0.00000030     0.93640509     0.06359461
       73     0.00000013     0.93637585     0.06362402
       74     0.00000018     0.93619420     0.06380562
       75     0.00000029     0.93582983     0.06416988
       76     0.00000025     0.93535802     0.06464173
       77     0.00000013     0.93483589     0.06516398
       78     0.00000012     0.93434049     0.06565938
       79     0.00000026     0.93393891     0.06606082
       80     0.00000038     0.93368646     0.06631316
       81     0.00000038     0.93361579     0.06638383
       82     0.00000033     0.93372862     0.06627106
       83     0.00000057     0.93410397     0.06589546
       84     0.00000164     0.93453140     0.06546696
       85     0.00000233     0.93487240     0.06512526
       86     0.00000139     0.93501607     0.06498254
       87     0.00000048     0.93481615     0.06518337
       88     0.00000194     0.93415907     0.06583899
       89     0.00000430     0.93284679     0.06714891
       90     0.00000473     0.93089527     0.06910000
       91     0.00000304     0.92835626     0.07164070
       92     0.00000201     0.92521696     0.07478102
       93     0.00000447     0.92183066     0.07816487
       94     0.00000588     0.91864291     0.08135120
       95     0.00000403     0.91600737     0.08398860
       96     0.00000193     0.91422314     0.08577494
       97     0.00000259     0.91365318     0.08634424
       98     0.00000441     0.91456614     0.08542945
       99     0.00000453     0.91705367     0.08294180
      100     0.00000284     0.92097884     0.07901832
      101     0.00000138     0.92593645     0.07406217
      102     0.00000186     0.93126762     0.06873052
      103     0.00000443     0.93615459     0.06384097
      104     0.00000719     0.93974493     0.06024788
      105     0.00000755     0.94130771     0.05868475
      106     0.00000595     0.94041200     0.05958204
      107     0.00000652     0.93708507     0.06290841
      108     0.00001096     0.93188929     0.06809975
      109     0.00001470     0.92586495     0.07412035
      110     0.00001314     0.92038274     0.07960412
      111     0.00000855     0.91680679     0.08318466
      112     0.00000625     0.91609572     0.08389804
      113     0.00000732     0.91851756     0.08147512
      114     0.00000917     0.92346806     0.07652277
      115     0.00001008     0.92953974     0.07045019
      116     0.00000974     0.93487446     0.06511580
      117     0.00000879     0.93773351     0.06225770
      118     0.00000999     0.93712058     0.06286943
      119     0.00001518     0.93322792     0.06675690
      120     0.00002053     0.92748799     0.07249149
