#     Density Matrix: population Re; see the manual for detail orders
        0     0.00000000     0.00000000     1.00000000
        1     0.00000001     0.00000004     0.99999995
        2     0.00000001     0.00000011     0.99999987
        3     0.00000008     0.00000077     0.99999915
        4     0.00000013     0.00000750     0.99999237
        5     0.00000028     0.00002826     0.99997146
        6     0.00000034     0.00006425     0.99993541
        7     0.00000051     0.00011276     0.99988673
        8     0.00000055     0.00019122     0.99980823
        9     0.00000071     0.00037741     0.99962188
       10     0.00000069     0.00088533     0.99911398
       11     0.00000081     0.00230019     0.99769900
       12     0.00000073     0.00654629     0.99345298
       13     0.00000078     0.02184558     0.97815364
       14     0.00000061     0.09430528     0.90569411
       15     0.00000088     0.54095663     0.45904250
       16     0.00000002     0.67101586     0.32898412
       17     0.00000131     0.46268259     0.53731610
       18     0.00000018     0.38221443     0.61778539
       19     0.00000084     0.33121246     0.66878670
       20     0.00000110     0.30328065     0.69671825
       21     0.00000005     0.29115019     0.70884975
       22     0.00000117     0.28868781     0.71131102
       23     0.00000063     0.29125926     0.70874011
       24     0.00000023     0.29578861     0.70421116
       25     0.00000120     0.30018283     0.69981597
       26     0.00000036     0.30297662     0.69702302
       27     0.00000050     0.30387410     0.69612540
       28     0.00000138     0.30263010     0.69736852
       29     0.00000031     0.29913409     0.70086560
       30     0.00000054     0.29373403     0.70626543
       31     0.00000137     0.28663561     0.71336302
       32     0.00000038     0.27803040     0.72196922
       33     0.00000038     0.26844854     0.73155108
       34     0.00000122     0.25760107     0.74239772
       35     0.00000053     0.24571506     0.75428441
       36     0.00000014     0.23323867     0.76676119
       37     0.00000105     0.21970337     0.78029558
       38     0.00000089     0.20660710     0.79339201
       39     0.00000004     0.19870911     0.80129085
       40     0.00000076     0.20551270     0.79448654
       41     0.00000133     0.24903363     0.75096504
       42     0.00000029     0.35824378     0.64175593
       43     0.00000028     0.50511208     0.49488764
       44     0.00000127     0.61489861     0.38510012
       45     0.00000080     0.67560910     0.32439010
       46     0.00000002     0.70946827     0.29053172
       47     0.00000085     0.73047579     0.26952336
       48     0.00000139     0.74490508     0.25509353
       49     0.00000035     0.75562646     0.24437319
       50     0.00000021     0.76405978     0.23594001
       51     0.00000144     0.77062150     0.22937706
       52     0.00000124     0.77610543     0.22389333
       53     0.00000005     0.78113385     0.21886610
       54     0.00000075     0.78549468     0.21450458
       55     0.00000196     0.78929106     0.21070698
       56     0.00000096     0.79258822     0.20741081
       57     0.00000006     0.79542288     0.20457706
       58     0.00000161     0.79780886     0.20218952
       59     0.00000241     0.79973668     0.20026090
       60     0.00000070     0.80117989     0.19881941
       61     0.00000055     0.80162421     0.19837524
       62     0.00000299     0.80147020     0.19852681
       63     0.00000295     0.80078661     0.19921044
       64     0.00000055     0.79955685     0.20044260
       65     0.00000140     0.79816601     0.20183259
       66     0.00000417     0.79620861     0.20378723
       67     0.00000306     0.79377283     0.20622411
       68     0.00000058     0.79101234     0.20898709
       69     0.00000237     0.78787748     0.21212015
       70     0.00000489     0.78485049     0.21514462
       71     0.00000284     0.78267209     0.21732507
       72     0.00000057     0.78189463     0.21810480
       73     0.00000228     0.78298823     0.21700948
       74     0.00000382     0.78658513     0.21341104
       75     0.00000205     0.79328057     0.20671737
       76     0.00000033     0.80295750     0.19704217
       77     0.00000106     0.81534059     0.18465836
       78     0.00000274     0.83002747     0.16996979
       79     0.00000302     0.84578120     0.15421578
       80     0.00000151     0.86078295     0.13921555
       81     0.00000107     0.87279265     0.12720628
       82     0.00000423     0.87949514     0.12050063
       83     0.00000722     0.87899901     0.12099377
       84     0.00000538     0.87040761     0.12958701
       85     0.00000317     0.85434954     0.14564729
       86     0.00000616     0.83326279     0.16673106
       87     0.00000904     0.81123280     0.18875816
       88     0.00000599     0.79326078     0.20673323
       89     0.00000207     0.78400715     0.21599079
       90     0.00000235     0.78629342     0.21370423
       91     0.00000340     0.79975560     0.20024101
       92     0.00000289     0.82060504     0.17939207
       93     0.00000198     0.84219486     0.15780315
       94     0.00000111     0.85709654     0.14290234
       95     0.00000220     0.86016714     0.13983066
       96     0.00000563     0.85057243     0.14942194
       97     0.00000632     0.83277088     0.16722280
       98     0.00000318     0.81498849     0.18500833
       99     0.00000159     0.80557987     0.19441854
      100     0.00000244     0.80880366     0.19119390
      101     0.00000302     0.82228766     0.17770932
      102     0.00000322     0.83795244     0.16204434
      103     0.00000261     0.84651479     0.15348260
      104     0.00000197     0.84325744     0.15674058
      105     0.00000405     0.83126398     0.16873196
      106     0.00000619     0.81949724     0.18049657
      107     0.00000470     0.81642617     0.18356913
      108     0.00000222     0.82360501     0.17639277
      109     0.00000145     0.83439980     0.16559875
      110     0.00000350     0.83961805     0.16037844
      111     0.00000819     0.83504159     0.16495022
      112     0.00001000     0.82571172     0.17427828
      113     0.00000681     0.82095088     0.17904231
      114     0.00000380     0.82495460     0.17504160
      115     0.00000454     0.83264514     0.16735032
      116     0.00000972     0.83543719     0.16455310
      117     0.00001583     0.83088127     0.16910290
      118     0.00001634     0.82512107     0.17486258
      119     0.00001242     0.82508586     0.17490172
      120     0.00001071     0.82999519     0.16999410
