#     Density Matrix: population Re; see the manual for detail orders
        0     0.00000000     0.00000000     1.00000000
        1     0.00000000     0.00000064     0.99999936
        2     0.00000001     0.00000432     0.99999568
        3     0.00000001     0.00000705     0.99999294
        4     0.00000006     0.00000592     0.99999401
        5     0.00000007     0.00000202     0.99999792
        6     0.00000018     0.00000050     0.99999931
        7     0.00000021     0.00000813     0.99999166
        8     0.00000038     0.00002775     0.99997187
        9     0.00000045     0.00005534     0.99994421
       10     0.00000064     0.00008765     0.99991172
       11     0.00000070     0.00014311     0.99985619
       12     0.00000087     0.00029651     0.99970262
       13     0.00000085     0.00075572     0.99924343
       14     0.00000098     0.00214603     0.99785299
       15     0.00000084     0.00695436     0.99304481
       16     0.00000094     0.03015686     0.96984220
       17     0.00000063     0.21604622     0.78395314
       18     0.00000044     0.74716058     0.25283899
       19     0.00000085     0.52680626     0.47319289
       20     0.00000363     0.39036045     0.60963592
       21     0.00000041     0.33465995     0.66533964
       22     0.00000186     0.30442421     0.69557393
       23     0.00000251     0.28303856     0.71695893
       24     0.00000002     0.26340247     0.73659751
       25     0.00000170     0.24222348     0.75777481
       26     0.00000161     0.21834597     0.78165242
       27     0.00000003     0.19181640     0.80818357
       28     0.00000133     0.16383354     0.83616513
       29     0.00000122     0.13591646     0.86408233
       30     0.00000012     0.10982088     0.89017901
       31     0.00000102     0.08689050     0.91310848
       32     0.00000104     0.06789914     0.93209982
       33     0.00000024     0.05290765     0.94709210
       34     0.00000077     0.04143319     0.95856604
       35     0.00000089     0.03267903     0.96732008
       36     0.00000040     0.02584881     0.97415079
       37     0.00000062     0.02034746     0.97965192
       38     0.00000072     0.01585733     0.98414196
       39     0.00000056     0.01228885     0.98771058
       40     0.00000000     1.00000000     0.00000000
       41     0.00000010     0.99982969     0.00017021
       42     0.00000016     0.99919126     0.00080859
       43     0.00000003     0.99783572     0.00216425
       44     0.00000003     0.99542486     0.00457511
       45     0.00000015     0.99151936     0.00848049
       46     0.00000009     0.98557105     0.01442886
       47     0.00000000     0.97691528     0.02308472
       48     0.00000011     0.96476639     0.03523349
       49     0.00000013     0.94819658     0.05180329
       50     0.00000000     0.92609406     0.07390594
       51     0.00000010     0.89726342     0.10273648
       52     0.00000020     0.86162937     0.13837043
       53     0.00000005     0.82469293     0.17530702
       54     0.00000008     0.80256537     0.19743455
       55     0.00000029     0.81251106     0.18748865
       56     0.00000013     0.85281611     0.14718376
       57     0.00000001     0.90465626     0.09534373
       58     0.00000011     0.95012650     0.04987339
       59     0.00000005     0.98047250     0.01952745
       60     0.00000000     1.00000000     0.00000000
       61     0.00000001     0.99729673     0.00270326
       62     0.00000002     0.99252049     0.00747949
       63     0.00000000     0.98933612     0.01066387
       64     0.00000001     0.98916454     0.01083545
       65     0.00000000     1.00000000     0.00000000
       66     0.00000002     0.99971144     0.00028855
       67     0.00000003     0.99920645     0.00079352
       68     0.00000000     0.99892957     0.00107042
       69     0.00000001     0.99902887     0.00097112
       70     0.00000004     0.99934707     0.00065289
       71     0.00000002     0.99961487     0.00038511
       72     0.00000001     0.99967931     0.00032067
       73     0.00000007     0.99958791     0.00041202
       74     0.00000006     0.99948693     0.00051301
       75     0.00000003     0.99945914     0.00054083
       76     0.00000009     0.99946870     0.00053121
       77     0.00000011     0.99945124     0.00054865
       78     0.00000007     0.99942244     0.00057749
       79     0.00000015     0.99946174     0.00053811
       80     0.00000022     0.99958478     0.00041500
       81     0.00000015     0.99967228     0.00032757
       82     0.00000023     0.99958012     0.00041965
       83     0.00000036     0.99933303     0.00066661
       84     0.00000030     0.99915999     0.00083970
       85     0.00000035     0.99927523     0.00072442
       86     0.00000056     0.99961350     0.00038594
       87     0.00000054     0.99983345     0.00016601
       88     0.00000052     0.99964658     0.00035290
       89     0.00000079     0.99915399     0.00084521
       90     0.00000087     0.99880571     0.00119342
       91     0.00000078     0.99896823     0.00103099
       92     0.00000104     0.99952365     0.00047531
       93     0.00000126     0.99993446     0.00006427
       94     0.00000114     0.99974799     0.00025087
       95     0.00000129     0.99905707     0.00094164
       96     0.00000166     0.99845013     0.00154821
       97     0.00000162     0.99847478     0.00152360
       98     0.00000157     0.99912170     0.00087674
       99     0.00000196     0.99982054     0.00017750
      100     0.00000214     0.99994978     0.00004808
      101     0.00000193     0.99938449     0.00061357
      102     0.00000210     0.99859470     0.00140320
      103     0.00000252     0.99822877     0.00176872
      104     0.00000246     0.99856796     0.00142958
      105     0.00000230     0.99932002     0.00067768
      106     0.00000262     0.99989638     0.00010100
      107     0.00000288     0.99990008     0.00009704
      108     0.00000264     0.99940965     0.00058771
      109     0.00000256     0.99886212     0.00113532
      110     0.00000296     0.99867905     0.00131798
      111     0.00000314     0.99895660     0.00104026
      112     0.00000286     0.99944447     0.00055267
      113     0.00000281     0.99978601     0.00021118
      114     0.00000316     0.99979668     0.00020016
      115     0.00000325     0.99956300     0.00043376
      116     0.00000296     0.99931993     0.00067711
      117     0.00000295     0.99924419     0.00075285
      118     0.00000337     0.99933951     0.00065712
      119     0.00000354     0.99948344     0.00051302
      120     0.00000325     0.99956196     0.00043479
