#     Density Matrix: population Re; see the manual for detail orders
        0     0.00000000     0.00000000     1.00000000
        1     0.00000002     0.00000396     0.99999602
        2     0.00000002     0.00002630     0.99997368
        3     0.00000000     0.00004285     0.99995714
        4     0.00000006     0.00004059     0.99995934
        5     0.00000004     0.00002882     0.99997114
        6     0.00000021     0.00002276     0.99997703
        7     0.00000015     0.00002408     0.99997577
        8     0.00000044     0.00002059     0.99997897
        9     0.00000033     0.00000783     0.99999183
       10     0.00000071     0.00001373     0.99998556
       11     0.00000058     0.00011121     0.99988821
       12     0.00000095     0.00043776     0.99956129
       13     0.00000084     0.00133424     0.99866491
       14     0.00000104     0.00428022     0.99571874
       15     0.00000108     0.02209039     0.97790853
       16     0.00000078     0.39244774     0.60755148
       17     0.00000021     0.76933641     0.23066338
       18     0.00000142     0.30830811     0.69169047
       19     0.00000120     0.25072385     0.74927495
       20     0.00000028     0.22326183     0.77673789
       21     0.00000209     0.21074778     0.78925013
       22     0.00000029     0.20658156     0.79341815
       23     0.00000111     0.20717825     0.79282064
       24     0.00000186     0.21040700     0.78959114
       25     0.00000003     0.21498929     0.78501068
       26     0.00000165     0.22019702     0.77980134
       27     0.00000157     0.22566716     0.77433127
       28     0.00000004     0.23126760     0.76873236
       29     0.00000180     0.23700378     0.76299441
       30     0.00000155     0.24296181     0.75703664
       31     0.00000003     0.24928148     0.75071849
       32     0.00000164     0.25616658     0.74383178
       33     0.00000174     0.26394040     0.73605787
       34     0.00000005     0.27316550     0.72683445
       35     0.00000114     0.28496193     0.71503693
       36     0.00000193     0.30190998     0.69808808
       37     0.00000030     0.33613766     0.66386204
       38     0.00000065     0.41741587     0.58258348
       39     0.00000199     0.56543131     0.43456670
       40     0.00000099     0.69191442     0.30808459
       41     0.00000004     0.73781879     0.26218116
       42     0.00000151     0.74724911     0.25274938
       43     0.00000197     0.74702746     0.25297057
       44     0.00000036     0.74402083     0.25597882
       45     0.00000045     0.74001664     0.25998291
       46     0.00000213     0.73554494     0.26445293
       47     0.00000164     0.73078417     0.26921419
       48     0.00000010     0.72580886     0.27419105
       49     0.00000107     0.72068126     0.27931768
       50     0.00000259     0.71548201     0.28451540
       51     0.00000138     0.71031339     0.28968523
       52     0.00000012     0.70529548     0.29470439
       53     0.00000175     0.70056403     0.29943422
       54     0.00000299     0.69626187     0.30373514
       55     0.00000125     0.69251864     0.30748011
       56     0.00000030     0.68943139     0.31056831
       57     0.00000234     0.68705404     0.31294362
       58     0.00000326     0.68538861     0.31460814
       59     0.00000119     0.68437570     0.31562311
       60     0.00000041     0.68389065     0.31610894
       61     0.00000245     0.68376257     0.31623498
       62     0.00000308     0.68381040     0.31618652
       63     0.00000104     0.68386756     0.31613140
       64     0.00000020     0.68381065     0.31618915
       65     0.00000160     0.68359427     0.31640413
       66     0.00000213     0.68327123     0.31672664
       67     0.00000093     0.68298356     0.31701551
       68     0.00000005     0.68292555     0.31707440
       69     0.00000022     0.68328931     0.31671047
       70     0.00000095     0.68419934     0.31579970
       71     0.00000190     0.68564190     0.31435619
       72     0.00000184     0.68740831     0.31258985
       73     0.00000058     0.68907968     0.31091973
       74     0.00000117     0.69007113     0.30992770
       75     0.00000470     0.68972980     0.31026551
       76     0.00000647     0.68747394     0.31251960
       77     0.00000398     0.68295329     0.31704272
       78     0.00000268     0.67619935     0.32379797
       79     0.00000630     0.66773262     0.33226108
       80     0.00000920     0.65857429     0.34141651
       81     0.00000633     0.65013537     0.34985830
       82     0.00000235     0.64399075     0.35600689
       83     0.00000269     0.64156909     0.35842822
       84     0.00000435     0.64381318     0.35618247
       85     0.00000317     0.65087123     0.34912560
       86     0.00000107     0.66192154     0.33807739
       87     0.00000039     0.67519034     0.32480927
       88     0.00000014     0.68821401     0.31178585
       89     0.00000124     0.69831431     0.30168445
       90     0.00000581     0.70321274     0.29678145
       91     0.00001004     0.70164000     0.29834997
       92     0.00000891     0.69377094     0.30622015
       93     0.00000639     0.68135730     0.31863631
       94     0.00000910     0.66743605     0.33255485
       95     0.00001330     0.65563668     0.34435002
       96     0.00001114     0.64920384     0.35078502
       97     0.00000464     0.64999018     0.35000518
       98     0.00000088     0.65774922     0.34224990
       99     0.00000034     0.67001140     0.32998825
      100     0.00000143     0.68270555     0.31729302
      101     0.00000658     0.69143231     0.30856112
      102     0.00001412     0.69304060     0.30694528
      103     0.00001632     0.68695257     0.31303110
      104     0.00001290     0.67564795     0.32433914
      105     0.00001190     0.66391672     0.33607138
      106     0.00001376     0.65696867     0.34301757
      107     0.00001166     0.65805762     0.34193072
      108     0.00000692     0.66669737     0.33329571
      109     0.00000610     0.67851639     0.32147750
      110     0.00000834     0.68719004     0.31280162
      111     0.00001149     0.68779871     0.31218980
      112     0.00001894     0.67989195     0.32008911
      113     0.00002757     0.66824536     0.33172707
      114     0.00002661     0.66031382     0.33965957
      115     0.00001654     0.66145741     0.33852605
      116     0.00000946     0.67094528     0.32904526
      117     0.00001048     0.68190419     0.31808533
      118     0.00001818     0.68602919     0.31395263
      119     0.00003275     0.68009572     0.31987153
      120     0.00004657     0.66904782     0.33090561
