#     Density Matrix: population Re; see the manual for detail orders
        0     0.00000000     0.00000000     1.00000000
        1     0.00000008     0.00000441     0.99999551
        2     0.00000011     0.00002893     0.99997096
        3     0.00000017     0.00004636     0.99995348
        4     0.00000019     0.00004191     0.99995790
        5     0.00000024     0.00002466     0.99997510
        6     0.00000027     0.00001129     0.99998844
        7     0.00000030     0.00001339     0.99998630
        8     0.00000033     0.00003938     0.99996029
        9     0.00000036     0.00011527     0.99988437
       10     0.00000040     0.00039971     0.99959989
       11     0.00000042     0.00300130     0.99699828
       12     0.00000042     0.04643208     0.95356750
       13     0.00000040     0.08708479     0.91291482
       14     0.00000046     0.03370932     0.96629022
       15     0.00000043     0.03245023     0.96754934
       16     0.00000041     0.03007957     0.96992002
       17     0.00000044     0.02708920     0.97291036
       18     0.00000043     0.02403831     0.97596126
       19     0.00000042     0.02124942     0.97875016
       20     0.00000040     0.01888937     0.98111023
       21     0.00000037     0.01703569     0.98296394
       22     0.00000036     0.01572116     0.98427847
       23     0.00000035     0.01495682     0.98504283
       24     0.00000032     0.01475052     0.98524916
       25     0.00000030     0.01513062     0.98486908
       26     0.00000028     0.01616691     0.98383281
       27     0.00000025     0.01800378     0.98199596
       28     0.00000023     0.02093104     0.97906873
       29     0.00000021     0.02551395     0.97448584
       30     0.00000018     0.03294527     0.96705455
       31     0.00000016     0.04598151     0.95401833
       32     0.00000015     0.07206308     0.92793677
       33     0.00000013     0.13531046     0.86468941
       34     0.00000011     0.30983926     0.69016063
       35     0.00000009     0.62077838     0.37922152
       36     0.00000008     0.85276369     0.14723623
       37     0.00000007     0.94058866     0.05941127
       38     0.00000009     0.97161063     0.02838928
       39     0.00000008     0.98232202     0.01767790
       40     0.00000005     0.98618230     0.01381765
       41     0.00000006     0.98747731     0.01252263
       42     0.00000007     0.98773103     0.01226890
       43     0.00000005     0.98755165     0.01244830
       44     0.00000005     0.98720536     0.01279459
       45     0.00000006     0.98681750     0.01318245
       46     0.00000005     0.98645064     0.01354930
       47     0.00000004     0.98613571     0.01386424
       48     0.00000003     0.98588819     0.01411177
       49     0.00000004     0.98571336     0.01428660
       50     0.00000004     0.98561146     0.01438850
       51     0.00000003     0.98557815     0.01442182
       52     0.00000002     0.98560731     0.01439266
       53     0.00000003     0.98568996     0.01431001
       54     0.00000002     0.98581622     0.01418376
       55     0.00000002     0.98597543     0.01402456
       56     0.00000001     0.98615677     0.01384322
       57     0.00000001     0.98634925     0.01365073
       58     0.00000001     0.98654324     0.01345675
       59     0.00000001     0.98673112     0.01326887
       60     0.00000001     0.98690770     0.01309230
       61     0.00000001     0.98707021     0.01292978
       62     0.00000001     0.98721870     0.01278129
       63     0.00000000     0.98735671     0.01264329
       64     0.00000000     0.98749006     0.01250994
       65     0.00000000     0.98762635     0.01237365
       66     0.00000001     0.98777399     0.01222601
       67     0.00000000     0.98794085     0.01205915
       68     0.00000000     0.98813212     0.01186787
       69     0.00000001     0.98835013     0.01164986
       70     0.00000001     0.98859287     0.01140713
       71     0.00000000     0.98885375     0.01114625
       72     0.00000000     0.98912253     0.01087747
       73     0.00000001     0.98938275     0.01061724
       74     0.00000001     0.98961722     0.01038277
       75     0.00000002     0.98980886     0.01019112
       76     0.00000002     0.98994556     0.01005442
       77     0.00000003     0.99002073     0.00997924
       78     0.00000003     0.99003543     0.00996454
       79     0.00000003     0.98999976     0.01000021
       80     0.00000004     0.98993217     0.01006779
       81     0.00000006     0.98985688     0.01014306
       82     0.00000007     0.98980147     0.01019846
       83     0.00000009     0.98979101     0.01020890
       84     0.00000012     0.98984363     0.01015625
       85     0.00000017     0.98996766     0.01003217
       86     0.00000022     0.99015602     0.00984375
       87     0.00000029     0.99038721     0.00961250
       88     0.00000038     0.99062770     0.00937191
       89     0.00000049     0.99083699     0.00916252
       90     0.00000060     0.99097403     0.00902537
       91     0.00000072     0.99100637     0.00899291
       92     0.00000086     0.99091981     0.00907932
       93     0.00000102     0.99072424     0.00927474
       94     0.00000116     0.99045966     0.00953918
       95     0.00000125     0.99019466     0.00980410
       96     0.00000134     0.99001931     0.00997935
       97     0.00000142     0.99003033     0.00996825
       98     0.00000148     0.99031401     0.00968450
       99     0.00000154     0.99092403     0.00907443
      100     0.00000161     0.99186736     0.00813103
      101     0.00000170     0.99309231     0.00690598
      102     0.00000185     0.99449091     0.00550723
      103     0.00000209     0.99591143     0.00408648
      104     0.00000242     0.99718467     0.00281291
      105     0.00000287     0.99815763     0.00183950
      106     0.00000343     0.99872714     0.00126943
      107     0.00000406     0.99886766     0.00112828
      108     0.00000474     0.99864120     0.00135406
      109     0.00000541     0.99818704     0.00180755
      110     0.00000602     0.99768962     0.00230436
      111     0.00000656     0.99733249     0.00266095
      112     0.00000702     0.99724931     0.00274367
      113     0.00000745     0.99748840     0.00250414
      114     0.00000788     0.99800055     0.00199157
      115     0.00000836     0.99865745     0.00133419
      116     0.00000894     0.99929348     0.00069758
      117     0.00000961     0.99975890     0.00023148
      118     0.00001036     0.99996710     0.00002254
      119     0.00001115     0.99991933     0.00006952
      120     0.00001198     0.99969897     0.00028905
