#     Density Matrix: population Re; see the manual for detail orders
        0     0.00000000     0.00000000     1.00000000
        1     0.00000001     0.00000143     0.99999856
        2     0.00000001     0.00000671     0.99999327
        3     0.00000001     0.00000727     0.99999272
        4     0.00000005     0.00001668     0.99998327
        5     0.00000006     0.00005613     0.99994381
        6     0.00000015     0.00012871     0.99987113
        7     0.00000017     0.00021575     0.99978408
        8     0.00000029     0.00031086     0.99968885
        9     0.00000031     0.00049672     0.99950297
       10     0.00000042     0.00110808     0.99889150
       11     0.00000048     0.00326195     0.99673757
       12     0.00000050     0.01152198     0.98847752
       13     0.00000062     0.05411530     0.94588408
       14     0.00000039     0.34891351     0.65108611
       15     0.00000028     0.71473049     0.28526923
       16     0.00000036     0.37743823     0.62256141
       17     0.00000075     0.28199606     0.71800319
       18     0.00000011     0.23072757     0.76927232
       19     0.00000088     0.20511194     0.79488718
       20     0.00000032     0.19459683     0.80540285
       21     0.00000041     0.19278068     0.80721891
       22     0.00000086     0.19565636     0.80434278
       23     0.00000010     0.20072764     0.79927226
       24     0.00000078     0.20649688     0.79350234
       25     0.00000094     0.21207163     0.78792743
       26     0.00000006     0.21700213     0.78299781
       27     0.00000049     0.22108937     0.77891014
       28     0.00000053     0.22429745     0.77570203
       29     0.00000013     0.22670285     0.77329702
       30     0.00000107     0.22840513     0.77159380
       31     0.00000076     0.22952639     0.77047285
       32     0.00000011     0.23019870     0.76980119
       33     0.00000098     0.23053625     0.76946278
       34     0.00000085     0.23064306     0.76935610
       35     0.00000007     0.23061790     0.76938202
       36     0.00000074     0.23057204     0.76942722
       37     0.00000098     0.23070104     0.76929798
       38     0.00000014     0.23180163     0.76819823
       39     0.00000029     0.30796964     0.69203007
       40     0.00000074     0.64345904     0.35654022
       41     0.00000048     0.76787219     0.23212733
       42     0.00000010     0.77101818     0.22898172
       43     0.00000024     0.77201578     0.22798398
       44     0.00000018     0.77239329     0.22760653
       45     0.00000016     0.77249281     0.22750703
       46     0.00000008     0.77244046     0.22755946
       47     0.00000008     0.77225519     0.22774472
       48     0.00000041     0.77192911     0.22807048
       49     0.00000028     0.77156993     0.22842979
       50     0.00000003     0.77120917     0.22879080
       51     0.00000022     0.77082845     0.22917134
       52     0.00000039     0.77045018     0.22954943
       53     0.00000015     0.77009363     0.22990623
       54     0.00000006     0.76977366     0.23022628
       55     0.00000031     0.76950043     0.23049926
       56     0.00000034     0.76918176     0.23081790
       57     0.00000008     0.76882505     0.23117487
       58     0.00000003     0.76861381     0.23138615
       59     0.00000022     0.76852761     0.23147217
       60     0.00000020     0.76847070     0.23152911
       61     0.00000002     0.76843570     0.23156429
       62     0.00000011     0.76841853     0.23158137
       63     0.00000035     0.76842708     0.23157256
       64     0.00000032     0.76848254     0.23151714
       65     0.00000006     0.76854982     0.23145012
       66     0.00000012     0.76876592     0.23123397
       67     0.00000023     0.76915576     0.23084401
       68     0.00000016     0.76963357     0.23036627
       69     0.00000017     0.77007882     0.22992102
       70     0.00000021     0.77045329     0.22954650
       71     0.00000009     0.77084599     0.22915392
       72     0.00000018     0.77121791     0.22878191
       73     0.00000040     0.77164840     0.22835121
       74     0.00000016     0.77195128     0.22804856
       75     0.00000003     0.77203949     0.22796047
       76     0.00000045     0.77190563     0.22809392
       77     0.00000065     0.77158655     0.22841280
       78     0.00000024     0.77105762     0.22894213
       79     0.00000024     0.77033819     0.22966157
       80     0.00000088     0.76947108     0.23052804
       81     0.00000093     0.76851517     0.23148390
       82     0.00000032     0.76755798     0.23244169
       83     0.00000039     0.76669582     0.23330379
       84     0.00000096     0.76601995     0.23397909
       85     0.00000079     0.76554161     0.23445759
       86     0.00000018     0.76549753     0.23450229
       87     0.00000020     0.76595689     0.23404291
       88     0.00000045     0.76677509     0.23322445
       89     0.00000019     0.76800367     0.23199615
       90     0.00000003     0.76956899     0.23043099
       91     0.00000022     0.77133636     0.22866342
       92     0.00000011     0.77310545     0.22689444
       93     0.00000020     0.77461702     0.22538277
       94     0.00000119     0.77557350     0.22442531
       95     0.00000174     0.77567720     0.22432106
       96     0.00000135     0.77468708     0.22531157
       97     0.00000213     0.77249197     0.22750590
       98     0.00000418     0.76879089     0.23120494
       99     0.00000466     0.76432517     0.23567017
      100     0.00000332     0.76020611     0.23979057
      101     0.00000307     0.75688525     0.24311167
      102     0.00000372     0.75532127     0.24467502
      103     0.00000262     0.75631786     0.24367952
      104     0.00000068     0.76022981     0.23976951
      105     0.00000003     0.76669200     0.23330798
      106     0.00000002     0.77449152     0.22550846
      107     0.00000083     0.78169452     0.21830465
      108     0.00000391     0.78609019     0.21390590
      109     0.00000720     0.78588077     0.21411203
      110     0.00000830     0.78029679     0.21969491
      111     0.00001089     0.77043605     0.22955306
      112     0.00001458     0.75928045     0.24070497
      113     0.00001326     0.75044909     0.24953765
      114     0.00000694     0.74733700     0.25265606
      115     0.00000247     0.75150935     0.24848818
      116     0.00000162     0.76165809     0.23834029
      117     0.00000272     0.77387996     0.22611733
      118     0.00000799     0.78314761     0.21684440
      119     0.00001389     0.78550404     0.21448207
      120     0.00001475     0.78000944     0.21997581
