#     Density Matrix: population Re; see the manual for detail orders
        0     0.00000000     0.00000000     1.00000000
        1     0.00000013     0.00000178     0.99999809
        2     0.00000012     0.00001404     0.99998584
        3     0.00000035     0.00003024     0.99996941
        4     0.00000023     0.00003983     0.99995993
        5     0.00000064     0.00004086     0.99995851
        6     0.00000040     0.00005811     0.99994149
        7     0.00000091     0.00016207     0.99983702
        8     0.00000058     0.00049034     0.99950908
        9     0.00000107     0.00132528     0.99867366
       10     0.00000072     0.00344538     0.99655390
       11     0.00000099     0.00973496     0.99026405
       12     0.00000078     0.03412109     0.96587813
       13     0.00000062     0.15846090     0.84153848
       14     0.00000041     0.53170216     0.46829743
       15     0.00000039     0.61522321     0.38477640
       16     0.00000090     0.41160761     0.58839149
       17     0.00000008     0.32899217     0.67100775
       18     0.00000120     0.27708206     0.72291673
       19     0.00000046     0.24798491     0.75201462
       20     0.00000032     0.23455810     0.76544158
       21     0.00000113     0.23142476     0.76857411
       22     0.00000016     0.23479273     0.76520711
       23     0.00000051     0.24211537     0.75788412
       24     0.00000094     0.25179865     0.74820041
       25     0.00000006     0.26292293     0.73707701
       26     0.00000048     0.27499216     0.72500737
       27     0.00000080     0.28774915     0.71225006
       28     0.00000006     0.30093244     0.69906750
       29     0.00000039     0.31416532     0.68583429
       30     0.00000080     0.32657003     0.67342916
       31     0.00000014     0.33639484     0.66360502
       32     0.00000021     0.33999727     0.66000252
       33     0.00000081     0.32828493     0.67171425
       34     0.00000036     0.27859214     0.72140750
       35     0.00000002     0.09650166     0.90349832
       36     0.00000044     0.05832423     0.94167533
       37     0.00000056     0.32273621     0.67726323
       38     0.00000011     0.38747854     0.61252135
       39     0.00000013     0.38980666     0.61019321
       40     0.00000043     0.36928559     0.63071397
       41     0.00000024     0.33840025     0.66159951
       42     0.00000000     0.30612306     0.69387694
       43     0.00000015     0.28575003     0.71424981
       44     0.00000021     0.33810023     0.66189956
       45     0.00000014     0.67214796     0.32785190
       46     0.00000014     0.98509854     0.01490132
       47     0.00000000     1.00000000     0.00000000
       48     0.00000001     0.99907565     0.00092434
       49     0.00000002     0.99822406     0.00177591
       50     0.00000001     0.99775734     0.00224266
       51     0.00000000     0.99752159     0.00247840
       52     0.00000002     0.99740208     0.00259790
       53     0.00000003     0.99732911     0.00267086
       54     0.00000001     0.99726185     0.00273815
       55     0.00000001     0.99717931     0.00282068
       56     0.00000003     0.99707792     0.00292204
       57     0.00000003     0.99697391     0.00302606
       58     0.00000001     0.99690881     0.00309118
       59     0.00000001     0.99695841     0.00304158
       60     0.00000004     0.99723989     0.00276006
       61     0.00000003     0.99787338     0.00212659
       62     0.00000000     0.99847905     0.00152094
       63     0.00000001     0.98892292     0.01107707
       64     0.00000003     0.85069561     0.14930436
       65     0.00000031     0.65353832     0.34646137
       66     0.00000060     0.86828826     0.13171114
       67     0.00000018     0.86720531     0.13279451
       68     0.00000059     0.85738101     0.14261840
       69     0.00000032     0.85081800     0.14918168
       70     0.00000032     0.84967293     0.15032675
       71     0.00000068     0.85365949     0.14633983
       72     0.00000016     0.86137162     0.13862822
       73     0.00000053     0.87102187     0.12897760
       74     0.00000052     0.88106125     0.11893823
       75     0.00000020     0.89057270     0.10942710
       76     0.00000060     0.89931650     0.10068290
       77     0.00000025     0.90747081     0.09252894
       78     0.00000046     0.91526087     0.08473867
       79     0.00000040     0.92271216     0.07728744
       80     0.00000030     0.92965288     0.07034682
       81     0.00000051     0.93589728     0.06410220
       82     0.00000025     0.94141874     0.05858101
       83     0.00000048     0.94635517     0.05364435
       84     0.00000030     0.95085472     0.04914498
       85     0.00000042     0.95492049     0.04507909
       86     0.00000039     0.95841636     0.04158325
       87     0.00000034     0.96124002     0.03875965
       88     0.00000039     0.96349628     0.03650333
       89     0.00000036     0.96548457     0.03451506
       90     0.00000042     0.96748039     0.03251919
       91     0.00000027     0.96950316     0.03049656
       92     0.00000045     0.97130219     0.02869735
       93     0.00000040     0.97259963     0.02739997
       94     0.00000031     0.97338141     0.02661828
       95     0.00000035     0.97396438     0.02603527
       96     0.00000049     0.97474803     0.02525147
       97     0.00000033     0.97585960     0.02414007
       98     0.00000028     0.97702093     0.02297880
       99     0.00000050     0.97779244     0.02220705
      100     0.00000042     0.97799105     0.02200853
      101     0.00000024     0.97790296     0.02209680
      102     0.00000041     0.97807482     0.02192476
      103     0.00000055     0.97883585     0.02116360
      104     0.00000028     0.97997552     0.02002420
      105     0.00000028     0.98088901     0.01911071
      106     0.00000056     0.98109473     0.01890472
      107     0.00000044     0.98068656     0.01931300
      108     0.00000021     0.98031161     0.01968819
      109     0.00000042     0.98065861     0.01934098
      110     0.00000058     0.98187472     0.01812470
      111     0.00000030     0.98340369     0.01659600
      112     0.00000024     0.98438838     0.01561138
      113     0.00000052     0.98432953     0.01566995
      114     0.00000050     0.98349955     0.01649994
      115     0.00000025     0.98278246     0.01721729
      116     0.00000030     0.98303947     0.01696023
      117     0.00000057     0.98447924     0.01552019
      118     0.00000044     0.98649986     0.01349970
      119     0.00000021     0.98808317     0.01191661
      120     0.00000038     0.98845043     0.01154919
