#     Density Matrix: population Re; see the manual for detail orders
        0     0.00000000     0.00000000     1.00000000
        1     0.00000001     0.00002661     0.99997338
        2     0.00000003     0.00024626     0.99975370
        3     0.00000007     0.00066284     0.99933710
        4     0.00000011     0.00113616     0.99886374
        5     0.00000015     0.00154642     0.99845343
        6     0.00000023     0.00212297     0.99787680
        7     0.00000026     0.00411781     0.99588193
        8     0.00000038     0.01178110     0.98821853
        9     0.00000035     0.04014321     0.95985644
       10     0.00000044     0.14343729     0.85656226
       11     0.00000023     0.39232959     0.60767018
       12     0.00000017     0.53541049     0.46458933
       13     0.00000036     0.42097526     0.57902438
       14     0.00000064     0.28377695     0.71622241
       15     0.00000061     0.19470738     0.80529202
       16     0.00000071     0.14391685     0.85608244
       17     0.00000067     0.11747716     0.88252217
       18     0.00000057     0.10554846     0.89445096
       19     0.00000065     0.10173260     0.89826675
       20     0.00000053     0.10201223     0.89798724
       21     0.00000051     0.10396440     0.89603509
       22     0.00000056     0.10621017     0.89378927
       23     0.00000044     0.10804517     0.89195439
       24     0.00000047     0.10918481     0.89081473
       25     0.00000050     0.10958928     0.89041022
       26     0.00000039     0.10934417     0.89065544
       27     0.00000042     0.10858160     0.89141798
       28     0.00000047     0.10742711     0.89257242
       29     0.00000037     0.10596215     0.89403748
       30     0.00000038     0.10420006     0.89579956
       31     0.00000043     0.10206330     0.89793627
       32     0.00000035     0.09934471     0.90065494
       33     0.00000032     0.09562081     0.90437887
       34     0.00000039     0.09003424     0.90996537
       35     0.00000037     0.08069331     0.91930632
       36     0.00000030     0.06280641     0.93719329
       37     0.00000034     0.03614709     0.96385257
       38     0.00000031     0.26764128     0.73235841
       39     0.00000034     0.66957365     0.33042601
       40     0.00000041     0.77627639     0.22372321
       41     0.00000036     0.81264407     0.18735557
       42     0.00000033     0.82560157     0.17439810
       43     0.00000041     0.82889440     0.17110518
       44     0.00000045     0.82724646     0.17275309
       45     0.00000041     0.82266438     0.17733522
       46     0.00000029     0.81978559     0.18021412
       47     0.00000009     0.82188332     0.17811659
       48     0.00000010     0.82847326     0.17152664
       49     0.00000016     0.84067079     0.15932906
       50     0.00000016     0.86067498     0.13932486
       51     0.00000020     0.90252177     0.09747802
       52     0.00000016     0.96469450     0.03530534
       53     0.00000015     0.99984560     0.00015425
       54     0.00000011     0.94360699     0.05639291
       55     0.00000010     0.83247922     0.16752068
       56     0.00000018     0.74359166     0.25640816
       57     0.00000017     0.68968824     0.31031159
       58     0.00000010     0.65932498     0.34067493
       59     0.00000010     0.64367887     0.35632103
       60     0.00000018     0.63769021     0.36230962
       61     0.00000016     0.63813118     0.36186865
       62     0.00000003     0.64305040     0.35694957
       63     0.00000013     0.65072665     0.34927322
       64     0.00000036     0.65900659     0.34099305
       65     0.00000014     0.66462798     0.33537188
       66     0.00000008     0.66230054     0.33769938
       67     0.00000068     0.64361432     0.35638500
       68     0.00000044     0.59594410     0.40405546
       69     0.00000015     0.50251717     0.49748268
       70     0.00000097     0.35100015     0.64899888
       71     0.00000059     0.17730804     0.82269137
       72     0.00000046     0.15462458     0.84537497
       73     0.00000103     0.43025235     0.56974662
       74     0.00000020     0.75025053     0.24974927
       75     0.00000034     0.87939644     0.12060322
       76     0.00000030     0.86603196     0.13396774
       77     0.00000023     0.80475714     0.19524263
       78     0.00000092     0.74994172     0.25005736
       79     0.00000007     0.72292359     0.27707633
       80     0.00000059     0.72381938     0.27618003
       81     0.00000038     0.74078432     0.25921531
       82     0.00000028     0.75889942     0.24110030
       83     0.00000055     0.76785725     0.23214220
       84     0.00000012     0.76584009     0.23415979
       85     0.00000071     0.75813752     0.24186177
       86     0.00000010     0.75187433     0.24812557
       87     0.00000054     0.75076093     0.24923853
       88     0.00000024     0.75348782     0.24651193
       89     0.00000044     0.75635417     0.24364539
       90     0.00000018     0.75718209     0.24281772
       91     0.00000049     0.75667650     0.24332301
       92     0.00000045     0.75647164     0.24352791
       93     0.00000016     0.75667280     0.24332704
       94     0.00000041     0.75597458     0.24402500
       95     0.00000043     0.75406031     0.24593926
       96     0.00000020     0.75289441     0.24710539
       97     0.00000034     0.75465072     0.24534894
       98     0.00000071     0.75850778     0.24149150
       99     0.00000014     0.76045718     0.23954268
      100     0.00000030     0.75745098     0.24254872
      101     0.00000079     0.75156239     0.24843681
      102     0.00000027     0.74885180     0.25114793
      103     0.00000020     0.75320414     0.24679567
      104     0.00000097     0.76134879     0.23865024
      105     0.00000053     0.76515209     0.23484739
      106     0.00000008     0.75967696     0.24032296
      107     0.00000121     0.74896084     0.25103795
      108     0.00000079     0.74308537     0.25691384
      109     0.00000001     0.74864137     0.25135862
      110     0.00000099     0.76176990     0.23822911
      111     0.00000137     0.77102381     0.22897482
      112     0.00000012     0.76742498     0.23257490
      113     0.00000091     0.75287634     0.24712275
      114     0.00000187     0.73906686     0.26093127
      115     0.00000044     0.73756976     0.26242980
      116     0.00000035     0.75020019     0.24979946
      117     0.00000188     0.76750640     0.23249172
      118     0.00000130     0.77634416     0.22365454
      119     0.00000010     0.77012994     0.22986997
      120     0.00000154     0.75354526     0.24645320
