#     Density Matrix: population Re; see the manual for detail orders
        0     0.00000000     0.00000000     1.00000000
        1     0.00000007     0.00000336     0.99999657
        2     0.00000008     0.00002484     0.99997508
        3     0.00000018     0.00004682     0.99995300
        4     0.00000018     0.00005198     0.99994784
        5     0.00000024     0.00005117     0.99994859
        6     0.00000025     0.00008036     0.99991939
        7     0.00000029     0.00018923     0.99981049
        8     0.00000031     0.00046711     0.99953258
        9     0.00000034     0.00118253     0.99881713
       10     0.00000037     0.00336240     0.99663723
       11     0.00000039     0.01192819     0.98807142
       12     0.00000038     0.05937788     0.94062175
       13     0.00000017     0.69123402     0.30876581
       14     0.00000002     0.52687545     0.47312452
       15     0.00000090     0.11453203     0.88546707
       16     0.00000027     0.04254590     0.95745383
       17     0.00000047     0.01747352     0.98252601
       18     0.00000045     0.00976432     0.99023523
       19     0.00000033     0.00847883     0.99152084
       20     0.00000037     0.00919743     0.99080220
       21     0.00000032     0.01015160     0.98984807
       22     0.00000039     0.01072502     0.98927458
       23     0.00000034     0.01078830     0.98921136
       24     0.00000027     0.01043136     0.98956837
       25     0.00000031     0.00982530     0.99017440
       26     0.00000031     0.00911521     0.99088448
       27     0.00000025     0.00844064     0.99155911
       28     0.00000026     0.00794524     0.99205450
       29     0.00000026     0.00778578     0.99221396
       30     0.00000018     0.00816703     0.99183279
       31     0.00000030     0.00941378     0.99058592
       32     0.00000028     0.01208582     0.98791390
       33     0.00000019     0.01723784     0.98276197
       34     0.00000022     0.02701656     0.97298322
       35     0.00000022     0.04612572     0.95387405
       36     0.00000022     0.08542725     0.91457253
       37     0.00000024     0.16808735     0.83191242
       38     0.00000022     0.32255360     0.67744618
       39     0.00000017     0.52987320     0.47012662
       40     0.00000026     0.72232306     0.27767668
       41     0.00000040     0.84857562     0.15142398
       42     0.00000026     0.91021054     0.08978920
       43     0.00000021     0.93989198     0.06010782
       44     0.00000029     0.95526441     0.04473529
       45     0.00000026     0.96385782     0.03614193
       46     0.00000018     0.96894682     0.03105300
       47     0.00000021     0.97208659     0.02791320
       48     0.00000024     0.97407585     0.02592392
       49     0.00000018     0.97535801     0.02464182
       50     0.00000015     0.97619319     0.02380666
       51     0.00000020     0.97674637     0.02325344
       52     0.00000017     0.97712408     0.02287575
       53     0.00000011     0.97739721     0.02260269
       54     0.00000012     0.97761256     0.02238732
       55     0.00000013     0.97780183     0.02219804
       56     0.00000009     0.97798221     0.02201770
       57     0.00000007     0.97816210     0.02183783
       58     0.00000010     0.97834136     0.02165854
       59     0.00000009     0.97851761     0.02148230
       60     0.00000005     0.97868355     0.02131639
       61     0.00000006     0.97882787     0.02117207
       62     0.00000009     0.97893510     0.02106481
       63     0.00000007     0.97899973     0.02100020
       64     0.00000005     0.97903520     0.02096475
       65     0.00000007     0.97904744     0.02095249
       66     0.00000010     0.97904255     0.02095735
       67     0.00000010     0.97903862     0.02096128
       68     0.00000011     0.97905682     0.02094307
       69     0.00000017     0.97911581     0.02088402
       70     0.00000023     0.97923540     0.02076437
       71     0.00000025     0.97942917     0.02057058
       72     0.00000030     0.97969985     0.02029985
       73     0.00000045     0.98003611     0.01996343
       74     0.00000055     0.98041821     0.01958124
       75     0.00000056     0.98081191     0.01918752
       76     0.00000067     0.98118180     0.01881752
       77     0.00000087     0.98149501     0.01850412
       78     0.00000097     0.98172768     0.01827135
       79     0.00000098     0.98187638     0.01812264
       80     0.00000107     0.98196297     0.01803595
       81     0.00000123     0.98203536     0.01796342
       82     0.00000132     0.98216035     0.01783833
       83     0.00000131     0.98244097     0.01755772
       84     0.00000126     0.98297778     0.01702096
       85     0.00000129     0.98385166     0.01614705
       86     0.00000137     0.98511411     0.01488452
       87     0.00000140     0.98677110     0.01322750
       88     0.00000144     0.98874287     0.01125570
       89     0.00000153     0.99088338     0.00911509
       90     0.00000176     0.99297970     0.00701854
       91     0.00000208     0.99478663     0.00521128
       92     0.00000244     0.99607135     0.00392622
       93     0.00000280     0.99666645     0.00333075
       94     0.00000322     0.99653363     0.00346315
       95     0.00000373     0.99576953     0.00422675
       96     0.00000417     0.99462836     0.00536747
       97     0.00000445     0.99347182     0.00652373
       98     0.00000464     0.99265050     0.00734486
       99     0.00000482     0.99245793     0.00753725
      100     0.00000492     0.99303512     0.00695996
      101     0.00000495     0.99430253     0.00569252
      102     0.00000509     0.99598921     0.00400569
      103     0.00000540     0.99770532     0.00228928
      104     0.00000581     0.99905888     0.00093532
      105     0.00000628     0.99979233     0.00020139
      106     0.00000695     0.99984436     0.00014869
      107     0.00000776     0.99937348     0.00061875
      108     0.00000840     0.99870025     0.00129135
      109     0.00000875     0.99817552     0.00181573
      110     0.00000901     0.99804242     0.00194857
      111     0.00000931     0.99834505     0.00164564
      112     0.00000973     0.99892709     0.00106318
      113     0.00001053     0.99952174     0.00046773
      114     0.00001137     0.99989109     0.00009754
      115     0.00001225     0.99994124     0.00004651
      116     0.00001331     0.99975402     0.00023266
      117     0.00001478     0.99951280     0.00047242
      118     0.00001651     0.99939291     0.00059058
      119     0.00001835     0.99945807     0.00052358
      120     0.00002056     0.99964214     0.00033729
