#     Density Matrix: population Re; see the manual for detail orders
        0     0.00000000     0.00000000     1.00000000
        1     0.00000000     0.00000037     0.99999962
        2     0.00000001     0.00000283     0.99999716
        3     0.00000004     0.00000514     0.99999482
        4     0.00000010     0.00000473     0.99999518
        5     0.00000018     0.00000248     0.99999734
        6     0.00000030     0.00000088     0.99999882
        7     0.00000043     0.00000063     0.99999894
        8     0.00000058     0.00000053     0.99999889
        9     0.00000072     0.00000005     0.99999923
       10     0.00000085     0.00000152     0.99999763
       11     0.00000095     0.00001143     0.99998762
       12     0.00000101     0.00004564     0.99995334
       13     0.00000104     0.00016939     0.99982958
       14     0.00000102     0.00097060     0.99902838
       15     0.00000094     0.12014736     0.87985170
       16     0.00000040     0.11041608     0.88958353
       17     0.00000146     0.15930243     0.84069610
       18     0.00000073     0.13887851     0.86112076
       19     0.00000066     0.13198189     0.86801745
       20     0.00000141     0.12961841     0.87038018
       21     0.00000021     0.12946731     0.87053249
       22     0.00000109     0.13051803     0.86948088
       23     0.00000089     0.13224050     0.86775861
       24     0.00000010     0.13430544     0.86569446
       25     0.00000117     0.13642323     0.86357560
       26     0.00000067     0.13841789     0.86158144
       27     0.00000012     0.14010677     0.85989311
       28     0.00000105     0.14124307     0.85875589
       29     0.00000067     0.14136304     0.85863629
       30     0.00000005     0.14004109     0.85995886
       31     0.00000076     0.13665287     0.86334638
       32     0.00000081     0.12976375     0.87023544
       33     0.00000007     0.11742976     0.88257017
       34     0.00000042     0.09700348     0.90299611
       35     0.00000071     0.06144609     0.93855321
       36     0.00000016     0.01650017     0.98349967
       37     0.00000009     0.18073386     0.81926604
       38     0.00000066     0.52217742     0.47782192
       39     0.00000056     0.65772850     0.34227094
       40     0.00000003     0.70432902     0.29567095
       41     0.00000035     0.72659890     0.27340075
       42     0.00000072     0.74024179     0.25975748
       43     0.00000029     0.75123523     0.24876448
       44     0.00000004     0.76296475     0.23703521
       45     0.00000058     0.77553152     0.22446790
       46     0.00000073     0.78905037     0.21094890
       47     0.00000020     0.80336115     0.19663865
       48     0.00000011     0.81816334     0.18183655
       49     0.00000072     0.83309047     0.16690881
       50     0.00000079     0.84779063     0.15220858
       51     0.00000020     0.86196123     0.13803857
       52     0.00000014     0.87534428     0.12465558
       53     0.00000074     0.88775974     0.11223952
       54     0.00000082     0.89910859     0.10089059
       55     0.00000022     0.90935723     0.09064255
       56     0.00000013     0.91852743     0.08147244
       57     0.00000078     0.92667913     0.07332009
       58     0.00000098     0.93389590     0.06610312
       59     0.00000037     0.94027297     0.05972666
       60     0.00000013     0.94590128     0.05409859
       61     0.00000109     0.95088166     0.04911726
       62     0.00000173     0.95530079     0.04469748
       63     0.00000096     0.95922208     0.04077696
       64     0.00000015     0.96270659     0.03729326
       65     0.00000082     0.96580576     0.03419342
       66     0.00000196     0.96856567     0.03143237
       67     0.00000169     0.97102432     0.02897399
       68     0.00000039     0.97322323     0.02677638
       69     0.00000017     0.97518784     0.02481199
       70     0.00000150     0.97694725     0.02305125
       71     0.00000237     0.97853072     0.02146691
       72     0.00000148     0.97996477     0.02003375
       73     0.00000017     0.98126856     0.01873127
       74     0.00000078     0.98247785     0.01752136
       75     0.00000300     0.98360211     0.01639489
       76     0.00000348     0.98463014     0.01536638
       77     0.00000174     0.98555513     0.01444313
       78     0.00000054     0.98638490     0.01361456
       79     0.00000193     0.98712851     0.01286956
       80     0.00000425     0.98778556     0.01221019
       81     0.00000437     0.98835883     0.01163681
       82     0.00000221     0.98885144     0.01114635
       83     0.00000092     0.98926828     0.01073080
       84     0.00000251     0.98962083     0.01037666
       85     0.00000500     0.98992936     0.01006564
       86     0.00000000     1.00000000     0.00000000
       87     0.00000364     0.99999498     0.00000138
       88     0.00000997     0.99998416     0.00000587
       89     0.00001083     0.99997507     0.00001410
       90     0.00000503     0.99996862     0.00002635
       91     0.00000012     0.99995886     0.00004102
       92     0.00000276     0.99994078     0.00005646
       93     0.00000970     0.99991873     0.00007156
       94     0.00001265     0.99990265     0.00008470
       95     0.00000814     0.99989765     0.00009421
       96     0.00000154     0.99989978     0.00009868
       97     0.00000061     0.99990206     0.00009732
       98     0.00000599     0.99990418     0.00008983
       99     0.00001079     0.99991170     0.00007751
      100     0.00000978     0.99992826     0.00006196
      101     0.00000413     0.99995144     0.00004442
      102     0.00000012     0.99997263     0.00002725
      103     0.00000213     0.99998492     0.00001294
      104     0.00000798     0.99998820     0.00000382
      105     0.00001142     0.99998684     0.00000174
      106     0.00000885     0.99998329     0.00000787
      107     0.00000303     0.99997461     0.00002237
      108     0.00000001     0.99995572     0.00004426
      109     0.00000282     0.99992578     0.00007140
      110     0.00000845     0.99989093     0.00010062
      111     0.00001113     0.99986083     0.00012804
      112     0.00000825     0.99984223     0.00014952
      113     0.00000276     0.99983590     0.00016134
      114     0.00000000     0.99983878     0.00016122
      115     0.00000239     0.99984852     0.00014909
      116     0.00000730     0.99986519     0.00012751
      117     0.00000989     0.99988846     0.00010165
      118     0.00000778     0.99991333     0.00007888
      119     0.00000319     0.99992911     0.00006770
      120     0.00000026     0.99992290     0.00007684
