#     Density Matrix: population Re; see the manual for detail orders
        0     0.00000000     0.00000000     1.00000000
        1     0.00000001     0.00000000     0.99999999
        2     0.00000002     0.00000017     0.99999981
        3     0.00000004     0.00000182     0.99999814
        4     0.00000006     0.00000640     0.99999354
        5     0.00000010     0.00001364     0.99998626
        6     0.00000012     0.00002367     0.99997621
        7     0.00000016     0.00004108     0.99995876
        8     0.00000019     0.00007706     0.99992275
        9     0.00000022     0.00015328     0.99984650
       10     0.00000025     0.00031858     0.99968117
       11     0.00000028     0.00070460     0.99929512
       12     0.00000030     0.00171620     0.99828350
       13     0.00000032     0.00480769     0.99519199
       14     0.00000033     0.01646541     0.98353426
       15     0.00000032     0.07249354     0.92750614
       16     0.00000015     0.65759028     0.34240957
       17     0.00000002     0.83833017     0.16166981
       18     0.00000033     0.65338737     0.34661230
       19     0.00000048     0.63301864     0.36698089
       20     0.00000036     0.66236154     0.33763810
       21     0.00000036     0.69798950     0.30201015
       22     0.00000038     0.72901614     0.27098348
       23     0.00000024     0.75317985     0.24681991
       24     0.00000013     0.77067132     0.22932856
       25     0.00000007     0.78231625     0.21768368
       26     0.00000007     0.78905140     0.21094853
       27     0.00000003     0.79191068     0.20808929
       28     0.00000001     0.79190841     0.20809158
       29     0.00000001     0.79000756     0.20999243
       30     0.00000001     0.78706510     0.21293489
       31     0.00000001     0.78378052     0.21621947
       32     0.00000001     0.78066216     0.21933783
       33     0.00000003     0.77807056     0.22192941
       34     0.00000003     0.77626217     0.22373779
       35     0.00000004     0.77539867     0.22460130
       36     0.00000005     0.77569436     0.22430559
       37     0.00000006     0.77756566     0.22243427
       38     0.00000005     0.78151775     0.21848220
       39     0.00000005     0.78819817     0.21180179
       40     0.00000007     0.79862781     0.20137212
       41     0.00000005     0.81387539     0.18612456
       42     0.00000002     0.83487487     0.16512511
       43     0.00000003     0.86187666     0.13812332
       44     0.00000003     0.89401141     0.10598856
       45     0.00000002     0.92852749     0.07147249
       46     0.00000002     0.96016779     0.03983219
       47     0.00000003     0.98106128     0.01893869
       48     0.00000005     0.98176122     0.01823873
       49     0.00000005     0.95447187     0.04552808
       50     0.00000007     0.89894219     0.10105773
       51     0.00000010     0.82859730     0.17140261
       52     0.00000010     0.77038174     0.22961816
       53     0.00000010     0.75170414     0.24829575
       54     0.00000009     0.78168778     0.21831213
       55     0.00000004     0.84457888     0.15542108
       56     0.00000002     0.91241290     0.08758708
       57     0.00000000     0.96326036     0.03673964
       58     0.00000000     0.98944841     0.01055158
       59     0.00000000     0.99507610     0.00492390
       60     0.00000001     0.98962935     0.01037064
       61     0.00000003     0.98232614     0.01767383
       62     0.00000001     0.97887745     0.02112254
       63     0.00000001     0.98069829     0.01930171
       64     0.00000001     0.98596859     0.01403140
       65     0.00000000     0.99163254     0.00836746
       66     0.00000000     0.99533275     0.00466725
       67     0.00000001     0.99642793     0.00357207
       68     0.00000002     0.99583085     0.00416914
       69     0.00000001     0.99502278     0.00497721
       70     0.00000001     0.99500466     0.00499533
       71     0.00000001     0.99583309     0.00416689
       72     0.00000001     0.99690486     0.00309513
       73     0.00000002     0.99761716     0.00238282
       74     0.00000003     0.99782768     0.00217229
       75     0.00000005     0.99780522     0.00219473
       76     0.00000005     0.99784442     0.00215553
       77     0.00000006     0.99798410     0.00201584
       78     0.00000009     0.99808545     0.00191446
       79     0.00000012     0.99810666     0.00189322
       80     0.00000014     0.99819834     0.00180151
       81     0.00000019     0.99848888     0.00151093
       82     0.00000024     0.99884257     0.00115719
       83     0.00000027     0.99895107     0.00104866
       84     0.00000032     0.99870441     0.00129528
       85     0.00000039     0.99839847     0.00160114
       86     0.00000046     0.99846364     0.00153590
       87     0.00000052     0.99897106     0.00102842
       88     0.00000059     0.99950501     0.00049440
       89     0.00000067     0.99958868     0.00041066
       90     0.00000073     0.99920231     0.00079697
       91     0.00000081     0.99881478     0.00118442
       92     0.00000090     0.99888138     0.00111772
       93     0.00000098     0.99937862     0.00062040
       94     0.00000106     0.99985838     0.00014056
       95     0.00000112     0.99992274     0.00007614
       96     0.00000120     0.99960212     0.00039669
       97     0.00000128     0.99927170     0.00072702
       98     0.00000136     0.99925948     0.00073916
       99     0.00000144     0.99955846     0.00044010
      100     0.00000151     0.99988960     0.00010890
      101     0.00000157     0.99999438     0.00000405
      102     0.00000162     0.99985300     0.00014539
      103     0.00000167     0.99965310     0.00034524
      104     0.00000172     0.99958964     0.00040863
      105     0.00000178     0.99970273     0.00029549
      106     0.00000184     0.99988051     0.00011765
      107     0.00000194     0.99998454     0.00001352
      108     0.00000198     0.99996885     0.00002917
      109     0.00000196     0.99989218     0.00010586
      110     0.00000198     0.99984369     0.00015433
      111     0.00000205     0.99986470     0.00013325
      112     0.00000211     0.99992921     0.00006869
      113     0.00000212     0.99998343     0.00001445
      114     0.00000212     0.99999655     0.00000133
      115     0.00000216     0.99997850     0.00001934
      116     0.00000223     0.99995957     0.00003820
      117     0.00000230     0.99995957     0.00003813
      118     0.00000235     0.99997526     0.00002238
      119     0.00000242     0.99999108     0.00000650
      120     0.00000247     0.99999678     0.00000074
