#     Density Matrix: population Re; see the manual for detail orders
        0     0.00000000     0.00000000     1.00000000
        1     0.00000002     0.00000422     0.99999576
        2     0.00000003     0.00003074     0.99996923
        3     0.00000007     0.00005769     0.99994224
        4     0.00000009     0.00006330     0.99993660
        5     0.00000014     0.00005248     0.99994738
        6     0.00000017     0.00006158     0.99993825
        7     0.00000021     0.00015673     0.99984306
        8     0.00000024     0.00046639     0.99953337
        9     0.00000028     0.00138289     0.99861684
       10     0.00000031     0.00466132     0.99533837
       11     0.00000033     0.02186512     0.97813455
       12     0.00000018     0.57903581     0.42096401
       13     0.00000002     0.83825437     0.16174561
       14     0.00000096     0.22520165     0.77479738
       15     0.00000112     0.10265120     0.89734767
       16     0.00000005     0.07206583     0.92793412
       17     0.00000068     0.05787299     0.94212633
       18     0.00000031     0.05159716     0.94840253
       19     0.00000028     0.04898799     0.95101173
       20     0.00000045     0.04784103     0.95215852
       21     0.00000026     0.04707423     0.95292551
       22     0.00000034     0.04619787     0.95380179
       23     0.00000037     0.04506201     0.95493762
       24     0.00000032     0.04368194     0.95631774
       25     0.00000036     0.04215266     0.95784698
       26     0.00000036     0.04057848     0.95942116
       27     0.00000033     0.03905877     0.96094090
       28     0.00000035     0.03767494     0.96232471
       29     0.00000034     0.03647540     0.96352426
       30     0.00000032     0.03550337     0.96449631
       31     0.00000031     0.03478257     0.96521711
       32     0.00000030     0.03434545     0.96565425
       33     0.00000029     0.03424642     0.96575329
       34     0.00000028     0.03461190     0.96538782
       35     0.00000027     0.03577662     0.96422311
       36     0.00000026     0.03882086     0.96117888
       37     0.00000025     0.04939147     0.95060828
       38     0.00000024     0.20051242     0.79948733
       39     0.00000025     0.73839284     0.26160691
       40     0.00000035     0.95879083     0.04120882
       41     0.00000029     0.97008601     0.02991370
       42     0.00000021     0.97272204     0.02727775
       43     0.00000028     0.97383974     0.02615998
       44     0.00000033     0.97445731     0.02554235
       45     0.00000028     0.97482863     0.02517109
       46     0.00000027     0.97503902     0.02496070
       47     0.00000035     0.97512305     0.02487659
       48     0.00000038     0.97509571     0.02490392
       49     0.00000035     0.97497047     0.02502918
       50     0.00000039     0.97476312     0.02523649
       51     0.00000048     0.97448959     0.02550993
       52     0.00000051     0.97417304     0.02582645
       53     0.00000051     0.97383820     0.02616128
       54     0.00000059     0.97351032     0.02648909
       55     0.00000068     0.97321583     0.02678349
       56     0.00000071     0.97297892     0.02702037
       57     0.00000075     0.97281851     0.02718074
       58     0.00000083     0.97275023     0.02724893
       59     0.00000093     0.97278144     0.02721764
       60     0.00000097     0.97291483     0.02708420
       61     0.00000101     0.97314889     0.02685011
       62     0.00000108     0.97347919     0.02651973
       63     0.00000115     0.97390521     0.02609364
       64     0.00000118     0.97442914     0.02556968
       65     0.00000120     0.97506249     0.02493630
       66     0.00000124     0.97582261     0.02417614
       67     0.00000130     0.97673519     0.02326351
       68     0.00000134     0.97782642     0.02217224
       69     0.00000138     0.97911622     0.02088240
       70     0.00000145     0.98060816     0.01939039
       71     0.00000157     0.98227958     0.01771885
       72     0.00000172     0.98407121     0.01592707
       73     0.00000190     0.98588040     0.01411770
       74     0.00000212     0.98756686     0.01243102
       75     0.00000240     0.98895968     0.01103793
       76     0.00000272     0.98988315     0.01011413
       77     0.00000306     0.99018371     0.00981323
       78     0.00000341     0.98976775     0.01022884
       79     0.00000375     0.98863356     0.01136269
       80     0.00000408     0.98689590     0.01310002
       81     0.00000436     0.98479363     0.01520201
       82     0.00000455     0.98267131     0.01732413
       83     0.00000467     0.98093259     0.01906274
       84     0.00000472     0.97997131     0.02002397
       85     0.00000472     0.98009230     0.01990299
       86     0.00000468     0.98143576     0.01855957
       87     0.00000465     0.98392279     0.01607256
       88     0.00000469     0.98724418     0.01275113
       89     0.00000484     0.99090591     0.00908925
       90     0.00000513     0.99432085     0.00567402
       91     0.00000556     0.99694150     0.00305295
       92     0.00000610     0.99839303     0.00160087
       93     0.00000669     0.99857677     0.00141654
       94     0.00000726     0.99770449     0.00228825
       95     0.00000773     0.99624668     0.00374559
       96     0.00000805     0.99480182     0.00519014
       97     0.00000820     0.99392011     0.00607169
       98     0.00000824     0.99393296     0.00605880
       99     0.00000825     0.99485475     0.00513700
      100     0.00000834     0.99638585     0.00360581
      101     0.00000859     0.99803304     0.00195837
      102     0.00000902     0.99929993     0.00069104
      103     0.00000959     0.99987777     0.00011264
      104     0.00001020     0.99975499     0.00023481
      105     0.00001076     0.99919839     0.00079085
      106     0.00001120     0.99861238     0.00137642
      107     0.00001156     0.99834293     0.00164550
      108     0.00001192     0.99852130     0.00146679
      109     0.00001236     0.99902606     0.00096158
      110     0.00001299     0.99957942     0.00040758
      111     0.00001384     0.99991959     0.00006657
      112     0.00001487     0.99994653     0.00003859
      113     0.00001602     0.99975615     0.00022783
      114     0.00001727     0.99955009     0.00043265
      115     0.00001865     0.99949041     0.00049094
      116     0.00002029     0.99960147     0.00037824
      117     0.00002232     0.99978162     0.00019605
      118     0.00002484     0.99990241     0.00007275
      119     0.00002789     0.99990913     0.00006298
      120     0.00003151     0.99984543     0.00012306
