#     Density Matrix: population Re; see the manual for detail orders
        0     0.00000000     0.00000000     1.00000000
        1     0.00000001     0.00000266     0.99999733
        2     0.00000001     0.00002925     0.99997073
        3     0.00000001     0.00009224     0.99990776
        4     0.00000005     0.00017131     0.99982864
        5     0.00000005     0.00023280     0.99976715
        6     0.00000015     0.00027897     0.99972088
        7     0.00000014     0.00039268     0.99960718
        8     0.00000029     0.00075680     0.99924291
        9     0.00000029     0.00167951     0.99832020
       10     0.00000044     0.00374263     0.99625693
       11     0.00000048     0.00842133     0.99157819
       12     0.00000053     0.02043540     0.97956407
       13     0.00000064     0.05676663     0.94323272
       14     0.00000047     0.17122894     0.82877059
       15     0.00000112     0.48113312     0.51886576
       16     0.00000008     0.57294080     0.42705912
       17     0.00000183     0.43442885     0.56556932
       18     0.00000106     0.35177335     0.64822559
       19     0.00000039     0.31534440     0.68465521
       20     0.00000196     0.28954609     0.71045195
       21     0.00000030     0.27562151     0.72437819
       22     0.00000116     0.27290683     0.72709201
       23     0.00000159     0.27996101     0.72003740
       24     0.00000014     0.29529563     0.70470423
       25     0.00000169     0.31778993     0.68220838
       26     0.00000099     0.34692677     0.65307225
       27     0.00000074     0.35822377     0.64177549
       28     0.00000407     0.36835283     0.63164311
       29     0.00000113     0.37230523     0.62769364
       30     0.00000105     0.37183374     0.62816521
       31     0.00000350     0.36904040     0.63095610
       32     0.00000094     0.36670869     0.63329038
       33     0.00000101     0.36781041     0.63218858
       34     0.00000302     0.37694943     0.62304754
       35     0.00000112     0.40095430     0.59904458
       36     0.00000081     0.45576874     0.54423045
       37     0.00000235     0.53367565     0.46632200
       38     0.00000136     0.60437957     0.39561907
       39     0.00000081     0.66457912     0.33542007
       40     0.00000176     0.71399337     0.28600488
       41     0.00000153     0.75380912     0.24618935
       42     0.00000101     0.78552547     0.21447352
       43     0.00000131     0.81038478     0.18961391
       44     0.00000151     0.82918366     0.17081483
       45     0.00000135     0.84228165     0.15771700
       46     0.00000110     0.84972507     0.15027383
       47     0.00000133     0.85147652     0.14852216
       48     0.00000165     0.84777498     0.15222337
       49     0.00000110     0.83960742     0.16039149
       50     0.00000115     0.82923179     0.17076706
       51     0.00000183     0.82053594     0.17946223
       52     0.00000113     0.81888787     0.18111100
       53     0.00000103     0.83009071     0.16990827
       54     0.00000192     0.85800127     0.14199682
       55     0.00000137     0.90002662     0.09997202
       56     0.00000081     0.93911506     0.06088413
       57     0.00000136     0.93851354     0.06148509
       58     0.00000226     0.88128260     0.11871514
       59     0.00000172     0.83094219     0.16905609
       60     0.00000058     0.83807942     0.16192001
       61     0.00000172     0.87956927     0.12042901
       62     0.00000182     0.92380039     0.07619779
       63     0.00000093     0.95820420     0.04179488
       64     0.00000151     0.98073809     0.01926040
       65     0.00000000     1.00000000     0.00000000
       66     0.00000000     0.99854344     0.00145656
       67     0.00000001     0.99597598     0.00402401
       68     0.00000001     0.99434858     0.00565141
       69     0.00000000     0.99445273     0.00554727
       70     0.00000000     0.99583837     0.00416163
       71     0.00000000     0.99738777     0.00261223
       72     0.00000000     0.99813695     0.00186305
       73     0.00000000     0.99785710     0.00214289
       74     0.00000002     0.99706451     0.00293548
       75     0.00000001     0.99650583     0.00349415
       76     0.00000000     0.99655861     0.00344139
       77     0.00000001     0.99701615     0.00298384
       78     0.00000002     0.99738874     0.00261124
       79     0.00000002     0.99739390     0.00260609
       80     0.00000003     0.99716095     0.00283902
       81     0.00000005     0.99698825     0.00301170
       82     0.00000003     0.99700078     0.00299918
       83     0.00000003     0.99708146     0.00291850
       84     0.00000007     0.99711104     0.00288889
       85     0.00000008     0.99712209     0.00287783
       86     0.00000007     0.99720049     0.00279943
       87     0.00000012     0.99725853     0.00274136
       88     0.00000014     0.99713018     0.00286968
       89     0.00000013     0.99688805     0.00311182
       90     0.00000017     0.99685559     0.00314424
       91     0.00000024     0.99718405     0.00281571
       92     0.00000023     0.99752465     0.00247512
       93     0.00000025     0.99737464     0.00262511
       94     0.00000035     0.99678400     0.00321565
       95     0.00000038     0.99644975     0.00354987
       96     0.00000037     0.99689267     0.00310696
       97     0.00000047     0.99768624     0.00231329
       98     0.00000054     0.99783526     0.00216419
       99     0.00000051     0.99699679     0.00300269
      100     0.00000056     0.99604093     0.00395851
      101     0.00000068     0.99612471     0.00387461
      102     0.00000069     0.99728531     0.00271400
      103     0.00000065     0.99826674     0.00173261
      104     0.00000072     0.99788179     0.00211749
      105     0.00000078     0.99639411     0.00360511
      106     0.00000072     0.99531594     0.00468334
      107     0.00000071     0.99580807     0.00419122
      108     0.00000080     0.99743300     0.00256620
      109     0.00000077     0.99858146     0.00141776
      110     0.00000066     0.99810004     0.00189930
      111     0.00000066     0.99642351     0.00357583
      112     0.00000071     0.99510940     0.00488989
      113     0.00000066     0.99533236     0.00466698
      114     0.00000056     0.99683313     0.00316630
      115     0.00000056     0.99826303     0.00173640
      116     0.00000058     0.99844742     0.00155200
      117     0.00000046     0.99737663     0.00262291
      118     0.00000037     0.99607270     0.00392694
      119     0.00000041     0.99560292     0.00439667
      120     0.00000045     0.99621380     0.00378576
