#     Density Matrix: population Re; see the manual for detail orders
        0     0.00000000     0.00000000     1.00000000
        1     0.00000004     0.00000162     0.99999834
        2     0.00000006     0.00001820     0.99998174
        3     0.00000008     0.00005884     0.99994108
        4     0.00000011     0.00011463     0.99988526
        5     0.00000014     0.00017414     0.99982572
        6     0.00000016     0.00025353     0.99974631
        7     0.00000019     0.00042496     0.99957486
        8     0.00000021     0.00085952     0.99914027
        9     0.00000022     0.00197776     0.99802202
       10     0.00000024     0.00505700     0.99494277
       11     0.00000024     0.01500627     0.98499349
       12     0.00000024     0.05540507     0.94459469
       13     0.00000009     0.59718787     0.40281204
       14     0.00000006     0.57226035     0.42773959
       15     0.00000038     0.17742328     0.82257634
       16     0.00000015     0.07685450     0.92314535
       17     0.00000023     0.03266668     0.96733309
       18     0.00000022     0.01469457     0.98530521
       19     0.00000017     0.00877000     0.99122984
       20     0.00000020     0.00807940     0.99192040
       21     0.00000017     0.00930563     0.99069420
       22     0.00000015     0.01089837     0.98910148
       23     0.00000019     0.01220702     0.98779280
       24     0.00000017     0.01303077     0.98696906
       25     0.00000018     0.01337846     0.98662135
       26     0.00000020     0.01335031     0.98664949
       27     0.00000017     0.01306541     0.98693442
       28     0.00000018     0.01263373     0.98736609
       29     0.00000019     0.01215914     0.98784068
       30     0.00000016     0.01173856     0.98826127
       31     0.00000015     0.01146928     0.98853056
       32     0.00000017     0.01146854     0.98853129
       33     0.00000018     0.01190609     0.98809373
       34     0.00000015     0.01307071     0.98692914
       35     0.00000013     0.01553406     0.98446581
       36     0.00000015     0.02064295     0.97935691
       37     0.00000014     0.03239470     0.96760516
       38     0.00000013     0.06779606     0.93220381
       39     0.00000014     0.23785575     0.76214411
       40     0.00000016     0.67283363     0.32716622
       41     0.00000016     0.94047144     0.05952840
       42     0.00000012     0.98706137     0.01293851
       43     0.00000010     0.99503995     0.00495995
       44     0.00000013     0.99640645     0.00359343
       45     0.00000014     0.99618230     0.00381756
       46     0.00000011     0.99552041     0.00447948
       47     0.00000010     0.99477166     0.00522824
       48     0.00000012     0.99406743     0.00593245
       49     0.00000012     0.99346451     0.00653537
       50     0.00000010     0.99298751     0.00701238
       51     0.00000011     0.99264351     0.00735638
       52     0.00000012     0.99242808     0.00757179
       53     0.00000012     0.99232674     0.00767313
       54     0.00000012     0.99231756     0.00768233
       55     0.00000014     0.99237235     0.00762751
       56     0.00000016     0.99245929     0.00754055
       57     0.00000018     0.99254418     0.00745565
       58     0.00000019     0.99259446     0.00740534
       59     0.00000024     0.99257952     0.00742025
       60     0.00000030     0.99247209     0.00752762
       61     0.00000034     0.99225800     0.00774166
       62     0.00000038     0.99192446     0.00807515
       63     0.00000048     0.99146193     0.00853759
       64     0.00000059     0.99087908     0.00912032
       65     0.00000067     0.99021069     0.00978865
       66     0.00000075     0.98947151     0.01052774
       67     0.00000090     0.98868015     0.01131895
       68     0.00000102     0.98788447     0.01211451
       69     0.00000110     0.98713094     0.01286796
       70     0.00000123     0.98647412     0.01352466
       71     0.00000140     0.98598789     0.01401072
       72     0.00000146     0.98574720     0.01425134
       73     0.00000149     0.98581465     0.01418386
       74     0.00000159     0.98625006     0.01374834
       75     0.00000173     0.98709583     0.01290244
       76     0.00000182     0.98836394     0.01163424
       77     0.00000186     0.99001529     0.00998285
       78     0.00000195     0.99195808     0.00803997
       79     0.00000211     0.99403806     0.00595983
       80     0.00000231     0.99604959     0.00394810
       81     0.00000251     0.99775609     0.00224140
       82     0.00000274     0.99892924     0.00106802
       83     0.00000301     0.99939617     0.00060082
       84     0.00000328     0.99910055     0.00089617
       85     0.00000350     0.99811418     0.00188232
       86     0.00000364     0.99665740     0.00333896
       87     0.00000373     0.99510578     0.00489050
       88     0.00000376     0.99386914     0.00612710
       89     0.00000371     0.99328766     0.00670863
       90     0.00000360     0.99354721     0.00644918
       91     0.00000350     0.99460538     0.00539112
       92     0.00000345     0.99618771     0.00380885
       93     0.00000346     0.99786276     0.00213378
       94     0.00000353     0.99918683     0.00080963
       95     0.00000366     0.99986041     0.00013593
       96     0.00000383     0.99982248     0.00017370
       97     0.00000396     0.99929439     0.00070166
       98     0.00000405     0.99864769     0.00134826
       99     0.00000419     0.99823139     0.00176442
      100     0.00000442     0.99823464     0.00176094
      101     0.00000464     0.99862153     0.00137383
      102     0.00000484     0.99916831     0.00082686
      103     0.00000510     0.99960939     0.00038551
      104     0.00000548     0.99978689     0.00020763
      105     0.00000581     0.99971871     0.00027548
      106     0.00000587     0.99955466     0.00043946
      107     0.00000615     0.99946438     0.00052946
      108     0.00000689     0.99951675     0.00047636
      109     0.00000790     0.99966062     0.00033148
      110     0.00000902     0.99979188     0.00019909
      111     0.00001026     0.99984398     0.00014576
      112     0.00001187     0.99982746     0.00016067
      113     0.00001405     0.99979979     0.00018616
      114     0.00001648     0.99980698     0.00017654
      115     0.00001911     0.99984540     0.00013549
      116     0.00002221     0.99988190     0.00009589
      117     0.00002619     0.99989447     0.00007934
      118     0.00003141     0.99988951     0.00007908
      119     0.00003837     0.99988535     0.00007628
      120     0.00004735     0.99988926     0.00006338
