#     Density Matrix: population Re; see the manual for detail orders
        0     0.00000000     0.00000000     1.00000000
        1     0.00000001     0.00000708     0.99999291
        2     0.00000001     0.00005413     0.99994587
        3     0.00000000     0.00010421     0.99989578
        4     0.00000001     0.00010597     0.99989402
        5     0.00000000     0.00005728     0.99994272
        6     0.00000008     0.00000909     0.99999083
        7     0.00000007     0.00001140     0.99998853
        8     0.00000027     0.00007020     0.99992954
        9     0.00000024     0.00015381     0.99984595
       10     0.00000049     0.00022286     0.99977665
       11     0.00000043     0.00027776     0.99972181
       12     0.00000071     0.00045916     0.99954013
       13     0.00000057     0.00136132     0.99863811
       14     0.00000083     0.00560208     0.99439709
       15     0.00000061     0.03104475     0.96895464
       16     0.00000069     0.29516474     0.70483457
       17     0.00000016     0.77023554     0.22976430
       18     0.00000136     0.38245199     0.61754665
       19     0.00000202     0.28682429     0.71317369
       20     0.00000018     0.25992129     0.74007853
       21     0.00000244     0.24542521     0.75457235
       22     0.00000082     0.23916031     0.76083887
       23     0.00000094     0.23820622     0.76179284
       24     0.00000221     0.24059645     0.75940134
       25     0.00000029     0.24512904     0.75487067
       26     0.00000198     0.25107363     0.74892439
       27     0.00000182     0.25813933     0.74185885
       28     0.00000032     0.26617674     0.73382295
       29     0.00000233     0.27523135     0.72476632
       30     0.00000144     0.28565275     0.71434581
       31     0.00000043     0.29788850     0.70211107
       32     0.00000249     0.31219334     0.68780417
       33     0.00000143     0.32837035     0.67162822
       34     0.00000041     0.34633713     0.65366246
       35     0.00000239     0.36583155     0.63416606
       36     0.00000171     0.38597802     0.61402027
       37     0.00000027     0.40432633     0.59567341
       38     0.00000201     0.41613876     0.58385923
       39     0.00000222     0.41541593     0.58458185
       40     0.00000036     0.40097428     0.59902536
       41     0.00000135     0.37294478     0.62705387
       42     0.00000274     0.33344566     0.66655160
       43     0.00000091     0.30491224     0.69508685
       44     0.00000070     0.43130482     0.56869447
       45     0.00000301     0.57183872     0.42815828
       46     0.00000240     0.61477686     0.38522073
       47     0.00000036     0.63088742     0.36911222
       48     0.00000188     0.64045485     0.35954327
       49     0.00000345     0.64843413     0.35156242
       50     0.00000126     0.65872018     0.34127856
       51     0.00000053     0.67356947     0.32643000
       52     0.00000317     0.69139003     0.30860680
       53     0.00000306     0.71132852     0.28866842
       54     0.00000038     0.73253293     0.26746670
       55     0.00000150     0.75424734     0.24575117
       56     0.00000408     0.77585527     0.22414065
       57     0.00000220     0.79687397     0.20312383
       58     0.00000012     0.81693338     0.18306650
       59     0.00000275     0.83577100     0.16422624
       60     0.00000435     0.85322792     0.14676773
       61     0.00000134     0.86922944     0.13076922
       62     0.00000038     0.88376443     0.11623519
       63     0.00000370     0.89687735     0.10311895
       64     0.00000423     0.90865519     0.09134058
       65     0.00000095     0.91914351     0.08085554
       66     0.00000063     0.92852037     0.07147899
       67     0.00000370     0.93690831     0.06308799
       68     0.00000409     0.94433932     0.05565660
       69     0.00000098     0.95091550     0.04908353
       70     0.00000037     0.95668497     0.04331465
       71     0.00000345     0.96171948     0.03827707
       72     0.00000449     0.96609436     0.03390115
       73     0.00000161     0.96988504     0.03011335
       74     0.00000007     0.97316092     0.02683901
       75     0.00000291     0.97599352     0.02400357
       76     0.00000551     0.97845869     0.02153580
       77     0.00000336     0.98061916     0.01937748
       78     0.00000019     0.98250743     0.01749238
       79     0.00000194     0.98418196     0.01581610
       80     0.00000591     0.98555076     0.01444333
       81     0.00000551     0.98658553     0.01340895
       82     0.00000140     0.98725873     0.01273987
       83     0.00000175     0.98754668     0.01245157
       84     0.00000706     0.98747409     0.01251886
       85     0.00000843     0.98714394     0.01284762
       86     0.00000370     0.98676007     0.01323624
       87     0.00000104     0.98641468     0.01358427
       88     0.00000512     0.98630033     0.01369455
       89     0.00000940     0.98658831     0.01340230
       90     0.00000728     0.98736494     0.01262778
       91     0.00000226     0.98866092     0.01133682
       92     0.00000000     1.00000000     0.00000000
       93     0.00000646     0.99983005     0.00016349
       94     0.00001687     0.99932375     0.00065938
       95     0.00001641     0.99852891     0.00145468
       96     0.00000576     0.99756088     0.00243336
       97     0.00000013     0.99661214     0.00338773
       98     0.00000775     0.99587668     0.00411557
       99     0.00001860     0.99554323     0.00443817
      100     0.00001828     0.99573869     0.00424304
      101     0.00000757     0.99644701     0.00354542
      102     0.00000024     0.99750336     0.00249640
      103     0.00000574     0.99863218     0.00136208
      104     0.00001854     0.99953104     0.00045042
      105     0.00002418     0.99994183     0.00003400
      106     0.00001574     0.99974836     0.00023590
      107     0.00000336     0.99902077     0.00097587
      108     0.00000284     0.99801460     0.00198256
      109     0.00001619     0.99711143     0.00287238
      110     0.00002888     0.99668252     0.00328860
      111     0.00002740     0.99692594     0.00304666
      112     0.00001401     0.99775456     0.00223143
      113     0.00000309     0.99880888     0.00118803
      114     0.00000694     0.99961223     0.00038083
      115     0.00002464     0.99978382     0.00019154
      116     0.00004079     0.99925225     0.00070697
      117     0.00004001     0.99833433     0.00162566
      118     0.00002345     0.99756387     0.00241267
      119     0.00000808     0.99738906     0.00260286
      120     0.00000962     0.99792486     0.00206552
