#     Density Matrix: population Re; see the manual for detail orders
        0     0.00000000     0.00000000     1.00000000
        1     0.00000003     0.00000152     0.99999845
        2     0.00000004     0.00001127     0.99998869
        3     0.00000013     0.00002203     0.99997784
        4     0.00000012     0.00002499     0.99997490
        5     0.00000031     0.00002033     0.99997936
        6     0.00000027     0.00003229     0.99996744
        7     0.00000055     0.00012186     0.99987758
        8     0.00000048     0.00039008     0.99960944
        9     0.00000080     0.00101423     0.99898498
       10     0.00000067     0.00247136     0.99752797
       11     0.00000248     0.01226255     0.98773496
       12     0.00000251     0.10275997     0.89723752
       13     0.00000039     0.50864490     0.49135471
       14     0.00000016     0.68724894     0.31275090
       15     0.00000127     0.46184480     0.53815393
       16     0.00000153     0.31989338     0.68010508
       17     0.00000022     0.25152630     0.74847348
       18     0.00000177     0.22058609     0.77941214
       19     0.00000063     0.20864100     0.79135837
       20     0.00000034     0.20564215     0.79435751
       21     0.00000122     0.20585145     0.79414733
       22     0.00000016     0.20609511     0.79390473
       23     0.00000039     0.20483585     0.79516376
       24     0.00000073     0.20158700     0.79841227
       25     0.00000006     0.19650908     0.80349086
       26     0.00000043     0.19013334     0.80986624
       27     0.00000045     0.18318547     0.81681408
       28     0.00000009     0.17649735     0.82350256
       29     0.00000046     0.17098015     0.82901940
       30     0.00000032     0.16762795     0.83237173
       31     0.00000014     0.16752290     0.83247696
       32     0.00000043     0.17180469     0.82819488
       33     0.00000027     0.18156276     0.81843696
       34     0.00000019     0.19761516     0.80238466
       35     0.00000030     0.22015954     0.77984016
       36     0.00000029     0.24827956     0.75172016
       37     0.00000017     0.27932035     0.72067948
       38     0.00000011     0.30826983     0.69173006
       39     0.00000037     0.32739609     0.67260354
       40     0.00000021     0.32675621     0.67324357
       41     0.00000006     0.29651406     0.70348587
       42     0.00000055     0.23218249     0.76781696
       43     0.00000023     0.14286161     0.85713816
       44     0.00000015     0.05786867     0.94213118
       45     0.00000060     0.01996499     0.98003442
       46     0.00000007     0.05763028     0.94236966
       47     0.00000042     0.15588879     0.84411079
       48     0.00000055     0.26180981     0.73818964
       49     0.00000005     0.32378877     0.67621118
       50     0.00000083     0.32326930     0.67672986
       51     0.00000010     0.27629208     0.72370781
       52     0.00000057     0.21577454     0.78422489
       53     0.00000067     0.17147226     0.82852707
       54     0.00000009     0.15806014     0.84193977
       55     0.00000078     0.17212484     0.82787437
       56     0.00000002     0.19776384     0.80223613
       57     0.00000062     0.21753811     0.78246127
       58     0.00000019     0.22176985     0.77822996
       59     0.00000051     0.21213289     0.78786660
       60     0.00000062     0.19829819     0.80170119
       61     0.00000011     0.19055763     0.80944226
       62     0.00000055     0.19219178     0.80780766
       63     0.00000006     0.19927111     0.80072883
       64     0.00000055     0.20494338     0.79505607
       65     0.00000005     0.20542008     0.79457988
       66     0.00000077     0.20212490     0.79787433
       67     0.00000010     0.19907652     0.80092339
       68     0.00000040     0.19851740     0.80148221
       69     0.00000019     0.19934774     0.80065207
       70     0.00000033     0.19972744     0.80027223
       71     0.00000007     0.19963163     0.80036830
       72     0.00000045     0.20069946     0.79930008
       73     0.00000033     0.20270147     0.79729819
       74     0.00000010     0.20319975     0.79680015
       75     0.00000028     0.20052840     0.79947131
       76     0.00000042     0.19699163     0.80300796
       77     0.00000015     0.19663168     0.80336817
       78     0.00000022     0.20110070     0.79889908
       79     0.00000063     0.20630110     0.79369827
       80     0.00000018     0.20624786     0.79375196
       81     0.00000007     0.20011094     0.79988899
       82     0.00000046     0.19382011     0.80617943
       83     0.00000058     0.19479958     0.80519984
       84     0.00000001     0.20292559     0.79707440
       85     0.00000050     0.21000266     0.78999684
       86     0.00000067     0.20817982     0.79181951
       87     0.00000018     0.19862952     0.80137030
       88     0.00000007     0.19104073     0.80895920
       89     0.00000094     0.19329467     0.80670438
       90     0.00000093     0.20341108     0.79658799
       91     0.00000004     0.21143215     0.78856782
       92     0.00000048     0.20924787     0.79075166
       93     0.00000078     0.19866580     0.80133342
       94     0.00000071     0.18993046     0.81006882
       95     0.00000013     0.19125477     0.80874510
       96     0.00000116     0.20103497     0.79896387
       97     0.00000160     0.20985849     0.79013991
       98     0.00000024     0.20984820     0.79015156
       99     0.00000002     0.20168212     0.79831786
      100     0.00000042     0.19322736     0.80677222
      101     0.00000181     0.19189173     0.80810646
      102     0.00000126     0.19800546     0.80199329
      103     0.00000045     0.20533917     0.79466038
      104     0.00000121     0.20751989     0.79247890
      105     0.00000062     0.20354478     0.79645460
      106     0.00000066     0.19793652     0.80206283
      107     0.00000044     0.19564918     0.80435039
      108     0.00000115     0.19781306     0.80218579
      109     0.00000277     0.20178113     0.79821610
      110     0.00000120     0.20383658     0.79616222
      111     0.00000000     0.20272191     0.79727808
      112     0.00000002     0.20031244     0.79968754
      113     0.00000082     0.19903202     0.80096715
      114     0.00000330     0.19946901     0.80052769
      115     0.00000223     0.20037313     0.79962464
      116     0.00000033     0.20074035     0.79925932
      117     0.00000052     0.20069166     0.79930782
      118     0.00000051     0.20080770     0.79919179
      119     0.00000244     0.20100700     0.79899056
      120     0.00000314     0.20066860     0.79932826
