#     Density Matrix: population Re; see the manual for detail orders
        0     0.00000000     0.00000000     1.00000000
        1     0.00000000     0.00003123     0.99996877
        2     0.00000001     0.00025687     0.99974312
        3     0.00000003     0.00059116     0.99940882
        4     0.00000006     0.00084741     0.99915253
        5     0.00000010     0.00087372     0.99912618
        6     0.00000014     0.00067779     0.99932206
        7     0.00000020     0.00052921     0.99947059
        8     0.00000024     0.00102907     0.99897069
        9     0.00000032     0.00324542     0.99675427
       10     0.00000033     0.00932284     0.99067684
       11     0.00000040     0.02523658     0.97476302
       12     0.00000035     0.07301026     0.92698939
       13     0.00000035     0.22520820     0.77479144
       14     0.00000041     0.53764137     0.46235822
       15     0.00000027     0.52152697     0.47847276
       16     0.00000118     0.37850999     0.62148883
       17     0.00000035     0.28780280     0.71219684
       18     0.00000081     0.23089545     0.76910374
       19     0.00000062     0.19237554     0.80762385
       20     0.00000010     0.16265602     0.83734388
       21     0.00000053     0.13601513     0.86398435
       22     0.00000015     0.10990664     0.89009320
       23     0.00000009     0.08439568     0.91560423
       24     0.00000029     0.06102376     0.93897595
       25     0.00000003     0.04126112     0.95873885
       26     0.00000014     0.02602894     0.97397092
       27     0.00000019     0.01539230     0.98460751
       28     0.00000000     1.00000000     0.00000000
       29     0.00000014     0.99959955     0.00040031
       30     0.00000023     0.99822232     0.00177746
       31     0.00000004     0.99567899     0.00432097
       32     0.00000005     0.99192379     0.00807616
       33     0.00000025     0.98709840     0.01290135
       34     0.00000015     0.98157972     0.01842012
       35     0.00000000     0.97598237     0.02401763
       36     0.00000017     0.97113290     0.02886693
       37     0.00000025     0.96788361     0.03211614
       38     0.00000005     0.96685882     0.03314114
       39     0.00000005     0.96812280     0.03187715
       40     0.00000022     0.97080599     0.02919379
       41     0.00000014     0.97291421     0.02708565
       42     0.00000000     0.97175454     0.02824546
       43     0.00000013     0.96524529     0.03475459
       44     0.00000019     0.95384723     0.04615257
       45     0.00000003     0.94173793     0.05826204
       46     0.00000005     0.93527896     0.06472100
       47     0.00000017     0.93884253     0.06115730
       48     0.00000007     0.95160576     0.04839417
       49     0.00000001     0.96854715     0.03145283
       50     0.00000008     0.98406910     0.01593083
       51     0.00000000     1.00000000     0.00000000
       52     0.00000003     0.99550009     0.00449989
       53     0.00000004     0.98641405     0.01358591
       54     0.00000000     0.97920597     0.02079403
       55     0.00000003     0.97777556     0.02222442
       56     0.00000002     0.98205341     0.01794657
       57     0.00000001     0.98875547     0.01124453
       58     0.00000000     1.00000000     0.00000000
       59     0.00000000     0.99939099     0.00060901
       60     0.00000000     0.99824261     0.00175739
       61     0.00000000     0.99756657     0.00243343
       62     0.00000000     0.99782971     0.00217029
       63     0.00000000     0.99871220     0.00128780
       64     0.00000000     0.99946618     0.00053381
       65     0.00000000     0.99957603     0.00042397
       66     0.00000001     0.99913081     0.00086918
       67     0.00000001     0.99866144     0.00133855
       68     0.00000001     0.99859384     0.00140616
       69     0.00000001     0.99889106     0.00110893
       70     0.00000002     0.99919185     0.00080812
       71     0.00000003     0.99923790     0.00076207
       72     0.00000003     0.99910023     0.00089974
       73     0.00000005     0.99899515     0.00100480
       74     0.00000005     0.99899269     0.00100726
       75     0.00000005     0.99899761     0.00100234
       76     0.00000007     0.99896412     0.00103581
       77     0.00000010     0.99899119     0.00100871
       78     0.00000011     0.99913886     0.00086104
       79     0.00000012     0.99924931     0.00075057
       80     0.00000016     0.99911249     0.00088735
       81     0.00000018     0.99879785     0.00120196
       82     0.00000020     0.99867330     0.00132651
       83     0.00000025     0.99895622     0.00104353
       84     0.00000030     0.99936656     0.00063314
       85     0.00000031     0.99938863     0.00061106
       86     0.00000035     0.99890947     0.00109018
       87     0.00000043     0.99843404     0.00156553
       88     0.00000048     0.99853202     0.00146750
       89     0.00000048     0.99913822     0.00086130
       90     0.00000055     0.99957392     0.00042553
       91     0.00000064     0.99931056     0.00068881
       92     0.00000065     0.99859885     0.00140049
       93     0.00000067     0.99820942     0.00178991
       94     0.00000076     0.99857320     0.00142604
       95     0.00000084     0.99930117     0.00069799
       96     0.00000083     0.99961711     0.00038206
       97     0.00000081     0.99920035     0.00079884
       98     0.00000088     0.99850785     0.00149127
       99     0.00000097     0.99825945     0.00173958
      100     0.00000099     0.99868196     0.00131705
      101     0.00000092     0.99931649     0.00068259
      102     0.00000092     0.99953468     0.00046440
      103     0.00000101     0.99917910     0.00081989
      104     0.00000104     0.99866358     0.00133538
      105     0.00000095     0.99850380     0.00149525
      106     0.00000090     0.99881011     0.00118899
      107     0.00000096     0.99923879     0.00076025
      108     0.00000099     0.99937876     0.00062026
      109     0.00000091     0.99915469     0.00084440
      110     0.00000083     0.99884438     0.00115480
      111     0.00000085     0.99875566     0.00124349
      112     0.00000093     0.99893297     0.00106610
      113     0.00000093     0.99916184     0.00083723
      114     0.00000083     0.99922143     0.00077774
      115     0.00000078     0.99909678     0.00090245
      116     0.00000083     0.99895002     0.00104915
      117     0.00000092     0.99892670     0.00107237
      118     0.00000095     0.99901835     0.00098070
      119     0.00000089     0.99910671     0.00089240
      120     0.00000086     0.99910833     0.00089081
