#     Density Matrix: population Re; see the manual for detail orders
        0     0.00000000     0.00000000     1.00000000
        1     0.00000005     0.00001613     0.99998382
        2     0.00000008     0.00013495     0.99986497
        3     0.00000014     0.00031459     0.99968527
        4     0.00000020     0.00045110     0.99954871
        5     0.00000026     0.00046340     0.99953634
        6     0.00000037     0.00036727     0.99963236
        7     0.00000038     0.00033060     0.99966902
        8     0.00000057     0.00072903     0.99927040
        9     0.00000046     0.00231296     0.99768659
       10     0.00000075     0.00693386     0.99306539
       11     0.00000049     0.02108469     0.97891482
       12     0.00000077     0.07595716     0.92404207
       13     0.00000035     0.30054373     0.69945592
       14     0.00000047     0.64002805     0.35997149
       15     0.00000052     0.52033059     0.47966889
       16     0.00000258     0.39900152     0.60099590
       17     0.00000129     0.34017623     0.65982249
       18     0.00000114     0.31180895     0.68818991
       19     0.00000171     0.29937361     0.70062468
       20     0.00000069     0.29535513     0.70464418
       21     0.00000049     0.29510133     0.70489818
       22     0.00000069     0.29562081     0.70437850
       23     0.00000020     0.29513438     0.70486543
       24     0.00000010     0.29261550     0.70738440
       25     0.00000020     0.28757382     0.71242598
       26     0.00000006     0.27994488     0.72005506
       27     0.00000000     0.27004577     0.72995423
       28     0.00000002     0.25826964     0.74173034
       29     0.00000004     0.24519017     0.75480979
       30     0.00000005     0.23155172     0.76844823
       31     0.00000002     0.21815070     0.78184928
       32     0.00000001     0.20635667     0.79364332
       33     0.00000006     0.19779286     0.80220709
       34     0.00000004     0.19439383     0.80560613
       35     0.00000000     0.19846731     0.80153269
       36     0.00000003     0.21243037     0.78756959
       37     0.00000003     0.23840766     0.76159231
       38     0.00000001     0.27754413     0.72245586
       39     0.00000002     0.32888279     0.67111719
       40     0.00000000     0.38796526     0.61203474
       41     0.00000008     0.44545777     0.55454215
       42     0.00000011     0.48656569     0.51343420
       43     0.00000003     0.49327428     0.50672568
       44     0.00000021     0.45104183     0.54895796
       45     0.00000028     0.35949061     0.64050911
       46     0.00000012     0.24054771     0.75945218
       47     0.00000029     0.13373793     0.86626178
       48     0.00000033     0.07618090     0.92381876
       49     0.00000008     0.08157372     0.91842620
       50     0.00000023     0.13517916     0.86482061
       51     0.00000016     0.20568640     0.79431344
       52     0.00000009     0.26220057     0.73779934
       53     0.00000033     0.28648932     0.71351034
       54     0.00000015     0.27703921     0.72296064
       55     0.00000032     0.24596740     0.75403228
       56     0.00000041     0.21150864     0.78849096
       57     0.00000014     0.18940081     0.81059905
       58     0.00000035     0.18651509     0.81348456
       59     0.00000015     0.19920208     0.80079777
       60     0.00000018     0.21682076     0.78317906
       61     0.00000025     0.22841835     0.77158140
       62     0.00000013     0.22880685     0.77119302
       63     0.00000035     0.22058336     0.77941628
       64     0.00000014     0.21112062     0.78887925
       65     0.00000023     0.20688261     0.79311716
       66     0.00000014     0.20920961     0.79079025
       67     0.00000009     0.21448421     0.78551570
       68     0.00000016     0.21797938     0.78202046
       69     0.00000009     0.21781178     0.78218812
       70     0.00000032     0.21567154     0.78432815
       71     0.00000008     0.21415619     0.78584373
       72     0.00000013     0.21400090     0.78599898
       73     0.00000002     0.21404687     0.78595310
       74     0.00000009     0.21350028     0.78649963
       75     0.00000008     0.21333199     0.78666793
       76     0.00000018     0.21485709     0.78514273
       77     0.00000028     0.21729666     0.78270306
       78     0.00000004     0.21784157     0.78215840
       79     0.00000001     0.21488328     0.78511671
       80     0.00000009     0.21074222     0.78925769
       81     0.00000027     0.20999738     0.79000235
       82     0.00000015     0.21441650     0.78558335
       83     0.00000023     0.22011694     0.77988283
       84     0.00000027     0.22094223     0.77905750
       85     0.00000012     0.21514932     0.78485056
       86     0.00000007     0.20807685     0.79192309
       87     0.00000029     0.20716430     0.79283542
       88     0.00000056     0.21406878     0.78593066
       89     0.00000031     0.22233833     0.77766136
       90     0.00000016     0.22360881     0.77639103
       91     0.00000021     0.21617783     0.78382196
       92     0.00000034     0.20702425     0.79297541
       93     0.00000041     0.20503050     0.79496909
       94     0.00000045     0.21222282     0.78777673
       95     0.00000076     0.22180734     0.77819190
       96     0.00000049     0.22482188     0.77517763
       97     0.00000009     0.21867397     0.78132594
       98     0.00000008     0.20930572     0.79069420
       99     0.00000049     0.20527761     0.79472191
      100     0.00000117     0.20980204     0.79019679
      101     0.00000094     0.21823778     0.78176128
      102     0.00000045     0.22288683     0.77711271
      103     0.00000024     0.22010834     0.77989142
      104     0.00000014     0.21312262     0.78687724
      105     0.00000067     0.20842831     0.79157102
      106     0.00000098     0.20971737     0.79028164
      107     0.00000110     0.21500552     0.78499337
      108     0.00000120     0.21914471     0.78085409
      109     0.00000049     0.21879783     0.78120168
      110     0.00000008     0.21508976     0.78491016
      111     0.00000037     0.21186715     0.78813248
      112     0.00000093     0.21179320     0.78820587
      113     0.00000180     0.21419195     0.78580625
      114     0.00000162     0.21635229     0.78364609
      115     0.00000051     0.21646455     0.78353494
      116     0.00000007     0.21506447     0.78493546
      117     0.00000038     0.21389464     0.78610497
      118     0.00000148     0.21388139     0.78611713
      119     0.00000242     0.21450625     0.78549133
      120     0.00000176     0.21488237     0.78511587
