#     Density Matrix: population Re; see the manual for detail orders
        0     0.00000000     0.00000000     1.00000000
        1     0.00000000     0.00000364     0.99999636
        2     0.00000002     0.00002454     0.99997544
        3     0.00000005     0.00003889     0.99996106
        4     0.00000009     0.00003411     0.99996581
        5     0.00000016     0.00002825     0.99997159
        6     0.00000024     0.00004000     0.99995976
        7     0.00000036     0.00006014     0.99993950
        8     0.00000047     0.00007846     0.99992107
        9     0.00000062     0.00015773     0.99984164
       10     0.00000073     0.00051317     0.99948610
       11     0.00000085     0.00163719     0.99836196
       12     0.00000090     0.00478623     0.99521287
       13     0.00000096     0.01426972     0.98572932
       14     0.00000091     0.04948977     0.95050932
       15     0.00000079     0.20023836     0.79976086
       16     0.00000082     0.59087448     0.40912470
       17     0.00000010     0.60904443     0.39095547
       18     0.00000206     0.47182449     0.52817345
       19     0.00000097     0.39657865     0.60342038
       20     0.00000049     0.35850412     0.64149539
       21     0.00000168     0.34050818     0.65949014
       22     0.00000058     0.33324225     0.66675717
       23     0.00000028     0.33157233     0.66842739
       24     0.00000087     0.33228210     0.66771703
       25     0.00000022     0.33326864     0.66673115
       26     0.00000027     0.33344675     0.66655299
       27     0.00000055     0.33229534     0.66770411
       28     0.00000007     0.32962029     0.67037964
       29     0.00000015     0.32541664     0.67458321
       30     0.00000031     0.31966166     0.68033802
       31     0.00000007     0.31235816     0.68764177
       32     0.00000006     0.30372748     0.69627247
       33     0.00000010     0.29383108     0.70616882
       34     0.00000006     0.28279479     0.71720516
       35     0.00000009     0.27102948     0.72897043
       36     0.00000005     0.25910157     0.74089838
       37     0.00000004     0.24803730     0.75196266
       38     0.00000014     0.23935711     0.76064274
       39     0.00000006     0.23536622     0.76463372
       40     0.00000004     0.23903469     0.76096527
       41     0.00000011     0.25386605     0.74613384
       42     0.00000007     0.28348304     0.71651689
       43     0.00000007     0.33059630     0.66940362
       44     0.00000008     0.39513118     0.60486874
       45     0.00000003     0.47127345     0.52872652
       46     0.00000016     0.54388339     0.45611645
       47     0.00000010     0.58667510     0.41332480
       48     0.00000003     0.56820600     0.43179397
       49     0.00000033     0.47169536     0.52830431
       50     0.00000017     0.31995306     0.68004677
       51     0.00000013     0.17350509     0.82649478
       52     0.00000057     0.08990832     0.91009111
       53     0.00000016     0.08594996     0.91404988
       54     0.00000025     0.13812917     0.86187058
       55     0.00000048     0.20740907     0.79259045
       56     0.00000004     0.26107914     0.73892082
       57     0.00000049     0.28289335     0.71710616
       58     0.00000026     0.27366508     0.72633467
       59     0.00000018     0.24616780     0.75383202
       60     0.00000052     0.21734362     0.78265585
       61     0.00000006     0.20045731     0.79954263
       62     0.00000048     0.20017145     0.79982807
       63     0.00000019     0.21202049     0.78797932
       64     0.00000023     0.22635454     0.77364523
       65     0.00000035     0.23437979     0.76561986
       66     0.00000005     0.23295596     0.76704399
       67     0.00000043     0.22539786     0.77460171
       68     0.00000003     0.21816099     0.78183898
       69     0.00000031     0.21595387     0.78404582
       70     0.00000009     0.21883716     0.78116275
       71     0.00000016     0.22321143     0.77678842
       72     0.00000015     0.22542821     0.77457165
       73     0.00000009     0.22468285     0.77531706
       74     0.00000027     0.22285110     0.77714863
       75     0.00000000     0.22190261     0.77809739
       76     0.00000017     0.22190766     0.77809217
       77     0.00000004     0.22169006     0.77830990
       78     0.00000014     0.22098340     0.77901646
       79     0.00000001     0.22111096     0.77888903
       80     0.00000021     0.22309617     0.77690362
       81     0.00000018     0.22555575     0.77444408
       82     0.00000001     0.22547882     0.77452117
       83     0.00000008     0.22181361     0.77818631
       84     0.00000022     0.21762124     0.78237854
       85     0.00000013     0.21763045     0.78236942
       86     0.00000002     0.22301214     0.77698784
       87     0.00000031     0.22903658     0.77096311
       88     0.00000026     0.22926762     0.77073212
       89     0.00000001     0.22245754     0.77754244
       90     0.00000013     0.21467059     0.78532928
       91     0.00000046     0.21385586     0.78614369
       92     0.00000026     0.22172788     0.77827186
       93     0.00000003     0.23139150     0.76860846
       94     0.00000037     0.23352512     0.76647451
       95     0.00000037     0.22548337     0.77451626
       96     0.00000016     0.21426672     0.78573312
       97     0.00000004     0.21008122     0.78991874
       98     0.00000065     0.21694773     0.78305162
       99     0.00000078     0.22895572     0.77104350
      100     0.00000010     0.23565913     0.76434078
      101     0.00000013     0.23139675     0.76860312
      102     0.00000025     0.22000189     0.77999786
      103     0.00000059     0.21117104     0.78882838
      104     0.00000039     0.21191705     0.78808256
      105     0.00000030     0.22095230     0.77904740
      106     0.00000108     0.23048610     0.76951282
      107     0.00000056     0.23304572     0.76695372
      108     0.00000003     0.22746939     0.77253057
      109     0.00000001     0.21902297     0.78097701
      110     0.00000029     0.21447704     0.78552267
      111     0.00000127     0.21661872     0.78338001
      112     0.00000080     0.22269127     0.77730793
      113     0.00000014     0.22744295     0.77255690
      114     0.00000048     0.22761910     0.77238042
      115     0.00000027     0.22410814     0.77589159
      116     0.00000051     0.22041153     0.77958795
      117     0.00000057     0.21931334     0.78068609
      118     0.00000024     0.22085421     0.77914555
      119     0.00000113     0.22300698     0.77699189
      120     0.00000099     0.22393823     0.77606078
