#     Density Matrix: population Re; see the manual for detail orders
        0     0.00000000     0.00000000     1.00000000
        1     0.00000001     0.00000937     0.99999062
        2     0.00000001     0.00009626     0.99990373
        3     0.00000001     0.00029516     0.99970483
        4     0.00000002     0.00057549     0.99942449
        5     0.00000004     0.00087847     0.99912149
        6     0.00000005     0.00123093     0.99876901
        7     0.00000012     0.00194196     0.99805793
        8     0.00000011     0.00393043     0.99606946
        9     0.00000022     0.00944773     0.99055205
       10     0.00000016     0.02408033     0.97591951
       11     0.00000031     0.06208268     0.93791701
       12     0.00000018     0.15192690     0.84807292
       13     0.00000028     0.29567255     0.70432717
       14     0.00000013     0.38528657     0.61471330
       15     0.00000031     0.35008452     0.64991517
       16     0.00000030     0.26089147     0.73910823
       17     0.00000040     0.17864587     0.82135373
       18     0.00000052     0.11958613     0.88041335
       19     0.00000038     0.08260502     0.91739460
       20     0.00000054     0.06256129     0.93743817
       21     0.00000040     0.05425304     0.94574657
       22     0.00000047     0.05344829     0.94655124
       23     0.00000060     0.05702324     0.94297616
       24     0.00000038     0.06282411     0.93717550
       25     0.00000054     0.06944830     0.93055116
       26     0.00000060     0.07603612     0.92396328
       27     0.00000039     0.08209780     0.91790181
       28     0.00000056     0.08737771     0.91262173
       29     0.00000055     0.09177086     0.90822859
       30     0.00000035     0.09527122     0.90472843
       31     0.00000051     0.09792770     0.90207179
       32     0.00000059     0.09980191     0.90019750
       33     0.00000046     0.10101924     0.89898030
       34     0.00000028     0.10171065     0.89828907
       35     0.00000049     0.10199553     0.89800398
       36     0.00000059     0.10204526     0.89795415
       37     0.00000022     0.10208623     0.89791355
       38     0.00000040     0.10253448     0.89746512
       39     0.00000062     0.10426028     0.89573910
       40     0.00000022     0.11037889     0.88962089
       41     0.00000016     0.13876665     0.86123319
       42     0.00000047     0.33476803     0.66523150
       43     0.00000041     0.69775246     0.30224713
       44     0.00000014     0.84532268     0.15467717
       45     0.00000029     0.87343727     0.12656244
       46     0.00000050     0.88207597     0.11792352
       47     0.00000029     0.88490515     0.11509456
       48     0.00000013     0.88530047     0.11469940
       49     0.00000037     0.88442457     0.11557506
       50     0.00000050     0.88275783     0.11724167
       51     0.00000025     0.88072731     0.11927244
       52     0.00000014     0.87877003     0.12122984
       53     0.00000056     0.87700179     0.12299765
       54     0.00000075     0.87552253     0.12447673
       55     0.00000035     0.87451316     0.12548649
       56     0.00000019     0.87405244     0.12594737
       57     0.00000066     0.87415798     0.12584136
       58     0.00000093     0.87479469     0.12520438
       59     0.00000054     0.87586025     0.12413921
       60     0.00000026     0.87719270     0.12280704
       61     0.00000070     0.87859284     0.12140646
       62     0.00000108     0.87983739     0.12016153
       63     0.00000066     0.88073700     0.11926234
       64     0.00000035     0.88114839     0.11885126
       65     0.00000090     0.88097700     0.11902209
       66     0.00000150     0.88021888     0.11977962
       67     0.00000121     0.87895920     0.12103959
       68     0.00000060     0.87735644     0.12264296
       69     0.00000082     0.87561824     0.12438094
       70     0.00000170     0.87396805     0.12603025
       71     0.00000191     0.87260050     0.12739759
       72     0.00000122     0.87160300     0.12839577
       73     0.00000105     0.87111574     0.12888322
       74     0.00000194     0.87117185     0.12882621
       75     0.00000265     0.87159925     0.12839811
       76     0.00000215     0.87221916     0.12777869
       77     0.00000128     0.87280336     0.12719536
       78     0.00000138     0.87311090     0.12688772
       79     0.00000222     0.87292915     0.12706863
       80     0.00000248     0.87211089     0.12788663
       81     0.00000174     0.87060033     0.12939794
       82     0.00000096     0.86844463     0.13155441
       83     0.00000105     0.86579257     0.13420637
       84     0.00000176     0.86287524     0.13712300
       85     0.00000217     0.85999230     0.14000553
       86     0.00000184     0.85742093     0.14257723
       87     0.00000123     0.85537155     0.14462722
       88     0.00000124     0.85398062     0.14601814
       89     0.00000223     0.85324849     0.14674928
       90     0.00000339     0.85308951     0.14690709
       91     0.00000379     0.85320296     0.14679325
       92     0.00000304     0.85339023     0.14660673
       93     0.00000234     0.85342814     0.14656952
       94     0.00000318     0.85282439     0.14717243
       95     0.00000519     0.85146484     0.14852997
       96     0.00000554     0.84978567     0.15020879
       97     0.00000356     0.84802598     0.15197046
       98     0.00000179     0.84641712     0.15358110
       99     0.00000218     0.84542095     0.15457687
      100     0.00000366     0.84550680     0.15448954
      101     0.00000373     0.84703531     0.15296096
      102     0.00000218     0.85003867     0.14995915
      103     0.00000077     0.85417627     0.14582296
      104     0.00000031     0.85884094     0.14115875
      105     0.00000099     0.86334031     0.13665870
      106     0.00000307     0.86684352     0.13315341
      107     0.00000563     0.86860332     0.13139105
      108     0.00000630     0.86820868     0.13178502
      109     0.00000490     0.86565465     0.13434045
      110     0.00000491     0.86140433     0.13859076
      111     0.00000827     0.85630925     0.14368248
      112     0.00001131     0.85144542     0.14854327
      113     0.00000976     0.84788006     0.15211018
      114     0.00000517     0.84643040     0.15356443
      115     0.00000213     0.84746489     0.15253298
      116     0.00000158     0.85081218     0.14918625
      117     0.00000182     0.85565822     0.14433996
      118     0.00000313     0.86073498     0.13926189
      119     0.00000592     0.86468093     0.13531315
      120     0.00000798     0.86622878     0.13376325
