#     Density Matrix: population Re; see the manual for detail orders
        0     0.00000000     0.00000000     1.00000000
        1     0.00000006     0.00000133     0.99999861
        2     0.00000004     0.00001968     0.99998028
        3     0.00000002     0.00008521     0.99991477
        4     0.00000005     0.00021563     0.99978432
        5     0.00000006     0.00040766     0.99959228
        6     0.00000013     0.00067699     0.99932289
        7     0.00000018     0.00115941     0.99884041
        8     0.00000024     0.00230671     0.99769305
        9     0.00000039     0.00535899     0.99464062
       10     0.00000032     0.01385601     0.98614367
       11     0.00000060     0.03916246     0.96083694
       12     0.00000030     0.11804112     0.88195858
       13     0.00000055     0.30729154     0.69270791
       14     0.00000010     0.47282130     0.52717860
       15     0.00000067     0.42151884     0.57848049
       16     0.00000040     0.29283430     0.70716530
       17     0.00000062     0.19264817     0.80735122
       18     0.00000079     0.12989685     0.87010236
       19     0.00000035     0.09483203     0.90516762
       20     0.00000084     0.07806328     0.92193588
       21     0.00000048     0.07273621     0.92726331
       22     0.00000028     0.07417704     0.92582268
       23     0.00000069     0.07930680     0.92069251
       24     0.00000022     0.08616025     0.91383952
       25     0.00000031     0.09350328     0.90649640
       26     0.00000071     0.10054057     0.89945873
       27     0.00000018     0.10678701     0.89321281
       28     0.00000024     0.11207083     0.88792893
       29     0.00000037     0.11640667     0.88359296
       30     0.00000019     0.11964223     0.88035758
       31     0.00000035     0.12182157     0.87817808
       32     0.00000037     0.12317655     0.87682309
       33     0.00000015     0.12389030     0.87610955
       34     0.00000010     0.12415067     0.87584923
       35     0.00000067     0.12416103     0.87583830
       36     0.00000046     0.12420117     0.87579838
       37     0.00000006     0.12461924     0.87538070
       38     0.00000059     0.12594348     0.87405593
       39     0.00000069     0.12915410     0.87084521
       40     0.00000012     0.13648781     0.86351207
       41     0.00000036     0.15509144     0.84490820
       42     0.00000088     0.21935403     0.78064509
       43     0.00000054     0.46815880     0.53184066
       44     0.00000007     0.78083778     0.21916216
       45     0.00000171     0.88929739     0.11070090
       46     0.00000242     0.91212551     0.08787207
       47     0.00000051     0.91878942     0.08121007
       48     0.00000047     0.92178421     0.07821531
       49     0.00000242     0.92353930     0.07645828
       50     0.00000189     0.92474052     0.07525759
       51     0.00000013     0.92564268     0.07435719
       52     0.00000059     0.92628129     0.07371811
       53     0.00000123     0.92681286     0.07318591
       54     0.00000061     0.92740782     0.07259157
       55     0.00000011     0.92799886     0.07200103
       56     0.00000095     0.92859715     0.07140191
       57     0.00000132     0.92921838     0.07078030
       58     0.00000039     0.92984999     0.07014961
       59     0.00000022     0.93048551     0.06951426
       60     0.00000112     0.93112905     0.06886983
       61     0.00000104     0.93178798     0.06821098
       62     0.00000015     0.93240101     0.06759884
       63     0.00000052     0.93276842     0.06723106
       64     0.00000154     0.93302803     0.06697043
       65     0.00000098     0.93318855     0.06681048
       66     0.00000012     0.93324102     0.06675886
       67     0.00000074     0.93321146     0.06678780
       68     0.00000151     0.93307851     0.06691998
       69     0.00000093     0.93286944     0.06712962
       70     0.00000021     0.93261348     0.06738631
       71     0.00000038     0.93255369     0.06744593
       72     0.00000030     0.93252455     0.06747515
       73     0.00000022     0.93229557     0.06770422
       74     0.00000029     0.93211991     0.06787979
       75     0.00000012     0.93201249     0.06798739
       76     0.00000024     0.93201517     0.06798459
       77     0.00000096     0.93211833     0.06788071
       78     0.00000091     0.93234146     0.06765763
       79     0.00000017     0.93246532     0.06753451
       80     0.00000102     0.93232567     0.06767331
       81     0.00000287     0.93195517     0.06804196
       82     0.00000255     0.93119705     0.06880040
       83     0.00000100     0.92996173     0.07003726
       84     0.00000197     0.92825260     0.07174543
       85     0.00000425     0.92613819     0.07385755
       86     0.00000372     0.92377855     0.07621773
       87     0.00000154     0.92143882     0.07855964
       88     0.00000191     0.91950101     0.08049709
       89     0.00000374     0.91840683     0.08158943
       90     0.00000322     0.91855534     0.08144144
       91     0.00000111     0.92022566     0.07977322
       92     0.00000051     0.92363481     0.07636468
       93     0.00000159     0.92855429     0.07144412
       94     0.00000264     0.93421752     0.06577984
       95     0.00000257     0.93954023     0.06045720
       96     0.00000140     0.94351765     0.05648095
       97     0.00000154     0.94537046     0.05462800
       98     0.00000543     0.94440923     0.05558534
       99     0.00000861     0.94054387     0.05944753
      100     0.00000624     0.93442439     0.06556937
      101     0.00000366     0.92742900     0.07256734
      102     0.00000591     0.92143325     0.07856084
      103     0.00000804     0.91826289     0.08172908
      104     0.00000579     0.91909640     0.08089781
      105     0.00000228     0.92390422     0.07609350
      106     0.00000107     0.93122166     0.06877727
      107     0.00000265     0.93847584     0.06152151
      108     0.00000720     0.94284548     0.05714732
      109     0.00001089     0.94241611     0.05757300
      110     0.00001002     0.93715132     0.06283866
      111     0.00000748     0.92942728     0.07056525
      112     0.00000853     0.92292425     0.07706722
      113     0.00001161     0.92093912     0.07904927
      114     0.00001243     0.92470911     0.07527846
      115     0.00001088     0.93220426     0.06778486
      116     0.00000934     0.93903561     0.06095505
      117     0.00001035     0.94093619     0.05905347
      118     0.00001730     0.93668190     0.06330080
      119     0.00002551     0.92919776     0.07077672
      120     0.00002783     0.92385588     0.07611629
