#     Density Matrix: population Re; see the manual for detail orders
        0     0.00000000     0.00000000     1.00000000
        1     0.00000002     0.00000277     0.99999721
        2     0.00000001     0.00001801     0.99998198
        3     0.00000000     0.00002883     0.99997116
        4     0.00000001     0.00002630     0.99997368
        5     0.00000002     0.00001378     0.99998621
        6     0.00000005     0.00000222     0.99999773
        7     0.00000006     0.00000100     0.99999894
        8     0.00000010     0.00001010     0.99998980
        9     0.00000012     0.00002146     0.99997842
       10     0.00000016     0.00002743     0.99997241
       11     0.00000020     0.00002711     0.99997270
       12     0.00000024     0.00002633     0.99997343
       13     0.00000028     0.00003549     0.99996423
       14     0.00000032     0.00007299     0.99992670
       15     0.00000036     0.00019270     0.99980694
       16     0.00000040     0.00065810     0.99934149
       17     0.00000043     0.00421225     0.99578732
       18     0.00000022     0.50674478     0.49325500
       19     0.00000004     0.52802778     0.47197218
       20     0.00000093     0.18519660     0.81480247
       21     0.00000057     0.15773198     0.84226745
       22     0.00000026     0.14059056     0.85940917
       23     0.00000067     0.12761211     0.87238722
       24     0.00000041     0.11677816     0.88322143
       25     0.00000044     0.10731104     0.89268852
       26     0.00000050     0.09896254     0.90103696
       27     0.00000040     0.09161385     0.90838575
       28     0.00000044     0.08524686     0.91475270
       29     0.00000048     0.07982623     0.92017328
       30     0.00000045     0.07532008     0.92467947
       31     0.00000048     0.07167840     0.92832112
       32     0.00000052     0.06883471     0.93116476
       33     0.00000051     0.06670734     0.93329215
       34     0.00000051     0.06522757     0.93477191
       35     0.00000053     0.06432258     0.93567689
       36     0.00000053     0.06393009     0.93606938
       37     0.00000052     0.06400943     0.93599005
       38     0.00000052     0.06457589     0.93542360
       39     0.00000051     0.06577395     0.93422554
       40     0.00000050     0.06842292     0.93157658
       41     0.00000047     0.12716844     0.87283109
       42     0.00000027     0.61632210     0.38367763
       43     0.00000041     0.92620623     0.07379336
       44     0.00000081     0.93031788     0.06968131
       45     0.00000063     0.93257434     0.06742504
       46     0.00000036     0.93434227     0.06565737
       47     0.00000057     0.93586882     0.06413061
       48     0.00000082     0.93721337     0.06278581
       49     0.00000068     0.93838919     0.06161014
       50     0.00000053     0.93938055     0.06061892
       51     0.00000072     0.94017421     0.05982506
       52     0.00000092     0.94075510     0.05924398
       53     0.00000083     0.94110946     0.05888971
       54     0.00000071     0.94124096     0.05875832
       55     0.00000085     0.94115787     0.05884128
       56     0.00000103     0.94088194     0.05911703
       57     0.00000098     0.94044832     0.05955070
       58     0.00000085     0.93990906     0.06009009
       59     0.00000091     0.93931965     0.06067944
       60     0.00000106     0.93874757     0.06125137
       61     0.00000105     0.93825943     0.06173952
       62     0.00000093     0.93791829     0.06208078
       63     0.00000091     0.93777979     0.06221929
       64     0.00000102     0.93788627     0.06211272
       65     0.00000106     0.93826323     0.06173571
       66     0.00000098     0.93891330     0.06108572
       67     0.00000091     0.93982381     0.06017528
       68     0.00000094     0.94096785     0.05903121
       69     0.00000102     0.94230169     0.05769729
       70     0.00000101     0.94377842     0.05622057
       71     0.00000094     0.94534988     0.05464918
       72     0.00000092     0.94697191     0.05302717
       73     0.00000099     0.94860704     0.05139197
       74     0.00000109     0.95022862     0.04977030
       75     0.00000114     0.95181951     0.04817935
       76     0.00000119     0.95336485     0.04663396
       77     0.00000131     0.95485008     0.04514860
       78     0.00000157     0.95625052     0.04374791
       79     0.00000189     0.95752597     0.04247213
       80     0.00000221     0.95861852     0.04137926
       81     0.00000253     0.95945378     0.04054369
       82     0.00000293     0.95994962     0.04004745
       83     0.00000344     0.96003536     0.03996120
       84     0.00000395     0.95967936     0.04031669
       85     0.00000433     0.95890292     0.04109275
       86     0.00000458     0.95781197     0.04218346
       87     0.00000475     0.95660053     0.04339472
       88     0.00000485     0.95554413     0.04445101
       89     0.00000480     0.95498072     0.04501447
       90     0.00000455     0.95525060     0.04474485
       91     0.00000415     0.95664549     0.04335036
       92     0.00000373     0.95933119     0.04066507
       93     0.00000338     0.96329074     0.03670588
       94     0.00000314     0.96827211     0.03172475
       95     0.00000304     0.97380834     0.02618862
       96     0.00000312     0.97926414     0.02073274
       97     0.00000341     0.98395096     0.01604563
       98     0.00000390     0.98727726     0.01271884
       99     0.00000451     0.98889823     0.01109726
      100     0.00000513     0.98883141     0.01116345
      101     0.00000562     0.98747894     0.01251544
      102     0.00000590     0.98555122     0.01444288
      103     0.00000594     0.98388850     0.01610556
      104     0.00000577     0.98323066     0.01676357
      105     0.00000543     0.98400842     0.01598615
      106     0.00000507     0.98621684     0.01377810
      107     0.00000482     0.98941828     0.01057690
      108     0.00000485     0.99288516     0.00710999
      109     0.00000521     0.99584101     0.00415378
      110     0.00000588     0.99771546     0.00227866
      111     0.00000672     0.99832710     0.00166618
      112     0.00000755     0.99792374     0.00206870
      113     0.00000820     0.99706450     0.00292730
      114     0.00000859     0.99638200     0.00360940
      115     0.00000879     0.99632235     0.00366886
      116     0.00000894     0.99697466     0.00301641
      117     0.00000924     0.99806711     0.00192365
      118     0.00000982     0.99913516     0.00085502
      119     0.00001069     0.99977524     0.00021407
      120     0.00001172     0.99985035     0.00013792
