#     Density Matrix: population Re; see the manual for detail orders
        0     0.00000000     0.00000000     1.00000000
        1     0.00000010     0.00000769     0.99999221
        2     0.00000013     0.00005970     0.99994017
        3     0.00000023     0.00012566     0.99987410
        4     0.00000027     0.00016188     0.99983785
        5     0.00000038     0.00014603     0.99985359
        6     0.00000045     0.00009257     0.99990697
        7     0.00000048     0.00006873     0.99993078
        8     0.00000066     0.00026267     0.99973667
        9     0.00000048     0.00139677     0.99860275
       10     0.00000080     0.00925729     0.99074190
       11     0.00000032     0.36436505     0.63563464
       12     0.00000003     0.75295324     0.24704674
       13     0.00000170     0.18580044     0.81419786
       14     0.00000066     0.15951278     0.84048657
       15     0.00000060     0.14888049     0.85111891
       16     0.00000157     0.14580804     0.85419039
       17     0.00000002     0.14664758     0.85335240
       18     0.00000127     0.14943257     0.85056616
       19     0.00000076     0.15305645     0.84694278
       20     0.00000024     0.15693292     0.84306684
       21     0.00000149     0.16080740     0.83919110
       22     0.00000031     0.16465062     0.83534907
       23     0.00000061     0.16864018     0.83135922
       24     0.00000142     0.17298503     0.82701355
       25     0.00000015     0.17781969     0.82218016
       26     0.00000083     0.18352536     0.81647382
       27     0.00000149     0.19050992     0.80948859
       28     0.00000019     0.19910654     0.80089328
       29     0.00000077     0.20986696     0.79013227
       30     0.00000154     0.22341322     0.77658524
       31     0.00000029     0.24094204     0.75905767
       32     0.00000047     0.26181906     0.73818047
       33     0.00000145     0.28709586     0.71290269
       34     0.00000058     0.32128460     0.67871482
       35     0.00000018     0.37568648     0.62431334
       36     0.00000117     0.47923580     0.52076302
       37     0.00000095     0.65477774     0.34522131
       38     0.00000010     0.79106316     0.20893674
       39     0.00000069     0.85074197     0.14925734
       40     0.00000129     0.85478155     0.14521715
       41     0.00000044     0.84880401     0.15119555
       42     0.00000023     0.84376340     0.15623637
       43     0.00000116     0.84044628     0.15955255
       44     0.00000100     0.83882974     0.16116927
       45     0.00000013     0.83910477     0.16089510
       46     0.00000061     0.84205623     0.15794316
       47     0.00000133     0.84726514     0.15273353
       48     0.00000062     0.85370239     0.14629699
       49     0.00000011     0.86085234     0.13914756
       50     0.00000102     0.86830294     0.13169603
       51     0.00000131     0.87577159     0.12422709
       52     0.00000029     0.88308414     0.11691556
       53     0.00000031     0.89014791     0.10985178
       54     0.00000143     0.89692637     0.10307221
       55     0.00000115     0.90341268     0.09658617
       56     0.00000007     0.90960862     0.09039131
       57     0.00000071     0.91551643     0.08448286
       58     0.00000176     0.92113853     0.07885971
       59     0.00000088     0.92647610     0.07352302
       60     0.00000002     0.93152845     0.06847154
       61     0.00000122     0.93629790     0.06370088
       62     0.00000197     0.94079421     0.05920383
       63     0.00000064     0.94503129     0.05496808
       64     0.00000011     0.94902311     0.05097678
       65     0.00000151     0.95269416     0.04730433
       66     0.00000185     0.95611853     0.04387962
       67     0.00000049     0.95942040     0.04057912
       68     0.00000013     0.96262274     0.03737713
       69     0.00000143     0.96567839     0.03432018
       70     0.00000186     0.96858157     0.03141657
       71     0.00000064     0.97143603     0.02856333
       72     0.00000008     0.97416983     0.02583009
       73     0.00000134     0.97668304     0.02331562
       74     0.00000234     0.97908331     0.02091435
       75     0.00000142     0.98147876     0.01851982
       76     0.00000012     0.98380221     0.01619768
       77     0.00000122     0.98583551     0.01416326
       78     0.00000336     0.98742460     0.01257204
       79     0.00000305     0.98856843     0.01142852
       80     0.00000094     0.98927213     0.01072693
       81     0.00000152     0.98946980     0.01052869
       82     0.00000506     0.98907917     0.01091577
       83     0.00000621     0.98815544     0.01183835
       84     0.00000299     0.98707600     0.01292101
       85     0.00000154     0.98600675     0.01399171
       86     0.00000523     0.98520235     0.01479242
       87     0.00000746     0.98509798     0.01489456
       88     0.00000464     0.98574957     0.01424579
       89     0.00000164     0.98713708     0.01286128
       90     0.00000256     0.98913790     0.01085954
       91     0.00000000     1.00000000     0.00000000
       92     0.00000618     0.99976571     0.00022810
       93     0.00001579     0.99909006     0.00089416
       94     0.00001435     0.99810203     0.00188362
       95     0.00000400     0.99702075     0.00297525
       96     0.00000051     0.99611424     0.00388524
       97     0.00000933     0.99564503     0.00434564
       98     0.00001798     0.99579074     0.00419128
       99     0.00001473     0.99655595     0.00342931
      100     0.00000423     0.99772927     0.00226649
      101     0.00000059     0.99893177     0.00106764
      102     0.00000963     0.99975050     0.00023987
      103     0.00002117     0.99989871     0.00008012
      104     0.00002084     0.99933688     0.00064228
      105     0.00000896     0.99830842     0.00168262
      106     0.00000137     0.99726818     0.00273045
      107     0.00000886     0.99670741     0.00328373
      108     0.00002345     0.99692339     0.00305317
      109     0.00002917     0.99783601     0.00213483
      110     0.00002036     0.99897857     0.00100107
      111     0.00000718     0.99972021     0.00027261
      112     0.00000567     0.99963379     0.00036054
      113     0.00002084     0.99879377     0.00118539
      114     0.00003939     0.99777651     0.00218410
      115     0.00004373     0.99730232     0.00265394
      116     0.00003137     0.99772546     0.00224317
      117     0.00001710     0.99872263     0.00126027
      118     0.00001646     0.99951809     0.00046544
      119     0.00003699     0.99946788     0.00049513
      120     0.00006767     0.99863331     0.00129902
