#     Density Matrix: population Re; see the manual for detail orders
        0     0.00000000     0.00000000     1.00000000
        1     0.00000001     0.00000071     0.99999928
        2     0.00000001     0.00000309     0.99999690
        3     0.00000000     0.00000304     0.99999696
        4     0.00000004     0.00000440     0.99999556
        5     0.00000004     0.00000713     0.99999283
        6     0.00000009     0.00000694     0.99999296
        7     0.00000011     0.00000443     0.99999546
        8     0.00000016     0.00000413     0.99999572
        9     0.00000018     0.00000797     0.99999184
       10     0.00000022     0.00001719     0.99998259
       11     0.00000025     0.00004167     0.99995807
       12     0.00000029     0.00011213     0.99988758
       13     0.00000032     0.00030959     0.99969009
       14     0.00000034     0.00088353     0.99911613
       15     0.00000035     0.00282745     0.99717219
       16     0.00000036     0.01188524     0.98811440
       17     0.00000034     0.08923876     0.91076090
       18     0.00000012     0.80079121     0.19920867
       19     0.00000004     0.75553223     0.24446773
       20     0.00000048     0.61257534     0.38742419
       21     0.00000075     0.48688009     0.51311916
       22     0.00000029     0.42243186     0.57756785
       23     0.00000006     0.38070345     0.61929649
       24     0.00000026     0.34850397     0.65149576
       25     0.00000013     0.32325138     0.67674849
       26     0.00000011     0.30298170     0.69701819
       27     0.00000024     0.28646677     0.71353299
       28     0.00000022     0.27270375     0.72729603
       29     0.00000008     0.26106995     0.73892997
       30     0.00000016     0.25132298     0.74867686
       31     0.00000016     0.24306941     0.75693043
       32     0.00000012     0.23605020     0.76394969
       33     0.00000020     0.23006862     0.76993119
       34     0.00000017     0.22499608     0.77500375
       35     0.00000012     0.22062621     0.77937367
       36     0.00000016     0.21681293     0.78318691
       37     0.00000016     0.21337783     0.78662201
       38     0.00000012     0.21015532     0.78984456
       39     0.00000013     0.20697274     0.79302713
       40     0.00000016     0.20359744     0.79640240
       41     0.00000013     0.19971541     0.80028446
       42     0.00000013     0.19517327     0.80482660
       43     0.00000014     0.19664595     0.80335392
       44     0.00000011     0.33175659     0.66824330
       45     0.00000013     0.61511617     0.38488369
       46     0.00000018     0.71439619     0.28560363
       47     0.00000014     0.73595146     0.26404839
       48     0.00000012     0.74351842     0.25648146
       49     0.00000016     0.74655694     0.25344289
       50     0.00000018     0.74762314     0.25237667
       51     0.00000015     0.74770850     0.25229134
       52     0.00000016     0.74732956     0.25267028
       53     0.00000020     0.74681819     0.25318161
       54     0.00000019     0.74644359     0.25355621
       55     0.00000016     0.74637328     0.25362656
       56     0.00000019     0.74676330     0.25323651
       57     0.00000023     0.74776323     0.25223653
       58     0.00000022     0.74946679     0.25053299
       59     0.00000021     0.75192213     0.24807766
       60     0.00000024     0.75512260     0.24487716
       61     0.00000028     0.75902389     0.24097583
       62     0.00000028     0.76353848     0.23646124
       63     0.00000028     0.76854366     0.23145607
       64     0.00000031     0.77388981     0.22610988
       65     0.00000035     0.77941931     0.22058034
       66     0.00000036     0.78494937     0.21505027
       67     0.00000036     0.79032379     0.20967585
       68     0.00000039     0.79540819     0.20459142
       69     0.00000044     0.80009910     0.19990046
       70     0.00000047     0.80431070     0.19568883
       71     0.00000051     0.80800377     0.19199572
       72     0.00000055     0.81119910     0.18880035
       73     0.00000059     0.81394472     0.18605468
       74     0.00000067     0.81632607     0.18367326
       75     0.00000075     0.81844237     0.18155689
       76     0.00000082     0.82043267     0.17956651
       77     0.00000088     0.82243681     0.17756231
       78     0.00000095     0.82457967     0.17541938
       79     0.00000105     0.82698038     0.17301857
       80     0.00000118     0.82972564     0.17027318
       81     0.00000127     0.83286635     0.16713238
       82     0.00000134     0.83640337     0.16359529
       83     0.00000143     0.84030070     0.15969787
       84     0.00000155     0.84448171     0.15551674
       85     0.00000164     0.84882759     0.15117077
       86     0.00000168     0.85318405     0.14681427
       87     0.00000171     0.85739140     0.14260689
       88     0.00000176     0.86130425     0.13869400
       89     0.00000180     0.86479452     0.13520368
       90     0.00000181     0.86778006     0.13221813
       91     0.00000178     0.87022895     0.12976927
       92     0.00000175     0.87217733     0.12782092
       93     0.00000177     0.87370986     0.12628837
       94     0.00000180     0.87495991     0.12503829
       95     0.00000177     0.87609223     0.12390601
       96     0.00000171     0.87726399     0.12273430
       97     0.00000169     0.87861931     0.12137900
       98     0.00000173     0.88026892     0.11972934
       99     0.00000177     0.88225560     0.11774263
      100     0.00000178     0.88454054     0.11545768
      101     0.00000180     0.88704689     0.11295132
      102     0.00000186     0.88964729     0.11035085
      103     0.00000198     0.89220038     0.10779764
      104     0.00000215     0.89456849     0.10542936
      105     0.00000231     0.89664136     0.10335634
      106     0.00000241     0.89837450     0.10162309
      107     0.00000253     0.89977747     0.10022000
      108     0.00000271     0.90092449     0.09907280
      109     0.00000289     0.90193290     0.09806422
      110     0.00000296     0.90295160     0.09704543
      111     0.00000289     0.90413793     0.09585917
      112     0.00000274     0.90562080     0.09437646
      113     0.00000256     0.90748944     0.09250800
      114     0.00000232     0.90977979     0.09021789
      115     0.00000199     0.91247155     0.08752646
      116     0.00000160     0.91550446     0.08449394
      117     0.00000123     0.91879902     0.08119975
      118     0.00000098     0.92225660     0.07774241
      119     0.00000089     0.92579653     0.07420258
      120     0.00000096     0.92935696     0.07064207
