#     Density Matrix: population Re; see the manual for detail orders
        0     0.00000000     0.00000000     1.00000000
        1     0.00000003     0.00000691     0.99999307
        2     0.00000004     0.00006462     0.99993534
        3     0.00000008     0.00017572     0.99982420
        4     0.00000010     0.00030671     0.99969318
        5     0.00000014     0.00044721     0.99955265
        6     0.00000017     0.00069752     0.99930230
        7     0.00000020     0.00139658     0.99860322
        8     0.00000023     0.00349575     0.99650401
        9     0.00000026     0.01018223     0.98981751
       10     0.00000028     0.03508168     0.96491804
       11     0.00000028     0.13853590     0.86146382
       12     0.00000019     0.37257916     0.62742065
       13     0.00000009     0.44242536     0.55757454
       14     0.00000022     0.30802436     0.69197541
       15     0.00000033     0.18843716     0.81156251
       16     0.00000039     0.11417049     0.88582912
       17     0.00000044     0.07119781     0.92880176
       18     0.00000045     0.04715705     0.95284250
       19     0.00000047     0.03413463     0.96586490
       20     0.00000049     0.02732184     0.97267767
       21     0.00000050     0.02385905     0.97614044
       22     0.00000048     0.02203955     0.97795997
       23     0.00000049     0.02085938     0.97914014
       24     0.00000053     0.01972317     0.98027630
       25     0.00000050     0.01826902     0.98173048
       26     0.00000048     0.01624337     0.98375615
       27     0.00000048     0.01345811     0.98654141
       28     0.00000046     0.00980774     0.99019180
       29     0.00000043     0.00553753     0.99446204
       30     0.00000040     0.00256322     0.99743639
       31     0.00000039     0.01116514     0.98883447
       32     0.00000038     0.07940693     0.92059270
       33     0.00000035     0.29351847     0.70648118
       34     0.00000035     0.54869644     0.45130321
       35     0.00000034     0.69058031     0.30941935
       36     0.00000028     0.75790035     0.24209937
       37     0.00000024     0.80009550     0.19990426
       38     0.00000033     0.83458075     0.16541892
       39     0.00000057     0.86531584     0.13468360
       40     0.00000045     0.88911733     0.11088221
       41     0.00000030     0.90679950     0.09320020
       42     0.00000044     0.91942176     0.08057780
       43     0.00000051     0.92809254     0.07190694
       44     0.00000039     0.93382857     0.06617104
       45     0.00000038     0.93747951     0.06252011
       46     0.00000050     0.93970299     0.06029650
       47     0.00000050     0.94100070     0.05899880
       48     0.00000042     0.94174268     0.05825690
       49     0.00000047     0.94220261     0.05779692
       50     0.00000056     0.94257681     0.05742263
       51     0.00000053     0.94302193     0.05697754
       52     0.00000049     0.94364302     0.05635649
       53     0.00000056     0.94451988     0.05547956
       54     0.00000061     0.94570549     0.05429391
       55     0.00000058     0.94722401     0.05277542
       56     0.00000056     0.94907813     0.05092131
       57     0.00000061     0.95125101     0.04874838
       58     0.00000058     0.95374658     0.04625284
       59     0.00000044     0.95645513     0.04354442
       60     0.00000053     0.95934489     0.04065459
       61     0.00000076     0.96239867     0.03760058
       62     0.00000064     0.96534475     0.03465461
       63     0.00000048     0.96811482     0.03188470
       64     0.00000072     0.97085831     0.02914097
       65     0.00000128     0.97338531     0.02661341
       66     0.00000138     0.97560158     0.02439704
       67     0.00000101     0.97751626     0.02248272
       68     0.00000141     0.97893956     0.02105903
       69     0.00000240     0.97986049     0.02013711
       70     0.00000270     0.98028052     0.01971678
       71     0.00000238     0.98018341     0.01981421
       72     0.00000264     0.97959417     0.02040319
       73     0.00000350     0.97860317     0.02139332
       74     0.00000387     0.97737614     0.02262000
       75     0.00000355     0.97615219     0.02384426
       76     0.00000341     0.97522409     0.02477250
       77     0.00000371     0.97490117     0.02509512
       78     0.00000385     0.97544993     0.02454623
       79     0.00000356     0.97703317     0.02296326
       80     0.00000325     0.97965307     0.02034368
       81     0.00000325     0.98312088     0.01687587
       82     0.00000347     0.98706428     0.01293225
       83     0.00000367     0.99098341     0.00901291
       84     0.00000385     0.99434035     0.00565580
       85     0.00000416     0.99667361     0.00332223
       86     0.00000466     0.99771289     0.00228245
       87     0.00000523     0.99745518     0.00253960
       88     0.00000566     0.99618333     0.00381100
       89     0.00000593     0.99440910     0.00558498
       90     0.00000610     0.99275047     0.00724344
       91     0.00000622     0.99176834     0.00822544
       92     0.00000628     0.99180927     0.00818445
       93     0.00000629     0.99290385     0.00708986
       94     0.00000634     0.99475781     0.00523585
       95     0.00000655     0.99685137     0.00314209
       96     0.00000696     0.99861899     0.00137405
       97     0.00000754     0.99964774     0.00034472
       98     0.00000822     0.99981969     0.00017209
       99     0.00000890     0.99933738     0.00065372
      100     0.00000955     0.99861835     0.00137210
      101     0.00001015     0.99810275     0.00188710
      102     0.00001074     0.99806016     0.00192910
      103     0.00001124     0.99848809     0.00150067
      104     0.00001172     0.99914848     0.00083980
      105     0.00001300     0.99971782     0.00026918
      106     0.00001464     0.99996777     0.00001760
      107     0.00001604     0.99989322     0.00009073
      108     0.00001797     0.99965418     0.00032785
      109     0.00002033     0.99947129     0.00050838
      110     0.00002257     0.99947814     0.00049928
      111     0.00002425     0.99964454     0.00033121
      112     0.00002690     0.99982987     0.00014323
      113     0.00003206     0.99990788     0.00006006
      114     0.00003891     0.99986505     0.00009604
      115     0.00004625     0.99978468     0.00016906
      116     0.00005335     0.99975575     0.00019089
      117     0.00006046     0.99979520     0.00014434
      118     0.00007059     0.99984708     0.00008232
      119     0.00008679     0.99985505     0.00005816
      120     0.00010886     0.99982233     0.00006881
