#     Density Matrix: population Re; see the manual for detail orders
        0     0.00000000     0.00000000     1.00000000
        1     0.00000005     0.00000043     0.99999952
        2     0.00000008     0.00000873     0.99999119
        3     0.00000012     0.00004700     0.99995288
        4     0.00000016     0.00013438     0.99986547
        5     0.00000019     0.00027921     0.99972060
        6     0.00000023     0.00051360     0.99948617
        7     0.00000025     0.00097977     0.99901997
        8     0.00000029     0.00213197     0.99786774
        9     0.00000031     0.00543385     0.99456584
       10     0.00000033     0.01649632     0.98350335
       11     0.00000033     0.06139070     0.93860896
       12     0.00000014     0.61270054     0.38729932
       13     0.00000003     0.81511184     0.18488813
       14     0.00000026     0.57268151     0.42731823
       15     0.00000055     0.54000344     0.45999601
       16     0.00000038     0.57393663     0.42606299
       17     0.00000032     0.61716997     0.38282971
       18     0.00000024     0.65697223     0.34302753
       19     0.00000013     0.69070866     0.30929122
       20     0.00000008     0.71846326     0.28153666
       21     0.00000005     0.74095823     0.25904173
       22     0.00000002     0.75903508     0.24096491
       23     0.00000000     0.77353617     0.22646383
       24     0.00000000     0.78519483     0.21480517
       25     0.00000000     0.79473450     0.20526549
       26     0.00000001     0.80275367     0.19724632
       27     0.00000001     0.80980595     0.19019404
       28     0.00000002     0.81643075     0.18356924
       29     0.00000002     0.82316292     0.17683706
       30     0.00000002     0.83060346     0.16939651
       31     0.00000002     0.83941837     0.16058161
       32     0.00000002     0.85029103     0.14970895
       33     0.00000002     0.86383389     0.13616610
       34     0.00000001     0.88038345     0.11961654
       35     0.00000001     0.89966159     0.10033840
       36     0.00000001     0.92041000     0.07958999
       37     0.00000001     0.93996015     0.06003984
       38     0.00000001     0.95391148     0.04608851
       39     0.00000001     0.95620249     0.04379750
       40     0.00000001     0.93985524     0.06014475
       41     0.00000001     0.89902375     0.10097624
       42     0.00000002     0.83325196     0.16674802
       43     0.00000004     0.75553198     0.24446798
       44     0.00000003     0.70069931     0.29930066
       45     0.00000004     0.71300608     0.28699387
       46     0.00000006     0.79599437     0.20400557
       47     0.00000004     0.89498408     0.10501588
       48     0.00000001     0.96199723     0.03800276
       49     0.00000000     0.99126000     0.00874000
       50     0.00000000     0.99740615     0.00259385
       51     0.00000000     0.99483092     0.00516908
       52     0.00000000     0.99189693     0.00810307
       53     0.00000000     0.99160465     0.00839535
       54     0.00000000     0.99368732     0.00631268
       55     0.00000000     0.99657920     0.00342080
       56     0.00000000     0.99882813     0.00117187
       57     0.00000000     0.99980347     0.00019653
       58     0.00000000     0.99973140     0.00026860
       59     0.00000000     0.99927560     0.00072440
       60     0.00000000     0.99901592     0.00098408
       61     0.00000000     0.99914329     0.00085671
       62     0.00000000     0.99949064     0.00050936
       63     0.00000000     0.99978528     0.00021472
       64     0.00000000     0.99988582     0.00011418
       65     0.00000000     0.99984059     0.00015941
       66     0.00000000     0.99978111     0.00021889
       67     0.00000001     0.99978648     0.00021351
       68     0.00000001     0.99984013     0.00015986
       69     0.00000001     0.99988685     0.00011314
       70     0.00000001     0.99990425     0.00009574
       71     0.00000002     0.99991148     0.00008850
       72     0.00000002     0.99992479     0.00007518
       73     0.00000003     0.99993008     0.00006989
       74     0.00000004     0.99991192     0.00008804
       75     0.00000005     0.99988994     0.00011001
       76     0.00000006     0.99990247     0.00009747
       77     0.00000007     0.99995003     0.00004990
       78     0.00000008     0.99998018     0.00001974
       79     0.00000010     0.99995099     0.00004891
       80     0.00000012     0.99989304     0.00010684
       81     0.00000014     0.99987946     0.00012041
       82     0.00000015     0.99993313     0.00006672
       83     0.00000018     0.99999240     0.00000742
       84     0.00000020     0.99998561     0.00001419
       85     0.00000022     0.99992042     0.00007936
       86     0.00000024     0.99987381     0.00012595
       87     0.00000026     0.99989811     0.00010162
       88     0.00000028     0.99996124     0.00003847
       89     0.00000030     0.99998884     0.00001086
       90     0.00000031     0.99995074     0.00004895
       91     0.00000033     0.99988993     0.00010975
       92     0.00000033     0.99986898     0.00013069
       93     0.00000034     0.99990248     0.00009718
       94     0.00000034     0.99994831     0.00005135
       95     0.00000033     0.99995779     0.00004188
       96     0.00000032     0.99992407     0.00007561
       97     0.00000031     0.99988281     0.00011688
       98     0.00000031     0.99987233     0.00012736
       99     0.00000029     0.99989825     0.00010145
      100     0.00000026     0.99993206     0.00006768
      101     0.00000025     0.99994427     0.00005549
      102     0.00000024     0.99992970     0.00007006
      103     0.00000022     0.99990774     0.00009204
      104     0.00000020     0.99990137     0.00009843
      105     0.00000019     0.99991689     0.00008292
      106     0.00000018     0.99994155     0.00005827
      107     0.00000017     0.99995749     0.00004234
      108     0.00000015     0.99995736     0.00004249
      109     0.00000014     0.99994838     0.00005149
      110     0.00000013     0.99994372     0.00005615
      111     0.00000012     0.99995061     0.00004927
      112     0.00000011     0.99996539     0.00003450
      113     0.00000010     0.99997850     0.00002140
      114     0.00000009     0.99998340     0.00001651
      115     0.00000008     0.99998131     0.00001861
      116     0.00000007     0.99997863     0.00002129
      117     0.00000007     0.99998051     0.00001942
      118     0.00000006     0.99998680     0.00001314
      119     0.00000005     0.99999343     0.00000652
      120     0.00000005     0.99999680     0.00000315
