#     Density Matrix: population Re; see the manual for detail orders
        0     0.00000000     0.00000000     1.00000000
        1     0.00000000     0.00001537     0.99998463
        2     0.00000001     0.00010903     0.99989096
        3     0.00000003     0.00019826     0.99980171
        4     0.00000006     0.00021282     0.99978711
        5     0.00000010     0.00015539     0.99984451
        6     0.00000014     0.00007889     0.99992097
        7     0.00000019     0.00003377     0.99996604
        8     0.00000024     0.00003270     0.99996706
        9     0.00000029     0.00005271     0.99994700
       10     0.00000033     0.00006258     0.99993709
       11     0.00000037     0.00005705     0.99994257
       12     0.00000041     0.00012421     0.99987538
       13     0.00000044     0.00143192     0.99856764
       14     0.00000046     0.00333757     0.99666197
       15     0.00000043     0.01327158     0.98672799
       16     0.00000000     0.00000000     1.00000000
       17     0.00000170     0.00009054     0.99990777
       18     0.00000060     0.00017796     0.99982144
       19     0.00000045     0.00023352     0.99976603
       20     0.00000117     0.00026907     0.99972976
       21     0.00000001     0.00029022     0.99970977
       22     0.00000133     0.00029700     0.99970166
       23     0.00000119     0.00028926     0.99970954
       24     0.00000006     0.00026857     0.99973136
       25     0.00000154     0.00023988     0.99975857
       26     0.00000065     0.00021306     0.99978629
       27     0.00000026     0.00020391     0.99979583
       28     0.00000168     0.00023570     0.99976263
       29     0.00000055     0.00034222     0.99965723
       30     0.00000030     0.00057382     0.99942588
       31     0.00000152     0.00100956     0.99898892
       32     0.00000059     0.00177896     0.99822046
       33     0.00000019     0.00310978     0.99689002
       34     0.00000149     0.00543648     0.99456203
       35     0.00000089     0.00966930     0.99032981
       36     0.00000007     0.01794321     0.98205672
       37     0.00000143     0.03608336     0.96391521
       38     0.00000142     0.08284799     0.91715059
       39     0.00000007     0.21968786     0.78031208
       40     0.00000085     0.47631911     0.52368005
       41     0.00000163     0.69908517     0.30091320
       42     0.00000043     0.80853055     0.19146902
       43     0.00000026     0.85766681     0.14233293
       44     0.00000152     0.88271743     0.11728105
       45     0.00000114     0.89732428     0.10267458
       46     0.00000003     0.90690238     0.09309759
       47     0.00000077     0.91399391     0.08600533
       48     0.00000165     0.91976817     0.08023018
       49     0.00000069     0.92467535     0.07532396
       50     0.00000005     0.92902336     0.07097659
       51     0.00000117     0.93298324     0.06701559
       52     0.00000165     0.93664843     0.06334992
       53     0.00000045     0.94005820     0.05994135
       54     0.00000021     0.94321791     0.05678187
       55     0.00000158     0.94612086     0.05387757
       56     0.00000182     0.94876054     0.05123764
       57     0.00000042     0.95113565     0.04886394
       58     0.00000050     0.95325473     0.04674477
       59     0.00000225     0.95514635     0.04485139
       60     0.00000223     0.95685878     0.04313899
       61     0.00000052     0.95844906     0.04155042
       62     0.00000079     0.95997897     0.04002024
       63     0.00000268     0.96151661     0.03848071
       64     0.00000254     0.96312481     0.03687265
       65     0.00000074     0.96485730     0.03514196
       66     0.00000089     0.96674828     0.03325082
       67     0.00000282     0.96881844     0.03117875
       68     0.00000286     0.97107329     0.02892385
       69     0.00000097     0.97349228     0.02650675
       70     0.00000061     0.97603382     0.02396557
       71     0.00000242     0.97864214     0.02135544
       72     0.00000335     0.98125343     0.01874322
       73     0.00000195     0.98379015     0.01620790
       74     0.00000066     0.98615005     0.01384929
       75     0.00000193     0.98822337     0.01177470
       76     0.00000416     0.98990772     0.01008811
       77     0.00000000     1.00000000     0.00000000
       78     0.00000478     0.99994454     0.00005068
       79     0.00001166     0.99978078     0.00020756
       80     0.00000962     0.99952325     0.00046713
       81     0.00000190     0.99918927     0.00080883
       82     0.00000116     0.99880466     0.00119418
       83     0.00000919     0.99842082     0.00156999
       84     0.00001396     0.99811132     0.00187472
       85     0.00000830     0.99794169     0.00205001
       86     0.00000085     0.99794585     0.00205330
       87     0.00000293     0.99812689     0.00187017
       88     0.00001199     0.99846446     0.00152354
       89     0.00001552     0.99891112     0.00107336
       90     0.00000875     0.99938078     0.00061048
       91     0.00000113     0.99976118     0.00023769
       92     0.00000356     0.99994684     0.00004960
       93     0.00001356     0.99988782     0.00009863
       94     0.00001840     0.99960326     0.00037834
       95     0.00001185     0.99917157     0.00081658
       96     0.00000261     0.99870776     0.00128962
       97     0.00000275     0.99834506     0.00165219
       98     0.00001226     0.99820248     0.00178526
       99     0.00001964     0.99834675     0.00163361
      100     0.00001640     0.99874869     0.00123491
      101     0.00000660     0.99927757     0.00071583
      102     0.00000164     0.99974438     0.00025398
      103     0.00000776     0.99997841     0.00001383
      104     0.00001920     0.99990027     0.00008053
      105     0.00002389     0.99955980     0.00041631
      106     0.00001694     0.99911694     0.00086612
      107     0.00000626     0.99877718     0.00121656
      108     0.00000381     0.99870433     0.00129185
      109     0.00001309     0.99894158     0.00104533
      110     0.00002627     0.99937753     0.00059620
      111     0.00003189     0.99978928     0.00017883
      112     0.00002553     0.99994888     0.00002560
      113     0.00001385     0.99975635     0.00022979
      114     0.00000962     0.99932357     0.00066681
      115     0.00001963     0.99892907     0.00105129
      116     0.00003800     0.99884698     0.00111502
      117     0.00005235     0.99914906     0.00079859
      118     0.00005411     0.99962529     0.00032061
      119     0.00004460     0.99991026     0.00004514
      120     0.00003467     0.99976233     0.00020300
