#     Density Matrix: population Re; see the manual for detail orders
        0     0.00000000     0.00000000     1.00000000
        1     0.00000002     0.00000989     0.99999009
        2     0.00000003     0.00008670     0.99991326
        3     0.00000008     0.00021261     0.99978731
        4     0.00000012     0.00031681     0.99968308
        5     0.00000021     0.00034861     0.99965118
        6     0.00000026     0.00036835     0.99963140
        7     0.00000037     0.00064139     0.99935824
        8     0.00000043     0.00180101     0.99819856
        9     0.00000050     0.00546240     0.99453709
       10     0.00000058     0.01722615     0.98277327
       11     0.00000052     0.06411943     0.93588004
       12     0.00000048     0.27310353     0.72689598
       13     0.00000009     0.59990965     0.40009026
       14     0.00000058     0.49539806     0.50460136
       15     0.00000083     0.30796494     0.69203423
       16     0.00000010     0.24342372     0.75657618
       17     0.00000108     0.20311320     0.79688572
       18     0.00000037     0.18022933     0.81977030
       19     0.00000041     0.16890314     0.83109644
       20     0.00000096     0.16468340     0.83531564
       21     0.00000005     0.16437047     0.83562949
       22     0.00000061     0.16575650     0.83424288
       23     0.00000072     0.16738812     0.83261116
       24     0.00000001     0.16837410     0.83162589
       25     0.00000071     0.16822162     0.83177766
       26     0.00000061     0.16670962     0.83328977
       27     0.00000001     0.16378833     0.83621166
       28     0.00000066     0.15950754     0.84049180
       29     0.00000062     0.15396964     0.84602974
       30     0.00000000     0.14729702     0.85270298
       31     0.00000055     0.13959543     0.86040402
       32     0.00000073     0.13093258     0.86906670
       33     0.00000006     0.12133575     0.87866420
       34     0.00000034     0.11077702     0.88922264
       35     0.00000084     0.09914528     0.90085389
       36     0.00000025     0.08626958     0.91373017
       37     0.00000011     0.07212733     0.92787256
       38     0.00000085     0.05822300     0.94177616
       39     0.00000065     0.05832152     0.94167783
       40     0.00000002     0.17244348     0.82755649
       41     0.00000067     0.52422300     0.47577633
       42     0.00000118     0.80503532     0.19496350
       43     0.00000036     0.89795845     0.10204119
       44     0.00000019     0.92661451     0.07338529
       45     0.00000122     0.93885158     0.06114720
       46     0.00000111     0.94553099     0.05446790
       47     0.00000016     0.94979645     0.05020338
       48     0.00000080     0.95281176     0.04718744
       49     0.00000183     0.95509115     0.04490702
       50     0.00000100     0.95687591     0.04312309
       51     0.00000036     0.95826698     0.04173266
       52     0.00000176     0.95928016     0.04071808
       53     0.00000239     0.95987370     0.04012391
       54     0.00000098     0.95995278     0.04004623
       55     0.00000104     0.95937379     0.04062517
       56     0.00000299     0.95796283     0.04203418
       57     0.00000287     0.95553015     0.04446698
       58     0.00000120     0.95187601     0.04812279
       59     0.00000217     0.94681965     0.05317819
       60     0.00000419     0.94025502     0.05974079
       61     0.00000310     0.93220176     0.06779514
       62     0.00000151     0.92286013     0.07713836
       63     0.00000317     0.91267700     0.08731983
       64     0.00000453     0.90241487     0.09758061
       65     0.00000259     0.89317060     0.10682681
       66     0.00000136     0.88631603     0.11368261
       67     0.00000293     0.88336148     0.11663559
       68     0.00000340     0.88569928     0.11429732
       69     0.00000154     0.89421925     0.10577921
       70     0.00000064     0.90885285     0.09114651
       71     0.00000176     0.92818660     0.07181163
       72     0.00000260     0.94932071     0.05067669
       73     0.00000169     0.96816293     0.03183537
       74     0.00000072     0.98027287     0.01972641
       75     0.00000198     0.98220445     0.01779357
       76     0.00000357     0.97297458     0.02702185
       77     0.00000239     0.95504970     0.04494790
       78     0.00000089     0.93420447     0.06579464
       79     0.00000182     0.91788688     0.08211130
       80     0.00000247     0.91238570     0.08761183
       81     0.00000125     0.91986096     0.08013779
       82     0.00000021     0.93679491     0.06320489
       83     0.00000049     0.95508757     0.04491194
       84     0.00000160     0.96586746     0.03413094
       85     0.00000175     0.96430542     0.03569283
       86     0.00000056     0.95260185     0.04739759
       87     0.00000045     0.93894560     0.06105395
       88     0.00000132     0.93239649     0.06760219
       89     0.00000119     0.93669296     0.06330586
       90     0.00000045     0.94758074     0.05241881
       91     0.00000006     0.95615900     0.04384094
       92     0.00000075     0.95607397     0.04392527
       93     0.00000165     0.94872226     0.05127610
       94     0.00000103     0.94165130     0.05834767
       95     0.00000015     0.94130329     0.05869656
       96     0.00000036     0.94696671     0.05303293
       97     0.00000140     0.95207376     0.04792484
       98     0.00000204     0.95152247     0.04847548
       99     0.00000116     0.94698052     0.05301832
      100     0.00000051     0.94424068     0.05575881
      101     0.00000146     0.94605240     0.05394614
      102     0.00000305     0.94932547     0.05067149
      103     0.00000365     0.94982566     0.05017068
      104     0.00000254     0.94765220     0.05234526
      105     0.00000218     0.94623836     0.05375946
      106     0.00000416     0.94713417     0.05286167
      107     0.00000724     0.94843495     0.05155781
      108     0.00000893     0.94835095     0.05164012
      109     0.00000784     0.94761134     0.05238082
      110     0.00000725     0.94745427     0.05253848
      111     0.00001050     0.94762386     0.05236565
      112     0.00001743     0.94762072     0.05236185
      113     0.00002350     0.94783140     0.05214510
      114     0.00002408     0.94817522     0.05180069
      115     0.00002312     0.94777678     0.05220010
      116     0.00002782     0.94702780     0.05294438
      117     0.00004032     0.94743164     0.05252804
      118     0.00005459     0.94852627     0.05141914
      119     0.00006489     0.94818162     0.05175348
      120     0.00007582     0.94675917     0.05316502
