#     Density Matrix: population Re; see the manual for detail orders
        0     0.00000000     0.00000000     1.00000000
        1     0.00000004     0.00000023     0.99999974
        2     0.00000006     0.00000091     0.99999903
        3     0.00000010     0.00000083     0.99999907
        4     0.00000013     0.00000325     0.99999662
        5     0.00000017     0.00001247     0.99998735
        6     0.00000021     0.00003164     0.99996815
        7     0.00000024     0.00006982     0.99992993
        8     0.00000027     0.00017335     0.99982638
        9     0.00000030     0.00060933     0.99939037
       10     0.00000032     0.00445335     0.99554633
       11     0.00000015     0.52776854     0.47223130
       12     0.00000009     0.52990715     0.47009277
       13     0.00000065     0.21464396     0.78535539
       14     0.00000023     0.17631002     0.82368975
       15     0.00000030     0.15236105     0.84763865
       16     0.00000039     0.13505461     0.86494500
       17     0.00000028     0.12149965     0.87850007
       18     0.00000037     0.11037580     0.88962382
       19     0.00000035     0.10099655     0.89900310
       20     0.00000034     0.09299659     0.90700307
       21     0.00000035     0.08612922     0.91387043
       22     0.00000033     0.08024753     0.91975215
       23     0.00000033     0.07523276     0.92476692
       24     0.00000033     0.07098869     0.92901098
       25     0.00000031     0.06743945     0.93256024
       26     0.00000031     0.06451592     0.93548377
       27     0.00000031     0.06215493     0.93784476
       28     0.00000030     0.06029949     0.93970022
       29     0.00000029     0.05890499     0.94109472
       30     0.00000029     0.05792996     0.94206975
       31     0.00000028     0.05735006     0.94264966
       32     0.00000028     0.05715793     0.94284180
       33     0.00000027     0.05740026     0.94259947
       34     0.00000027     0.05835154     0.94164819
       35     0.00000027     0.06360583     0.93639390
       36     0.00000015     0.47067473     0.52932512
       37     0.00000021     0.90271778     0.09728201
       38     0.00000051     0.90573115     0.09426834
       39     0.00000034     0.90772967     0.09226999
       40     0.00000015     0.90963999     0.09035986
       41     0.00000033     0.91159181     0.08840786
       42     0.00000040     0.91359993     0.08639967
       43     0.00000022     0.91565397     0.08434580
       44     0.00000020     0.91772952     0.08227028
       45     0.00000034     0.91980010     0.08019956
       46     0.00000032     0.92184229     0.07815739
       47     0.00000020     0.92382965     0.07617015
       48     0.00000023     0.92573794     0.07426183
       49     0.00000032     0.92754917     0.07245051
       50     0.00000028     0.92924670     0.07075301
       51     0.00000021     0.93081683     0.06918296
       52     0.00000025     0.93225831     0.06774144
       53     0.00000032     0.93357504     0.06642464
       54     0.00000030     0.93477658     0.06522312
       55     0.00000025     0.93588243     0.06411732
       56     0.00000029     0.93691790     0.06308181
       57     0.00000035     0.93790983     0.06208982
       58     0.00000034     0.93888794     0.06111171
       59     0.00000031     0.93987899     0.06012070
       60     0.00000034     0.94090179     0.05909786
       61     0.00000041     0.94197046     0.05802913
       62     0.00000043     0.94308536     0.05691421
       63     0.00000041     0.94423841     0.05576117
       64     0.00000045     0.94541286     0.05458670
       65     0.00000052     0.94658661     0.05341287
       66     0.00000058     0.94773819     0.05226124
       67     0.00000059     0.94884653     0.05115288
       68     0.00000061     0.94990317     0.05009621
       69     0.00000069     0.95090694     0.04909237
       70     0.00000078     0.95186935     0.04812987
       71     0.00000082     0.95280781     0.04719137
       72     0.00000084     0.95375107     0.04624809
       73     0.00000091     0.95472420     0.04527489
       74     0.00000101     0.95574334     0.04425565
       75     0.00000108     0.95682056     0.04317836
       76     0.00000112     0.95795221     0.04204667
       77     0.00000118     0.95912402     0.04087480
       78     0.00000128     0.96031153     0.03968720
       79     0.00000139     0.96148697     0.03851164
       80     0.00000148     0.96262692     0.03737160
       81     0.00000155     0.96371543     0.03628302
       82     0.00000164     0.96475070     0.03524767
       83     0.00000176     0.96574478     0.03425346
       84     0.00000189     0.96672016     0.03327794
       85     0.00000200     0.96770672     0.03229129
       86     0.00000209     0.96873200     0.03126591
       87     0.00000221     0.96981739     0.03018041
       88     0.00000235     0.97096665     0.02903100
       89     0.00000249     0.97216829     0.02782922
       90     0.00000261     0.97339609     0.02660129
       91     0.00000272     0.97461569     0.02538159
       92     0.00000284     0.97579128     0.02420589
       93     0.00000297     0.97689080     0.02310623
       94     0.00000311     0.97789843     0.02209846
       95     0.00000323     0.97881305     0.02118372
       96     0.00000333     0.97964683     0.02034984
       97     0.00000342     0.98042183     0.01957476
       98     0.00000351     0.98116160     0.01883489
       99     0.00000360     0.98188260     0.01811379
      100     0.00000368     0.98259286     0.01740346
      101     0.00000373     0.98328643     0.01670984
      102     0.00000374     0.98394964     0.01604662
      103     0.00000375     0.98456540     0.01543086
      104     0.00000374     0.98511977     0.01487649
      105     0.00000372     0.98560799     0.01438830
      106     0.00000367     0.98603893     0.01395741
      107     0.00000359     0.98643280     0.01356361
      108     0.00000349     0.98681550     0.01318101
      109     0.00000338     0.98721325     0.01278337
      110     0.00000326     0.98764384     0.01235290
      111     0.00000312     0.98811220     0.01188468
      112     0.00000296     0.98860788     0.01138916
      113     0.00000279     0.98910828     0.01088893
      114     0.00000259     0.98958402     0.01041339
      115     0.00000239     0.99000756     0.00999005
      116     0.00000219     0.99035848     0.00963933
      117     0.00000199     0.99063021     0.00936780
      118     0.00000178     0.99083078     0.00916744
      119     0.00000157     0.99097909     0.00901934
      120     0.00000136     0.99109848     0.00890016
