#     Density Matrix: population Re; see the manual for detail orders
        0     0.00000000     0.00000000     1.00000000
        1     0.00000001     0.00001744     0.99998255
        2     0.00000003     0.00014400     0.99985597
        3     0.00000006     0.00033249     0.99966745
        4     0.00000008     0.00049789     0.99950203
        5     0.00000011     0.00065190     0.99934799
        6     0.00000014     0.00101469     0.99898516
        7     0.00000017     0.00219321     0.99780661
        8     0.00000020     0.00585248     0.99414733
        9     0.00000021     0.01771523     0.98228456
       10     0.00000021     0.06126687     0.93873291
       11     0.00000008     0.59673400     0.40326592
       12     0.00000004     0.81231070     0.18768926
       13     0.00000071     0.34213004     0.65786925
       14     0.00000065     0.16053935     0.83946000
       15     0.00000005     0.10678009     0.89321985
       16     0.00000043     0.08034732     0.91965224
       17     0.00000019     0.06870178     0.93129803
       18     0.00000020     0.06443891     0.93556089
       19     0.00000028     0.06337784     0.93662188
       20     0.00000019     0.06329672     0.93670309
       21     0.00000026     0.06315052     0.93684922
       22     0.00000027     0.06253969     0.93746004
       23     0.00000025     0.06143284     0.93856691
       24     0.00000029     0.05992719     0.94007251
       25     0.00000029     0.05816984     0.94182987
       26     0.00000028     0.05629884     0.94370088
       27     0.00000029     0.05442804     0.94557167
       28     0.00000027     0.05263094     0.94736878
       29     0.00000026     0.05096429     0.94903545
       30     0.00000025     0.04946759     0.95053217
       31     0.00000023     0.04817245     0.95182732
       32     0.00000021     0.04711103     0.95288876
       33     0.00000019     0.04632060     0.95367920
       34     0.00000017     0.04586063     0.95413920
       35     0.00000016     0.04581501     0.95418484
       36     0.00000014     0.04631903     0.95368083
       37     0.00000013     0.04759778     0.95240209
       38     0.00000012     0.05007375     0.94992614
       39     0.00000011     0.05465227     0.94534763
       40     0.00000010     0.06367429     0.93632561
       41     0.00000010     0.08566078     0.91433912
       42     0.00000009     0.18510501     0.81489489
       43     0.00000012     0.65156273     0.34843715
       44     0.00000024     0.97461588     0.02538388
       45     0.00000013     0.99556094     0.00443893
       46     0.00000003     0.99540540     0.00459457
       47     0.00000015     0.99449725     0.00550260
       48     0.00000019     0.99381544     0.00618436
       49     0.00000008     0.99335441     0.00664552
       50     0.00000008     0.99304842     0.00695150
       51     0.00000021     0.99285006     0.00714974
       52     0.00000019     0.99272999     0.00726982
       53     0.00000012     0.99267097     0.00732891
       54     0.00000020     0.99266210     0.00733770
       55     0.00000032     0.99269647     0.00730321
       56     0.00000030     0.99276961     0.00723009
       57     0.00000029     0.99287523     0.00712448
       58     0.00000044     0.99300626     0.00699331
       59     0.00000056     0.99315327     0.00684617
       60     0.00000054     0.99330456     0.00669490
       61     0.00000061     0.99344394     0.00655545
       62     0.00000084     0.99355332     0.00644585
       63     0.00000098     0.99361283     0.00638620
       64     0.00000100     0.99360117     0.00639783
       65     0.00000114     0.99349945     0.00649941
       66     0.00000137     0.99329227     0.00670636
       67     0.00000150     0.99297557     0.00702293
       68     0.00000153     0.99255810     0.00744038
       69     0.00000166     0.99206521     0.00793313
       70     0.00000185     0.99154389     0.00845425
       71     0.00000191     0.99106447     0.00893362
       72     0.00000190     0.99071174     0.00928636
       73     0.00000201     0.99057725     0.00942074
       74     0.00000219     0.99074664     0.00925117
       75     0.00000224     0.99128267     0.00871509
       76     0.00000221     0.99220389     0.00779390
       77     0.00000229     0.99347138     0.00652633
       78     0.00000242     0.99498087     0.00501670
       79     0.00000249     0.99656586     0.00343165
       80     0.00000258     0.99801971     0.00197771
       81     0.00000277     0.99913115     0.00086608
       82     0.00000300     0.99972671     0.00027029
       83     0.00000318     0.99971656     0.00028025
       84     0.00000334     0.99912812     0.00086854
       85     0.00000351     0.99811597     0.00188052
       86     0.00000369     0.99693928     0.00305703
       87     0.00000382     0.99590576     0.00409042
       88     0.00000389     0.99529252     0.00470359
       89     0.00000397     0.99526828     0.00472775
       90     0.00000413     0.99583720     0.00415866
       91     0.00000422     0.99683444     0.00316135
       92     0.00000420     0.99797464     0.00202116
       93     0.00000432     0.99894725     0.00104843
       94     0.00000464     0.99952319     0.00047217
       95     0.00000484     0.99963315     0.00036201
       96     0.00000499     0.99938163     0.00061338
       97     0.00000522     0.99899168     0.00100310
       98     0.00000534     0.99870281     0.00129186
       99     0.00000549     0.99866487     0.00132964
      100     0.00000586     0.99888246     0.00111167
      101     0.00000623     0.99923388     0.00075989
      102     0.00000637     0.99955088     0.00044275
      103     0.00000641     0.99971386     0.00027972
      104     0.00000682     0.99971016     0.00028302
      105     0.00000720     0.99961996     0.00037285
      106     0.00000765     0.99955255     0.00043980
      107     0.00000843     0.99957153     0.00042005
      108     0.00000914     0.99966383     0.00032703
      109     0.00000956     0.99976732     0.00022312
      110     0.00001014     0.99982645     0.00016341
      111     0.00001124     0.99983211     0.00015665
      112     0.00001281     0.99981645     0.00017073
      113     0.00001463     0.99981626     0.00016911
      114     0.00001663     0.99984166     0.00014171
      115     0.00001900     0.99987540     0.00010560
      116     0.00002180     0.99989611     0.00008209
      117     0.00002532     0.99989916     0.00007552
      118     0.00002986     0.99989617     0.00007397
      119     0.00003564     0.99989829     0.00006607
      120     0.00004286     0.99990493     0.00005222
