#     Density Matrix: population Re; see the manual for detail orders
        0     0.00000000     0.00000000     1.00000000
        1     0.00000008     0.00001287     0.99998704
        2     0.00000011     0.00011285     0.99988704
        3     0.00000025     0.00028086     0.99971889
        4     0.00000026     0.00043630     0.99956343
        5     0.00000049     0.00052020     0.99947931
        6     0.00000048     0.00062006     0.99937946
        7     0.00000069     0.00114968     0.99884963
        8     0.00000071     0.00321255     0.99678674
        9     0.00000077     0.00981939     0.99017984
       10     0.00000089     0.03114957     0.96884955
       11     0.00000063     0.10772776     0.89227161
       12     0.00000067     0.33572063     0.66427870
       13     0.00000044     0.57189148     0.42810808
       14     0.00000069     0.45647465     0.54352466
       15     0.00000069     0.34727498     0.65272432
       16     0.00000011     0.29552788     0.70447201
       17     0.00000066     0.25786950     0.74212985
       18     0.00000035     0.23457428     0.76542538
       19     0.00000020     0.22347436     0.77652544
       20     0.00000066     0.22180401     0.77819532
       21     0.00000016     0.22698945     0.77301040
       22     0.00000028     0.23697519     0.76302453
       23     0.00000042     0.25033003     0.74966955
       24     0.00000005     0.26614305     0.73385690
       25     0.00000031     0.28396169     0.71603800
       26     0.00000034     0.30360916     0.69639049
       27     0.00000004     0.32508246     0.67491750
       28     0.00000031     0.34832589     0.65167380
       29     0.00000034     0.37315358     0.62684608
       30     0.00000004     0.39892125     0.60107871
       31     0.00000027     0.42415443     0.57584530
       32     0.00000039     0.44590283     0.55409678
       33     0.00000007     0.45754821     0.54245172
       34     0.00000020     0.45435887     0.54564093
       35     0.00000048     0.43315861     0.56684091
       36     0.00000021     0.38971523     0.61028456
       37     0.00000014     0.32057711     0.67942275
       38     0.00000055     0.25006163     0.74993781
       39     0.00000047     0.25031210     0.74968742
       40     0.00000017     0.33237839     0.66762145
       41     0.00000056     0.41002466     0.58997478
       42     0.00000068     0.45989296     0.54010636
       43     0.00000023     0.49179343     0.50820634
       44     0.00000036     0.51474862     0.48525102
       45     0.00000081     0.53404716     0.46595203
       46     0.00000051     0.55320079     0.44679870
       47     0.00000024     0.57524758     0.42475218
       48     0.00000075     0.60475561     0.39524364
       49     0.00000087     0.64090186     0.35909728
       50     0.00000035     0.67967286     0.32032678
       51     0.00000053     0.71876046     0.28123901
       52     0.00000106     0.75607974     0.24391920
       53     0.00000072     0.79012773     0.20987155
       54     0.00000037     0.82010105     0.17989858
       55     0.00000091     0.84580541     0.15419368
       56     0.00000114     0.86746515     0.13253372
       57     0.00000057     0.88552863     0.11447080
       58     0.00000058     0.90052462     0.09947479
       59     0.00000124     0.91297708     0.08702168
       60     0.00000111     0.92336463     0.07663427
       61     0.00000054     0.93210327     0.06789619
       62     0.00000088     0.93954516     0.06045396
       63     0.00000146     0.94598707     0.05401148
       64     0.00000108     0.95167679     0.04832213
       65     0.00000062     0.95681573     0.04318365
       66     0.00000112     0.96156361     0.03843527
       67     0.00000163     0.96604297     0.03395541
       68     0.00000119     0.97033940     0.02965941
       69     0.00000077     0.97449854     0.02550068
       70     0.00000136     0.97852682     0.02147182
       71     0.00000206     0.98239375     0.01760419
       72     0.00000176     0.98602921     0.01396903
       73     0.00000131     0.98931850     0.01068019
       74     0.00000000     1.00000000     0.00000000
       75     0.00000533     0.99981094     0.00018374
       76     0.00001159     0.99921770     0.00077071
       77     0.00000683     0.99821778     0.00177539
       78     0.00000020     0.99685682     0.00314297
       79     0.00000515     0.99525723     0.00473762
       80     0.00001314     0.99364005     0.00634680
       81     0.00000949     0.99228856     0.00770196
       82     0.00000103     0.99147681     0.00852216
       83     0.00000318     0.99141334     0.00858349
       84     0.00001208     0.99219733     0.00779059
       85     0.00001242     0.99375695     0.00623063
       86     0.00000382     0.99580123     0.00419496
       87     0.00000072     0.99785431     0.00214498
       88     0.00000872     0.99938445     0.00060683
       89     0.00001544     0.99996781     0.00001675
       90     0.00001006     0.99942774     0.00056220
       91     0.00000140     0.99792775     0.00207085
       92     0.00000414     0.99598396     0.00401190
       93     0.00001437     0.99433905     0.00564658
       94     0.00001618     0.99368561     0.00629821
       95     0.00000717     0.99434260     0.00565023
       96     0.00000095     0.99605841     0.00394064
       97     0.00000673     0.99807197     0.00192130
       98     0.00001741     0.99944388     0.00053870
       99     0.00001885     0.99952498     0.00045617
      100     0.00000908     0.99833655     0.00165437
      101     0.00000243     0.99662499     0.00337258
      102     0.00000943     0.99547908     0.00451149
      103     0.00002188     0.99565727     0.00432086
      104     0.00002500     0.99703703     0.00293796
      105     0.00001590     0.99862891     0.00135519
      106     0.00000634     0.99926531     0.00072834
      107     0.00001018     0.99851957     0.00147025
      108     0.00002644     0.99710474     0.00286881
      109     0.00003914     0.99630734     0.00365352
      110     0.00003651     0.99683806     0.00312543
      111     0.00002378     0.99813660     0.00183962
      112     0.00001702     0.99889356     0.00108942
      113     0.00002869     0.99838853     0.00158278
      114     0.00005499     0.99727215     0.00267286
      115     0.00007837     0.99684528     0.00307634
      116     0.00008529     0.99754676     0.00236795
      117     0.00007787     0.99843629     0.00148584
      118     0.00007179     0.99839700     0.00153120
      119     0.00008663     0.99758041     0.00233296
      120     0.00013224     0.99714510     0.00272265
