#     Density Matrix: population Re; see the manual for detail orders
        0     0.00000000     0.00000000     1.00000000
        1     0.00000001     0.00000001     0.99999999
        2     0.00000002     0.00000007     0.99999991
        3     0.00000006     0.00000018     0.99999976
        4     0.00000009     0.00000022     0.99999969
        5     0.00000017     0.00000123     0.99999860
        6     0.00000023     0.00000645     0.99999331
        7     0.00000035     0.00002104     0.99997861
        8     0.00000044     0.00005387     0.99994569
        9     0.00000056     0.00012687     0.99987257
       10     0.00000064     0.00029822     0.99970113
       11     0.00000075     0.00071773     0.99928152
       12     0.00000077     0.00178949     0.99820973
       13     0.00000083     0.00475623     0.99524294
       14     0.00000079     0.01422791     0.98577130
       15     0.00000078     0.05151661     0.94848261
       16     0.00000059     0.21581364     0.78418577
       17     0.00000023     0.55124722     0.44875255
       18     0.00000023     0.58914406     0.41085571
       19     0.00000080     0.43207489     0.56792431
       20     0.00000065     0.31887383     0.68112552
       21     0.00000087     0.25385112     0.74614801
       22     0.00000098     0.21899178     0.78100724
       23     0.00000066     0.20195264     0.79804670
       24     0.00000079     0.19491127     0.80508793
       25     0.00000054     0.19291615     0.80708330
       26     0.00000039     0.19278224     0.80721737
       27     0.00000079     0.19244423     0.80755498
       28     0.00000052     0.19040569     0.80959379
       29     0.00000023     0.18543512     0.81456465
       30     0.00000068     0.17622462     0.82377471
       31     0.00000059     0.16165672     0.83834269
       32     0.00000026     0.14005271     0.85994702
       33     0.00000057     0.11544054     0.88455889
       34     0.00000064     0.11515502     0.88484434
       35     0.00000031     0.18236889     0.81763080
       36     0.00000043     0.29704841     0.70295116
       37     0.00000070     0.39038374     0.60961557
       38     0.00000038     0.44962874     0.55037089
       39     0.00000022     0.48736986     0.51262992
       40     0.00000045     0.51390293     0.48609662
       41     0.00000038     0.53588187     0.46411775
       42     0.00000010     0.55908495     0.44091494
       43     0.00000021     0.59184748     0.40815231
       44     0.00000032     0.66188795     0.33811173
       45     0.00000012     0.77204951     0.22795037
       46     0.00000005     0.71327765     0.28672230
       47     0.00000026     0.64018531     0.35981443
       48     0.00000026     0.61374524     0.38625451
       49     0.00000004     0.60400858     0.39599137
       50     0.00000008     0.60160518     0.39839474
       51     0.00000020     0.60415760     0.39584220
       52     0.00000009     0.61140092     0.38859899
       53     0.00000000     0.62348788     0.37651212
       54     0.00000006     0.64052075     0.35947919
       55     0.00000018     0.66275822     0.33724160
       56     0.00000014     0.69055786     0.30944200
       57     0.00000002     0.72332742     0.27667257
       58     0.00000003     0.75880912     0.24119085
       59     0.00000023     0.79112118     0.20887859
       60     0.00000019     0.80909431     0.19090549
       61     0.00000010     0.79394502     0.20605487
       62     0.00000043     0.71927166     0.28072791
       63     0.00000041     0.56405479     0.43594480
       64     0.00000020     0.35007700     0.64992280
       65     0.00000053     0.17282168     0.82717779
       66     0.00000054     0.13432553     0.86567393
       67     0.00000024     0.23058361     0.76941615
       68     0.00000016     0.37421065     0.62578919
       69     0.00000013     0.48930312     0.51069675
       70     0.00000011     0.54616726     0.45383262
       71     0.00000022     0.54873599     0.45126379
       72     0.00000022     0.51716132     0.48283846
       73     0.00000023     0.47547926     0.52452050
       74     0.00000030     0.44310109     0.55689861
       75     0.00000023     0.43018670     0.56981308
       76     0.00000014     0.43625674     0.56374313
       77     0.00000013     0.45273041     0.54726946
       78     0.00000015     0.46854084     0.53145901
       79     0.00000013     0.47559119     0.52440868
       80     0.00000019     0.47253446     0.52746535
       81     0.00000012     0.46411059     0.53588930
       82     0.00000018     0.45688322     0.54311660
       83     0.00000008     0.45497116     0.54502876
       84     0.00000006     0.45794769     0.54205225
       85     0.00000004     0.46221893     0.53778103
       86     0.00000006     0.46442536     0.53557458
       87     0.00000012     0.46391038     0.53608950
       88     0.00000010     0.46215590     0.53784400
       89     0.00000017     0.46097241     0.53902742
       90     0.00000002     0.46087278     0.53912720
       91     0.00000002     0.46069291     0.53930707
       92     0.00000000     0.46009909     0.53990091
       93     0.00000013     0.45989575     0.54010412
       94     0.00000010     0.46136626     0.53863363
       95     0.00000009     0.46392185     0.53607807
       96     0.00000012     0.46493893     0.53506095
       97     0.00000004     0.46221303     0.53778694
       98     0.00000002     0.45732099     0.54267900
       99     0.00000009     0.45501337     0.54498654
      100     0.00000020     0.45853231     0.54146749
      101     0.00000012     0.46556043     0.53443945
      102     0.00000011     0.46953041     0.53046948
      103     0.00000018     0.46560678     0.53439304
      104     0.00000016     0.45618072     0.54381912
      105     0.00000013     0.44955038     0.55044949
      106     0.00000025     0.45293302     0.54706673
      107     0.00000035     0.46459159     0.53540806
      108     0.00000023     0.47464457     0.52535520
      109     0.00000019     0.47380794     0.52619187
      110     0.00000026     0.46148046     0.53851928
      111     0.00000028     0.44738475     0.55261497
      112     0.00000027     0.44352583     0.55647389
      113     0.00000043     0.45360193     0.54639764
      114     0.00000059     0.47011978     0.52987962
      115     0.00000040     0.48014614     0.51985346
      116     0.00000020     0.47574537     0.52425443
      117     0.00000020     0.46026578     0.53973401
      118     0.00000035     0.44531977     0.55467988
      119     0.00000049     0.44172323     0.55827627
      120     0.00000051     0.45164254     0.54835696
