#     Density Matrix: population Re; see the manual for detail orders
        0     0.00000000     0.00000000     1.00000000
        1     0.00000001     0.00000004     0.99999995
        2     0.00000001     0.00000010     0.99999989
        3     0.00000005     0.00000064     0.99999931
        4     0.00000008     0.00000562     0.99999430
        5     0.00000014     0.00001885     0.99998101
        6     0.00000016     0.00003915     0.99996069
        7     0.00000019     0.00006750     0.99993231
        8     0.00000020     0.00012068     0.99987912
        9     0.00000022     0.00024499     0.99975479
       10     0.00000024     0.00055519     0.99944457
       11     0.00000025     0.00138609     0.99861366
       12     0.00000026     0.00393291     0.99606683
       13     0.00000027     0.01357017     0.98642955
       14     0.00000026     0.06181860     0.93818113
       15     0.00000012     0.66406873     0.33593115
       16     0.00000002     0.55511487     0.44488511
       17     0.00000047     0.15617137     0.84382816
       18     0.00000018     0.06583414     0.93416568
       19     0.00000027     0.02987516     0.97012457
       20     0.00000029     0.01628610     0.98371361
       21     0.00000022     0.01197197     0.98802782
       22     0.00000026     0.01121645     0.98878329
       23     0.00000023     0.01150259     0.98849718
       24     0.00000021     0.01175858     0.98824121
       25     0.00000023     0.01153409     0.98846568
       26     0.00000021     0.01074509     0.98925470
       27     0.00000024     0.00953042     0.99046934
       28     0.00000028     0.00800419     0.99199553
       29     0.00000020     0.00628235     0.99371746
       30     0.00000032     0.00456231     0.99543738
       31     0.00000030     0.00335496     0.99664474
       32     0.00000022     0.00366044     0.99633934
       33     0.00000023     0.00725107     0.99274869
       34     0.00000020     0.01826128     0.98173852
       35     0.00000019     0.04638913     0.95361068
       36     0.00000023     0.10916551     0.89083426
       37     0.00000022     0.22702633     0.77297344
       38     0.00000020     0.39249378     0.60750602
       39     0.00000022     0.55861216     0.44138761
       40     0.00000022     0.69116368     0.30883610
       41     0.00000018     0.79709120     0.20290863
       42     0.00000021     0.89749655     0.10250324
       43     0.00000034     0.97889680     0.02110286
       44     0.00000032     0.99670561     0.00329408
       45     0.00000023     0.95824293     0.04175684
       46     0.00000027     0.90654313     0.09345660
       47     0.00000031     0.86109038     0.13890931
       48     0.00000027     0.82491233     0.17508740
       49     0.00000025     0.79725278     0.20274697
       50     0.00000029     0.77708063     0.22291908
       51     0.00000030     0.76361330     0.23638639
       52     0.00000028     0.75629858     0.24370114
       53     0.00000029     0.75468749     0.24531222
       54     0.00000035     0.75830486     0.24169479
       55     0.00000037     0.76658864     0.23341098
       56     0.00000040     0.77904964     0.22094996
       57     0.00000038     0.79418625     0.20581338
       58     0.00000042     0.81017370     0.18982588
       59     0.00000058     0.82538863     0.17461079
       60     0.00000070     0.83757012     0.16242918
       61     0.00000075     0.84437419     0.15562505
       62     0.00000087     0.84373495     0.15626418
       63     0.00000100     0.83445354     0.16554546
       64     0.00000104     0.81686033     0.18313863
       65     0.00000102     0.79332793     0.20667104
       66     0.00000103     0.76862251     0.23137646
       67     0.00000093     0.74951218     0.25048689
       68     0.00000071     0.74355417     0.25644512
       69     0.00000053     0.75650815     0.24349132
       70     0.00000042     0.79003480     0.20996478
       71     0.00000025     0.83980922     0.16019053
       72     0.00000013     0.89580440     0.10419547
       73     0.00000013     0.94559742     0.05440245
       74     0.00000022     0.97906778     0.02093200
       75     0.00000025     0.99249406     0.00750569
       76     0.00000023     0.98956753     0.01043225
       77     0.00000024     0.97871836     0.02128140
       78     0.00000024     0.96896776     0.03103200
       79     0.00000017     0.96618407     0.03381575
       80     0.00000011     0.97134858     0.02865132
       81     0.00000007     0.98127544     0.01872449
       82     0.00000006     0.99112834     0.00887160
       83     0.00000006     0.99724659     0.00275335
       84     0.00000006     0.99875032     0.00124963
       85     0.00000005     0.99732489     0.00267505
       86     0.00000004     0.99555448     0.00444549
       87     0.00000004     0.99520853     0.00479143
       88     0.00000003     0.99646560     0.00353437
       89     0.00000002     0.99825566     0.00174432
       90     0.00000004     0.99945239     0.00054758
       91     0.00000007     0.99962249     0.00037744
       92     0.00000006     0.99923801     0.00076194
       93     0.00000005     0.99898058     0.00101937
       94     0.00000009     0.99913947     0.00086044
       95     0.00000014     0.99952002     0.00047984
       96     0.00000015     0.99978682     0.00021302
       97     0.00000019     0.99982185     0.00017796
       98     0.00000032     0.99974230     0.00025738
       99     0.00000046     0.99971867     0.00028088
      100     0.00000048     0.99977773     0.00022179
      101     0.00000054     0.99983543     0.00016403
      102     0.00000080     0.99986343     0.00013576
      103     0.00000109     0.99989267     0.00010624
      104     0.00000125     0.99992915     0.00006959
      105     0.00000144     0.99993502     0.00006354
      106     0.00000182     0.99990382     0.00009436
      107     0.00000230     0.99989060     0.00010710
      108     0.00000271     0.99993253     0.00006476
      109     0.00000310     0.99998459     0.00001232
      110     0.00000364     0.99998118     0.00001518
      111     0.00000434     0.99993401     0.00006166
      112     0.00000505     0.99991498     0.00007997
      113     0.00000574     0.99995077     0.00004349
      114     0.00000651     0.99998893     0.00000456
      115     0.00000745     0.99997957     0.00001298
      116     0.00000852     0.99994387     0.00004762
      117     0.00000962     0.99993437     0.00005601
      118     0.00001078     0.99995865     0.00003057
      119     0.00001207     0.99997778     0.00001014
      120     0.00001355     0.99996780     0.00001865
