#     Density Matrix: population Re; see the manual for detail orders
        0     0.00000000     0.00000000     1.00000000
        1     0.00000000     0.00000967     0.99999033
        2     0.00000001     0.00007397     0.99992602
        3     0.00000002     0.00015280     0.99984718
        4     0.00000006     0.00019301     0.99980692
        5     0.00000011     0.00016869     0.99983120
        6     0.00000018     0.00009775     0.99990207
        7     0.00000026     0.00005759     0.99994215
        8     0.00000032     0.00023163     0.99976805
        9     0.00000046     0.00111677     0.99888277
       10     0.00000047     0.00481412     0.99518541
       11     0.00000064     0.03057418     0.96942518
       12     0.00000041     0.52195061     0.47804898
       13     0.00000006     0.67727729     0.32272265
       14     0.00000171     0.25314293     0.74685536
       15     0.00000021     0.20998497     0.79001482
       16     0.00000113     0.19150383     0.80849505
       17     0.00000116     0.18512885     0.81486999
       18     0.00000010     0.18531545     0.81468445
       19     0.00000142     0.18921926     0.81077931
       20     0.00000036     0.19535117     0.80464847
       21     0.00000046     0.20298077     0.79701877
       22     0.00000119     0.21183389     0.78816492
       23     0.00000006     0.22192481     0.77807513
       24     0.00000071     0.23341624     0.76658304
       25     0.00000095     0.24655126     0.75344779
       26     0.00000001     0.26160755     0.73839245
       27     0.00000076     0.27878912     0.72121011
       28     0.00000086     0.29815741     0.70184173
       29     0.00000001     0.31953776     0.68046223
       30     0.00000063     0.34230593     0.65769344
       31     0.00000088     0.36519752     0.63480161
       32     0.00000008     0.38600579     0.61399414
       33     0.00000038     0.40089334     0.59910628
       34     0.00000089     0.40268382     0.59731529
       35     0.00000027     0.39183102     0.60816871
       36     0.00000013     0.37285220     0.62714767
       37     0.00000083     0.36195655     0.63804262
       38     0.00000043     0.54612540     0.45387417
       39     0.00000005     0.75295831     0.24704164
       40     0.00000078     0.76529111     0.23470811
       41     0.00000088     0.76619824     0.23380087
       42     0.00000011     0.76711027     0.23288962
       43     0.00000030     0.76864507     0.23135463
       44     0.00000107     0.77160358     0.22839535
       45     0.00000067     0.77744120     0.22255813
       46     0.00000000     0.78558255     0.21441744
       47     0.00000065     0.79567487     0.20432449
       48     0.00000127     0.80728208     0.19271666
       49     0.00000051     0.81991199     0.18008750
       50     0.00000004     0.83305944     0.16694052
       51     0.00000099     0.84626087     0.15373814
       52     0.00000145     0.85914030     0.14085824
       53     0.00000046     0.87142738     0.12857216
       54     0.00000011     0.88295828     0.11704161
       55     0.00000124     0.89366275     0.10633602
       56     0.00000167     0.90353940     0.09645893
       57     0.00000057     0.91262320     0.08737623
       58     0.00000012     0.92095836     0.07904152
       59     0.00000129     0.92858569     0.07141302
       60     0.00000194     0.93553671     0.06446135
       61     0.00000089     0.94182857     0.05817054
       62     0.00000010     0.94746561     0.05253429
       63     0.00000106     0.95245028     0.04754865
       64     0.00000216     0.95679520     0.04320264
       65     0.00000152     0.96052959     0.03946889
       66     0.00000028     0.96370186     0.03629787
       67     0.00000062     0.96638298     0.03361640
       68     0.00000215     0.96866673     0.03133113
       69     0.00000247     0.97065973     0.02933781
       70     0.00000111     0.97246398     0.02753491
       71     0.00000036     0.97416223     0.02583741
       72     0.00000167     0.97581076     0.02418757
       73     0.00000329     0.97743589     0.02256082
       74     0.00000284     0.97903140     0.02096576
       75     0.00000112     0.98056188     0.01943700
       76     0.00000100     0.98197561     0.01802338
       77     0.00000304     0.98322241     0.01677455
       78     0.00000445     0.98426786     0.01572768
       79     0.00000329     0.98510089     0.01489582
       80     0.00000139     0.98573843     0.01426018
       81     0.00000171     0.98622911     0.01376918
       82     0.00000401     0.98665128     0.01334471
       83     0.00000520     0.98709986     0.01289494
       84     0.00000376     0.98766507     0.01233117
       85     0.00000172     0.98841228     0.01158600
       86     0.00000188     0.98937017     0.01062795
       87     0.00000000     1.00000000     0.00000000
       88     0.00000443     0.99996030     0.00003527
       89     0.00001230     0.99984002     0.00014767
       90     0.00001387     0.99964868     0.00033744
       91     0.00000721     0.99940253     0.00059026
       92     0.00000057     0.99912187     0.00087756
       93     0.00000223     0.99883747     0.00116031
       94     0.00001045     0.99859403     0.00139552
       95     0.00001571     0.99844002     0.00154426
       96     0.00001201     0.99840833     0.00157966
       97     0.00000368     0.99850318     0.00149314
       98     0.00000017     0.99870200     0.00129783
       99     0.00000544     0.99896786     0.00102670
      100     0.00001387     0.99926062     0.00072551
      101     0.00001659     0.99954015     0.00044325
      102     0.00001083     0.99976687     0.00022230
      103     0.00000265     0.99990740     0.00008995
      104     0.00000059     0.99994582     0.00005359
      105     0.00000697     0.99989191     0.00010113
      106     0.00001549     0.99977808     0.00020643
      107     0.00001768     0.99964519     0.00033713
      108     0.00001144     0.99952686     0.00046170
      109     0.00000301     0.99944237     0.00055462
      110     0.00000045     0.99940020     0.00059935
      111     0.00000582     0.99940524     0.00058894
      112     0.00001373     0.99946105     0.00052522
      113     0.00001691     0.99956430     0.00041879
      114     0.00001271     0.99969706     0.00029023
      115     0.00000494     0.99982444     0.00017062
      116     0.00000025     0.99990204     0.00009771
      117     0.00000251     0.99989074     0.00010675
      118     0.00000961     0.99977235     0.00021804
      119     0.00001530     0.99955987     0.00042483
      120     0.00001464     0.99929875     0.00068661
