#     Density Matrix: population Re; see the manual for detail orders
        0     0.00000000     0.00000000     1.00000000
        1     0.00000000     0.00000182     0.99999818
        2     0.00000001     0.00001050     0.99998949
        3     0.00000004     0.00001362     0.99998634
        4     0.00000007     0.00001143     0.99998850
        5     0.00000010     0.00001333     0.99998657
        6     0.00000014     0.00002400     0.99997586
        7     0.00000018     0.00004087     0.99995894
        8     0.00000022     0.00006672     0.99993305
        9     0.00000026     0.00014081     0.99985893
       10     0.00000030     0.00047767     0.99952203
       11     0.00000032     0.00303672     0.99696295
       12     0.00000014     0.60692090     0.39307895
       13     0.00000004     0.47414757     0.52585238
       14     0.00000122     0.20423700     0.79576177
       15     0.00000030     0.16474534     0.83525436
       16     0.00000033     0.13412402     0.86587565
       17     0.00000052     0.11112123     0.88887825
       18     0.00000024     0.09390697     0.90609280
       19     0.00000039     0.08101890     0.91898071
       20     0.00000032     0.07139745     0.92860223
       21     0.00000037     0.06425537     0.93574426
       22     0.00000040     0.05900194     0.94099766
       23     0.00000040     0.05518826     0.94481135
       24     0.00000036     0.05247965     0.94751999
       25     0.00000039     0.05062580     0.94937381
       26     0.00000040     0.04941180     0.95058780
       27     0.00000040     0.04865043     0.95134917
       28     0.00000042     0.04821096     0.95178862
       29     0.00000038     0.04804486     0.95195476
       30     0.00000039     0.04814086     0.95185875
       31     0.00000039     0.04848348     0.95151613
       32     0.00000036     0.04904726     0.95095238
       33     0.00000035     0.04990380     0.95009585
       34     0.00000035     0.05122815     0.94877150
       35     0.00000033     0.05345612     0.94654355
       36     0.00000033     0.05798206     0.94201762
       37     0.00000033     0.07313391     0.92686576
       38     0.00000025     0.48010660     0.51989315
       39     0.00000024     0.93862828     0.06137148
       40     0.00000044     0.97551834     0.02448122
       41     0.00000038     0.97925883     0.02074079
       42     0.00000025     0.98042489     0.01957486
       43     0.00000036     0.98083818     0.01916146
       44     0.00000045     0.98093648     0.01906307
       45     0.00000033     0.98088459     0.01911508
       46     0.00000030     0.98076448     0.01923522
       47     0.00000041     0.98062546     0.01937413
       48     0.00000040     0.98050439     0.01949521
       49     0.00000031     0.98042992     0.01956977
       50     0.00000032     0.98042570     0.01957398
       51     0.00000038     0.98051117     0.01948845
       52     0.00000035     0.98070014     0.01929952
       53     0.00000028     0.98100133     0.01899838
       54     0.00000030     0.98141437     0.01858532
       55     0.00000034     0.98193238     0.01806728
       56     0.00000030     0.98254079     0.01745891
       57     0.00000026     0.98321744     0.01678230
       58     0.00000033     0.98393317     0.01606651
       59     0.00000051     0.98466037     0.01533912
       60     0.00000049     0.98537205     0.01462745
       61     0.00000036     0.98603754     0.01396211
       62     0.00000039     0.98663605     0.01336356
       63     0.00000055     0.98715476     0.01284469
       64     0.00000059     0.98759050     0.01240891
       65     0.00000050     0.98794879     0.01205071
       66     0.00000052     0.98824220     0.01175727
       67     0.00000062     0.98848914     0.01151025
       68     0.00000045     0.98870591     0.01129364
       69     0.00000035     0.98892171     0.01107794
       70     0.00000057     0.98914703     0.01085240
       71     0.00000079     0.98939163     0.01060758
       72     0.00000071     0.98965843     0.01034086
       73     0.00000057     0.98994290     0.01005653
       74     0.00000071     0.99023752     0.00976177
       75     0.00000108     0.99049317     0.00950575
       76     0.00000135     0.99073009     0.00926856
       77     0.00000093     0.99100602     0.00899305
       78     0.00000067     0.99130514     0.00869419
       79     0.00000143     0.99163002     0.00836855
       80     0.00000208     0.99196758     0.00803034
       81     0.00000173     0.99234635     0.00765192
       82     0.00000107     0.99276653     0.00723240
       83     0.00000118     0.99321568     0.00678314
       84     0.00000193     0.99366805     0.00633001
       85     0.00000231     0.99408681     0.00591087
       86     0.00000194     0.99442948     0.00556858
       87     0.00000156     0.99465439     0.00534405
       88     0.00000187     0.99473402     0.00526411
       89     0.00000253     0.99466406     0.00533341
       90     0.00000274     0.99446832     0.00552895
       91     0.00000238     0.99419856     0.00579906
       92     0.00000204     0.99392852     0.00606943
       93     0.00000209     0.99373757     0.00626034
       94     0.00000260     0.99369984     0.00629756
       95     0.00000293     0.99386851     0.00612856
       96     0.00000271     0.99425838     0.00573891
       97     0.00000230     0.99484415     0.00515355
       98     0.00000219     0.99555707     0.00444074
       99     0.00000240     0.99630977     0.00368784
      100     0.00000285     0.99701939     0.00297776
      101     0.00000319     0.99759780     0.00239901
      102     0.00000324     0.99797864     0.00201812
      103     0.00000318     0.99813942     0.00185740
      104     0.00000332     0.99809868     0.00189800
      105     0.00000368     0.99791187     0.00208445
      106     0.00000398     0.99765931     0.00233671
      107     0.00000407     0.99742941     0.00256652
      108     0.00000403     0.99730143     0.00269454
      109     0.00000402     0.99732919     0.00266679
      110     0.00000410     0.99753018     0.00246572
      111     0.00000424     0.99788146     0.00211430
      112     0.00000436     0.99832442     0.00167122
      113     0.00000441     0.99878509     0.00121050
      114     0.00000442     0.99917094     0.00082464
      115     0.00000453     0.99940007     0.00059540
      116     0.00000472     0.99943655     0.00055874
      117     0.00000498     0.99929327     0.00070175
      118     0.00000505     0.99903704     0.00095790
      119     0.00000490     0.99876427     0.00123083
      120     0.00000465     0.99856642     0.00142894
