#     Density Matrix: population Re; see the manual for detail orders
        0     0.00000000     0.00000000     1.00000000
        1     0.00000006     0.00000146     0.99999848
        2     0.00000008     0.00001273     0.99998720
        3     0.00000015     0.00003237     0.99996749
        4     0.00000017     0.00005706     0.99994277
        5     0.00000023     0.00009929     0.99990048
        6     0.00000025     0.00021047     0.99978927
        7     0.00000029     0.00052489     0.99947482
        8     0.00000031     0.00143043     0.99856926
        9     0.00000033     0.00436308     0.99563659
       10     0.00000034     0.01640689     0.98359277
       11     0.00000034     0.08473917     0.91526049
       12     0.00000015     0.72347156     0.27652829
       13     0.00000001     0.52760726     0.47239273
       14     0.00000047     0.15199581     0.84800372
       15     0.00000015     0.06937535     0.93062449
       16     0.00000036     0.03621993     0.96377971
       17     0.00000025     0.02371896     0.97628079
       18     0.00000031     0.01998872     0.98001097
       19     0.00000019     0.01977086     0.98022895
       20     0.00000024     0.02069362     0.97930615
       21     0.00000023     0.02173618     0.97826359
       22     0.00000023     0.02251854     0.97748122
       23     0.00000027     0.02294500     0.97705473
       24     0.00000017     0.02305402     0.97694581
       25     0.00000023     0.02293015     0.97706961
       26     0.00000015     0.02265262     0.97734723
       27     0.00000013     0.02229289     0.97770698
       28     0.00000016     0.02190227     0.97809757
       29     0.00000015     0.02151418     0.97848568
       30     0.00000016     0.02114354     0.97885631
       31     0.00000010     0.02079401     0.97920589
       32     0.00000012     0.02046367     0.97953621
       33     0.00000019     0.02014462     0.97985520
       34     0.00000012     0.01982840     0.98017148
       35     0.00000006     0.01950805     0.98049189
       36     0.00000014     0.01918788     0.98081198
       37     0.00000011     0.01898525     0.98101464
       38     0.00000005     0.02516482     0.97483513
       39     0.00000005     0.35793153     0.64206842
       40     0.00000000     0.81439357     0.18560642
       41     0.00000008     0.83348014     0.16651978
       42     0.00000011     0.84172934     0.15827055
       43     0.00000003     0.84776012     0.15223985
       44     0.00000001     0.85299084     0.14700915
       45     0.00000007     0.85780927     0.14219066
       46     0.00000007     0.86232602     0.13767391
       47     0.00000001     0.86653693     0.13346305
       48     0.00000002     0.87039800     0.12960198
       49     0.00000006     0.87385555     0.12614439
       50     0.00000005     0.87686427     0.12313568
       51     0.00000001     0.87938384     0.12061615
       52     0.00000002     0.88140442     0.11859556
       53     0.00000006     0.88296372     0.11703622
       54     0.00000004     0.88413228     0.11586768
       55     0.00000002     0.88501722     0.11498276
       56     0.00000004     0.88575296     0.11424699
       57     0.00000007     0.88649937     0.11350056
       58     0.00000005     0.88740853     0.11259143
       59     0.00000003     0.88862888     0.11137109
       60     0.00000006     0.89026443     0.10973551
       61     0.00000008     0.89237084     0.10762908
       62     0.00000006     0.89494193     0.10505801
       63     0.00000005     0.89790939     0.10209056
       64     0.00000009     0.90114369     0.09885622
       65     0.00000011     0.90447436     0.09552553
       66     0.00000009     0.90770375     0.09229616
       67     0.00000010     0.91064421     0.08935569
       68     0.00000015     0.91313683     0.08686301
       69     0.00000016     0.91507792     0.08492192
       70     0.00000013     0.91642157     0.08357830
       71     0.00000014     0.91720090     0.08279896
       72     0.00000019     0.91751264     0.08248717
       73     0.00000021     0.91751667     0.08248312
       74     0.00000019     0.91740047     0.08259934
       75     0.00000020     0.91736596     0.08263385
       76     0.00000026     0.91759460     0.08240514
       77     0.00000034     0.91822571     0.08177396
       78     0.00000040     0.91933457     0.08066503
       79     0.00000044     0.92091022     0.07908934
       80     0.00000055     0.92287136     0.07712809
       81     0.00000073     0.92506159     0.07493768
       82     0.00000093     0.92727638     0.07272269
       83     0.00000111     0.92928799     0.07071091
       84     0.00000134     0.93088663     0.06911203
       85     0.00000164     0.93192271     0.06807565
       86     0.00000196     0.93232658     0.06767146
       87     0.00000223     0.93214030     0.06785747
       88     0.00000250     0.93152324     0.06847426
       89     0.00000280     0.93072806     0.06926914
       90     0.00000306     0.93008374     0.06991320
       91     0.00000323     0.92994254     0.07005423
       92     0.00000333     0.93063669     0.06935998
       93     0.00000340     0.93240444     0.06759216
       94     0.00000345     0.93536715     0.06462940
       95     0.00000341     0.93948247     0.06051411
       96     0.00000335     0.94454764     0.05544901
       97     0.00000344     0.95022860     0.04976797
       98     0.00000358     0.95610513     0.04389128
       99     0.00000385     0.96173735     0.03825880
      100     0.00000435     0.96674283     0.03325282
      101     0.00000519     0.97084428     0.02915053
      102     0.00000610     0.97392180     0.02607210
      103     0.00000676     0.97599730     0.02399594
      104     0.00000741     0.97722553     0.02276706
      105     0.00000841     0.97784734     0.02214426
      106     0.00000937     0.97814662     0.02184401
      107     0.00000970     0.97841118     0.02157912
      108     0.00000928     0.97889591     0.02109482
      109     0.00000873     0.97979701     0.02019426
      110     0.00000847     0.98122575     0.01876577
      111     0.00000840     0.98319642     0.01679518
      112     0.00000827     0.98559839     0.01439334
      113     0.00000809     0.98819717     0.01179474
      114     0.00000808     0.99066238     0.00932954
      115     0.00000845     0.99263030     0.00736125
      116     0.00000911     0.99380780     0.00618310
      117     0.00000980     0.99407707     0.00591314
      118     0.00001027     0.99355511     0.00643462
      119     0.00001039     0.99259480     0.00739481
      120     0.00001018     0.99169584     0.00829398
