#     Density Matrix: population Re; see the manual for detail orders
        0     0.00000000     0.00000000     1.00000000
        1     0.00000000     0.00000013     0.99999987
        2     0.00000002     0.00000192     0.99999806
        3     0.00000006     0.00000803     0.99999192
        4     0.00000013     0.00001953     0.99998034
        5     0.00000021     0.00003610     0.99996370
        6     0.00000033     0.00006198     0.99993769
        7     0.00000045     0.00011765     0.99988190
        8     0.00000060     0.00026014     0.99973926
        9     0.00000071     0.00063678     0.99936251
       10     0.00000083     0.00168480     0.99831436
       11     0.00000090     0.00505306     0.99494604
       12     0.00000094     0.01938550     0.98061356
       13     0.00000089     0.11615538     0.88384374
       14     0.00000047     0.58218789     0.41781164
       15     0.00000020     0.63907943     0.36092037
       16     0.00000115     0.36661961     0.63337923
       17     0.00000014     0.29207845     0.70792141
       18     0.00000118     0.25218776     0.74781106
       19     0.00000073     0.23272111     0.76727816
       20     0.00000032     0.22554000     0.77445968
       21     0.00000132     0.22571041     0.77428827
       22     0.00000035     0.23019264     0.76980701
       23     0.00000079     0.23714248     0.76285673
       24     0.00000165     0.24547735     0.75452100
       25     0.00000013     0.25455776     0.74544212
       26     0.00000093     0.26394992     0.73604915
       27     0.00000165     0.27324894     0.72674941
       28     0.00000014     0.28193140     0.71806846
       29     0.00000072     0.28913300     0.71086628
       30     0.00000159     0.29337117     0.70662724
       31     0.00000030     0.29209541     0.70790429
       32     0.00000036     0.28081864     0.71918100
       33     0.00000142     0.25115135     0.74884723
       34     0.00000065     0.19043021     0.80956914
       35     0.00000004     0.08927023     0.91072972
       36     0.00000105     0.08688452     0.91311443
       37     0.00000114     0.26368316     0.73631570
       38     0.00000010     0.36170666     0.63829323
       39     0.00000040     0.37520844     0.62479116
       40     0.00000114     0.35530513     0.64469373
       41     0.00000051     0.32577204     0.67422745
       42     0.00000003     0.30046072     0.69953925
       43     0.00000063     0.29186160     0.70813777
       44     0.00000068     0.32202506     0.67797425
       45     0.00000019     0.42768228     0.57231752
       46     0.00000020     0.55324435     0.44675546
       47     0.00000031     0.79226238     0.20773731
       48     0.00000021     0.89166051     0.10833929
       49     0.00000006     0.92766972     0.07233021
       50     0.00000032     0.94333533     0.05666435
       51     0.00000044     0.95087239     0.04912717
       52     0.00000012     0.95435264     0.04564724
       53     0.00000010     0.95538973     0.04461017
       54     0.00000044     0.95478521     0.04521435
       55     0.00000032     0.95302133     0.04697835
       56     0.00000002     0.95064988     0.04935010
       57     0.00000028     0.94821347     0.05178624
       58     0.00000047     0.94635669     0.05364285
       59     0.00000014     0.94595568     0.05404418
       60     0.00000010     0.94796727     0.05203263
       61     0.00000043     0.95304946     0.04695011
       62     0.00000034     0.96031048     0.03968918
       63     0.00000006     0.96295057     0.03704938
       64     0.00000029     0.93632227     0.06367744
       65     0.00000081     0.83971232     0.16028687
       66     0.00000050     0.72225981     0.27773969
       67     0.00000000     0.70906338     0.29093662
       68     0.00000037     0.78185968     0.21813995
       69     0.00000052     0.86078397     0.13921551
       70     0.00000013     0.91822059     0.08177929
       71     0.00000018     0.95531876     0.04468106
       72     0.00000021     0.97686652     0.02313327
       73     0.00000024     0.98657574     0.01342401
       74     0.00000028     0.98788969     0.01211003
       75     0.00000008     0.98485916     0.01514076
       76     0.00000030     0.98155917     0.01844054
       77     0.00000027     0.98054545     0.01945429
       78     0.00000011     0.98209823     0.01790166
       79     0.00000020     0.98494315     0.01505665
       80     0.00000023     0.98752548     0.01247429
       81     0.00000026     0.98894064     0.01105910
       82     0.00000010     0.98924233     0.01075757
       83     0.00000032     0.98913184     0.01086784
       84     0.00000030     0.98928038     0.01071932
       85     0.00000011     0.98985741     0.01014248
       86     0.00000000     1.00000000     0.00000000
       87     0.00000006     0.99999936     0.00000058
       88     0.00000009     0.99999908     0.00000083
       89     0.00000001     0.99999876     0.00000123
       90     0.00000005     0.99999602     0.00000393
       91     0.00000013     0.99999129     0.00000858
       92     0.00000004     0.99998854     0.00001142
       93     0.00000004     0.99999048     0.00000948
       94     0.00000018     0.99999425     0.00000557
       95     0.00000011     0.99999269     0.00000720
       96     0.00000004     0.99998112     0.00001884
       97     0.00000022     0.99996427     0.00003551
       98     0.00000021     0.99995367     0.00004612
       99     0.00000007     0.99995524     0.00004470
      100     0.00000024     0.99996146     0.00003830
      101     0.00000034     0.99995695     0.00004271
      102     0.00000015     0.99993234     0.00006751
      103     0.00000023     0.99989495     0.00010482
      104     0.00000046     0.99986494     0.00013460
      105     0.00000029     0.99985601     0.00014370
      106     0.00000021     0.99985970     0.00014009
      107     0.00000050     0.99985163     0.00014787
      108     0.00000047     0.99981391     0.00018561
      109     0.00000024     0.99975062     0.00024914
      110     0.00000045     0.99968557     0.00031398
      111     0.00000064     0.99964500     0.00035436
      112     0.00000039     0.99963505     0.00036456
      113     0.00000037     0.99963397     0.00036566
      114     0.00000068     0.99961365     0.00038567
      115     0.00000060     0.99956060     0.00043880
      116     0.00000033     0.99948670     0.00051296
      117     0.00000052     0.99942237     0.00057711
      118     0.00000072     0.99939564     0.00060364
      119     0.00000046     0.99941294     0.00058660
      120     0.00000033     0.99945573     0.00054394
