#     Density Matrix: population Re; see the manual for detail orders
        0     0.00000000     0.00000000     1.00000000
        1     0.00000004     0.00000230     0.99999766
        2     0.00000005     0.00001857     0.99998138
        3     0.00000015     0.00004043     0.99995942
        4     0.00000014     0.00005206     0.99994780
        5     0.00000033     0.00004727     0.99995240
        6     0.00000030     0.00004488     0.99995482
        7     0.00000055     0.00010310     0.99989635
        8     0.00000048     0.00034992     0.99964960
        9     0.00000072     0.00111799     0.99888129
       10     0.00000065     0.00368550     0.99631385
       11     0.00000075     0.01601800     0.98398125
       12     0.00000137     0.43462471     0.56537392
       13     0.00000028     0.78636621     0.21363351
       14     0.00000333     0.39299202     0.60700466
       15     0.00000106     0.30066662     0.69933233
       16     0.00000108     0.26175682     0.73824210
       17     0.00000282     0.23689086     0.76310632
       18     0.00000014     0.21457508     0.78542478
       19     0.00000152     0.19072228     0.80927620
       20     0.00000169     0.16437110     0.83562721
       21     0.00000013     0.13647311     0.86352676
       22     0.00000152     0.10887998     0.89111850
       23     0.00000105     0.08347226     0.91652669
       24     0.00000029     0.06169931     0.93830040
       25     0.00000148     0.04425437     0.95574415
       26     0.00000083     0.03106522     0.96893394
       27     0.00000039     0.02157848     0.97842113
       28     0.00000129     0.01507527     0.98492344
       29     0.00000082     0.01092469     0.98907449
       30     0.00000000     1.00000000     0.00000000
       31     0.00000010     0.99978863     0.00021127
       32     0.00000014     0.99907979     0.00092007
       33     0.00000002     0.99774351     0.00225647
       34     0.00000003     0.99563948     0.00436049
       35     0.00000012     0.99264525     0.00735463
       36     0.00000007     0.98868737     0.01131256
       37     0.00000001     0.98377088     0.01622912
       38     0.00000010     0.97802624     0.02197367
       39     0.00000011     0.97170730     0.02829259
       40     0.00000002     0.96517712     0.03482286
       41     0.00000006     0.95876743     0.04123251
       42     0.00000012     0.95240754     0.04759234
       43     0.00000004     0.94512294     0.05487702
       44     0.00000004     0.93480530     0.06519466
       45     0.00000016     0.91940263     0.08059721
       46     0.00000010     0.90044004     0.09955985
       47     0.00000000     0.88588412     0.11411587
       48     0.00000015     0.88584379     0.11415606
       49     0.00000017     0.90331141     0.09668842
       50     0.00000001     0.93165748     0.06834251
       51     0.00000007     0.96084562     0.03915430
       52     0.00000010     0.98346219     0.01653772
       53     0.00000000     1.00000000     0.00000000
       54     0.00000000     0.99666233     0.00333767
       55     0.00000001     0.99038968     0.00961031
       56     0.00000000     0.98584010     0.01415989
       57     0.00000001     0.98526248     0.01473751
       58     0.00000001     0.98815959     0.01184040
       59     0.00000000     1.00000000     0.00000000
       60     0.00000000     0.99963735     0.00036264
       61     0.00000001     0.99897839     0.00102161
       62     0.00000000     0.99860069     0.00139931
       63     0.00000001     0.99873219     0.00126780
       64     0.00000001     0.99918217     0.00081782
       65     0.00000001     0.99957313     0.00042686
       66     0.00000001     0.99966444     0.00033555
       67     0.00000003     0.99950507     0.00049490
       68     0.00000004     0.99931805     0.00068191
       69     0.00000003     0.99926372     0.00073625
       70     0.00000006     0.99932056     0.00067938
       71     0.00000008     0.99937527     0.00062465
       72     0.00000007     0.99938339     0.00061654
       73     0.00000011     0.99940182     0.00059807
       74     0.00000016     0.99946977     0.00053008
       75     0.00000014     0.99951367     0.00048619
       76     0.00000018     0.99942688     0.00057294
       77     0.00000026     0.99924019     0.00075955
       78     0.00000026     0.99914633     0.00085341
       79     0.00000028     0.99929441     0.00070531
       80     0.00000039     0.99957348     0.00042612
       81     0.00000043     0.99967480     0.00032477
       82     0.00000043     0.99942295     0.00057662
       83     0.00000055     0.99901994     0.00097951
       84     0.00000064     0.99888338     0.00111597
       85     0.00000063     0.99920003     0.00079934
       86     0.00000072     0.99967610     0.00032318
       87     0.00000088     0.99979880     0.00020032
       88     0.00000090     0.99937278     0.00062632
       89     0.00000091     0.99876403     0.00123505
       90     0.00000109     0.99856367     0.00143524
       91     0.00000120     0.99899246     0.00100635
       92     0.00000116     0.99965437     0.00034447
       93     0.00000124     0.99990474     0.00009402
       94     0.00000141     0.99947441     0.00052419
       95     0.00000143     0.99873442     0.00126415
       96     0.00000139     0.99834828     0.00165034
       97     0.00000151     0.99865652     0.00134196
       98     0.00000165     0.99937768     0.00062066
       99     0.00000160     0.99988331     0.00011509
      100     0.00000153     0.99976443     0.00023404
      101     0.00000163     0.99916799     0.00083038
      102     0.00000174     0.99862899     0.00136927
      103     0.00000168     0.99858855     0.00140977
      104     0.00000163     0.99904006     0.00095831
      105     0.00000172     0.99958567     0.00041261
      106     0.00000179     0.99980669     0.00019152
      107     0.00000169     0.99960073     0.00039758
      108     0.00000160     0.99921388     0.00078452
      109     0.00000168     0.99898680     0.00101152
      110     0.00000181     0.99906741     0.00093078
      111     0.00000179     0.99933351     0.00066470
      112     0.00000168     0.99954523     0.00045309
      113     0.00000166     0.99956839     0.00042995
      114     0.00000175     0.99945748     0.00054077
      115     0.00000180     0.99935199     0.00064621
      116     0.00000178     0.99932940     0.00066882
      117     0.00000177     0.99935785     0.00064037
      118     0.00000187     0.99937322     0.00062491
      119     0.00000197     0.99936949     0.00062854
      120     0.00000199     0.99939074     0.00060727
