#     Density Matrix: population Re; see the manual for detail orders
        0     0.00000000     0.00000000     1.00000000
        1     0.00000006     0.00000123     0.99999871
        2     0.00000004     0.00000601     0.99999395
        3     0.00000002     0.00000676     0.99999322
        4     0.00000004     0.00001044     0.99998951
        5     0.00000003     0.00002680     0.99997317
        6     0.00000013     0.00005417     0.99994570
        7     0.00000011     0.00007894     0.99992094
        8     0.00000028     0.00009039     0.99990932
        9     0.00000029     0.00010717     0.99989255
       10     0.00000046     0.00021638     0.99978316
       11     0.00000056     0.00066146     0.99933798
       12     0.00000058     0.00218337     0.99781605
       13     0.00000090     0.00793173     0.99206738
       14     0.00000060     0.04056843     0.95943097
       15     0.00000099     0.36173861     0.63826039
       16     0.00000010     0.75148265     0.24851724
       17     0.00000121     0.35637114     0.64362765
       18     0.00000236     0.25488501     0.74511263
       19     0.00000021     0.22133249     0.77866730
       20     0.00000054     0.21027680     0.78972266
       21     0.00000095     0.20452454     0.79547450
       22     0.00000000     0.20284135     0.79715865
       23     0.00000096     0.20395770     0.79604134
       24     0.00000059     0.20672274     0.79327667
       25     0.00000013     0.21019820     0.78980167
       26     0.00000118     0.21369866     0.78630016
       27     0.00000035     0.21678559     0.78321405
       28     0.00000033     0.21923265     0.78076702
       29     0.00000122     0.22098184     0.77901694
       30     0.00000024     0.22209113     0.77790863
       31     0.00000042     0.22268233     0.77731725
       32     0.00000124     0.22290370     0.77709506
       33     0.00000026     0.22290623     0.77709351
       34     0.00000036     0.22282996     0.77716968
       35     0.00000126     0.22280238     0.77719636
       36     0.00000039     0.22294871     0.77705090
       37     0.00000021     0.22341575     0.77658404
       38     0.00000123     0.22442559     0.77557318
       39     0.00000065     0.22641034     0.77358901
       40     0.00000005     0.23044850     0.76955145
       41     0.00000105     0.24039446     0.75960450
       42     0.00000101     0.29078876     0.70921023
       43     0.00000001     0.63468173     0.36531827
       44     0.00000132     0.83740652     0.16259216
       45     0.00000233     0.84213057     0.15786709
       46     0.00000055     0.84265893     0.15734053
       47     0.00000039     0.84295029     0.15704932
       48     0.00000234     0.84311231     0.15688535
       49     0.00000174     0.84310398     0.15689429
       50     0.00000002     0.84287345     0.15712653
       51     0.00000130     0.84237765     0.15762105
       52     0.00000269     0.84159414     0.15840317
       53     0.00000102     0.84051764     0.15948133
       54     0.00000010     0.83915614     0.16084376
       55     0.00000207     0.83754106     0.16245687
       56     0.00000264     0.83573033     0.16426703
       57     0.00000057     0.83379674     0.16620269
       58     0.00000038     0.83182052     0.16817910
       59     0.00000255     0.82989191     0.17010554
       60     0.00000254     0.82810272     0.17189474
       61     0.00000038     0.82652890     0.17347072
       62     0.00000058     0.82522278     0.17477665
       63     0.00000277     0.82421483     0.17578240
       64     0.00000252     0.82350967     0.17648781
       65     0.00000036     0.82307820     0.17692144
       66     0.00000056     0.82286241     0.17713703
       67     0.00000267     0.82278993     0.17720740
       68     0.00000257     0.82278438     0.17721305
       69     0.00000051     0.82276957     0.17722993
       70     0.00000028     0.82268025     0.17731947
       71     0.00000211     0.82247836     0.17751953
       72     0.00000264     0.82215973     0.17783763
       73     0.00000102     0.82174810     0.17825088
       74     0.00000000     0.82128728     0.17871271
       75     0.00000117     0.82083626     0.17916257
       76     0.00000264     0.82045904     0.17953832
       77     0.00000212     0.82020523     0.17979265
       78     0.00000040     0.82009105     0.17990855
       79     0.00000028     0.82009285     0.17990687
       80     0.00000227     0.82015111     0.17984662
       81     0.00000343     0.82017761     0.17981895
       82     0.00000191     0.82006651     0.17993158
       83     0.00000015     0.81971560     0.18028425
       84     0.00000118     0.81905595     0.18094287
       85     0.00000359     0.81807692     0.18191949
       86     0.00000366     0.81683642     0.18315992
       87     0.00000133     0.81545538     0.18454329
       88     0.00000015     0.81410132     0.18589854
       89     0.00000174     0.81296180     0.18703646
       90     0.00000357     0.81220836     0.18778807
       91     0.00000301     0.81195553     0.18804146
       92     0.00000094     0.81222950     0.18776955
       93     0.00000003     0.81295970     0.18704028
       94     0.00000107     0.81399544     0.18600349
       95     0.00000254     0.81514089     0.18485657
       96     0.00000280     0.81620030     0.18379689
       97     0.00000166     0.81702249     0.18297585
       98     0.00000028     0.81753509     0.18246462
       99     0.00000026     0.81775919     0.18224054
      100     0.00000207     0.81779643     0.18220150
      101     0.00000401     0.81779029     0.18220570
      102     0.00000378     0.81787461     0.18212161
      103     0.00000157     0.81812728     0.18187115
      104     0.00000032     0.81854590     0.18145378
      105     0.00000180     0.81905283     0.18094537
      106     0.00000403     0.81952720     0.18046877
      107     0.00000400     0.81985198     0.18014402
      108     0.00000186     0.81996049     0.18003765
      109     0.00000017     0.81986656     0.18013326
      110     0.00000018     0.81966429     0.18033553
      111     0.00000083     0.81949483     0.18050434
      112     0.00000127     0.81948775     0.18051098
      113     0.00000183     0.81969694     0.18030123
      114     0.00000234     0.82005774     0.17993993
      115     0.00000177     0.82038531     0.17961292
      116     0.00000044     0.82042291     0.17957665
      117     0.00000046     0.81993021     0.18006932
      118     0.00000269     0.81878387     0.18121344
      119     0.00000480     0.81705353     0.18294167
      120     0.00000417     0.81502113     0.18497470
