#     Density Matrix: population Re; see the manual for detail orders
        0     0.00000000     0.00000000     1.00000000
        1     0.00000000     0.00000071     0.99999929
        2     0.00000000     0.00000567     0.99999433
        3     0.00000000     0.00001140     0.99998860
        4     0.00000002     0.00001254     0.99998744
        5     0.00000003     0.00000969     0.99999027
        6     0.00000007     0.00001011     0.99998982
        7     0.00000010     0.00002275     0.99997716
        8     0.00000014     0.00005476     0.99994510
        9     0.00000017     0.00011654     0.99988329
       10     0.00000020     0.00024052     0.99975928
       11     0.00000023     0.00052478     0.99947499
       12     0.00000026     0.00125007     0.99874967
       13     0.00000028     0.00327694     0.99672278
       14     0.00000030     0.00963507     0.99036463
       15     0.00000031     0.03265769     0.96734200
       16     0.00000018     0.54652075     0.45347907
       17     0.00000007     0.83958008     0.16041984
       18     0.00000024     0.38463340     0.61536636
       19     0.00000069     0.14556333     0.85443598
       20     0.00000013     0.07676167     0.92323820
       21     0.00000044     0.04807699     0.95192257
       22     0.00000038     0.03907440     0.96092522
       23     0.00000031     0.03900212     0.96099758
       24     0.00000043     0.04235861     0.95764096
       25     0.00000038     0.04642349     0.95357614
       26     0.00000040     0.04997831     0.95002129
       27     0.00000044     0.05258674     0.94741282
       28     0.00000041     0.05420143     0.94579816
       29     0.00000043     0.05495558     0.94504399
       30     0.00000045     0.05504948     0.94495007
       31     0.00000044     0.05467808     0.94532148
       32     0.00000044     0.05400785     0.94599171
       33     0.00000046     0.05317110     0.94682844
       34     0.00000048     0.05225723     0.94774229
       35     0.00000048     0.05131244     0.94868708
       36     0.00000048     0.05035876     0.94964076
       37     0.00000049     0.04938320     0.95061631
       38     0.00000049     0.04837767     0.95162184
       39     0.00000049     0.04740695     0.95259256
       40     0.00000049     0.04729517     0.95270434
       41     0.00000048     0.06237961     0.93761991
       42     0.00000036     0.36704895     0.63295070
       43     0.00000015     0.79933664     0.20066322
       44     0.00000061     0.86959450     0.13040489
       45     0.00000078     0.88523617     0.11476305
       46     0.00000035     0.89258770     0.10741195
       47     0.00000031     0.89728877     0.10271092
       48     0.00000068     0.90080592     0.09919339
       49     0.00000066     0.90364774     0.09635160
       50     0.00000037     0.90599304     0.09400659
       51     0.00000047     0.90790267     0.09209686
       52     0.00000077     0.90938039     0.09061884
       53     0.00000072     0.91042588     0.08957340
       54     0.00000055     0.91104330     0.08895615
       55     0.00000071     0.91126023     0.08873906
       56     0.00000099     0.91113969     0.08885932
       57     0.00000097     0.91076961     0.08922942
       58     0.00000087     0.91027905     0.08972007
       59     0.00000107     0.90979680     0.09020213
       60     0.00000135     0.90945294     0.09054571
       61     0.00000134     0.90939967     0.09059898
       62     0.00000127     0.90972499     0.09027374
       63     0.00000144     0.91047883     0.08951973
       64     0.00000167     0.91166178     0.08833655
       65     0.00000167     0.91322660     0.08677173
       66     0.00000155     0.91507258     0.08492587
       67     0.00000158     0.91707517     0.08292326
       68     0.00000168     0.91912278     0.08087554
       69     0.00000164     0.92112660     0.07887176
       70     0.00000149     0.92304493     0.07695358
       71     0.00000139     0.92491116     0.07508744
       72     0.00000141     0.92681522     0.07318338
       73     0.00000142     0.92887975     0.07111883
       74     0.00000140     0.93123695     0.06876165
       75     0.00000141     0.93397762     0.06602097
       76     0.00000156     0.93710830     0.06289014
       77     0.00000185     0.94051850     0.05947965
       78     0.00000223     0.94397959     0.05601818
       79     0.00000262     0.94717518     0.05282220
       80     0.00000304     0.94971113     0.05028583
       81     0.00000358     0.95124506     0.04875136
       82     0.00000421     0.95156027     0.04843552
       83     0.00000470     0.95065123     0.04934407
       84     0.00000498     0.94878624     0.05120878
       85     0.00000512     0.94646660     0.05352828
       86     0.00000518     0.94442195     0.05557287
       87     0.00000506     0.94347641     0.05651853
       88     0.00000470     0.94433024     0.05566506
       89     0.00000424     0.94742789     0.05256787
       90     0.00000383     0.95279472     0.04720145
       91     0.00000355     0.95995855     0.04003790
       92     0.00000348     0.96800859     0.03198793
       93     0.00000363     0.97577968     0.02421669
       94     0.00000410     0.98213642     0.01785948
       95     0.00000492     0.98623030     0.01376477
       96     0.00000585     0.98776227     0.01223188
       97     0.00000668     0.98708453     0.01290879
       98     0.00000736     0.98508847     0.01490418
       99     0.00000786     0.98297587     0.01701627
      100     0.00000789     0.98187762     0.01811449
      101     0.00000768     0.98250788     0.01748445
      102     0.00000739     0.98494976     0.01504286
      103     0.00000720     0.98863606     0.01135673
      104     0.00000733     0.99257797     0.00741470
      105     0.00000786     0.99575200     0.00424014
      106     0.00000874     0.99749259     0.00249868
      107     0.00000973     0.99773170     0.00225857
      108     0.00001056     0.99697873     0.00301071
      109     0.00001105     0.99605263     0.00393632
      110     0.00001121     0.99568477     0.00430403
      111     0.00001115     0.99619164     0.00379721
      112     0.00001107     0.99737352     0.00261541
      113     0.00001134     0.99868509     0.00130357
      114     0.00001210     0.99957512     0.00041277
      115     0.00001319     0.99979576     0.00019104
      116     0.00001430     0.99950342     0.00048228
      117     0.00001520     0.99910496     0.00087984
      118     0.00001596     0.99896742     0.00101661
      119     0.00001683     0.99919179     0.00079138
      120     0.00001809     0.99959839     0.00038352
