#     Density Matrix: population Re; see the manual for detail orders
        0     0.00000000     0.00000000     1.00000000
        1     0.00000001     0.00000937     0.99999062
        2     0.00000001     0.00009626     0.99990373
        3     0.00000001     0.00029516     0.99970483
        4     0.00000002     0.00057549     0.99942449
        5     0.00000004     0.00087847     0.99912149
        6     0.00000005     0.00123093     0.99876901
        7     0.00000012     0.00194196     0.99805793
        8     0.00000011     0.00393043     0.99606946
        9     0.00000022     0.00944773     0.99055205
       10     0.00000016     0.02408033     0.97591951
       11     0.00000031     0.06208268     0.93791701
       12     0.00000018     0.15221380     0.84778602
       13     0.00000027     0.29979935     0.70020037
       14     0.00000013     0.40281419     0.59718569
       15     0.00000029     0.38707011     0.61292960
       16     0.00000028     0.31690597     0.68309375
       17     0.00000038     0.24975177     0.75024785
       18     0.00000048     0.20229296     0.79770656
       19     0.00000034     0.17630266     0.82369700
       20     0.00000048     0.16967296     0.83032656
       21     0.00000035     0.17973894     0.82026072
       22     0.00000040     0.20474093     0.79525868
       23     0.00000050     0.24466608     0.75533342
       24     0.00000028     0.30174614     0.69825358
       25     0.00000038     0.38051805     0.61948157
       26     0.00000038     0.48632605     0.51367357
       27     0.00000016     0.61893407     0.38106577
       28     0.00000019     0.76029602     0.23970379
       29     0.00000013     0.87570071     0.12429916
       30     0.00000002     0.94532785     0.05467213
       31     0.00000003     0.97837759     0.02162238
       32     0.00000005     0.99193423     0.00806572
       33     0.00000002     0.99218983     0.00781016
       34     0.00000001     0.99221213     0.00778786
       35     0.00000001     0.99201926     0.00798074
       36     0.00000000     0.99168329     0.00831671
       37     0.00000000     0.99129456     0.00870544
       38     0.00000000     0.99096033     0.00903967
       39     0.00000000     0.99078384     0.00921616
       40     0.00000000     0.99083027     0.00916973
       41     0.00000000     0.99110430     0.00889570
       42     0.00000000     0.99155584     0.00844415
       43     0.00000000     0.99210906     0.00789094
       44     0.00000000     0.99269422     0.00730578
       45     0.00000000     0.99326613     0.00673387
       46     0.00000000     0.99380777     0.00619223
       47     0.00000000     0.99432487     0.00567513
       48     0.00000000     0.99483795     0.00516205
       49     0.00000000     0.99537409     0.00462591
       50     0.00000000     0.99595831     0.00404169
       51     0.00000000     0.99659123     0.00340876
       52     0.00000000     0.99727594     0.00272406
       53     0.00000001     0.99795225     0.00204774
       54     0.00000002     0.99846112     0.00153886
       55     0.00000001     0.99852953     0.00147046
       56     0.00000001     0.99767259     0.00232741
       57     0.00000001     0.99506949     0.00493050
       58     0.00000002     0.98933678     0.01066321
       59     0.00000001     0.97808352     0.02191647
       60     0.00000000     0.95694992     0.04305007
       61     0.00000001     0.91741727     0.08258272
       62     0.00000005     0.84245507     0.15754488
       63     0.00000012     0.70837888     0.29162100
       64     0.00000022     0.55224611     0.44775367
       65     0.00000036     0.53494861     0.46505103
       66     0.00000034     0.66611149     0.33388818
       67     0.00000011     0.80218411     0.19781577
       68     0.00000005     0.89162272     0.10837723
       69     0.00000009     0.94049331     0.05950660
       70     0.00000001     0.96122429     0.03877570
       71     0.00000002     0.96419401     0.03580597
       72     0.00000003     0.95828709     0.04171288
       73     0.00000000     0.95089851     0.04910148
       74     0.00000006     0.94687692     0.05312301
       75     0.00000002     0.94781095     0.05218903
       76     0.00000001     0.95252283     0.04747716
       77     0.00000004     0.95845755     0.04154241
       78     0.00000000     0.96321836     0.03678164
       79     0.00000004     0.96564908     0.03435087
       80     0.00000001     0.96613027     0.03386972
       81     0.00000002     0.96601132     0.03398865
       82     0.00000005     0.96654833     0.03345163
       83     0.00000000     0.96810239     0.03189761
       84     0.00000001     0.97014556     0.02985443
       85     0.00000001     0.97193115     0.02806885
       86     0.00000005     0.97316343     0.02683652
       87     0.00000002     0.97409157     0.02590841
       88     0.00000003     0.97505076     0.02494921
       89     0.00000007     0.97602971     0.02397023
       90     0.00000003     0.97676926     0.02323071
       91     0.00000000     0.97723858     0.02276142
       92     0.00000006     0.97784069     0.02215925
       93     0.00000014     0.97898789     0.02101197
       94     0.00000007     0.98049291     0.01950703
       95     0.00000006     0.98157231     0.01842763
       96     0.00000016     0.98163213     0.01836771
       97     0.00000015     0.98105562     0.01894423
       98     0.00000008     0.98101819     0.01898173
       99     0.00000019     0.98232870     0.01767111
      100     0.00000031     0.98447415     0.01552554
      101     0.00000019     0.98595338     0.01404643
      102     0.00000015     0.98568469     0.01431515
      103     0.00000032     0.98418217     0.01581752
      104     0.00000035     0.98325097     0.01674868
      105     0.00000021     0.98432540     0.01567439
      106     0.00000028     0.98707291     0.01292681
      107     0.00000045     0.98961186     0.01038769
      108     0.00000000     1.00000000     0.00000000
      109     0.00000074     0.99983245     0.00016681
      110     0.00000132     0.99943094     0.00056774
      111     0.00000047     0.99907728     0.00092225
      112     0.00000005     0.99903163     0.00096831
      113     0.00000098     0.99932753     0.00067149
      114     0.00000124     0.99974097     0.00025779
      115     0.00000029     0.99995293     0.00004678
      116     0.00000013     0.99978378     0.00021609
      117     0.00000103     0.99932542     0.00067355
      118     0.00000110     0.99887378     0.00112511
      119     0.00000022     0.99871850     0.00128129
      120     0.00000015     0.99894978     0.00105007
