#     Density Matrix: population Re; see the manual for detail orders
        0     0.00000000     0.00000000     1.00000000
        1     0.00000001     0.00000143     0.99999856
        2     0.00000001     0.00000671     0.99999327
        3     0.00000001     0.00000727     0.99999272
        4     0.00000005     0.00001668     0.99998327
        5     0.00000006     0.00005613     0.99994381
        6     0.00000015     0.00012871     0.99987113
        7     0.00000017     0.00021575     0.99978408
        8     0.00000029     0.00031086     0.99968885
        9     0.00000031     0.00049672     0.99950297
       10     0.00000042     0.00110808     0.99889150
       11     0.00000048     0.00326195     0.99673757
       12     0.00000050     0.01152198     0.98847752
       13     0.00000062     0.05411530     0.94588408
       14     0.00000039     0.34907891     0.65092071
       15     0.00000028     0.71464888     0.28535084
       16     0.00000095     0.35930156     0.64069749
       17     0.00000174     0.25721813     0.74278013
       18     0.00000014     0.22479865     0.77520121
       19     0.00000203     0.20591851     0.79407946
       20     0.00000064     0.19712206     0.80287730
       21     0.00000086     0.19548572     0.80451342
       22     0.00000198     0.19877276     0.80122526
       23     0.00000015     0.20541040     0.79458945
       24     0.00000165     0.21438142     0.78561693
       25     0.00000172     0.22517603     0.77482224
       26     0.00000014     0.23761267     0.76238719
       27     0.00000197     0.25169300     0.74830503
       28     0.00000135     0.26771937     0.73227927
       29     0.00000022     0.28615383     0.71384595
       30     0.00000198     0.30752550     0.69247252
       31     0.00000125     0.33237842     0.66762033
       32     0.00000024     0.36121228     0.63878748
       33     0.00000176     0.39420525     0.60579299
       34     0.00000133     0.43099486     0.56900381
       35     0.00000025     0.47203736     0.52796239
       36     0.00000136     0.50487228     0.49512636
       37     0.00000146     0.52704514     0.47295340
       38     0.00000037     0.53705081     0.46294883
       39     0.00000095     0.53467152     0.46532753
       40     0.00000157     0.52363211     0.47636632
       41     0.00000067     0.61363768     0.38636165
       42     0.00000132     0.58150610     0.41849257
       43     0.00000225     0.51586515     0.48413260
       44     0.00000159     0.45020405     0.54979436
       45     0.00000111     0.38507441     0.61492448
       46     0.00000162     0.32480306     0.67519532
       47     0.00000178     0.27268850     0.72730972
       48     0.00000147     0.23386068     0.76613784
       49     0.00000144     0.29949208     0.70050648
       50     0.00000151     0.62072906     0.37926942
       51     0.00000159     0.75782400     0.24217441
       52     0.00000135     0.77849584     0.22150282
       53     0.00000121     0.78669079     0.21330800
       54     0.00000170     0.79221850     0.20777979
       55     0.00000170     0.79770358     0.20229472
       56     0.00000101     0.80470183     0.19529716
       57     0.00000146     0.81452696     0.18547158
       58     0.00000211     0.82572467     0.17427323
       59     0.00000114     0.83748891     0.16250995
       60     0.00000112     0.84906708     0.15093180
       61     0.00000220     0.85992445     0.14007335
       62     0.00000138     0.86985462     0.13014400
       63     0.00000099     0.87904455     0.12095446
       64     0.00000206     0.88814548     0.11185246
       65     0.00000145     0.89837484     0.10162372
       66     0.00000106     0.91169890     0.08830004
       67     0.00000189     0.93115585     0.06884226
       68     0.00000146     0.96089490     0.03910365
       69     0.00000000     1.00000000     0.00000000
       70     0.00000003     0.75774055     0.24225942
       71     0.00000084     0.14048813     0.85951103
       72     0.00000128     0.35571241     0.64428631
       73     0.00000003     0.57151940     0.42848057
       74     0.00000073     0.65343895     0.34656032
       75     0.00000036     0.67494640     0.32505324
       76     0.00000032     0.67486496     0.32513472
       77     0.00000075     0.67609357     0.32390568
       78     0.00000005     0.69005803     0.30994192
       79     0.00000077     0.71787612     0.28212311
       80     0.00000013     0.75344107     0.24655879
       81     0.00000052     0.78870508     0.21129440
       82     0.00000030     0.81840777     0.18159193
       83     0.00000033     0.84165878     0.15834089
       84     0.00000041     0.86043340     0.13956619
       85     0.00000022     0.87698417     0.12301561
       86     0.00000045     0.89219382     0.10780573
       87     0.00000021     0.90565251     0.09434729
       88     0.00000039     0.91675535     0.08324426
       89     0.00000022     0.92555514     0.07444464
       90     0.00000045     0.93269490     0.06730465
       91     0.00000018     0.93875706     0.06124276
       92     0.00000039     0.94387139     0.05612823
       93     0.00000030     0.94798118     0.05201852
       94     0.00000028     0.95132256     0.04867717
       95     0.00000027     0.95441693     0.04558281
       96     0.00000046     0.95752150     0.04247804
       97     0.00000018     0.96025966     0.03974016
       98     0.00000032     0.96203319     0.03796649
       99     0.00000045     0.96286393     0.03713562
      100     0.00000019     0.96362511     0.03637470
      101     0.00000031     0.96519177     0.03480792
      102     0.00000052     0.96738018     0.03261930
      103     0.00000017     0.96898239     0.03101743
      104     0.00000031     0.96907520     0.03092449
      105     0.00000061     0.96824323     0.03175617
      106     0.00000014     0.96819186     0.03180800
      107     0.00000031     0.96993807     0.03006161
      108     0.00000063     0.97252583     0.02747354
      109     0.00000019     0.97382279     0.02617703
      110     0.00000028     0.97275696     0.02724276
      111     0.00000079     0.97069319     0.02930602
      112     0.00000017     0.97030462     0.02969520
      113     0.00000024     0.97288727     0.02711249
      114     0.00000075     0.97686993     0.02312932
      115     0.00000035     0.97909236     0.02090729
      116     0.00000012     0.97771065     0.02228923
      117     0.00000090     0.97411627     0.02588283
      118     0.00000044     0.97196152     0.02803804
      119     0.00000006     0.97394032     0.02605962
      120     0.00000071     0.97936953     0.02062975
