#     Density Matrix: population Re; see the manual for detail orders
        0     0.00000000     0.00000000     1.00000000
        1     0.00000001     0.00000039     0.99999960
        2     0.00000002     0.00000137     0.99999861
        3     0.00000008     0.00000276     0.99999716
        4     0.00000012     0.00002267     0.99997721
        5     0.00000026     0.00008924     0.99991049
        6     0.00000034     0.00022466     0.99977500
        7     0.00000054     0.00047379     0.99952567
        8     0.00000060     0.00102926     0.99897014
        9     0.00000079     0.00257690     0.99742232
       10     0.00000079     0.00750202     0.99249720
       11     0.00000090     0.02548228     0.97451682
       12     0.00000077     0.10331976     0.89667947
       13     0.00000055     0.37569466     0.62430478
       14     0.00000037     0.61665355     0.38334608
       15     0.00000088     0.46023394     0.53976518
       16     0.00000162     0.33987603     0.66012236
       17     0.00000062     0.28645898     0.71354040
       18     0.00000012     0.26381015     0.73618972
       19     0.00000110     0.24870388     0.75129502
       20     0.00000022     0.23982582     0.76017397
       21     0.00000047     0.23558726     0.76441228
       22     0.00000107     0.23446912     0.76552981
       23     0.00000004     0.23519324     0.76480672
       24     0.00000075     0.23677005     0.76322920
       25     0.00000095     0.23848111     0.76151794
       26     0.00000000     0.23983191     0.76016808
       27     0.00000086     0.24049290     0.75950624
       28     0.00000088     0.24024521     0.75975391
       29     0.00000000     0.23893524     0.76106476
       30     0.00000081     0.23643707     0.76356212
       31     0.00000092     0.23262518     0.76737390
       32     0.00000002     0.22733136     0.77266862
       33     0.00000065     0.22032303     0.77967632
       34     0.00000099     0.21128668     0.78871233
       35     0.00000010     0.19971561     0.80028429
       36     0.00000039     0.18486885     0.81513076
       37     0.00000106     0.16571425     0.83428469
       38     0.00000034     0.14095081     0.85904884
       39     0.00000012     0.11016796     0.88983192
       40     0.00000101     0.08091927     0.91907972
       41     0.00000077     0.09310490     0.90689433
       42     0.00000001     0.20943600     0.79056399
       43     0.00000080     0.39996185     0.60003735
       44     0.00000137     0.55881661     0.44118202
       45     0.00000031     0.64764186     0.35235783
       46     0.00000028     0.69427071     0.30572901
       47     0.00000154     0.72065418     0.27934428
       48     0.00000109     0.73686696     0.26313195
       49     0.00000002     0.74747195     0.25252803
       50     0.00000110     0.75471202     0.24528688
       51     0.00000202     0.75979587     0.24020211
       52     0.00000067     0.76341514     0.23658419
       53     0.00000035     0.76598865     0.23401099
       54     0.00000208     0.76778343     0.23221449
       55     0.00000205     0.76898065     0.23101731
       56     0.00000041     0.76980025     0.23019934
       57     0.00000126     0.77021629     0.22978245
       58     0.00000316     0.77021983     0.22977701
       59     0.00000198     0.76996901     0.23002901
       60     0.00000050     0.76950811     0.23049138
       61     0.00000235     0.76884754     0.23115011
       62     0.00000367     0.76803386     0.23196247
       63     0.00000162     0.76714757     0.23285081
       64     0.00000080     0.76619814     0.23380106
       65     0.00000305     0.76528580     0.23471116
       66     0.00000344     0.76456909     0.23542746
       67     0.00000111     0.76422042     0.23577847
       68     0.00000080     0.76444395     0.23555524
       69     0.00000269     0.76548333     0.23451397
       70     0.00000259     0.76762060     0.23237681
       71     0.00000067     0.77117533     0.22882400
       72     0.00000029     0.77636050     0.22363921
       73     0.00000150     0.78319447     0.21680403
       74     0.00000208     0.79157912     0.20841880
       75     0.00000128     0.80125340     0.19874531
       76     0.00000028     0.81150493     0.18849480
       77     0.00000117     0.82131327     0.17868556
       78     0.00000388     0.82942853     0.17056759
       79     0.00000469     0.83439221     0.16560310
       80     0.00000273     0.83492320     0.16507407
       81     0.00000334     0.83011186     0.16988480
       82     0.00000796     0.81966454     0.18032750
       83     0.00000957     0.80431562     0.19567480
       84     0.00000592     0.78593738     0.21405670
       85     0.00000457     0.76715210     0.23284333
       86     0.00000790     0.75130537     0.24868673
       87     0.00000851     0.74177254     0.25821895
       88     0.00000429     0.74088409     0.25911162
       89     0.00000126     0.74927727     0.25072147
       90     0.00000155     0.76539575     0.23460269
       91     0.00000306     0.78550570     0.21449124
       92     0.00000475     0.80440617     0.19558908
       93     0.00000488     0.81678622     0.18320890
       94     0.00000356     0.81894037     0.18105607
       95     0.00000574     0.81026036     0.18973389
       96     0.00001069     0.79382339     0.20616591
       97     0.00001069     0.77571111     0.22427820
       98     0.00000568     0.76291469     0.23707963
       99     0.00000252     0.76049803     0.23949945
      100     0.00000293     0.76918873     0.23080834
      101     0.00000440     0.78469928     0.21529632
      102     0.00000661     0.79935289     0.20064049
      103     0.00000738     0.80578047     0.19421215
      104     0.00000577     0.80096805     0.19902618
      105     0.00000668     0.78816647     0.21182685
      106     0.00001042     0.77538733     0.22460225
      107     0.00001026     0.77062127     0.22936847
      108     0.00000621     0.77657196     0.22342183
      109     0.00000358     0.78853894     0.21145748
      110     0.00000411     0.79753112     0.20246477
      111     0.00000936     0.79693502     0.20305561
      112     0.00001669     0.78786244     0.21212087
      113     0.00001683     0.77843425     0.22154891
      114     0.00001052     0.77686025     0.22312923
      115     0.00000656     0.78400817     0.21598527
      116     0.00000871     0.79246147     0.20752982
      117     0.00001814     0.79383033     0.20615153
      118     0.00002914     0.78730836     0.21266250
      119     0.00003067     0.78052010     0.21944922
      120     0.00002439     0.78095877     0.21901685
