#     Density Matrix: population Re; see the manual for detail orders
        0     0.00000000     0.00000000     1.00000000
        1     0.00000004     0.00000376     0.99999620
        2     0.00000005     0.00002663     0.99997333
        3     0.00000015     0.00004723     0.99995263
        4     0.00000014     0.00004630     0.99995355
        5     0.00000034     0.00002542     0.99997423
        6     0.00000031     0.00000389     0.99999580
        7     0.00000056     0.00000936     0.99999008
        8     0.00000048     0.00007143     0.99992809
        9     0.00000072     0.00022858     0.99977070
       10     0.00000071     0.00059773     0.99940155
       11     0.00000078     0.00189896     0.99810026
       12     0.00000080     0.01393907     0.98606013
       13     0.00000106     0.13448698     0.86551196
       14     0.00000120     0.29213827     0.70786054
       15     0.00000213     0.11379973     0.88619814
       16     0.00000006     0.11487129     0.88512865
       17     0.00000130     0.12038165     0.87961705
       18     0.00000064     0.12589752     0.87410184
       19     0.00000051     0.13041893     0.86958055
       20     0.00000162     0.13392219     0.86607619
       21     0.00000018     0.13664541     0.86335442
       22     0.00000064     0.13895536     0.86104399
       23     0.00000117     0.14119926     0.85879957
       24     0.00000005     0.14362727     0.85637269
       25     0.00000074     0.14648516     0.85351411
       26     0.00000087     0.14997960     0.85001953
       27     0.00000004     0.15430293     0.84569703
       28     0.00000127     0.15966079     0.84033794
       29     0.00000068     0.16648288     0.83351644
       30     0.00000017     0.17544761     0.82455222
       31     0.00000181     0.18744168     0.81255651
       32     0.00000198     0.20557568     0.79442234
       33     0.00000009     0.24203070     0.75796921
       34     0.00000104     0.36555900     0.63443996
       35     0.00000198     0.70562075     0.29437727
       36     0.00000045     0.91360678     0.08639277
       37     0.00000030     0.92236779     0.07763191
       38     0.00000175     0.91751950     0.08247875
       39     0.00000116     0.91451251     0.08548633
       40     0.00000000     0.91301055     0.08698945
       41     0.00000106     0.91247297     0.08752597
       42     0.00000174     0.91265145     0.08734680
       43     0.00000045     0.91351026     0.08648928
       44     0.00000008     0.91523659     0.08476333
       45     0.00000075     0.91754046     0.08245879
       46     0.00000077     0.92031176     0.07968747
       47     0.00000011     0.92342896     0.07657093
       48     0.00000018     0.92678857     0.07321125
       49     0.00000079     0.93029091     0.06970830
       50     0.00000062     0.93383934     0.06616004
       51     0.00000004     0.93736186     0.06263810
       52     0.00000032     0.94080481     0.05919487
       53     0.00000091     0.94413324     0.05586585
       54     0.00000059     0.94732668     0.05267272
       55     0.00000003     0.95037330     0.04962667
       56     0.00000043     0.95326791     0.04673166
       57     0.00000092     0.95599264     0.04400643
       58     0.00000042     0.95856302     0.04143656
       59     0.00000007     0.96101362     0.03898631
       60     0.00000058     0.96333189     0.03666752
       61     0.00000070     0.96552577     0.03447353
       62     0.00000021     0.96760850     0.03239128
       63     0.00000017     0.96957848     0.03042136
       64     0.00000093     0.97144474     0.02855432
       65     0.00000104     0.97321305     0.02678591
       66     0.00000033     0.97488832     0.02511135
       67     0.00000016     0.97646962     0.02353022
       68     0.00000098     0.97796443     0.02203459
       69     0.00000139     0.97936296     0.02063564
       70     0.00000071     0.98067140     0.01932789
       71     0.00000013     0.98189816     0.01810171
       72     0.00000072     0.98300785     0.01699143
       73     0.00000163     0.98401090     0.01598747
       74     0.00000140     0.98491599     0.01508261
       75     0.00000046     0.98571134     0.01428820
       76     0.00000079     0.98640447     0.01359475
       77     0.00000190     0.98700566     0.01299244
       78     0.00000231     0.98753170     0.01246599
       79     0.00000124     0.98799649     0.01200227
       80     0.00000041     0.98841162     0.01158797
       81     0.00000130     0.98879883     0.01119987
       82     0.00000273     0.98917441     0.01082286
       83     0.00000265     0.98955316     0.01044419
       84     0.00000125     0.98994389     0.01005485
       85     0.00000000     1.00000000     0.00000000
       86     0.00000255     0.99999694     0.00000051
       87     0.00000667     0.99999135     0.00000198
       88     0.00000658     0.99998918     0.00000424
       89     0.00000245     0.99999093     0.00000662
       90     0.00000001     0.99999099     0.00000900
       91     0.00000268     0.99998594     0.00001138
       92     0.00000699     0.99997998     0.00001304
       93     0.00000731     0.99997882     0.00001387
       94     0.00000327     0.99998268     0.00001405
       95     0.00000011     0.99998628     0.00001361
       96     0.00000192     0.99998549     0.00001260
       97     0.00000654     0.99998238     0.00001108
       98     0.00000837     0.99998249     0.00000914
       99     0.00000525     0.99998847     0.00000628
      100     0.00000095     0.99999591     0.00000314
      101     0.00000055     0.99999815     0.00000130
      102     0.00000454     0.99999474     0.00000072
      103     0.00000832     0.99998997     0.00000171
      104     0.00000765     0.99998674     0.00000561
      105     0.00000337     0.99998395     0.00001268
      106     0.00000018     0.99997720     0.00002262
      107     0.00000173     0.99996398     0.00003429
      108     0.00000743     0.99994672     0.00004585
      109     0.00001133     0.99993213     0.00005654
      110     0.00000945     0.99992590     0.00006465
      111     0.00000384     0.99992812     0.00006804
      112     0.00000025     0.99993366     0.00006609
      113     0.00000113     0.99994003     0.00005884
      114     0.00000613     0.99994707     0.00004681
      115     0.00000968     0.99995641     0.00003391
      116     0.00000849     0.99996897     0.00002254
      117     0.00000448     0.99998175     0.00001377
      118     0.00000145     0.99998839     0.00001017
      119     0.00000180     0.99998089     0.00001731
      120     0.00000581     0.99995792     0.00003627
