#     Density Matrix: population Re; see the manual for detail orders
        0     0.00000000     0.00000000     1.00000000
        1     0.00000000     0.00000034     0.99999966
        2     0.00000001     0.00000373     0.99999626
        3     0.00000002     0.00001192     0.99998806
        4     0.00000004     0.00002298     0.99997697
        5     0.00000007     0.00003457     0.99996536
        6     0.00000010     0.00005089     0.99994901
        7     0.00000013     0.00008687     0.99991300
        8     0.00000017     0.00017062     0.99982921
        9     0.00000021     0.00035853     0.99964126
       10     0.00000024     0.00079904     0.99920072
       11     0.00000027     0.00197900     0.99802072
       12     0.00000031     0.00587171     0.99412798
       13     0.00000033     0.02339586     0.97660381
       14     0.00000033     0.13764667     0.86235300
       15     0.00000012     0.77802299     0.22197690
       16     0.00000001     0.77774942     0.22225057
       17     0.00000034     0.63742164     0.36257802
       18     0.00000038     0.65857395     0.34142567
       19     0.00000030     0.70172994     0.29826976
       20     0.00000028     0.74212424     0.25787548
       21     0.00000022     0.77529094     0.22470884
       22     0.00000016     0.80117359     0.19882625
       23     0.00000011     0.82072276     0.17927713
       24     0.00000007     0.83501504     0.16498489
       25     0.00000003     0.84506192     0.15493805
       26     0.00000002     0.85175003     0.14824996
       27     0.00000000     0.85582334     0.14417665
       28     0.00000000     0.85792855     0.14207145
       29     0.00000000     0.85862612     0.14137387
       30     0.00000001     0.85840079     0.14159919
       31     0.00000002     0.85803597     0.14196402
       32     0.00000004     0.85759753     0.14240242
       33     0.00000004     0.85756173     0.14243823
       34     0.00000004     0.85893252     0.14106744
       35     0.00000007     0.86234230     0.13765763
       36     0.00000004     0.86861374     0.13138622
       37     0.00000001     0.87849878     0.12150121
       38     0.00000003     0.89250081     0.10749916
       39     0.00000003     0.91064241     0.08935756
       40     0.00000001     0.93210796     0.06789203
       41     0.00000000     0.95484613     0.04515387
       42     0.00000001     0.97520258     0.02479741
       43     0.00000001     0.98781178     0.01218821
       44     0.00000000     0.98547486     0.01452514
       45     0.00000000     0.96128429     0.03871570
       46     0.00000001     0.91126411     0.08873589
       47     0.00000002     0.84011699     0.15988299
       48     0.00000007     0.76669439     0.23330555
       49     0.00000005     0.72080868     0.27919127
       50     0.00000004     0.72550810     0.27449186
       51     0.00000005     0.77867674     0.22132321
       52     0.00000004     0.85464743     0.14535253
       53     0.00000001     0.92435000     0.07564998
       54     0.00000000     0.97114522     0.02885478
       55     0.00000000     0.99277584     0.00722416
       56     0.00000000     0.99595604     0.00404396
       57     0.00000000     0.99013146     0.00986853
       58     0.00000002     0.98330518     0.01669480
       59     0.00000002     0.98007917     0.01992080
       60     0.00000000     0.98149980     0.01850019
       61     0.00000001     0.98609566     0.01390433
       62     0.00000001     0.99140112     0.00859887
       63     0.00000000     0.99536234     0.00463766
       64     0.00000000     0.99714791     0.00285209
       65     0.00000001     0.99714768     0.00285231
       66     0.00000002     0.99642489     0.00357508
       67     0.00000001     0.99597724     0.00402275
       68     0.00000001     0.99623791     0.00376208
       69     0.00000003     0.99701978     0.00298019
       70     0.00000002     0.99782690     0.00217308
       71     0.00000003     0.99828612     0.00171385
       72     0.00000006     0.99837287     0.00162708
       73     0.00000006     0.99831029     0.00168964
       74     0.00000006     0.99831126     0.00168868
       75     0.00000008     0.99840372     0.00159620
       76     0.00000012     0.99848294     0.00151693
       77     0.00000012     0.99849999     0.00149989
       78     0.00000014     0.99855427     0.00144559
       79     0.00000023     0.99875213     0.00124764
       80     0.00000027     0.99902215     0.00097758
       81     0.00000026     0.99914410     0.00085563
       82     0.00000033     0.99900272     0.00099694
       83     0.00000041     0.99874634     0.00125325
       84     0.00000043     0.99869607     0.00130350
       85     0.00000047     0.99901026     0.00098926
       86     0.00000058     0.99947303     0.00052640
       87     0.00000061     0.99968513     0.00031425
       88     0.00000062     0.99945811     0.00054127
       89     0.00000069     0.99903087     0.00096844
       90     0.00000080     0.99886162     0.00113757
       91     0.00000083     0.99915230     0.00084687
       92     0.00000084     0.99967192     0.00032724
       93     0.00000091     0.99997199     0.00002710
       94     0.00000097     0.99980984     0.00018919
       95     0.00000100     0.99937005     0.00062895
       96     0.00000103     0.99906157     0.00093740
       97     0.00000109     0.99914449     0.00085442
       98     0.00000113     0.99952636     0.00047251
       99     0.00000115     0.99988099     0.00011786
      100     0.00000115     0.99994475     0.00005410
      101     0.00000115     0.99971586     0.00028299
      102     0.00000116     0.99942244     0.00057641
      103     0.00000117     0.99930406     0.00069477
      104     0.00000122     0.99943006     0.00056872
      105     0.00000119     0.99968450     0.00031431
      106     0.00000120     0.99988544     0.00011336
      107     0.00000119     0.99992135     0.00007746
      108     0.00000122     0.99982637     0.00017241
      109     0.00000116     0.99971869     0.00028016
      110     0.00000118     0.99969368     0.00030514
      111     0.00000114     0.99976496     0.00023390
      112     0.00000107     0.99987794     0.00012099
      113     0.00000108     0.99996229     0.00003662
      114     0.00000113     0.99998564     0.00001322
      115     0.00000113     0.99996508     0.00003379
      116     0.00000113     0.99994066     0.00005821
      117     0.00000131     0.99993931     0.00005938
      118     0.00000138     0.99995940     0.00003921
      119     0.00000115     0.99998293     0.00001592
      120     0.00000101     0.99999560     0.00000339
