#     Density Matrix: population Re; see the manual for detail orders
        0     0.00000000     0.00000000     1.00000000
        1     0.00000000     0.00000897     0.99999103
        2     0.00000001     0.00006676     0.99993323
        3     0.00000002     0.00013156     0.99986842
        4     0.00000005     0.00015640     0.99984355
        5     0.00000008     0.00012826     0.99987166
        6     0.00000012     0.00007633     0.99992356
        7     0.00000016     0.00006923     0.99993061
        8     0.00000019     0.00022962     0.99977019
        9     0.00000023     0.00086671     0.99913306
       10     0.00000026     0.00340115     0.99659859
       11     0.00000029     0.02183831     0.97816140
       12     0.00000011     0.72353476     0.27646513
       13     0.00000004     0.44498591     0.55501406
       14     0.00000106     0.04471728     0.95528166
       15     0.00000018     0.02152470     0.97847512
       16     0.00000045     0.01373602     0.98626353
       17     0.00000041     0.01112661     0.98887297
       18     0.00000031     0.01035217     0.98964752
       19     0.00000040     0.01015006     0.98984954
       20     0.00000032     0.01003489     0.98996478
       21     0.00000033     0.00983978     0.99015989
       22     0.00000035     0.00953365     0.99046600
       23     0.00000032     0.00913741     0.99086227
       24     0.00000032     0.00868892     0.99131076
       25     0.00000031     0.00823164     0.99176805
       26     0.00000029     0.00780207     0.99219764
       27     0.00000029     0.00743192     0.99256779
       28     0.00000027     0.00714566     0.99285407
       29     0.00000026     0.00696386     0.99303588
       30     0.00000025     0.00690527     0.99309448
       31     0.00000024     0.00699448     0.99300528
       32     0.00000023     0.00726971     0.99273006
       33     0.00000022     0.00780659     0.99219319
       34     0.00000022     0.00877390     0.99122589
       35     0.00000021     0.01061763     0.98938216
       36     0.00000021     0.01494830     0.98505149
       37     0.00000022     0.03379968     0.96620010
       38     0.00000016     0.38619077     0.61380907
       39     0.00000019     0.88573065     0.11426917
       40     0.00000031     0.95724566     0.04275403
       41     0.00000026     0.96699880     0.03300095
       42     0.00000019     0.97035882     0.02964100
       43     0.00000027     0.97174390     0.02825583
       44     0.00000032     0.97222754     0.02777214
       45     0.00000026     0.97220611     0.02779363
       46     0.00000025     0.97186887     0.02813088
       47     0.00000033     0.97133018     0.02866949
       48     0.00000035     0.97067656     0.02932308
       49     0.00000031     0.96998081     0.03001888
       50     0.00000034     0.96931482     0.03068484
       51     0.00000041     0.96874264     0.03125696
       52     0.00000042     0.96832705     0.03167253
       53     0.00000040     0.96812007     0.03187953
       54     0.00000043     0.96815996     0.03183961
       55     0.00000049     0.96846661     0.03153290
       56     0.00000051     0.96903661     0.03096288
       57     0.00000050     0.96984487     0.03015463
       58     0.00000053     0.97084258     0.02915689
       59     0.00000059     0.97196207     0.02803734
       60     0.00000062     0.97312613     0.02687324
       61     0.00000063     0.97425706     0.02574231
       62     0.00000066     0.97528845     0.02471089
       63     0.00000073     0.97617291     0.02382636
       64     0.00000079     0.97689173     0.02310748
       65     0.00000082     0.97745699     0.02254218
       66     0.00000087     0.97790766     0.02209147
       67     0.00000097     0.97829964     0.02169940
       68     0.00000107     0.97869664     0.02130228
       69     0.00000116     0.97915518     0.02084366
       70     0.00000125     0.97971269     0.02028606
       71     0.00000137     0.98037923     0.01961940
       72     0.00000151     0.98113858     0.01885991
       73     0.00000165     0.98194760     0.01805075
       74     0.00000177     0.98275015     0.01724809
       75     0.00000188     0.98348942     0.01650870
       76     0.00000200     0.98412077     0.01587723
       77     0.00000212     0.98462479     0.01537309
       78     0.00000222     0.98501283     0.01498495
       79     0.00000228     0.98532986     0.01466786
       80     0.00000235     0.98564668     0.01435097
       81     0.00000242     0.98604628     0.01395130
       82     0.00000249     0.98660633     0.01339118
       83     0.00000256     0.98738017     0.01261727
       84     0.00000262     0.98837927     0.01161811
       85     0.00000271     0.98956355     0.01043374
       86     0.00000283     0.99084182     0.00915535
       87     0.00000299     0.99208241     0.00791460
       88     0.00000316     0.99313380     0.00686304
       89     0.00000335     0.99385566     0.00614098
       90     0.00000356     0.99414549     0.00585094
       91     0.00000379     0.99396659     0.00602962
       92     0.00000402     0.99336005     0.00663594
       93     0.00000422     0.99244549     0.00755029
       94     0.00000438     0.99140300     0.00859262
       95     0.00000449     0.99044184     0.00955368
       96     0.00000454     0.98976167     0.01023379
       97     0.00000455     0.98951193     0.01048352
       98     0.00000453     0.98976086     0.01023462
       99     0.00000448     0.99048250     0.00951302
      100     0.00000443     0.99156297     0.00843260
      101     0.00000442     0.99282729     0.00716828
      102     0.00000449     0.99408070     0.00591481
      103     0.00000463     0.99515100     0.00484437
      104     0.00000485     0.99592389     0.00407126
      105     0.00000512     0.99635979     0.00363509
      106     0.00000539     0.99648982     0.00350479
      107     0.00000561     0.99639679     0.00359760
      108     0.00000575     0.99618692     0.00380733
      109     0.00000576     0.99596496     0.00402927
      110     0.00000564     0.99581724     0.00417712
      111     0.00000540     0.99580461     0.00418999
      112     0.00000507     0.99596099     0.00403394
      113     0.00000473     0.99629296     0.00370231
      114     0.00000444     0.99677570     0.00321986
      115     0.00000424     0.99734886     0.00264689
      116     0.00000417     0.99791774     0.00207809
      117     0.00000419     0.99836813     0.00162767
      118     0.00000427     0.99859603     0.00139970
      119     0.00000435     0.99854594     0.00144971
      120     0.00000436     0.99824311     0.00175253
