#     Density Matrix: population Re; see the manual for detail orders
        0     0.00000000     0.00000000     1.00000000
        1     0.00000001     0.00003300     0.99996698
        2     0.00000003     0.00028305     0.99971692
        3     0.00000006     0.00068543     0.99931451
        4     0.00000009     0.00104293     0.99895698
        5     0.00000011     0.00120946     0.99879042
        6     0.00000015     0.00127070     0.99872915
        7     0.00000016     0.00163906     0.99836078
        8     0.00000019     0.00306704     0.99693277
        9     0.00000020     0.00678558     0.99321421
       10     0.00000022     0.01517994     0.98481984
       11     0.00000023     0.03350355     0.96649622
       12     0.00000023     0.07160956     0.92839021
       13     0.00000022     0.13595335     0.86404643
       14     0.00000013     0.55731279     0.44268708
       15     0.00000012     0.73134818     0.26865171
       16     0.00000033     0.70971588     0.29028379
       17     0.00000058     0.68251469     0.31748473
       18     0.00000065     0.68153966     0.31845969
       19     0.00000062     0.69639462     0.30360476
       20     0.00000055     0.71809108     0.28190837
       21     0.00000047     0.74135105     0.25864848
       22     0.00000033     0.76309421     0.23690546
       23     0.00000022     0.78170947     0.21829031
       24     0.00000020     0.79643535     0.20356445
       25     0.00000015     0.80714989     0.19284996
       26     0.00000010     0.81422018     0.18577972
       27     0.00000009     0.81822111     0.18177880
       28     0.00000011     0.82001309     0.17998680
       29     0.00000013     0.82051141     0.17948847
       30     0.00000013     0.82069576     0.17930411
       31     0.00000015     0.82167699     0.17832286
       32     0.00000019     0.82462061     0.17537920
       33     0.00000020     0.83076762     0.16923218
       34     0.00000020     0.84127213     0.15872768
       35     0.00000021     0.85703776     0.14296203
       36     0.00000021     0.87844356     0.12155623
       37     0.00000022     0.90492250     0.09507728
       38     0.00000021     0.93456380     0.06543599
       39     0.00000017     0.96373397     0.03626586
       40     0.00000018     0.98704626     0.01295355
       41     0.00000018     0.99804917     0.00195065
       42     0.00000015     0.99116973     0.00883011
       43     0.00000014     0.96468664     0.03531321
       44     0.00000016     0.92356244     0.07643740
       45     0.00000013     0.87978145     0.12021842
       46     0.00000011     0.84841661     0.15158329
       47     0.00000011     0.84081313     0.15918676
       48     0.00000008     0.85896927     0.14103065
       49     0.00000004     0.89506394     0.10493602
       50     0.00000003     0.93604298     0.06395699
       51     0.00000003     0.96999842     0.03000156
       52     0.00000002     0.99055045     0.00944953
       53     0.00000002     0.99758073     0.00241925
       54     0.00000003     0.99531075     0.00468922
       55     0.00000003     0.98946204     0.01053793
       56     0.00000003     0.98481020     0.01518978
       57     0.00000002     0.98382655     0.01617343
       58     0.00000001     0.98648314     0.01351685
       59     0.00000001     0.99102884     0.00897116
       60     0.00000000     0.99525607     0.00474393
       61     0.00000000     0.99767760     0.00232240
       62     0.00000001     0.99808431     0.00191568
       63     0.00000002     0.99732761     0.00267237
       64     0.00000002     0.99657124     0.00342873
       65     0.00000002     0.99654000     0.00345997
       66     0.00000004     0.99721829     0.00278168
       67     0.00000004     0.99809935     0.00190061
       68     0.00000005     0.99869187     0.00130808
       69     0.00000007     0.99886464     0.00113529
       70     0.00000009     0.99881908     0.00118084
       71     0.00000011     0.99880476     0.00119514
       72     0.00000014     0.99889279     0.00110707
       73     0.00000016     0.99899341     0.00100643
       74     0.00000020     0.99903694     0.00096287
       75     0.00000026     0.99908027     0.00091947
       76     0.00000030     0.99921935     0.00078035
       77     0.00000034     0.99942791     0.00057175
       78     0.00000041     0.99954373     0.00045586
       79     0.00000046     0.99945153     0.00054801
       80     0.00000051     0.99925280     0.00074670
       81     0.00000059     0.99919544     0.00080398
       82     0.00000069     0.99940684     0.00059247
       83     0.00000076     0.99973004     0.00026920
       84     0.00000083     0.99987238     0.00012679
       85     0.00000093     0.99971912     0.00027995
       86     0.00000103     0.99946150     0.00053747
       87     0.00000112     0.99939201     0.00060686
       88     0.00000123     0.99959818     0.00040059
       89     0.00000132     0.99988498     0.00011370
       90     0.00000140     0.99999520     0.00000340
       91     0.00000150     0.99986698     0.00013151
       92     0.00000160     0.99966787     0.00033053
       93     0.00000171     0.99960424     0.00039405
       94     0.00000186     0.99972428     0.00027386
       95     0.00000196     0.99990214     0.00009590
       96     0.00000201     0.99998374     0.00001425
       97     0.00000208     0.99992933     0.00006860
       98     0.00000218     0.99982525     0.00017256
       99     0.00000228     0.99978174     0.00021598
      100     0.00000236     0.99983200     0.00016564
      101     0.00000243     0.99992126     0.00007632
      102     0.00000252     0.99997436     0.00002312
      103     0.00000262     0.99996491     0.00003248
      104     0.00000271     0.99992555     0.00007174
      105     0.00000282     0.99990514     0.00009204
      106     0.00000294     0.99992282     0.00007423
      107     0.00000309     0.99995948     0.00003743
      108     0.00000326     0.99998443     0.00001231
      109     0.00000344     0.99998508     0.00001148
      110     0.00000364     0.99997276     0.00002360
      111     0.00000387     0.99996605     0.00003008
      112     0.00000417     0.99997245     0.00002338
      113     0.00000454     0.99998484     0.00001062
      114     0.00000497     0.99999248     0.00000255
      115     0.00000545     0.99999201     0.00000254
      116     0.00000601     0.99998820     0.00000579
      117     0.00000667     0.99998673     0.00000660
      118     0.00000748     0.99998847     0.00000406
      119     0.00000845     0.99999045     0.00000110
      120     0.00000962     0.99999037     0.00000001
