#     Density Matrix: population Re; see the manual for detail orders
        0     0.00000000     0.00000000     1.00000000
        1     0.00000006     0.00000018     0.99999975
        2     0.00000010     0.00000035     0.99999956
        3     0.00000014     0.00000268     0.99999718
        4     0.00000022     0.00002689     0.99997289
        5     0.00000023     0.00011402     0.99988575
        6     0.00000040     0.00034190     0.99965770
        7     0.00000030     0.00092983     0.99906987
        8     0.00000058     0.00288843     0.99711100
        9     0.00000034     0.01457305     0.98542661
       10     0.00000063     0.28159892     0.71840045
       11     0.00000027     0.23570999     0.76428974
       12     0.00000296     0.37116119     0.62883585
       13     0.00000070     0.32687408     0.67312522
       14     0.00000220     0.30247836     0.69751944
       15     0.00000204     0.29096415     0.70903381
       16     0.00000071     0.28816055     0.71183874
       17     0.00000303     0.29141583     0.70858114
       18     0.00000083     0.29902285     0.70097632
       19     0.00000172     0.30993371     0.69006457
       20     0.00000279     0.32358534     0.67641187
       21     0.00000043     0.33990278     0.66009679
       22     0.00000257     0.35892343     0.64107400
       23     0.00000266     0.38083466     0.61916268
       24     0.00000050     0.40640138     0.59359812
       25     0.00000265     0.43641783     0.56357952
       26     0.00000248     0.47161753     0.52837998
       27     0.00000058     0.51266118     0.48733823
       28     0.00000225     0.55959274     0.44040501
       29     0.00000232     0.61170379     0.38829390
       30     0.00000074     0.66659172     0.33340753
       31     0.00000165     0.72072106     0.27927729
       32     0.00000238     0.76299960     0.23699802
       33     0.00000102     0.78585454     0.21414445
       34     0.00000099     0.78984486     0.21015415
       35     0.00000172     0.77313255     0.22686573
       36     0.00000084     0.72879510     0.27120406
       37     0.00000008     0.41130189     0.58869804
       38     0.00000047     0.18820851     0.81179102
       39     0.00000040     0.18922336     0.81077623
       40     0.00000008     0.16575803     0.83424189
       41     0.00000022     0.14275465     0.85724512
       42     0.00000035     0.12259264     0.87740700
       43     0.00000018     0.10636071     0.89363911
       44     0.00000010     0.09553998     0.90445992
       45     0.00000019     0.09755218     0.90244762
       46     0.00000029     0.23251601     0.76748371
       47     0.00000022     0.48467552     0.51532426
       48     0.00000013     0.75961064     0.24038923
       49     0.00000063     0.81231390     0.18768546
       50     0.00000073     0.83215783     0.16784144
       51     0.00000038     0.84296917     0.15703045
       52     0.00000041     0.85079881     0.14920078
       53     0.00000071     0.85751127     0.14248801
       54     0.00000072     0.86384211     0.13615717
       55     0.00000034     0.86995188     0.13004777
       56     0.00000052     0.87566989     0.12432959
       57     0.00000111     0.88067446     0.11932443
       58     0.00000070     0.88421538     0.11578393
       59     0.00000034     0.88433152     0.11566815
       60     0.00000106     0.87963795     0.12036099
       61     0.00000108     0.86895214     0.13104678
       62     0.00000028     0.85165267     0.14834705
       63     0.00000084     0.82772304     0.17227613
       64     0.00000131     0.79745645     0.20254225
       65     0.00000047     0.75951541     0.24048411
       66     0.00000052     0.71481457     0.28518491
       67     0.00000218     0.69785340     0.30214443
       68     0.00000234     0.74654494     0.25345272
       69     0.00000076     0.82456342     0.17543582
       70     0.00000088     0.89006563     0.10993350
       71     0.00000157     0.93540626     0.06459218
       72     0.00000099     0.96397251     0.03602649
       73     0.00000114     0.97952354     0.02047532
       74     0.00000108     0.98526694     0.01473198
       75     0.00000104     0.98467059     0.01532837
       76     0.00000140     0.98160320     0.01839540
       77     0.00000090     0.97936710     0.02063200
       78     0.00000115     0.97950583     0.02049302
       79     0.00000132     0.98167237     0.01832631
       80     0.00000119     0.98451690     0.01548191
       81     0.00000109     0.98674332     0.01325559
       82     0.00000113     0.98781600     0.01218287
       83     0.00000153     0.98805805     0.01194042
       84     0.00000096     0.98817811     0.01182093
       85     0.00000111     0.98862024     0.01137865
       86     0.00000149     0.98933267     0.01066584
       87     0.00000000     1.00000000     0.00000000
       88     0.00000007     0.99999992     0.00000001
       89     0.00000011     0.99999933     0.00000056
       90     0.00000001     0.99999681     0.00000318
       91     0.00000006     0.99999196     0.00000798
       92     0.00000017     0.99998743     0.00001240
       93     0.00000006     0.99998621     0.00001373
       94     0.00000005     0.99998706     0.00001289
       95     0.00000022     0.99998495     0.00001482
       96     0.00000015     0.99997601     0.00002384
       97     0.00000005     0.99996164     0.00003831
       98     0.00000027     0.99994873     0.00005100
       99     0.00000028     0.99994360     0.00005612
      100     0.00000009     0.99994393     0.00005598
      101     0.00000030     0.99993992     0.00005978
      102     0.00000045     0.99992375     0.00007580
      103     0.00000020     0.99989696     0.00010284
      104     0.00000030     0.99986949     0.00013022
      105     0.00000060     0.99985194     0.00014746
      106     0.00000039     0.99984475     0.00015486
      107     0.00000028     0.99983521     0.00016451
      108     0.00000066     0.99980931     0.00019004
      109     0.00000063     0.99976477     0.00023460
      110     0.00000031     0.99971198     0.00028770
      111     0.00000056     0.99966713     0.00033230
      112     0.00000086     0.99964011     0.00035903
      113     0.00000048     0.99962446     0.00037505
      114     0.00000040     0.99960396     0.00039564
      115     0.00000091     0.99956654     0.00043256
      116     0.00000082     0.99951425     0.00048493
      117     0.00000030     0.99945778     0.00054193
      118     0.00000056     0.99941593     0.00058351
      119     0.00000106     0.99940708     0.00059185
      120     0.00000068     0.99942425     0.00057507
