#     Density Matrix: population Re; see the manual for detail orders
        0     0.00000000     0.00000000     1.00000000
        1     0.00000000     0.00000000     1.00000000
        2     0.00000000     0.00000003     0.99999997
        3     0.00000001     0.00000096     0.99999904
        4     0.00000002     0.00000470     0.99999527
        5     0.00000006     0.00001250     0.99998744
        6     0.00000013     0.00002615     0.99997372
        7     0.00000020     0.00005160     0.99994820
        8     0.00000024     0.00010176     0.99989800
        9     0.00000028     0.00020522     0.99979450
       10     0.00000031     0.00044168     0.99955801
       11     0.00000033     0.00106298     0.99893669
       12     0.00000035     0.00300205     0.99699759
       13     0.00000036     0.01073885     0.98926079
       14     0.00000035     0.05545225     0.94454740
       15     0.00000016     0.69270628     0.30729356
       16     0.00000001     0.52237623     0.47762376
       17     0.00000080     0.10795777     0.89204142
       18     0.00000027     0.04097923     0.95902050
       19     0.00000043     0.01772087     0.98227870
       20     0.00000040     0.00997013     0.99002946
       21     0.00000023     0.00789807     0.99210170
       22     0.00000040     0.00768438     0.99231522
       23     0.00000042     0.00780807     0.99219151
       24     0.00000027     0.00769435     0.99230538
       25     0.00000046     0.00717475     0.99282478
       26     0.00000034     0.00625724     0.99374242
       27     0.00000025     0.00502589     0.99497386
       28     0.00000041     0.00361563     0.99638396
       29     0.00000026     0.00224135     0.99775839
       30     0.00000024     0.00127955     0.99872021
       31     0.00000033     0.00144889     0.99855078
       32     0.00000027     0.00421559     0.99578414
       33     0.00000024     0.01270675     0.98729301
       34     0.00000030     0.03366074     0.96633896
       35     0.00000028     0.08051220     0.91948751
       36     0.00000025     0.17253965     0.82746009
       37     0.00000027     0.31865426     0.68134547
       38     0.00000031     0.49402423     0.50597546
       39     0.00000037     0.65124818     0.34875145
       40     0.00000035     0.75698078     0.24301887
       41     0.00000027     0.82076483     0.17923489
       42     0.00000024     0.85936281     0.14063695
       43     0.00000028     0.88378042     0.11621930
       44     0.00000028     0.89999820     0.10000152
       45     0.00000024     0.91124181     0.08875794
       46     0.00000028     0.91931478     0.08068494
       47     0.00000029     0.92527746     0.07472226
       48     0.00000023     0.92977462     0.07022515
       49     0.00000021     0.93321830     0.06678149
       50     0.00000026     0.93589023     0.06410951
       51     0.00000024     0.93798567     0.06201408
       52     0.00000018     0.93964311     0.06035670
       53     0.00000019     0.94096173     0.05903808
       54     0.00000022     0.94202283     0.05797696
       55     0.00000017     0.94288490     0.05711493
       56     0.00000015     0.94359933     0.05640052
       57     0.00000016     0.94420751     0.05579233
       58     0.00000016     0.94475156     0.05524828
       59     0.00000013     0.94526823     0.05473164
       60     0.00000013     0.94579520     0.05420468
       61     0.00000015     0.94637149     0.05362836
       62     0.00000014     0.94703031     0.05296955
       63     0.00000011     0.94780207     0.05219782
       64     0.00000011     0.94871000     0.05128989
       65     0.00000014     0.94976177     0.05023809
       66     0.00000015     0.95094837     0.04905148
       67     0.00000013     0.95224556     0.04775431
       68     0.00000014     0.95360635     0.04639351
       69     0.00000019     0.95497017     0.04502964
       70     0.00000023     0.95626517     0.04373460
       71     0.00000024     0.95742241     0.04257736
       72     0.00000025     0.95838149     0.04161826
       73     0.00000036     0.95910565     0.04089399
       74     0.00000044     0.95958496     0.04041459
       75     0.00000045     0.95984601     0.04015354
       76     0.00000051     0.95994138     0.04005810
       77     0.00000066     0.95994149     0.04005785
       78     0.00000077     0.95992449     0.04007473
       79     0.00000082     0.95996938     0.04002981
       80     0.00000085     0.96013719     0.03986196
       81     0.00000098     0.96046285     0.03953617
       82     0.00000107     0.96096390     0.03903502
       83     0.00000103     0.96163109     0.03836789
       84     0.00000102     0.96243500     0.03756398
       85     0.00000113     0.96334730     0.03665156
       86     0.00000119     0.96434813     0.03565069
       87     0.00000110     0.96542996     0.03456894
       88     0.00000104     0.96660096     0.03339800
       89     0.00000108     0.96787819     0.03212073
       90     0.00000118     0.96928690     0.03071192
       91     0.00000122     0.97084067     0.02915811
       92     0.00000127     0.97253005     0.02746869
       93     0.00000138     0.97430837     0.02569025
       94     0.00000160     0.97608944     0.02390896
       95     0.00000190     0.97775565     0.02224245
       96     0.00000224     0.97917234     0.02082543
       97     0.00000253     0.98021369     0.01978378
       98     0.00000275     0.98079812     0.01919914
       99     0.00000304     0.98091665     0.01908031
      100     0.00000346     0.98065511     0.01934143
      101     0.00000372     0.98020190     0.01979438
      102     0.00000371     0.97982818     0.02016812
      103     0.00000358     0.97984181     0.02015461
      104     0.00000352     0.98052295     0.01947353
      105     0.00000348     0.98204334     0.01795318
      106     0.00000338     0.98440655     0.01559007
      107     0.00000328     0.98741124     0.01258548
      108     0.00000333     0.99067103     0.00932564
      109     0.00000359     0.99369258     0.00630383
      110     0.00000402     0.99599333     0.00400264
      111     0.00000456     0.99723334     0.00276210
      112     0.00000513     0.99732048     0.00267438
      113     0.00000568     0.99644910     0.00354522
      114     0.00000616     0.99505635     0.00493749
      115     0.00000652     0.99369973     0.00629376
      116     0.00000672     0.99289405     0.00709923
      117     0.00000681     0.99295573     0.00703746
      118     0.00000689     0.99390938     0.00608372
      119     0.00000708     0.99549289     0.00450003
      120     0.00000746     0.99725625     0.00273630
