#     Density Matrix: population Re; see the manual for detail orders
        0     0.00000000     0.00000000     1.00000000
        1     0.00000000     0.00000244     0.99999756
        2     0.00000001     0.00001258     0.99998740
        3     0.00000004     0.00001463     0.99998533
        4     0.00000008     0.00002243     0.99997749
        5     0.00000013     0.00006555     0.99993432
        6     0.00000020     0.00015564     0.99984417
        7     0.00000027     0.00027560     0.99972414
        8     0.00000035     0.00041794     0.99958171
        9     0.00000043     0.00069751     0.99930206
       10     0.00000050     0.00165949     0.99834001
       11     0.00000058     0.00553747     0.99446195
       12     0.00000061     0.02434030     0.97565909
       13     0.00000062     0.16183846     0.83816091
       14     0.00000030     0.66422829     0.33577141
       15     0.00000030     0.54343813     0.45656157
       16     0.00000110     0.28016460     0.71983429
       17     0.00000003     0.22194572     0.77805425
       18     0.00000123     0.19114899     0.80884978
       19     0.00000053     0.17631702     0.82368245
       20     0.00000034     0.17073037     0.82926928
       21     0.00000124     0.17025807     0.82974069
       22     0.00000011     0.17232173     0.82767816
       23     0.00000069     0.17546504     0.82453427
       24     0.00000108     0.17877976     0.82121915
       25     0.00000001     0.18175111     0.81824888
       26     0.00000091     0.18416680     0.81583229
       27     0.00000094     0.18602175     0.81397731
       28     0.00000001     0.18732921     0.81267078
       29     0.00000083     0.18808050     0.81191867
       30     0.00000090     0.18837789     0.81162121
       31     0.00000003     0.18826579     0.81173419
       32     0.00000064     0.18775427     0.81224510
       33     0.00000098     0.18685701     0.81314202
       34     0.00000014     0.18543136     0.81456850
       35     0.00000033     0.18298497     0.81701470
       36     0.00000107     0.17788038     0.82211855
       37     0.00000045     0.16183941     0.83816013
       38     0.00000012     0.18958832     0.81041156
       39     0.00000089     0.54157773     0.45842138
       40     0.00000109     0.60411187     0.39588705
       41     0.00000033     0.62510159     0.37489808
       42     0.00000040     0.64405853     0.35594107
       43     0.00000091     0.67174946     0.32824964
       44     0.00000065     0.72754076     0.27245859
       45     0.00000036     0.85560128     0.14439836
       46     0.00000077     0.88749936     0.11249987
       47     0.00000106     0.74560675     0.25439220
       48     0.00000058     0.66927350     0.33072592
       49     0.00000040     0.63599075     0.36400886
       50     0.00000091     0.61930962     0.38068947
       51     0.00000101     0.61121953     0.38877947
       52     0.00000052     0.60784929     0.39215018
       53     0.00000045     0.60727280     0.39272676
       54     0.00000096     0.60828875     0.39171029
       55     0.00000122     0.60996776     0.39003102
       56     0.00000058     0.61125515     0.38874427
       57     0.00000053     0.61089194     0.38910753
       58     0.00000160     0.60734565     0.39265275
       59     0.00000110     0.59866464     0.40133426
       60     0.00000008     0.58243615     0.41756378
       61     0.00000140     0.55596167     0.44403693
       62     0.00000164     0.51708972     0.48290864
       63     0.00000025     0.46511460     0.53488516
       64     0.00000120     0.40437067     0.59562812
       65     0.00000194     0.35137751     0.64862056
       66     0.00000029     0.34694764     0.65305206
       67     0.00000103     0.46449832     0.53550065
       68     0.00000184     0.73594666     0.26405150
       69     0.00000087     0.97012971     0.02986943
       70     0.00000086     0.96293754     0.03706160
       71     0.00000034     0.82777531     0.17222435
       72     0.00000129     0.72119965     0.27879906
       73     0.00000131     0.68348047     0.31651822
       74     0.00000027     0.69773175     0.30226798
       75     0.00000162     0.73482557     0.26517282
       76     0.00000073     0.76963192     0.23036735
       77     0.00000080     0.78769265     0.21230655
       78     0.00000129     0.78676067     0.21323804
       79     0.00000042     0.77415800     0.22584158
       80     0.00000131     0.76095470     0.23904399
       81     0.00000050     0.75517020     0.24482930
       82     0.00000130     0.75804793     0.24195078
       83     0.00000098     0.76515602     0.23484300
       84     0.00000075     0.77023261     0.22976664
       85     0.00000111     0.77038241     0.22961648
       86     0.00000050     0.76708086     0.23291864
       87     0.00000115     0.76414317     0.23585568
       88     0.00000047     0.76365826     0.23634127
       89     0.00000104     0.76486465     0.23513431
       90     0.00000060     0.76577791     0.23422149
       91     0.00000114     0.76591111     0.23408775
       92     0.00000056     0.76598297     0.23401647
       93     0.00000092     0.76660424     0.23339484
       94     0.00000091     0.76673210     0.23326699
       95     0.00000069     0.76547866     0.23452065
       96     0.00000054     0.76374793     0.23625153
       97     0.00000110     0.76379756     0.23620134
       98     0.00000094     0.76622818     0.23377088
       99     0.00000037     0.76869831     0.23130132
      100     0.00000106     0.76798565     0.23201329
      101     0.00000114     0.76409573     0.23590313
      102     0.00000043     0.76111774     0.23888183
      103     0.00000069     0.76293730     0.23706201
      104     0.00000161     0.76832338     0.23167501
      105     0.00000066     0.77154055     0.22845879
      106     0.00000035     0.76829612     0.23170353
      107     0.00000145     0.76140228     0.23859627
      108     0.00000142     0.75811819     0.24188039
      109     0.00000019     0.76259997     0.23739984
      110     0.00000096     0.77092462     0.22907442
      111     0.00000190     0.77459666     0.22540144
      112     0.00000076     0.76924757     0.23075167
      113     0.00000020     0.75949282     0.24050698
      114     0.00000149     0.75474106     0.24525744
      115     0.00000191     0.76001641     0.23998168
      116     0.00000034     0.77089950     0.22910016
      117     0.00000055     0.77750981     0.22248964
      118     0.00000184     0.77360105     0.22639711
      119     0.00000150     0.76230856     0.23768994
      120     0.00000034     0.75338527     0.24661439
