#     Density Matrix: population Re; see the manual for detail orders
        0     0.00000000     0.00000000     1.00000000
        1     0.00000014     0.00000516     0.99999471
        2     0.00000016     0.00003750     0.99996234
        3     0.00000037     0.00007056     0.99992906
        4     0.00000033     0.00007745     0.99992222
        5     0.00000068     0.00005429     0.99994503
        6     0.00000058     0.00001927     0.99998015
        7     0.00000093     0.00000262     0.99999645
        8     0.00000085     0.00004244     0.99995670
        9     0.00000102     0.00020667     0.99979231
       10     0.00000112     0.00076330     0.99923558
       11     0.00000089     0.00482399     0.99517512
       12     0.00000122     0.06460640     0.93539237
       13     0.00000059     0.14198775     0.85801166
       14     0.00000117     0.06716403     0.93283480
       15     0.00000080     0.07189329     0.92810591
       16     0.00000057     0.07671274     0.92328670
       17     0.00000109     0.07984026     0.92015864
       18     0.00000036     0.08146087     0.91853878
       19     0.00000082     0.08202391     0.91797528
       20     0.00000076     0.08199586     0.91800338
       21     0.00000027     0.08179438     0.91820535
       22     0.00000084     0.08177125     0.91822791
       23     0.00000053     0.08221722     0.91778225
       24     0.00000025     0.08337984     0.91661992
       25     0.00000074     0.08549414     0.91450512
       26     0.00000041     0.08882617     0.91117342
       27     0.00000016     0.09373918     0.90626066
       28     0.00000057     0.10080730     0.89919213
       29     0.00000036     0.11103647     0.88896317
       30     0.00000006     0.12635769     0.87364225
       31     0.00000036     0.15089136     0.84910827
       32     0.00000033     0.19474549     0.80525418
       33     0.00000003     0.28670385     0.71329612
       34     0.00000016     0.49713342     0.50286641
       35     0.00000029     0.80354568     0.19645403
       36     0.00000008     0.96670484     0.03329508
       37     0.00000005     0.99639309     0.00360686
       38     0.00000026     0.99726778     0.00273196
       39     0.00000018     0.99408766     0.00591216
       40     0.00000001     0.99080544     0.00919455
       41     0.00000014     0.98802215     0.01197771
       42     0.00000025     0.98574677     0.01425298
       43     0.00000008     0.98389285     0.01610707
       44     0.00000003     0.98237590     0.01762407
       45     0.00000021     0.98113049     0.01886931
       46     0.00000020     0.98010892     0.01989088
       47     0.00000002     0.97927610     0.02072388
       48     0.00000007     0.97860518     0.02139475
       49     0.00000022     0.97807559     0.02192419
       50     0.00000014     0.97767036     0.02232950
       51     0.00000000     0.97737345     0.02262655
       52     0.00000009     0.97716951     0.02283039
       53     0.00000019     0.97704302     0.02295680
       54     0.00000008     0.97697705     0.02302288
       55     0.00000000     0.97695468     0.02304532
       56     0.00000009     0.97695885     0.02304106
       57     0.00000013     0.97697293     0.02302694
       58     0.00000004     0.97698155     0.02301841
       59     0.00000001     0.97697127     0.02302871
       60     0.00000007     0.97693219     0.02306774
       61     0.00000008     0.97685824     0.02314168
       62     0.00000004     0.97674824     0.02325172
       63     0.00000003     0.97660595     0.02339402
       64     0.00000004     0.97643958     0.02356037
       65     0.00000007     0.97626129     0.02373864
       66     0.00000007     0.97608620     0.02391372
       67     0.00000003     0.97592996     0.02407000
       68     0.00000003     0.97580717     0.02419280
       69     0.00000011     0.97572998     0.02426991
       70     0.00000011     0.97570680     0.02429309
       71     0.00000002     0.97574028     0.02425970
       72     0.00000003     0.97582606     0.02417391
       73     0.00000018     0.97595417     0.02404564
       74     0.00000018     0.97610940     0.02389042
       75     0.00000003     0.97627252     0.02372745
       76     0.00000011     0.97642286     0.02357703
       77     0.00000035     0.97654177     0.02345788
       78     0.00000031     0.97661613     0.02338356
       79     0.00000010     0.97664129     0.02335862
       80     0.00000019     0.97662277     0.02337704
       81     0.00000048     0.97658197     0.02341756
       82     0.00000044     0.97655366     0.02344590
       83     0.00000017     0.97658167     0.02341816
       84     0.00000016     0.97671519     0.02328465
       85     0.00000045     0.97700112     0.02299843
       86     0.00000058     0.97747218     0.02252723
       87     0.00000038     0.97813632     0.02186329
       88     0.00000021     0.97896647     0.02103332
       89     0.00000048     0.97988970     0.02010981
       90     0.00000106     0.98078727     0.01921166
       91     0.00000130     0.98150148     0.01849722
       92     0.00000108     0.98185138     0.01814754
       93     0.00000128     0.98166068     0.01833805
       94     0.00000241     0.98080095     0.01919664
       95     0.00000340     0.97923399     0.02076260
       96     0.00000324     0.97704832     0.02294844
       97     0.00000299     0.97448042     0.02551659
       98     0.00000388     0.97190781     0.02808832
       99     0.00000496     0.96980257     0.03019247
      100     0.00000469     0.96864377     0.03135155
      101     0.00000357     0.96879789     0.03119854
      102     0.00000322     0.97039377     0.02960301
      103     0.00000394     0.97323699     0.02675907
      104     0.00000486     0.97679084     0.02320430
      105     0.00000526     0.98025270     0.01974205
      106     0.00000534     0.98274157     0.01725309
      107     0.00000630     0.98354999     0.01644372
      108     0.00000879     0.98239253     0.01759868
      109     0.00001131     0.97955793     0.02043076
      110     0.00001162     0.97588628     0.02410210
      111     0.00001004     0.97254586     0.02744410
      112     0.00000880     0.97065953     0.02933167
      113     0.00000895     0.97089812     0.02909294
      114     0.00000941     0.97318953     0.02680106
      115     0.00000968     0.97667575     0.02331457
      116     0.00000991     0.97997894     0.02001116
      117     0.00001068     0.98172582     0.01826350
      118     0.00001265     0.98114139     0.01884596
      119     0.00001576     0.97846199     0.02152225
      120     0.00001822     0.97493186     0.02504992
