#     Density Matrix: population Re; see the manual for detail orders
        0     0.00000000     0.00000000     1.00000000
        1     0.00000000     0.00000115     0.99999885
        2     0.00000000     0.00000831     0.99999169
        3     0.00000000     0.00001530     0.99998470
        4     0.00000002     0.00001514     0.99998484
        5     0.00000003     0.00000794     0.99999203
        6     0.00000009     0.00000422     0.99999569
        7     0.00000011     0.00001900     0.99998089
        8     0.00000023     0.00005915     0.99994062
        9     0.00000027     0.00011825     0.99988148
       10     0.00000042     0.00019175     0.99980783
       11     0.00000047     0.00031855     0.99968098
       12     0.00000063     0.00066945     0.99932992
       13     0.00000064     0.00180871     0.99819065
       14     0.00000078     0.00583523     0.99416398
       15     0.00000073     0.02342293     0.97657635
       16     0.00000072     0.13580657     0.86419272
       17     0.00000063     0.68047824     0.31952114
       18     0.00000069     0.58660660     0.41339270
       19     0.00000277     0.41593318     0.58406405
       20     0.00000013     0.36302322     0.63697665
       21     0.00000252     0.33257516     0.66742231
       22     0.00000162     0.31731549     0.68268290
       23     0.00000052     0.31155385     0.68844563
       24     0.00000285     0.31111155     0.68888560
       25     0.00000058     0.31308153     0.68691790
       26     0.00000137     0.31557161     0.68442702
       27     0.00000251     0.31744846     0.68254903
       28     0.00000021     0.31812853     0.68187126
       29     0.00000193     0.31739437     0.68260370
       30     0.00000228     0.31525145     0.68474627
       31     0.00000016     0.31183093     0.68816892
       32     0.00000204     0.30732188     0.69267608
       33     0.00000229     0.30192645     0.69807125
       34     0.00000019     0.29583353     0.70416628
       35     0.00000175     0.28920572     0.71079254
       36     0.00000247     0.28217893     0.71781860
       37     0.00000038     0.27487021     0.72512941
       38     0.00000116     0.26740026     0.73259858
       39     0.00000259     0.25996347     0.74003395
       40     0.00000091     0.25300539     0.74699369
       41     0.00000050     0.24779088     0.75220862
       42     0.00000231     0.24824394     0.75175375
       43     0.00000175     0.26695847     0.73303977
       44     0.00000026     0.33431441     0.66568533
       45     0.00000151     0.46466068     0.53533781
       46     0.00000248     0.60016486     0.39983265
       47     0.00000079     0.69544600     0.30455321
       48     0.00000053     0.74697438     0.25302509
       49     0.00000246     0.76875038     0.23124716
       50     0.00000206     0.77850005     0.22149789
       51     0.00000021     0.78380996     0.21618983
       52     0.00000138     0.78736280     0.21263582
       53     0.00000319     0.79013682     0.20985999
       54     0.00000143     0.79249611     0.20750246
       55     0.00000013     0.79454130     0.20545857
       56     0.00000283     0.79624898     0.20374818
       57     0.00000384     0.79752503     0.20247113
       58     0.00000075     0.79821275     0.20178651
       59     0.00000090     0.79810258     0.20189652
       60     0.00000496     0.79695677     0.20303827
       61     0.00000423     0.79452004     0.20547573
       62     0.00000035     0.79052410     0.20947555
       63     0.00000283     0.78471991     0.21527726
       64     0.00000725     0.77692824     0.22306451
       65     0.00000408     0.76707883     0.23291710
       66     0.00000059     0.75525543     0.24474399
       67     0.00000527     0.74177177     0.25822296
       68     0.00000829     0.72724637     0.27274534
       69     0.00000307     0.71263991     0.28735701
       70     0.00000102     0.69925941     0.30073957
       71     0.00000602     0.68873031     0.31126367
       72     0.00000659     0.68287893     0.31711448
       73     0.00000149     0.68348319     0.31651533
       74     0.00000058     0.69192438     0.30807504
       75     0.00000358     0.70875914     0.29123728
       76     0.00000390     0.73330204     0.26669406
       77     0.00000167     0.76327547     0.23672286
       78     0.00000004     0.79477070     0.20522926
       79     0.00000152     0.82264507     0.17735341
       80     0.00000554     0.84143749     0.15855697
       81     0.00000530     0.84670311     0.15329159
       82     0.00000101     0.83650353     0.16349546
       83     0.00000301     0.81258855     0.18740844
       84     0.00000853     0.78070346     0.21928801
       85     0.00000585     0.74954435     0.25044979
       86     0.00000056     0.72836638     0.27163306
       87     0.00000186     0.72381403     0.27618410
       88     0.00000427     0.73708907     0.26290666
       89     0.00000356     0.76281422     0.23718222
       90     0.00000179     0.79047942     0.20951878
       91     0.00000002     0.80854165     0.19145833
       92     0.00000270     0.80972286     0.19027444
       93     0.00000740     0.79480679     0.20518581
       94     0.00000460     0.77266921     0.22732620
       95     0.00000015     0.75579878     0.24420107
       96     0.00000179     0.75328900     0.24670921
       97     0.00000372     0.76527560     0.23472068
       98     0.00000397     0.78275034     0.21724569
       99     0.00000243     0.79356212     0.20643545
      100     0.00000007     0.79096256     0.20903737
      101     0.00000331     0.77848455     0.22151214
      102     0.00000668     0.76695826     0.23303506
      103     0.00000378     0.76552740     0.23446883
      104     0.00000069     0.77405277     0.22594654
      105     0.00000016     0.78372730     0.21627253
      106     0.00000395     0.78562847     0.21436758
      107     0.00000853     0.77916144     0.22083003
      108     0.00000538     0.77196472     0.22802990
      109     0.00000067     0.77141951     0.22857982
      110     0.00000079     0.77694215     0.22305707
      111     0.00000533     0.78151970     0.21847497
      112     0.00001155     0.78030820     0.21968025
      113     0.00000958     0.77586406     0.22412636
      114     0.00000293     0.77401879     0.22597828
      115     0.00000193     0.77633332     0.22366475
      116     0.00000786     0.77898622     0.22100592
      117     0.00001857     0.77867379     0.22130764
      118     0.00002103     0.77668629     0.22329268
      119     0.00001253     0.77602928     0.22395819
      120     0.00000715     0.77696462     0.22302823
