#     Density Matrix: population Re; see the manual for detail orders
        0     0.00000000     0.00000000     1.00000000
        1     0.00000000     0.00000013     0.99999987
        2     0.00000000     0.00000172     0.99999828
        3     0.00000000     0.00000598     0.99999402
        4     0.00000000     0.00001097     0.99998903
        5     0.00000042     0.00001271     0.99998687
        6     0.00000032     0.00002902     0.99997066
        7     0.00000085     0.00005626     0.99994290
        8     0.00000048     0.00007437     0.99992516
        9     0.00000120     0.00006805     0.99993075
       10     0.00000069     0.00006045     0.99993885
       11     0.00000130     0.00021333     0.99978537
       12     0.00000094     0.00144261     0.99855645
       13     0.00000104     0.01614176     0.98385720
       14     0.00000110     0.08017279     0.91982611
       15     0.00000054     0.23303420     0.76696526
       16     0.00000134     0.10342303     0.89657563
       17     0.00000069     0.10198351     0.89801580
       18     0.00000076     0.10752866     0.89247058
       19     0.00000109     0.11257423     0.88742468
       20     0.00000033     0.11604805     0.88395162
       21     0.00000104     0.11806142     0.88193754
       22     0.00000101     0.11897190     0.88102709
       23     0.00000036     0.11914522     0.88085442
       24     0.00000105     0.11890997     0.88108897
       25     0.00000068     0.11853571     0.88146361
       26     0.00000030     0.11824155     0.88175814
       27     0.00000090     0.11822372     0.88177538
       28     0.00000053     0.11869197     0.88130750
       29     0.00000020     0.11992682     0.88007298
       30     0.00000071     0.12239283     0.87760646
       31     0.00000049     0.12700602     0.87299348
       32     0.00000010     0.13594291     0.86405699
       33     0.00000049     0.15593374     0.84406577
       34     0.00000049     0.21956069     0.78043882
       35     0.00000005     0.50531496     0.49468499
       36     0.00000029     0.85181336     0.14818635
       37     0.00000060     0.92850583     0.07149357
       38     0.00000019     0.93381814     0.06618168
       39     0.00000007     0.93419617     0.06580376
       40     0.00000049     0.93421048     0.06578903
       41     0.00000039     0.93430787     0.06569174
       42     0.00000001     0.93449432     0.06550567
       43     0.00000023     0.93472833     0.06527143
       44     0.00000045     0.93497712     0.06502242
       45     0.00000016     0.93521970     0.06478014
       46     0.00000003     0.93544189     0.06455808
       47     0.00000033     0.93563714     0.06436253
       48     0.00000034     0.93580454     0.06419512
       49     0.00000004     0.93594515     0.06405480
       50     0.00000010     0.93606158     0.06393832
       51     0.00000038     0.93615769     0.06384193
       52     0.00000028     0.93623815     0.06376157
       53     0.00000002     0.93630687     0.06369311
       54     0.00000015     0.93636702     0.06363284
       55     0.00000037     0.93642021     0.06357941
       56     0.00000021     0.93646664     0.06353315
       57     0.00000001     0.93650574     0.06349425
       58     0.00000019     0.93653666     0.06346315
       59     0.00000040     0.93655856     0.06344104
       60     0.00000020     0.93657028     0.06342952
       61     0.00000001     0.93657115     0.06342884
       62     0.00000021     0.93656201     0.06343778
       63     0.00000042     0.93654621     0.06345337
       64     0.00000022     0.93652796     0.06347182
       65     0.00000001     0.93651062     0.06348937
       66     0.00000019     0.93649837     0.06350145
       67     0.00000042     0.93649511     0.06350447
       68     0.00000026     0.93650307     0.06349667
       69     0.00000002     0.93652192     0.06347806
       70     0.00000018     0.93654859     0.06345122
       71     0.00000046     0.93657811     0.06342142
       72     0.00000034     0.93660356     0.06339610
       73     0.00000007     0.93661597     0.06338396
       74     0.00000018     0.93660620     0.06339362
       75     0.00000049     0.93656567     0.06343384
       76     0.00000045     0.93649179     0.06350776
       77     0.00000015     0.93639161     0.06360824
       78     0.00000014     0.93627136     0.06372851
       79     0.00000049     0.93613546     0.06386405
       80     0.00000064     0.93599642     0.06400294
       81     0.00000034     0.93586861     0.06413105
       82     0.00000014     0.93576313     0.06423673
       83     0.00000046     0.93568830     0.06431124
       84     0.00000083     0.93564678     0.06435240
       85     0.00000066     0.93563585     0.06436349
       86     0.00000029     0.93564581     0.06435390
       87     0.00000047     0.93566212     0.06433742
       88     0.00000103     0.93566926     0.06432971
       89     0.00000112     0.93565377     0.06434511
       90     0.00000065     0.93560623     0.06439312
       91     0.00000052     0.93552403     0.06447545
       92     0.00000112     0.93541318     0.06458570
       93     0.00000163     0.93529201     0.06470636
       94     0.00000133     0.93518588     0.06481279
       95     0.00000079     0.93512031     0.06487890
       96     0.00000102     0.93511905     0.06487993
       97     0.00000186     0.93519992     0.06479823
       98     0.00000218     0.93537016     0.06462766
       99     0.00000166     0.93562148     0.06437687
      100     0.00000124     0.93592841     0.06407035
      101     0.00000181     0.93625225     0.06374594
      102     0.00000285     0.93654800     0.06344915
      103     0.00000313     0.93677148     0.06322539
      104     0.00000249     0.93688614     0.06311137
      105     0.00000210     0.93687030     0.06312760
      106     0.00000282     0.93672236     0.06327482
      107     0.00000391     0.93646386     0.06353222
      108     0.00000420     0.93613679     0.06385901
      109     0.00000357     0.93579317     0.06420326
      110     0.00000309     0.93548799     0.06450892
      111     0.00000361     0.93527051     0.06472588
      112     0.00000466     0.93517693     0.06481841
      113     0.00000505     0.93522424     0.06477071
      114     0.00000440     0.93540628     0.06458932
      115     0.00000350     0.93569398     0.06430252
      116     0.00000338     0.93603197     0.06396465
      117     0.00000426     0.93636789     0.06362785
      118     0.00000521     0.93664954     0.06334526
      119     0.00000530     0.93681312     0.06318157
      120     0.00000453     0.93681353     0.06318194
