#     Density Matrix: population Re; see the manual for detail orders
        0     0.00000000     0.00000000     1.00000000
        1     0.00000003     0.00000075     0.99999922
        2     0.00000002     0.00000337     0.99999661
        3     0.00000000     0.00000345     0.99999655
        4     0.00000002     0.00000737     0.99999261
        5     0.00000001     0.00002058     0.99997941
        6     0.00000007     0.00003703     0.99996290
        7     0.00000007     0.00004975     0.99995018
        8     0.00000014     0.00007089     0.99992898
        9     0.00000016     0.00013794     0.99986190
       10     0.00000021     0.00031290     0.99968689
       11     0.00000025     0.00071564     0.99928411
       12     0.00000029     0.00167486     0.99832485
       13     0.00000033     0.00428691     0.99571276
       14     0.00000036     0.01285637     0.98714327
       15     0.00000038     0.04771828     0.95228134
       16     0.00000037     0.19224803     0.80775160
       17     0.00000024     0.42906894     0.57093082
       18     0.00000013     0.42145675     0.57854312
       19     0.00000024     0.27432322     0.72567654
       20     0.00000030     0.16403381     0.83596589
       21     0.00000035     0.09708403     0.90291562
       22     0.00000038     0.05852987     0.94146975
       23     0.00000039     0.03706910     0.96293051
       24     0.00000042     0.02558677     0.97441281
       25     0.00000045     0.01978937     0.98021019
       26     0.00000041     0.01714916     0.98285044
       27     0.00000039     0.01619663     0.98380298
       28     0.00000039     0.01610808     0.98389153
       29     0.00000037     0.01642675     0.98357288
       30     0.00000036     0.01690975     0.98308989
       31     0.00000035     0.01742881     0.98257084
       32     0.00000034     0.01792952     0.98207015
       33     0.00000032     0.01838414     0.98161554
       34     0.00000031     0.01879045     0.98120923
       35     0.00000030     0.01915019     0.98084951
       36     0.00000029     0.01947482     0.98052489
       37     0.00000028     0.01977501     0.98022471
       38     0.00000027     0.02006343     0.97993630
       39     0.00000027     0.02034869     0.97965104
       40     0.00000026     0.02060413     0.97939561
       41     0.00000020     0.02055267     0.97944713
       42     0.00000003     0.02161782     0.97838215
       43     0.00000003     0.02397084     0.97602913
       44     0.00000013     0.02646031     0.97353956
       45     0.00000007     0.02979302     0.97020691
       46     0.00000000     0.03451035     0.96548965
       47     0.00000005     0.04164895     0.95835100
       48     0.00000006     0.05355850     0.94644144
       49     0.00000001     0.07651721     0.92348278
       50     0.00000000     0.13125233     0.86874766
       51     0.00000001     0.29135047     0.70864952
       52     0.00000002     0.61605148     0.38394850
       53     0.00000004     0.87179883     0.12820113
       54     0.00000002     0.95143860     0.04856138
       55     0.00000000     0.96971831     0.03028169
       56     0.00000001     0.97483966     0.02516033
       57     0.00000001     0.97647065     0.02352934
       58     0.00000001     0.97700898     0.02299102
       59     0.00000000     0.97719775     0.02280225
       60     0.00000001     0.97728883     0.02271116
       61     0.00000001     0.97733623     0.02266376
       62     0.00000000     0.97730351     0.02269648
       63     0.00000001     0.97709195     0.02290805
       64     0.00000001     0.97657211     0.02342788
       65     0.00000001     0.97559463     0.02440536
       66     0.00000001     0.97402871     0.02597128
       67     0.00000001     0.97174935     0.02825064
       68     0.00000001     0.96853723     0.03146275
       69     0.00000001     0.96327133     0.03672866
       70     0.00000002     0.94640124     0.05359874
       71     0.00000004     0.78162572     0.21837424
       72     0.00000023     0.37870166     0.62129811
       73     0.00000065     0.56212405     0.43787530
       74     0.00000029     0.75251265     0.24748707
       75     0.00000001     0.84715943     0.15284057
       76     0.00000014     0.89638208     0.10361778
       77     0.00000002     0.92189847     0.07810150
       78     0.00000003     0.93570123     0.06429874
       79     0.00000006     0.94472209     0.05527786
       80     0.00000001     0.95253134     0.04746865
       81     0.00000003     0.96031859     0.03968138
       82     0.00000001     0.96790450     0.03209549
       83     0.00000000     0.97461680     0.02538320
       84     0.00000000     0.97992901     0.02007099
       85     0.00000000     0.98375456     0.01624544
       86     0.00000001     0.98640482     0.01359517
       87     0.00000001     0.98832455     0.01167544
       88     0.00000001     0.98987051     0.01012948
       89     0.00000000     0.99120159     0.00879840
       90     0.00000000     0.99232519     0.00767481
       91     0.00000000     0.99321570     0.00678430
       92     0.00000000     0.99390046     0.00609954
       93     0.00000001     0.99445333     0.00554666
       94     0.00000001     0.99492995     0.00507004
       95     0.00000001     0.99532319     0.00467680
       96     0.00000001     0.99559391     0.00440608
       97     0.00000001     0.99574873     0.00425126
       98     0.00000001     0.99587957     0.00412043
       99     0.00000001     0.99609506     0.00390493
      100     0.00000002     0.99640923     0.00359075
      101     0.00000002     0.99670695     0.00329303
      102     0.00000001     0.99684626     0.00315373
      103     0.00000002     0.99681501     0.00318497
      104     0.00000003     0.99678776     0.00321221
      105     0.00000003     0.99696723     0.00303275
      106     0.00000003     0.99738140     0.00261858
      107     0.00000003     0.99782313     0.00217684
      108     0.00000003     0.99803117     0.00196879
      109     0.00000003     0.99795044     0.00204953
      110     0.00000004     0.99779398     0.00220599
      111     0.00000004     0.99786182     0.00213814
      112     0.00000004     0.99826239     0.00173757
      113     0.00000004     0.99880501     0.00119495
      114     0.00000004     0.99916126     0.00083869
      115     0.00000005     0.99914279     0.00085717
      116     0.00000004     0.99885434     0.00114561
      117     0.00000005     0.99860294     0.00139702
      118     0.00000005     0.99865408     0.00134587
      119     0.00000005     0.99903480     0.00096515
      120     0.00000005     0.99952582     0.00047413
