#     Density Matrix: population Re; see the manual for detail orders
        0     0.00000000     0.00000000     1.00000000
        1     0.00000000     0.00000170     0.99999829
        2     0.00000001     0.00002403     0.99997595
        3     0.00000003     0.00010041     0.99989956
        4     0.00000006     0.00024955     0.99975039
        5     0.00000010     0.00046877     0.99953114
        6     0.00000013     0.00077674     0.99922313
        7     0.00000017     0.00131815     0.99868169
        8     0.00000020     0.00257778     0.99742202
        9     0.00000023     0.00597913     0.99402064
       10     0.00000026     0.01609023     0.98390951
       11     0.00000028     0.04941521     0.95058451
       12     0.00000027     0.15522377     0.84477596
       13     0.00000020     0.33537840     0.66462141
       14     0.00000014     0.38983502     0.61016484
       15     0.00000023     0.29572029     0.70427948
       16     0.00000033     0.19123298     0.80876669
       17     0.00000041     0.11757447     0.88242512
       18     0.00000047     0.07163154     0.92836799
       19     0.00000048     0.04465850     0.95534102
       20     0.00000049     0.02960749     0.97039202
       21     0.00000049     0.02172338     0.97827613
       22     0.00000048     0.01796665     0.98203287
       23     0.00000047     0.01644962     0.98354992
       24     0.00000046     0.01602653     0.98397301
       25     0.00000045     0.01601399     0.98398556
       26     0.00000045     0.01602608     0.98397347
       27     0.00000045     0.01585876     0.98414078
       28     0.00000047     0.01541081     0.98458872
       29     0.00000048     0.01464581     0.98535370
       30     0.00000049     0.01354389     0.98645562
       31     0.00000050     0.01208591     0.98791359
       32     0.00000046     0.01024885     0.98975069
       33     0.00000042     0.00798775     0.99201183
       34     0.00000054     0.00535024     0.99464921
       35     0.00000045     0.00303706     0.99696249
       36     0.00000042     0.01219781     0.98780176
       37     0.00000064     0.10419788     0.89580148
       38     0.00000058     0.46639816     0.53360126
       39     0.00000038     0.78088123     0.21911839
       40     0.00000047     0.86832527     0.13167426
       41     0.00000052     0.89703757     0.10296191
       42     0.00000045     0.91004044     0.08995910
       43     0.00000037     0.91696920     0.08303043
       44     0.00000042     0.92097570     0.07902388
       45     0.00000046     0.92337856     0.07662097
       46     0.00000042     0.92484572     0.07515386
       47     0.00000041     0.92575326     0.07424633
       48     0.00000050     0.92635609     0.07364341
       49     0.00000051     0.92683308     0.07316641
       50     0.00000042     0.92730917     0.07269041
       51     0.00000042     0.92788675     0.07211283
       52     0.00000055     0.92861820     0.07138125
       53     0.00000062     0.92954343     0.07045594
       54     0.00000053     0.93067110     0.06932837
       55     0.00000049     0.93197597     0.06802354
       56     0.00000062     0.93340831     0.06659107
       57     0.00000074     0.93490136     0.06509791
       58     0.00000071     0.93637259     0.06362670
       59     0.00000066     0.93773583     0.06226350
       60     0.00000079     0.93891831     0.06108091
       61     0.00000092     0.93986910     0.06012998
       62     0.00000086     0.94056986     0.05942928
       63     0.00000078     0.94104554     0.05895368
       64     0.00000089     0.94136075     0.05863837
       65     0.00000103     0.94161518     0.05838379
       66     0.00000105     0.94192604     0.05807291
       67     0.00000099     0.94240525     0.05759375
       68     0.00000105     0.94314882     0.05685012
       69     0.00000125     0.94421291     0.05578584
       70     0.00000138     0.94560185     0.05439678
       71     0.00000139     0.94727081     0.05272780
       72     0.00000133     0.94912512     0.05087355
       73     0.00000139     0.95104354     0.04895507
       74     0.00000159     0.95289994     0.04709847
       75     0.00000181     0.95457702     0.04542117
       76     0.00000178     0.95599374     0.04400448
       77     0.00000161     0.95712328     0.04287512
       78     0.00000158     0.95799624     0.04200219
       79     0.00000176     0.95869168     0.04130656
       80     0.00000195     0.95932536     0.04067268
       81     0.00000200     0.96002759     0.03997041
       82     0.00000189     0.96091340     0.03908471
       83     0.00000177     0.96205512     0.03794311
       84     0.00000181     0.96346508     0.03653311
       85     0.00000198     0.96509043     0.03490759
       86     0.00000210     0.96681852     0.03317937
       87     0.00000209     0.96850156     0.03149636
       88     0.00000199     0.96998234     0.03001568
       89     0.00000192     0.97112920     0.02886889
       90     0.00000204     0.97186553     0.02813243
       91     0.00000223     0.97218839     0.02780938
       92     0.00000232     0.97217201     0.02782567
       93     0.00000227     0.97195039     0.02804733
       94     0.00000219     0.97168890     0.02830891
       95     0.00000219     0.97154412     0.02845369
       96     0.00000227     0.97162236     0.02837537
       97     0.00000230     0.97194669     0.02805101
       98     0.00000219     0.97244758     0.02755023
       99     0.00000195     0.97297267     0.02702538
      100     0.00000173     0.97332816     0.02667011
      101     0.00000160     0.97334318     0.02665523
      102     0.00000156     0.97293655     0.02706190
      103     0.00000155     0.97217069     0.02782776
      104     0.00000154     0.97126873     0.02872973
      105     0.00000155     0.97058075     0.02941770
      106     0.00000165     0.97050158     0.02949677
      107     0.00000182     0.97135460     0.02864358
      108     0.00000192     0.97327573     0.02672235
      109     0.00000195     0.97613782     0.02386023
      110     0.00000190     0.97954933     0.02044877
      111     0.00000174     0.98293720     0.01706106
      112     0.00000148     0.98570073     0.01429779
      113     0.00000116     0.98738703     0.01261181
      114     0.00000084     0.98782717     0.01217199
      115     0.00000058     0.98718828     0.01281113
      116     0.00000040     0.98590977     0.01408983
      117     0.00000032     0.98455149     0.01544819
      118     0.00000031     0.98360896     0.01639073
      119     0.00000035     0.98336261     0.01663705
      120     0.00000040     0.98382012     0.01617948
