#     Density Matrix: population Re; see the manual for detail orders
        0     0.00000000     0.00000000     1.00000000
        1     0.00000002     0.00000279     0.99999719
        2     0.00000001     0.00001708     0.99998291
        3     0.00000000     0.00002370     0.99997630
        4     0.00000005     0.00002003     0.99997993
        5     0.00000003     0.00001990     0.99998007
        6     0.00000012     0.00002697     0.99997291
        7     0.00000011     0.00002969     0.99997020
        8     0.00000019     0.00002608     0.99997373
        9     0.00000020     0.00004015     0.99995965
       10     0.00000025     0.00011528     0.99988447
       11     0.00000027     0.00032068     0.99967905
       12     0.00000030     0.00084331     0.99915639
       13     0.00000033     0.00242816     0.99757151
       14     0.00000035     0.00911838     0.99088128
       15     0.00000019     0.51184231     0.48815750
       16     0.00000032     0.24693347     0.75306621
       17     0.00000105     0.26443511     0.73556384
       18     0.00000005     0.10463217     0.89536778
       19     0.00000050     0.04827069     0.95172881
       20     0.00000032     0.02601951     0.97398017
       21     0.00000026     0.01736558     0.98263415
       22     0.00000036     0.01441887     0.98558077
       23     0.00000027     0.01373351     0.98626622
       24     0.00000029     0.01381359     0.98618612
       25     0.00000030     0.01390791     0.98609179
       26     0.00000028     0.01378240     0.98621732
       27     0.00000024     0.01352672     0.98647304
       28     0.00000025     0.01312120     0.98687855
       29     0.00000024     0.01262966     0.98737010
       30     0.00000022     0.01211510     0.98788468
       31     0.00000024     0.01162758     0.98837218
       32     0.00000025     0.01119863     0.98880111
       33     0.00000020     0.01084940     0.98915041
       34     0.00000023     0.01060110     0.98939866
       35     0.00000018     0.01048558     0.98951424
       36     0.00000018     0.01054567     0.98945415
       37     0.00000025     0.01085781     0.98914194
       38     0.00000015     0.01167559     0.98832426
       39     0.00000015     0.01354795     0.98645190
       40     0.00000026     0.01871975     0.98128000
       41     0.00000016     0.04940532     0.95059452
       42     0.00000014     0.43176086     0.56823900
       43     0.00000029     0.88613807     0.11386164
       44     0.00000029     0.94498018     0.05501953
       45     0.00000015     0.95648139     0.04351846
       46     0.00000017     0.96114146     0.03885836
       47     0.00000025     0.96360298     0.03639677
       48     0.00000019     0.96509914     0.03490067
       49     0.00000013     0.96609072     0.03390915
       50     0.00000017     0.96673443     0.03326540
       51     0.00000015     0.96719851     0.03280133
       52     0.00000011     0.96760408     0.03239581
       53     0.00000012     0.96794401     0.03205587
       54     0.00000014     0.96825037     0.03174949
       55     0.00000012     0.96855078     0.03144910
       56     0.00000009     0.96886462     0.03113529
       57     0.00000010     0.96920592     0.03079398
       58     0.00000011     0.96958091     0.03041898
       59     0.00000009     0.96998932     0.03001059
       60     0.00000007     0.97042351     0.02957642
       61     0.00000008     0.97087044     0.02912948
       62     0.00000009     0.97131086     0.02868905
       63     0.00000008     0.97172476     0.02827516
       64     0.00000007     0.97209357     0.02790636
       65     0.00000008     0.97240432     0.02759559
       66     0.00000010     0.97265141     0.02734849
       67     0.00000010     0.97283753     0.02716237
       68     0.00000009     0.97305540     0.02694451
       69     0.00000008     0.97334134     0.02665858
       70     0.00000018     0.97354582     0.02645399
       71     0.00000028     0.97377264     0.02622708
       72     0.00000019     0.97404736     0.02595245
       73     0.00000014     0.97439312     0.02560674
       74     0.00000052     0.97481979     0.02517970
       75     0.00000083     0.97529730     0.02470187
       76     0.00000054     0.97581863     0.02418083
       77     0.00000025     0.97636191     0.02363784
       78     0.00000080     0.97682495     0.02317425
       79     0.00000184     0.97719804     0.02280012
       80     0.00000191     0.97753393     0.02246416
       81     0.00000119     0.97774226     0.02225655
       82     0.00000123     0.97783113     0.02216764
       83     0.00000223     0.97783888     0.02215889
       84     0.00000278     0.97783520     0.02216202
       85     0.00000232     0.97791344     0.02208425
       86     0.00000188     0.97817687     0.02182126
       87     0.00000229     0.97872409     0.02127362
       88     0.00000298     0.97963109     0.02036593
       89     0.00000304     0.98093498     0.01906198
       90     0.00000261     0.98261708     0.01738031
       91     0.00000248     0.98459814     0.01539938
       92     0.00000294     0.98674080     0.01325625
       93     0.00000358     0.98886500     0.01113142
       94     0.00000388     0.99077296     0.00922316
       95     0.00000393     0.99227731     0.00771876
       96     0.00000422     0.99323985     0.00675593
       97     0.00000496     0.99359947     0.00639557
       98     0.00000580     0.99339407     0.00660013
       99     0.00000627     0.99275974     0.00723399
      100     0.00000615     0.99189587     0.00809798
      101     0.00000535     0.99108370     0.00891094
      102     0.00000547     0.99057243     0.00942211
      103     0.00000728     0.99055519     0.00943753
      104     0.00000858     0.99114398     0.00884744
      105     0.00000814     0.99229481     0.00769705
      106     0.00000696     0.99384771     0.00614533
      107     0.00000664     0.99554373     0.00444964
      108     0.00000768     0.99708431     0.00290801
      109     0.00000928     0.99820413     0.00178660
      110     0.00001032     0.99874042     0.00124926
      111     0.00001051     0.99867914     0.00131035
      112     0.00001050     0.99816462     0.00182489
      113     0.00001099     0.99746192     0.00252709
      114     0.00001193     0.99687902     0.00310905
      115     0.00001268     0.99666765     0.00331967
      116     0.00001285     0.99693938     0.00304777
      117     0.00001268     0.99762709     0.00236023
      118     0.00001270     0.99851208     0.00147522
      119     0.00001327     0.99931056     0.00067617
      120     0.00001431     0.99978740     0.00019830
