#     Density Matrix: population Re; see the manual for detail orders
        0     0.00000000     0.00000000     1.00000000
        1     0.00000001     0.00000086     0.99999913
        2     0.00000001     0.00000438     0.99999562
        3     0.00000000     0.00000478     0.99999522
        4     0.00000003     0.00000312     0.99999685
        5     0.00000003     0.00000106     0.99999891
        6     0.00000009     0.00000151     0.99999840
        7     0.00000011     0.00000971     0.99999018
        8     0.00000015     0.00002671     0.99997314
        9     0.00000018     0.00005408     0.99994574
       10     0.00000022     0.00011172     0.99988807
       11     0.00000025     0.00027242     0.99972733
       12     0.00000029     0.00078906     0.99921065
       13     0.00000032     0.00278084     0.99721884
       14     0.00000034     0.01388055     0.98611910
       15     0.00000019     0.57490263     0.42509718
       16     0.00000010     0.30606538     0.69393452
       17     0.00000137     0.25016417     0.74983446
       18     0.00000025     0.14148301     0.85851674
       19     0.00000048     0.08737490     0.91262462
       20     0.00000057     0.05909609     0.94090334
       21     0.00000034     0.04409473     0.95590493
       22     0.00000049     0.03603618     0.96396333
       23     0.00000045     0.03153562     0.96846392
       24     0.00000045     0.02878332     0.97121624
       25     0.00000038     0.02680926     0.97319036
       26     0.00000042     0.02511754     0.97488204
       27     0.00000039     0.02349059     0.97650902
       28     0.00000034     0.02182644     0.97817323
       29     0.00000038     0.02008439     0.97991522
       30     0.00000037     0.01826220     0.98173742
       31     0.00000035     0.01637224     0.98362741
       32     0.00000037     0.01443527     0.98556436
       33     0.00000034     0.01250937     0.98749029
       34     0.00000030     0.01073909     0.98926062
       35     0.00000028     0.00947903     0.99052069
       36     0.00000029     0.00964961     0.99035010
       37     0.00000023     0.01384042     0.98615935
       38     0.00000021     0.03016543     0.96983436
       39     0.00000022     0.08553111     0.91446866
       40     0.00000019     0.24428092     0.75571890
       41     0.00000017     0.51331705     0.48668278
       42     0.00000021     0.73037296     0.26962682
       43     0.00000016     0.83012169     0.16987815
       44     0.00000011     0.87443829     0.12556160
       45     0.00000014     0.89710284     0.10289702
       46     0.00000014     0.91020030     0.08979956
       47     0.00000009     0.91847444     0.08152546
       48     0.00000008     0.92404589     0.07595403
       49     0.00000011     0.92798320     0.07201669
       50     0.00000010     0.93087268     0.06912722
       51     0.00000007     0.93305769     0.06694224
       52     0.00000008     0.93475963     0.06524030
       53     0.00000009     0.93611762     0.06388228
       54     0.00000008     0.93722838     0.06277154
       55     0.00000006     0.93816237     0.06183757
       56     0.00000008     0.93896664     0.06103328
       57     0.00000009     0.93967882     0.06032109
       58     0.00000007     0.94032139     0.05967854
       59     0.00000007     0.94091019     0.05908974
       60     0.00000009     0.94145622     0.05854369
       61     0.00000010     0.94196452     0.05803538
       62     0.00000009     0.94243585     0.05756406
       63     0.00000009     0.94287348     0.05712643
       64     0.00000010     0.94327636     0.05672354
       65     0.00000011     0.94364852     0.05635138
       66     0.00000011     0.94399309     0.05600680
       67     0.00000013     0.94431507     0.05568480
       68     0.00000013     0.94462233     0.05537753
       69     0.00000013     0.94492621     0.05507366
       70     0.00000015     0.94523613     0.05476371
       71     0.00000018     0.94556431     0.05443551
       72     0.00000020     0.94591970     0.05408010
       73     0.00000020     0.94630830     0.05369150
       74     0.00000020     0.94673265     0.05326715
       75     0.00000023     0.94719101     0.05280877
       76     0.00000024     0.94767888     0.05232088
       77     0.00000024     0.94818914     0.05181063
       78     0.00000024     0.94871365     0.05128611
       79     0.00000026     0.94924620     0.05075354
       80     0.00000028     0.94978245     0.05021727
       81     0.00000028     0.95032211     0.04967761
       82     0.00000028     0.95087162     0.04912810
       83     0.00000031     0.95143838     0.04856131
       84     0.00000034     0.95203480     0.04796486
       85     0.00000036     0.95267387     0.04732577
       86     0.00000039     0.95336546     0.04663416
       87     0.00000043     0.95411756     0.04588201
       88     0.00000049     0.95492877     0.04507075
       89     0.00000053     0.95579505     0.04420442
       90     0.00000058     0.95670483     0.04329459
       91     0.00000064     0.95764541     0.04235395
       92     0.00000072     0.95860603     0.04139325
       93     0.00000078     0.95958106     0.04041815
       94     0.00000084     0.96057312     0.03942604
       95     0.00000090     0.96159594     0.03840315
       96     0.00000098     0.96267971     0.03731931
       97     0.00000105     0.96386044     0.03613851
       98     0.00000111     0.96517742     0.03482147
       99     0.00000118     0.96665948     0.03333934
      100     0.00000126     0.96832321     0.03167553
      101     0.00000135     0.97015871     0.02983993
      102     0.00000145     0.97213202     0.02786654
      103     0.00000156     0.97418526     0.02581318
      104     0.00000169     0.97624388     0.02375443
      105     0.00000184     0.97822470     0.02177345
      106     0.00000201     0.98005564     0.01994235
      107     0.00000219     0.98168396     0.01831384
      108     0.00000238     0.98308203     0.01691559
      109     0.00000259     0.98425702     0.01574040
      110     0.00000280     0.98523872     0.01475848
      111     0.00000299     0.98608017     0.01391683
      112     0.00000317     0.98684087     0.01315596
      113     0.00000331     0.98757596     0.01242073
      114     0.00000342     0.98832735     0.01166923
      115     0.00000349     0.98911521     0.01088130
      116     0.00000352     0.98994111     0.01005537
      117     0.00000353     0.99078878     0.00920769
      118     0.00000352     0.99163205     0.00836443
      119     0.00000352     0.99243963     0.00755686
      120     0.00000352     0.99318357     0.00681291
