#     Density Matrix: population Re; see the manual for detail orders
        0     0.00000000     0.00000000     1.00000000
        1     0.00000001     0.00002661     0.99997338
        2     0.00000003     0.00024626     0.99975370
        3     0.00000007     0.00066284     0.99933710
        4     0.00000011     0.00113616     0.99886374
        5     0.00000015     0.00154642     0.99845343
        6     0.00000023     0.00212297     0.99787680
        7     0.00000026     0.00411781     0.99588193
        8     0.00000038     0.01178110     0.98821853
        9     0.00000035     0.04014321     0.95985644
       10     0.00000044     0.14352922     0.85647033
       11     0.00000023     0.39456447     0.60543530
       12     0.00000050     0.54844304     0.45155646
       13     0.00000076     0.41322676     0.58677249
       14     0.00000080     0.31885820     0.68114099
       15     0.00000007     0.27524380     0.72475613
       16     0.00000092     0.24449148     0.75550760
       17     0.00000044     0.22601661     0.77398295
       18     0.00000027     0.21766072     0.78233901
       19     0.00000096     0.21719687     0.78280217
       20     0.00000015     0.22280300     0.77719685
       21     0.00000049     0.23319619     0.76680332
       22     0.00000076     0.24761105     0.75238819
       23     0.00000004     0.26573456     0.73426540
       24     0.00000061     0.28758407     0.71241532
       25     0.00000058     0.31341312     0.68658629
       26     0.00000002     0.34364992     0.65635005
       27     0.00000060     0.37870769     0.62129170
       28     0.00000050     0.41890704     0.58109246
       29     0.00000001     0.46421794     0.53578205
       30     0.00000050     0.51404901     0.48595049
       31     0.00000048     0.56702105     0.43297847
       32     0.00000001     0.62078780     0.37921219
       33     0.00000031     0.67215881     0.32784088
       34     0.00000048     0.71740359     0.28259593
       35     0.00000008     0.75183506     0.24816486
       36     0.00000011     0.76927568     0.23072421
       37     0.00000046     0.77493072     0.22506882
       38     0.00000024     0.77008656     0.22991320
       39     0.00000001     0.75460193     0.24539806
       40     0.00000036     0.72549346     0.27450618
       41     0.00000043     0.66379783     0.33620174
       42     0.00000005     0.43847822     0.56152173
       43     0.00000037     0.27164336     0.72835628
       44     0.00000101     0.24879011     0.75120888
       45     0.00000057     0.22888039     0.77111905
       46     0.00000007     0.20874909     0.79125084
       47     0.00000057     0.19312835     0.80687108
       48     0.00000077     0.19108000     0.80891923
       49     0.00000029     0.23039307     0.76960664
       50     0.00000025     0.35139025     0.64860950
       51     0.00000036     0.45860777     0.54139187
       52     0.00000029     0.62864989     0.37134981
       53     0.00000025     0.71014186     0.28985789
       54     0.00000036     0.74657518     0.25342445
       55     0.00000047     0.76491541     0.23508412
       56     0.00000029     0.77540373     0.22459598
       57     0.00000020     0.78237963     0.21762017
       58     0.00000049     0.78807754     0.21192197
       59     0.00000050     0.79381532     0.20618417
       60     0.00000016     0.80063227     0.19936757
       61     0.00000033     0.80969797     0.19030170
       62     0.00000064     0.82105064     0.17894872
       63     0.00000028     0.83346684     0.16653288
       64     0.00000019     0.84672744     0.15327236
       65     0.00000059     0.86085149     0.13914792
       66     0.00000037     0.87628473     0.12371490
       67     0.00000019     0.89417799     0.10582182
       68     0.00000048     0.91693819     0.08306133
       69     0.00000037     0.94920058     0.05079906
       70     0.00000022     0.98960700     0.01039278
       71     0.00000027     0.76336122     0.23663852
       72     0.00000126     0.34175766     0.65824107
       73     0.00000232     0.56594623     0.43405145
       74     0.00000087     0.79254376     0.20745537
       75     0.00000097     0.88858173     0.11141731
       76     0.00000140     0.93160953     0.06838906
       77     0.00000078     0.95106168     0.04893754
       78     0.00000129     0.95889580     0.04110291
       79     0.00000100     0.96162341     0.03837559
       80     0.00000104     0.96324015     0.03675881
       81     0.00000121     0.96571402     0.03428477
       82     0.00000086     0.96932181     0.03067734
       83     0.00000128     0.97335217     0.02664655
       84     0.00000092     0.97691119     0.02308789
       85     0.00000114     0.97949027     0.02050859
       86     0.00000102     0.98114972     0.01884926
       87     0.00000106     0.98232222     0.01767673
       88     0.00000116     0.98342721     0.01657163
       89     0.00000096     0.98460097     0.01539807
       90     0.00000112     0.98573590     0.01426298
       91     0.00000104     0.98670866     0.01329030
       92     0.00000114     0.98753829     0.01246057
       93     0.00000094     0.98832983     0.01166923
       94     0.00000118     0.98910863     0.01089019
       95     0.00000105     0.98976526     0.01023369
       96     0.00000000     1.00000000     0.00000000
       97     0.00000001     0.99999863     0.00000137
       98     0.00000001     0.99999511     0.00000488
       99     0.00000000     0.99999218     0.00000781
      100     0.00000001     0.99999261     0.00000739
      101     0.00000001     0.99999595     0.00000403
      102     0.00000000     0.99999822     0.00000177
      103     0.00000001     0.99999537     0.00000463
      104     0.00000002     0.99998769     0.00001229
      105     0.00000001     0.99998034     0.00001965
      106     0.00000001     0.99997861     0.00002138
      107     0.00000003     0.99998262     0.00001735
      108     0.00000002     0.99998621     0.00001376
      109     0.00000002     0.99998170     0.00001828
      110     0.00000004     0.99996681     0.00003315
      111     0.00000004     0.99994748     0.00005248
      112     0.00000002     0.99993331     0.00006667
      113     0.00000005     0.99992967     0.00007028
      114     0.00000007     0.99993221     0.00006772
      115     0.00000003     0.99992912     0.00007085
      116     0.00000005     0.99990950     0.00009045
      117     0.00000008     0.99987209     0.00012783
      118     0.00000005     0.99982679     0.00017315
      119     0.00000004     0.99978824     0.00021173
      120     0.00000007     0.99976560     0.00023432
