#     Density Matrix: population Re; see the manual for detail orders
        0     0.00000000     0.00000000     1.00000000
        1     0.00000000     0.00000179     0.99999820
        2     0.00000002     0.00002560     0.99997439
        3     0.00000004     0.00010937     0.99989059
        4     0.00000008     0.00028059     0.99971933
        5     0.00000012     0.00054708     0.99945279
        6     0.00000018     0.00093590     0.99906391
        7     0.00000025     0.00161333     0.99838642
        8     0.00000033     0.00318195     0.99681772
        9     0.00000040     0.00754614     0.99245345
       10     0.00000049     0.02100683     0.97899268
       11     0.00000053     0.06626236     0.93373712
       12     0.00000050     0.20960999     0.79038951
       13     0.00000088     0.51805471     0.48194442
       14     0.00000017     0.56279696     0.43720287
       15     0.00000183     0.44600350     0.55399467
       16     0.00000131     0.36579779     0.63420090
       17     0.00000073     0.31897594     0.68102332
       18     0.00000197     0.29351868     0.70647935
       19     0.00000053     0.28112537     0.71887410
       20     0.00000066     0.27625592     0.72374342
       21     0.00000119     0.27514147     0.72485734
       22     0.00000011     0.27520533     0.72479456
       23     0.00000046     0.27473144     0.72526809
       24     0.00000063     0.27266889     0.72733048
       25     0.00000001     0.26850809     0.73149190
       26     0.00000039     0.26220322     0.73779639
       27     0.00000037     0.25413577     0.74586387
       28     0.00000002     0.24511233     0.75488765
       29     0.00000037     0.23636550     0.76363413
       30     0.00000029     0.22953980     0.77045991
       31     0.00000004     0.22665024     0.77334972
       32     0.00000028     0.22997048     0.77002923
       33     0.00000023     0.24179776     0.75820201
       34     0.00000008     0.26405787     0.73594204
       35     0.00000019     0.29766258     0.70233724
       36     0.00000020     0.34155906     0.65844075
       37     0.00000017     0.39141521     0.60858462
       38     0.00000011     0.43802177     0.56197812
       39     0.00000021     0.46597272     0.53402708
       40     0.00000028     0.45440214     0.54559758
       41     0.00000004     0.38405304     0.61594693
       42     0.00000034     0.25552376     0.74447590
       43     0.00000041     0.11048254     0.88951705
       44     0.00000000     0.02009498     0.97990502
       45     0.00000051     0.02604179     0.97395770
       46     0.00000036     0.10381842     0.89618122
       47     0.00000006     0.19584381     0.80415613
       48     0.00000061     0.25844762     0.74155176
       49     0.00000010     0.27698623     0.72301367
       50     0.00000039     0.25891425     0.74108536
       51     0.00000072     0.22222621     0.77777307
       52     0.00000002     0.18586495     0.81413504
       53     0.00000076     0.16321929     0.83677995
       54     0.00000035     0.15895369     0.84104595
       55     0.00000022     0.16930658     0.83069321
       56     0.00000070     0.18534303     0.81465628
       57     0.00000000     0.19776240     0.80223759
       58     0.00000074     0.20121036     0.79878891
       59     0.00000022     0.19615512     0.80384466
       60     0.00000039     0.18754951     0.81245010
       61     0.00000061     0.18125320     0.81874620
       62     0.00000004     0.18042481     0.81957514
       63     0.00000062     0.18409736     0.81590202
       64     0.00000001     0.18863658     0.81136342
       65     0.00000057     0.19077102     0.80922841
       66     0.00000013     0.18980872     0.81019115
       67     0.00000039     0.18748914     0.81251047
       68     0.00000039     0.18597277     0.81402684
       69     0.00000009     0.18597416     0.81402575
       70     0.00000031     0.18665137     0.81334833
       71     0.00000010     0.18699807     0.81300183
       72     0.00000042     0.18702108     0.81297850
       73     0.00000001     0.18741876     0.81258123
       74     0.00000043     0.18829819     0.81170138
       75     0.00000017     0.18865540     0.81134444
       76     0.00000014     0.18748469     0.81251518
       77     0.00000011     0.18535014     0.81464975
       78     0.00000033     0.18438497     0.81561470
       79     0.00000018     0.18620328     0.81379654
       80     0.00000008     0.18973855     0.81026137
       81     0.00000035     0.19162051     0.80837915
       82     0.00000021     0.18932836     0.81067143
       83     0.00000006     0.18419446     0.81580548
       84     0.00000019     0.18089120     0.81910861
       85     0.00000040     0.18324531     0.81675429
       86     0.00000012     0.19013104     0.80986884
       87     0.00000010     0.19569984     0.80430006
       88     0.00000036     0.19435208     0.80564756
       89     0.00000026     0.18614706     0.81385268
       90     0.00000005     0.17750644     0.82249350
       91     0.00000017     0.17610751     0.82389232
       92     0.00000054     0.18416370     0.81583576
       93     0.00000017     0.19601195     0.80398788
       94     0.00000008     0.20232064     0.79767928
       95     0.00000033     0.19757290     0.80242677
       96     0.00000026     0.18466483     0.81533491
       97     0.00000021     0.17289196     0.82710783
       98     0.00000001     0.17095062     0.82904937
       99     0.00000063     0.18045619     0.81954318
      100     0.00000056     0.19487090     0.80512854
      101     0.00000000     0.20438530     0.79561470
      102     0.00000035     0.20287535     0.79712431
      103     0.00000018     0.19185063     0.80814919
      104     0.00000033     0.17888951     0.82111016
      105     0.00000025     0.17214269     0.82785706
      106     0.00000011     0.17502276     0.82497713
      107     0.00000097     0.18458941     0.81540961
      108     0.00000050     0.19423524     0.80576426
      109     0.00000004     0.19834153     0.80165842
      110     0.00000042     0.19560124     0.80439834
      111     0.00000010     0.18904787     0.81095203
      112     0.00000042     0.18331231     0.81668728
      113     0.00000036     0.18138293     0.81861671
      114     0.00000008     0.18310935     0.81689057
      115     0.00000090     0.18614076     0.81385834
      116     0.00000055     0.18815854     0.81184090
      117     0.00000001     0.18852412     0.81147588
      118     0.00000031     0.18819576     0.81180393
      119     0.00000007     0.18829924     0.81170069
      120     0.00000039     0.18882952     0.81117009
