#     Density Matrix: population Re; see the manual for detail orders
        0     0.00000000     0.00000000     1.00000000
        1     0.00000001     0.00000040     0.99999959
        2     0.00000003     0.00000196     0.99999801
        3     0.00000008     0.00000212     0.99999780
        4     0.00000014     0.00000596     0.99999390
        5     0.00000024     0.00002809     0.99997167
        6     0.00000033     0.00009118     0.99990848
        7     0.00000044     0.00024000     0.99975955
        8     0.00000057     0.00063972     0.99935972
        9     0.00000065     0.00220558     0.99779377
       10     0.00000077     0.01397825     0.98602098
       11     0.00000064     0.42917849     0.57082086
       12     0.00000006     0.72226084     0.27773910
       13     0.00000152     0.20741266     0.79258582
       14     0.00000068     0.17014810     0.82985121
       15     0.00000062     0.15398255     0.84601683
       16     0.00000170     0.14768337     0.85231492
       17     0.00000002     0.14649450     0.85350548
       18     0.00000152     0.14795279     0.85204570
       19     0.00000100     0.15068267     0.84931633
       20     0.00000022     0.15391603     0.84608375
       21     0.00000187     0.15723325     0.84276488
       22     0.00000055     0.16040159     0.83959786
       23     0.00000044     0.16332135     0.83667820
       24     0.00000163     0.16597515     0.83402322
       25     0.00000030     0.16837239     0.83162731
       26     0.00000048     0.17052923     0.82947029
       27     0.00000133     0.17245816     0.82754051
       28     0.00000025     0.17416336     0.82583639
       29     0.00000039     0.17564038     0.82435923
       30     0.00000118     0.17687991     0.82311891
       31     0.00000036     0.17787701     0.82212263
       32     0.00000026     0.17867203     0.82132771
       33     0.00000116     0.17953281     0.82046603
       34     0.00000060     0.18212164     0.81787776
       35     0.00000015     0.20322965     0.79677021
       36     0.00000087     0.39109929     0.60889984
       37     0.00000076     0.67154916     0.32845008
       38     0.00000012     0.75433432     0.24566556
       39     0.00000078     0.77415697     0.22584225
       40     0.00000115     0.78094778     0.21905106
       41     0.00000033     0.78366706     0.21633261
       42     0.00000036     0.78466309     0.21533656
       43     0.00000113     0.78476355     0.21523531
       44     0.00000076     0.78432096     0.21567828
       45     0.00000014     0.78350731     0.21649255
       46     0.00000071     0.78242023     0.21757906
       47     0.00000111     0.78113427     0.21886462
       48     0.00000044     0.77971412     0.22028545
       49     0.00000023     0.77822179     0.22177798
       50     0.00000088     0.77672282     0.22327631
       51     0.00000092     0.77528693     0.22471215
       52     0.00000032     0.77398112     0.22601856
       53     0.00000033     0.77286307     0.22713660
       54     0.00000083     0.77197945     0.22801972
       55     0.00000081     0.77136056     0.22863863
       56     0.00000036     0.77101237     0.22898727
       57     0.00000031     0.77091452     0.22908517
       58     0.00000076     0.77102418     0.22897505
       59     0.00000092     0.77127937     0.22871971
       60     0.00000042     0.77160290     0.22839667
       61     0.00000021     0.77191290     0.22808690
       62     0.00000088     0.77213665     0.22786248
       63     0.00000120     0.77222098     0.22777782
       64     0.00000041     0.77213797     0.22786161
       65     0.00000015     0.77189002     0.22810982
       66     0.00000122     0.77151167     0.22848711
       67     0.00000151     0.77106291     0.22893558
       68     0.00000035     0.77061526     0.22938439
       69     0.00000023     0.77023761     0.22976216
       70     0.00000164     0.76998400     0.23001436
       71     0.00000171     0.76988184     0.23011644
       72     0.00000028     0.76992290     0.23007682
       73     0.00000035     0.77006432     0.22993533
       74     0.00000182     0.77024094     0.22975725
       75     0.00000168     0.77038249     0.22961583
       76     0.00000026     0.77043058     0.22956916
       77     0.00000027     0.77035572     0.22964400
       78     0.00000133     0.77017281     0.22982587
       79     0.00000130     0.76994617     0.23005253
       80     0.00000051     0.76977680     0.23022270
       81     0.00000018     0.76977502     0.23022481
       82     0.00000029     0.77002783     0.22997188
       83     0.00000096     0.77056447     0.22943457
       84     0.00000190     0.77132215     0.22867595
       85     0.00000145     0.77212292     0.22787563
       86     0.00000021     0.77267873     0.22732107
       87     0.00000160     0.77263271     0.22736568
       88     0.00000497     0.77162902     0.22836601
       89     0.00000508     0.76940112     0.23059381
       90     0.00000212     0.76586703     0.23413085
       91     0.00000252     0.76121769     0.23877979
       92     0.00000666     0.75596456     0.24402878
       93     0.00000749     0.75091763     0.24907488
       94     0.00000354     0.74707447     0.25292199
       95     0.00000120     0.74543463     0.25456417
       96     0.00000273     0.74675821     0.25323906
       97     0.00000387     0.75132624     0.24866988
       98     0.00000287     0.75875090     0.24124623
       99     0.00000162     0.76790919     0.23208919
      100     0.00000069     0.77706748     0.22293183
      101     0.00000115     0.78421596     0.21578289
      102     0.00000553     0.78754978     0.21244469
      103     0.00001117     0.78598747     0.21400136
      104     0.00001142     0.77958106     0.22040752
      105     0.00000750     0.76966249     0.23033000
      106     0.00000765     0.75864231     0.24135004
      107     0.00001236     0.74943769     0.25054995
      108     0.00001340     0.74465536     0.25533124
      109     0.00000833     0.74576050     0.25423117
      110     0.00000310     0.75251200     0.24748490
      111     0.00000131     0.76289364     0.23710505
      112     0.00000264     0.77362750     0.22636985
      113     0.00000828     0.78117512     0.21881659
      114     0.00001680     0.78293241     0.21705079
      115     0.00002073     0.77821654     0.22176273
      116     0.00001718     0.76867696     0.23130587
      117     0.00001354     0.75788063     0.24210582
      118     0.00001497     0.75009335     0.24989168
      119     0.00001645     0.74862300     0.25136054
      120     0.00001390     0.75431946     0.24566664
