#     Density Matrix: population Re; see the manual for detail orders
        0     0.00000000     0.00000000     1.00000000
        1     0.00000000     0.00001019     0.99998981
        2     0.00000001     0.00008428     0.99991571
        3     0.00000003     0.00019571     0.99980425
        4     0.00000006     0.00028611     0.99971383
        5     0.00000009     0.00031740     0.99968250
        6     0.00000012     0.00032748     0.99967240
        7     0.00000015     0.00049519     0.99950466
        8     0.00000017     0.00129707     0.99870276
        9     0.00000020     0.00425018     0.99574962
       10     0.00000021     0.01667282     0.98332697
       11     0.00000008     0.50923732     0.49076260
       12     0.00000019     0.27923490     0.72076492
       13     0.00000127     0.33056309     0.66943564
       14     0.00000011     0.17881965     0.82118025
       15     0.00000047     0.10772207     0.89227745
       16     0.00000040     0.07409237     0.92590724
       17     0.00000015     0.05842490     0.94157494
       18     0.00000032     0.05126922     0.94873046
       19     0.00000016     0.04786209     0.95213775
       20     0.00000017     0.04585793     0.95414190
       21     0.00000018     0.04414968     0.95585014
       22     0.00000014     0.04231082     0.95768904
       23     0.00000015     0.04024633     0.95975352
       24     0.00000013     0.03800480     0.96199507
       25     0.00000018     0.03569879     0.96430103
       26     0.00000019     0.03346250     0.96653731
       27     0.00000022     0.03139319     0.96860659
       28     0.00000023     0.02959201     0.97040777
       29     0.00000022     0.02815098     0.97184879
       30     0.00000024     0.02715319     0.97284657
       31     0.00000024     0.02668395     0.97331581
       32     0.00000023     0.02684854     0.97315122
       33     0.00000022     0.02780070     0.97219908
       34     0.00000020     0.02969371     0.97030609
       35     0.00000018     0.03303681     0.96696301
       36     0.00000020     0.03840812     0.96159168
       37     0.00000020     0.04687987     0.95311993
       38     0.00000018     0.06118001     0.93881980
       39     0.00000022     0.08829933     0.91170045
       40     0.00000020     0.14997107     0.85002873
       41     0.00000019     0.28699225     0.71300756
       42     0.00000024     0.52043655     0.47956321
       43     0.00000018     0.73393708     0.26606274
       44     0.00000012     0.84984750     0.15015237
       45     0.00000016     0.90250866     0.09749118
       46     0.00000016     0.92802177     0.07197807
       47     0.00000010     0.94145351     0.05854639
       48     0.00000008     0.94911074     0.05088918
       49     0.00000012     0.95408125     0.04591863
       50     0.00000011     0.95746629     0.04253359
       51     0.00000006     0.95976125     0.04023869
       52     0.00000005     0.96134258     0.03865737
       53     0.00000007     0.96243541     0.03756451
       54     0.00000006     0.96318435     0.03681559
       55     0.00000003     0.96368934     0.03631063
       56     0.00000003     0.96402241     0.03597756
       57     0.00000005     0.96427711     0.03572284
       58     0.00000004     0.96448432     0.03551564
       59     0.00000001     0.96459898     0.03540101
       60     0.00000002     0.96471604     0.03528394
       61     0.00000004     0.96485341     0.03514654
       62     0.00000003     0.96503182     0.03496814
       63     0.00000002     0.96526347     0.03473651
       64     0.00000004     0.96555488     0.03444508
       65     0.00000006     0.96590663     0.03409330
       66     0.00000006     0.96631312     0.03368682
       67     0.00000006     0.96678344     0.03321650
       68     0.00000010     0.96730457     0.03269533
       69     0.00000013     0.96784148     0.03215839
       70     0.00000013     0.96837050     0.03162936
       71     0.00000016     0.96887182     0.03112802
       72     0.00000021     0.96934005     0.03065974
       73     0.00000025     0.96977630     0.03022345
       74     0.00000024     0.97019149     0.02980826
       75     0.00000026     0.97060931     0.02939043
       76     0.00000030     0.97106869     0.02893101
       77     0.00000032     0.97160907     0.02839061
       78     0.00000025     0.97245442     0.02754533
       79     0.00000011     0.97351674     0.02648315
       80     0.00000016     0.97460582     0.02539401
       81     0.00000039     0.97586088     0.02413873
       82     0.00000053     0.97721019     0.02278928
       83     0.00000051     0.97870368     0.02129582
       84     0.00000063     0.98019080     0.01980857
       85     0.00000092     0.98135748     0.01864160
       86     0.00000117     0.98216011     0.01783872
       87     0.00000133     0.98256131     0.01743737
       88     0.00000152     0.98251380     0.01748467
       89     0.00000184     0.98203752     0.01796065
       90     0.00000210     0.98123809     0.01875980
       91     0.00000220     0.98021576     0.01978204
       92     0.00000224     0.97922251     0.02077525
       93     0.00000231     0.97871274     0.02128495
       94     0.00000235     0.97892980     0.02106785
       95     0.00000227     0.97996910     0.02002863
       96     0.00000215     0.98186714     0.01813071
       97     0.00000211     0.98450213     0.01549577
       98     0.00000212     0.98762477     0.01237311
       99     0.00000222     0.99085858     0.00913920
      100     0.00000256     0.99373121     0.00626623
      101     0.00000306     0.99589567     0.00410126
      102     0.00000359     0.99716166     0.00283475
      103     0.00000402     0.99748939     0.00250659
      104     0.00000435     0.99703029     0.00296536
      105     0.00000514     0.99612034     0.00387452
      106     0.00000596     0.99518202     0.00481202
      107     0.00000626     0.99459167     0.00540206
      108     0.00000619     0.99460850     0.00538531
      109     0.00000623     0.99529166     0.00470210
      110     0.00000663     0.99648358     0.00350979
      111     0.00000711     0.99787173     0.00212115
      112     0.00000748     0.99906428     0.00092824
      113     0.00000832     0.99975558     0.00023610
      114     0.00000933     0.99985947     0.00013120
      115     0.00001015     0.99949369     0.00049617
      116     0.00001116     0.99895963     0.00102921
      117     0.00001218     0.99857630     0.00141152
      118     0.00001307     0.99854066     0.00144626
      119     0.00001396     0.99885409     0.00113195
      120     0.00001478     0.99934352     0.00064169
