#     Density Matrix: population Re; see the manual for detail orders
        0     0.00000000     0.00000000     1.00000000
        1     0.00000001     0.00000708     0.99999291
        2     0.00000001     0.00005413     0.99994587
        3     0.00000000     0.00010421     0.99989578
        4     0.00000001     0.00010597     0.99989402
        5     0.00000000     0.00005728     0.99994272
        6     0.00000008     0.00000909     0.99999083
        7     0.00000007     0.00001140     0.99998853
        8     0.00000027     0.00007020     0.99992954
        9     0.00000024     0.00015381     0.99984595
       10     0.00000049     0.00022286     0.99977665
       11     0.00000043     0.00027776     0.99972181
       12     0.00000071     0.00045916     0.99954013
       13     0.00000057     0.00136132     0.99863811
       14     0.00000083     0.00560208     0.99439709
       15     0.00000061     0.03104475     0.96895464
       16     0.00000069     0.29516474     0.70483457
       17     0.00000006     0.76368501     0.23631493
       18     0.00000068     0.43009501     0.56990431
       19     0.00000076     0.25892835     0.74107089
       20     0.00000042     0.19626837     0.80373121
       21     0.00000118     0.17117060     0.82882822
       22     0.00000036     0.16226290     0.83773675
       23     0.00000048     0.16056701     0.83943251
       24     0.00000035     0.16162849     0.83837117
       25     0.00000033     0.16310160     0.83689807
       26     0.00000070     0.16375653     0.83624276
       27     0.00000036     0.16310721     0.83689242
       28     0.00000044     0.16077205     0.83922751
       29     0.00000070     0.15675437     0.84324494
       30     0.00000036     0.15097919     0.84902045
       31     0.00000046     0.14351288     0.85648667
       32     0.00000068     0.13455169     0.86544763
       33     0.00000042     0.12332464     0.87667494
       34     0.00000046     0.10955194     0.89044760
       35     0.00000072     0.09324374     0.90675554
       36     0.00000051     0.07442462     0.92557487
       37     0.00000042     0.05557304     0.94442655
       38     0.00000069     0.05158834     0.94841097
       39     0.00000059     0.11633099     0.88366842
       40     0.00000036     0.29877255     0.70122709
       41     0.00000063     0.50071967     0.49927970
       42     0.00000082     0.64483485     0.35516433
       43     0.00000065     0.74038673     0.25961262
       44     0.00000059     0.79504860     0.20495081
       45     0.00000080     0.82699979     0.17299941
       46     0.00000079     0.84653633     0.15346288
       47     0.00000059     0.85837485     0.14162456
       48     0.00000064     0.86529284     0.13470653
       49     0.00000092     0.86954811     0.13045096
       50     0.00000085     0.87187755     0.12812159
       51     0.00000063     0.87245269     0.12754668
       52     0.00000081     0.87164424     0.12835495
       53     0.00000104     0.86973899     0.13025997
       54     0.00000079     0.86688409     0.13311512
       55     0.00000058     0.86331700     0.13668241
       56     0.00000109     0.85946708     0.14053183
       57     0.00000128     0.85557090     0.14442781
       58     0.00000077     0.85178530     0.14821393
       59     0.00000072     0.84835961     0.15163967
       60     0.00000126     0.84553437     0.15446437
       61     0.00000121     0.84352542     0.15647337
       62     0.00000066     0.84250546     0.15749389
       63     0.00000072     0.84258599     0.15741329
       64     0.00000098     0.84383133     0.15616769
       65     0.00000059     0.84618174     0.15381768
       66     0.00000027     0.84944620     0.15055353
       67     0.00000044     0.85345168     0.14654788
       68     0.00000076     0.85810952     0.14188972
       69     0.00000075     0.86315701     0.13684224
       70     0.00000034     0.86813353     0.13186613
       71     0.00000044     0.87251687     0.12748269
       72     0.00000146     0.87605222     0.12394632
       73     0.00000229     0.87876050     0.12123720
       74     0.00000196     0.88058043     0.11941761
       75     0.00000151     0.88125642     0.11874207
       76     0.00000361     0.88059263     0.11940375
       77     0.00000638     0.87866570     0.12132792
       78     0.00000570     0.87525620     0.12473810
       79     0.00000351     0.87036998     0.12962651
       80     0.00000545     0.86456740     0.13542715
       81     0.00000832     0.85874189     0.14124979
       82     0.00000694     0.85334938     0.14664368
       83     0.00000399     0.84928031     0.15071569
       84     0.00000382     0.84763056     0.15236562
       85     0.00000502     0.84898207     0.15101291
       86     0.00000416     0.85372296     0.14627288
       87     0.00000199     0.86139887     0.13859914
       88     0.00000092     0.87077785     0.12922123
       89     0.00000184     0.88030023     0.11969793
       90     0.00000462     0.88789234     0.11210304
       91     0.00000691     0.89160818     0.10838492
       92     0.00000622     0.89019187     0.10980191
       93     0.00000527     0.88357663     0.11641811
       94     0.00000800     0.87313351     0.12685849
       95     0.00001130     0.86150843     0.13848027
       96     0.00000972     0.85199201     0.14799827
       97     0.00000522     0.84754063     0.15245416
       98     0.00000305     0.84972433     0.15027262
       99     0.00000351     0.85798094     0.14201554
      100     0.00000482     0.86954757     0.13044761
      101     0.00000666     0.88030282     0.11969052
      102     0.00000783     0.88604871     0.11394346
      103     0.00000784     0.88445544     0.11553673
      104     0.00000993     0.87627234     0.12371773
      105     0.00001456     0.86521587     0.13476957
      106     0.00001591     0.85653824     0.14344585
      107     0.00001170     0.85453517     0.14545313
      108     0.00000696     0.86018413     0.13980891
      109     0.00000582     0.87030399     0.12969019
      110     0.00000953     0.87902582     0.12096465
      111     0.00001823     0.88112504     0.11885673
      112     0.00002675     0.87534940     0.12462385
      113     0.00002845     0.86558271     0.13438884
      114     0.00002346     0.85882109     0.14115544
      115     0.00001786     0.85985293     0.14012922
      116     0.00001791     0.86773948     0.13224262
      117     0.00002684     0.87599237     0.12398079
      118     0.00004269     0.87771532     0.12224199
      119     0.00005653     0.87164142     0.12830205
      120     0.00005823     0.86350442     0.13643735
