#     Density Matrix: population Re; see the manual for detail orders
        0     0.00000000     0.00000000     1.00000000
        1     0.00000005     0.00000035     0.99999960
        2     0.00000007     0.00000119     0.99999874
        3     0.00000014     0.00000127     0.99999859
        4     0.00000017     0.00000750     0.99999233
        5     0.00000023     0.00002599     0.99997378
        6     0.00000026     0.00005936     0.99994038
        7     0.00000030     0.00012138     0.99987832
        8     0.00000033     0.00027142     0.99972825
        9     0.00000037     0.00072311     0.99927652
       10     0.00000039     0.00239430     0.99760531
       11     0.00000040     0.01132589     0.98867371
       12     0.00000021     0.54548204     0.45451775
       13     0.00000024     0.30225946     0.69774030
       14     0.00000133     0.24715471     0.75284396
       15     0.00000012     0.14607410     0.85392578
       16     0.00000047     0.09365739     0.90634213
       17     0.00000043     0.06503708     0.93496250
       18     0.00000025     0.04915959     0.95084016
       19     0.00000046     0.04027503     0.95972451
       20     0.00000037     0.03523410     0.96476553
       21     0.00000023     0.03227501     0.96772476
       22     0.00000026     0.03043087     0.96956887
       23     0.00000024     0.02917336     0.97082640
       24     0.00000014     0.02823376     0.97176610
       25     0.00000026     0.02747377     0.97252597
       26     0.00000052     0.02681348     0.97318599
       27     0.00000028     0.02620705     0.97379267
       28     0.00000021     0.02564559     0.97435420
       29     0.00000033     0.02509031     0.97490936
       30     0.00000033     0.02449454     0.97550513
       31     0.00000028     0.02383143     0.97616829
       32     0.00000033     0.02303784     0.97696183
       33     0.00000036     0.02199206     0.97800758
       34     0.00000031     0.02043032     0.97956937
       35     0.00000031     0.01784983     0.98214986
       36     0.00000025     0.08998986     0.91000989
       37     0.00000017     0.61927002     0.38072981
       38     0.00000029     0.90585128     0.09414843
       39     0.00000038     0.92248021     0.07751941
       40     0.00000022     0.92804718     0.07195260
       41     0.00000017     0.93090519     0.06909465
       42     0.00000023     0.93270115     0.06729862
       43     0.00000017     0.93394164     0.06605818
       44     0.00000006     0.93486203     0.06513790
       45     0.00000017     0.93564098     0.06435885
       46     0.00000022     0.93632858     0.06367121
       47     0.00000009     0.93693305     0.06306685
       48     0.00000005     0.93748246     0.06251749
       49     0.00000011     0.93800170     0.06199818
       50     0.00000009     0.93851127     0.06148864
       51     0.00000002     0.93902333     0.06097665
       52     0.00000003     0.93955356     0.06044640
       53     0.00000011     0.94010285     0.05989704
       54     0.00000018     0.94068740     0.05931242
       55     0.00000010     0.94130980     0.05869010
       56     0.00000002     0.94195517     0.05804480
       57     0.00000008     0.94261025     0.05738967
       58     0.00000011     0.94326059     0.05673930
       59     0.00000005     0.94389014     0.05610981
       60     0.00000002     0.94448212     0.05551786
       61     0.00000005     0.94502066     0.05497928
       62     0.00000007     0.94549785     0.05450208
       63     0.00000003     0.94591573     0.05408424
       64     0.00000001     0.94627358     0.05372641
       65     0.00000003     0.94658164     0.05341832
       66     0.00000005     0.94685504     0.05314491
       67     0.00000003     0.94711343     0.05288654
       68     0.00000001     0.94737390     0.05262609
       69     0.00000002     0.94767964     0.05232034
       70     0.00000004     0.94801307     0.05198690
       71     0.00000003     0.94837413     0.05162585
       72     0.00000003     0.94878738     0.05121258
       73     0.00000009     0.94924488     0.05075503
       74     0.00000011     0.94973874     0.05026115
       75     0.00000008     0.95025976     0.04974016
       76     0.00000009     0.95079284     0.04920706
       77     0.00000017     0.95131010     0.04868974
       78     0.00000020     0.95179585     0.04820396
       79     0.00000015     0.95224917     0.04775069
       80     0.00000014     0.95266969     0.04733018
       81     0.00000019     0.95306312     0.04693669
       82     0.00000020     0.95344349     0.04655631
       83     0.00000014     0.95383370     0.04616616
       84     0.00000010     0.95425966     0.04574023
       85     0.00000012     0.95475112     0.04524876
       86     0.00000012     0.95533462     0.04466526
       87     0.00000007     0.95603223     0.04396770
       88     0.00000004     0.95685591     0.04314405
       89     0.00000005     0.95780674     0.04219321
       90     0.00000007     0.95887140     0.04112853
       91     0.00000008     0.96002080     0.03997912
       92     0.00000011     0.96129341     0.03870648
       93     0.00000044     0.96254293     0.03745663
       94     0.00000076     0.96368308     0.03631617
       95     0.00000063     0.96473543     0.03526394
       96     0.00000046     0.96567372     0.03432582
       97     0.00000082     0.96649305     0.03350613
       98     0.00000124     0.96721821     0.03278054
       99     0.00000111     0.96790472     0.03209417
      100     0.00000083     0.96863293     0.03136624
      101     0.00000100     0.96950501     0.03049398
      102     0.00000125     0.97063360     0.02936515
      103     0.00000108     0.97211105     0.02788786
      104     0.00000074     0.97399510     0.02600416
      105     0.00000059     0.97628604     0.02371336
      106     0.00000074     0.97901234     0.02098692
      107     0.00000095     0.98203330     0.01796575
      108     0.00000092     0.98488770     0.01511139
      109     0.00000087     0.98729612     0.01270300
      110     0.00000135     0.98922435     0.01077430
      111     0.00000296     0.99051785     0.00947919
      112     0.00000420     0.99118441     0.00881139
      113     0.00000409     0.99137465     0.00862126
      114     0.00000370     0.99132492     0.00867138
      115     0.00000412     0.99131542     0.00868046
      116     0.00000487     0.99159482     0.00840031
      117     0.00000510     0.99231103     0.00768387
      118     0.00000483     0.99346530     0.00652986
      119     0.00000463     0.99492202     0.00507335
      120     0.00000485     0.99644653     0.00354861
