#     Density Matrix: population Re; see the manual for detail orders
        0     0.00000000     0.00000000     1.00000000
        1     0.00000009     0.00000002     0.99999989
        2     0.00000005     0.00000013     0.99999982
        3     0.00000003     0.00000410     0.99999588
        4     0.00000006     0.00001904     0.99998090
        5     0.00000001     0.00004494     0.99995505
        6     0.00000021     0.00007384     0.99992595
        7     0.00000006     0.00010404     0.99989590
        8     0.00000047     0.00016159     0.99983795
        9     0.00000021     0.00032223     0.99967756
       10     0.00000078     0.00075073     0.99924849
       11     0.00000042     0.00184529     0.99815429
       12     0.00000105     0.00485558     0.99514336
       13     0.00000067     0.01502611     0.98497322
       14     0.00000110     0.06299017     0.93700874
       15     0.00000074     0.33126298     0.66873628
       16     0.00000048     0.68779464     0.31220487
       17     0.00000043     0.41798168     0.58201789
       18     0.00000217     0.28043611     0.71956172
       19     0.00000038     0.22978514     0.77021448
       20     0.00000064     0.21137673     0.78862263
       21     0.00000138     0.20009302     0.79990560
       22     0.00000009     0.19515166     0.80484826
       23     0.00000131     0.19528276     0.80471593
       24     0.00000088     0.19901030     0.80098882
       25     0.00000018     0.20489911     0.79510072
       26     0.00000147     0.21171910     0.78827943
       27     0.00000047     0.21852556     0.78147397
       28     0.00000040     0.22467824     0.77532136
       29     0.00000148     0.22981169     0.77018683
       30     0.00000030     0.23377771     0.76622198
       31     0.00000051     0.23659060     0.76340889
       32     0.00000134     0.23835979     0.76163887
       33     0.00000023     0.23923666     0.76076311
       34     0.00000055     0.23939167     0.76060779
       35     0.00000132     0.23898612     0.76101256
       36     0.00000031     0.23816132     0.76183836
       37     0.00000044     0.23703585     0.76296370
       38     0.00000135     0.23570299     0.76429567
       39     0.00000053     0.23423441     0.76576506
       40     0.00000029     0.23268764     0.76731207
       41     0.00000118     0.23110909     0.76888973
       42     0.00000073     0.22954254     0.77045673
       43     0.00000015     0.22804677     0.77195308
       44     0.00000097     0.22675469     0.77324434
       45     0.00000101     0.22645001     0.77354897
       46     0.00000027     0.64893230     0.35106744
       47     0.00000111     0.93677638     0.06322252
       48     0.00000192     0.93717956     0.06281852
       49     0.00000069     0.93695355     0.06304576
       50     0.00000048     0.93663860     0.06336091
       51     0.00000184     0.93630259     0.06369558
       52     0.00000146     0.93598023     0.06401831
       53     0.00000025     0.93569835     0.06430140
       54     0.00000109     0.93548409     0.06451482
       55     0.00000204     0.93536860     0.06462936
       56     0.00000083     0.93538571     0.06461346
       57     0.00000027     0.93556555     0.06443417
       58     0.00000171     0.93593502     0.06406327
       59     0.00000183     0.93651518     0.06348298
       60     0.00000035     0.93730887     0.06269078
       61     0.00000067     0.93829817     0.06170115
       62     0.00000220     0.93945611     0.06054168
       63     0.00000152     0.94073984     0.05925863
       64     0.00000014     0.94207757     0.05792229
       65     0.00000118     0.94338781     0.05661101
       66     0.00000236     0.94458658     0.05541106
       67     0.00000111     0.94558993     0.05440896
       68     0.00000014     0.94632287     0.05367699
       69     0.00000160     0.94672971     0.05326869
       70     0.00000240     0.94678903     0.05320857
       71     0.00000088     0.94651384     0.05348528
       72     0.00000021     0.94594758     0.05405221
       73     0.00000168     0.94516727     0.05483105
       74     0.00000228     0.94428060     0.05571712
       75     0.00000085     0.94340788     0.05659126
       76     0.00000021     0.94266390     0.05733590
       77     0.00000150     0.94215023     0.05784828
       78     0.00000226     0.94193726     0.05806048
       79     0.00000107     0.94204717     0.05795176
       80     0.00000009     0.94244925     0.05755066
       81     0.00000125     0.94305154     0.05694721
       82     0.00000272     0.94371287     0.05628441
       83     0.00000177     0.94425568     0.05574256
       84     0.00000006     0.94447768     0.05552226
       85     0.00000116     0.94418282     0.05581602
       86     0.00000366     0.94321898     0.05677737
       87     0.00000299     0.94150558     0.05849143
       88     0.00000035     0.93905082     0.06094884
       89     0.00000125     0.93596963     0.06402912
       90     0.00000477     0.93249266     0.06750257
       91     0.00000458     0.92894277     0.07105265
       92     0.00000107     0.92569501     0.07430391
       93     0.00000086     0.92312382     0.07687532
       94     0.00000433     0.92155208     0.07844358
       95     0.00000522     0.92119504     0.07879975
       96     0.00000216     0.92210813     0.07788971
       97     0.00000014     0.92416447     0.07583540
       98     0.00000175     0.92707249     0.07292575
       99     0.00000445     0.93042016     0.06957539
      100     0.00000491     0.93373828     0.06625681
      101     0.00000258     0.93656709     0.06343033
      102     0.00000068     0.93851060     0.06148872
      103     0.00000351     0.93930095     0.06069555
      104     0.00000949     0.93882979     0.06116072
      105     0.00001093     0.93715727     0.06283180
      106     0.00000606     0.93451629     0.06547765
      107     0.00000335     0.93131685     0.06867980
      108     0.00000773     0.92814319     0.07184908
      109     0.00001231     0.92570145     0.07428624
      110     0.00001018     0.92469415     0.07529567
      111     0.00000435     0.92562342     0.07437223
      112     0.00000129     0.92857968     0.07141903
      113     0.00000261     0.93308717     0.06691021
      114     0.00000652     0.93810194     0.06189154
      115     0.00001034     0.94220787     0.05778180
      116     0.00001047     0.94400774     0.05598179
      117     0.00000663     0.94262030     0.05737307
      118     0.00000475     0.93810400     0.06189125
      119     0.00000921     0.93161223     0.06837856
      120     0.00001515     0.92514799     0.07483686
