#     Density Matrix: population Re; see the manual for detail orders
        0     0.00000000     0.00000000     1.00000000
        1     0.00000001     0.00000217     0.99999782
        2     0.00000003     0.00001088     0.99998909
        3     0.00000007     0.00001250     0.99998743
        4     0.00000012     0.00001850     0.99998138
        5     0.00000018     0.00004914     0.99995068
        6     0.00000025     0.00010837     0.99989138
        7     0.00000032     0.00017891     0.99982077
        8     0.00000041     0.00024961     0.99974998
        9     0.00000047     0.00038767     0.99961186
       10     0.00000059     0.00092064     0.99907877
       11     0.00000059     0.00312963     0.99686978
       12     0.00000072     0.01343424     0.98656504
       13     0.00000061     0.08732773     0.91267166
       14     0.00000043     0.57805502     0.42194454
       15     0.00000014     0.64564394     0.35435593
       16     0.00000119     0.32209600     0.67790281
       17     0.00000008     0.25523206     0.74476786
       18     0.00000097     0.22137873     0.77862030
       19     0.00000072     0.20653951     0.79345977
       20     0.00000013     0.20330864     0.79669124
       21     0.00000105     0.20743955     0.79255940
       22     0.00000025     0.21643132     0.78356844
       23     0.00000034     0.22883221     0.77116745
       24     0.00000091     0.24388161     0.75611748
       25     0.00000008     0.26125504     0.73874488
       26     0.00000049     0.28092843     0.71907108
       27     0.00000086     0.30308329     0.69691584
       28     0.00000006     0.32799924     0.67200070
       29     0.00000047     0.35590845     0.64409107
       30     0.00000089     0.38684750     0.61315161
       31     0.00000012     0.42043707     0.57956281
       32     0.00000031     0.45557342     0.54442627
       33     0.00000088     0.48983356     0.51016556
       34     0.00000027     0.51659151     0.48340821
       35     0.00000010     0.53379503     0.46620487
       36     0.00000078     0.54881646     0.45118275
       37     0.00000060     0.63180506     0.36819434
       38     0.00000002     0.72083846     0.27916152
       39     0.00000030     0.58170342     0.41829628
       40     0.00000044     0.51507899     0.48492057
       41     0.00000007     0.45469263     0.54530730
       42     0.00000008     0.39403506     0.60596485
       43     0.00000026     0.33508008     0.66491966
       44     0.00000010     0.28171452     0.71828539
       45     0.00000008     0.23991544     0.76008448
       46     0.00000021     0.26302289     0.73697690
       47     0.00000002     0.55770368     0.44229630
       48     0.00000017     0.85540915     0.14459067
       49     0.00000042     0.87055872     0.12944086
       50     0.00000016     0.87506585     0.12493399
       51     0.00000002     0.87776633     0.12223365
       52     0.00000030     0.88026067     0.11973903
       53     0.00000030     0.88324726     0.11675244
       54     0.00000004     0.88723674     0.11276322
       55     0.00000010     0.89274964     0.10725025
       56     0.00000026     0.90025600     0.09974374
       57     0.00000016     0.90909152     0.09090832
       58     0.00000006     0.91902119     0.08097875
       59     0.00000010     0.92975119     0.07024871
       60     0.00000019     0.94079906     0.05920076
       61     0.00000019     0.95121069     0.04878912
       62     0.00000006     0.95894466     0.04105529
       63     0.00000012     0.95942636     0.04057352
       64     0.00000031     0.94191649     0.05808320
       65     0.00000008     0.88029229     0.11970763
       66     0.00000013     0.71568166     0.28431820
       67     0.00000065     0.44919260     0.55080675
       68     0.00000050     0.45334632     0.54665318
       69     0.00000011     0.70784115     0.29215874
       70     0.00000009     0.85709604     0.14290387
       71     0.00000007     0.92631365     0.07368628
       72     0.00000000     0.96001599     0.03998401
       73     0.00000003     0.97541479     0.02458518
       74     0.00000001     0.98028476     0.01971523
       75     0.00000003     0.97964462     0.02035535
       76     0.00000006     0.97746103     0.02253892
       77     0.00000000     0.97640693     0.02359307
       78     0.00000003     0.97743216     0.02256781
       79     0.00000002     0.98004393     0.01995604
       80     0.00000001     0.98309746     0.01690253
       81     0.00000002     0.98555944     0.01444054
       82     0.00000001     0.98696355     0.01303645
       83     0.00000004     0.98749143     0.01250853
       84     0.00000000     0.98771861     0.01228138
       85     0.00000002     0.98815871     0.01184127
       86     0.00000002     0.98894427     0.01105571
       87     0.00000001     0.98986089     0.01013910
       88     0.00000000     1.00000000     0.00000000
       89     0.00000001     0.99999958     0.00000041
       90     0.00000001     0.99999927     0.00000072
       91     0.00000000     0.99999919     0.00000081
       92     0.00000001     0.99999816     0.00000183
       93     0.00000002     0.99999592     0.00000406
       94     0.00000001     0.99999419     0.00000580
       95     0.00000001     0.99999485     0.00000514
       96     0.00000003     0.99999710     0.00000286
       97     0.00000003     0.99999724     0.00000273
       98     0.00000001     0.99999222     0.00000777
       99     0.00000004     0.99998343     0.00001652
      100     0.00000006     0.99997630     0.00002364
      101     0.00000003     0.99997574     0.00002424
      102     0.00000005     0.99997979     0.00002015
      103     0.00000009     0.99998049     0.00001942
      104     0.00000006     0.99997088     0.00002906
      105     0.00000006     0.99995216     0.00004778
      106     0.00000012     0.99993386     0.00006602
      107     0.00000011     0.99992544     0.00007445
      108     0.00000007     0.99992672     0.00007321
      109     0.00000012     0.99992665     0.00007322
      110     0.00000016     0.99991219     0.00008765
      111     0.00000012     0.99987950     0.00012038
      112     0.00000012     0.99983746     0.00016243
      113     0.00000017     0.99980151     0.00019832
      114     0.00000016     0.99978144     0.00021840
      115     0.00000012     0.99977239     0.00022749
      116     0.00000015     0.99975784     0.00024201
      117     0.00000019     0.99972167     0.00027814
      118     0.00000015     0.99966038     0.00033947
      119     0.00000012     0.99958658     0.00041330
      120     0.00000016     0.99952155     0.00047829
