#     Density Matrix: population Re; see the manual for detail orders
        0     0.00000000     0.00000000     1.00000000
        1     0.00000006     0.00000173     0.99999821
        2     0.00000007     0.00002012     0.99997980
        3     0.00000010     0.00006851     0.99993139
        4     0.00000011     0.00014861     0.99985128
        5     0.00000014     0.00028270     0.99971717
        6     0.00000016     0.00057341     0.99942643
        7     0.00000018     0.00133449     0.99866533
        8     0.00000021     0.00356557     0.99643422
        9     0.00000023     0.01111452     0.98888525
       10     0.00000030     0.04248923     0.95751047
       11     0.00000028     0.18191499     0.81808473
       12     0.00000006     0.75278872     0.24721122
       13     0.00000004     0.77078706     0.22921291
       14     0.00000029     0.62979955     0.37020016
       15     0.00000075     0.48428632     0.51571293
       16     0.00000028     0.41927384     0.58072588
       17     0.00000004     0.38576481     0.61423516
       18     0.00000033     0.35947286     0.64052681
       19     0.00000007     0.33809426     0.66190567
       20     0.00000013     0.32001377     0.67998610
       21     0.00000023     0.30417211     0.69582767
       22     0.00000006     0.28995244     0.71004750
       23     0.00000015     0.27707256     0.72292729
       24     0.00000014     0.26544867     0.73455119
       25     0.00000010     0.25508122     0.74491868
       26     0.00000022     0.24598498     0.75401480
       27     0.00000014     0.23808742     0.76191243
       28     0.00000008     0.23132530     0.76867461
       29     0.00000026     0.22551398     0.77448576
       30     0.00000012     0.22049674     0.77950314
       31     0.00000011     0.21601497     0.78398491
       32     0.00000029     0.21181481     0.78818490
       33     0.00000014     0.20766484     0.79233502
       34     0.00000009     0.20334117     0.79665874
       35     0.00000019     0.19867070     0.80132911
       36     0.00000012     0.19352225     0.80647764
       37     0.00000005     0.18781781     0.81218214
       38     0.00000010     0.18150992     0.81848998
       39     0.00000007     0.17455459     0.82544534
       40     0.00000003     0.16687974     0.83312023
       41     0.00000005     0.15833172     0.84166823
       42     0.00000005     0.14861165     0.85138830
       43     0.00000002     0.13717477     0.86282521
       44     0.00000002     0.12295196     0.87704803
       45     0.00000002     0.10383467     0.89616530
       46     0.00000001     0.07527194     0.92472805
       47     0.00000001     0.03068305     0.96931695
       48     0.00000001     0.07334539     0.92665461
       49     0.00000000     0.40086348     0.59913652
       50     0.00000001     0.61339099     0.38660900
       51     0.00000002     0.67645118     0.32354880
       52     0.00000001     0.70128636     0.29871363
       53     0.00000000     0.71290037     0.28709963
       54     0.00000001     0.71848832     0.28151167
       55     0.00000002     0.72080578     0.27919419
       56     0.00000001     0.72113961     0.27886038
       57     0.00000001     0.72016449     0.27983550
       58     0.00000004     0.71828405     0.28171591
       59     0.00000005     0.71579766     0.28420229
       60     0.00000003     0.71291529     0.28708468
       61     0.00000006     0.70982479     0.29017514
       62     0.00000011     0.70670507     0.29329481
       63     0.00000011     0.70375418     0.29624571
       64     0.00000014     0.70117020     0.29882966
       65     0.00000025     0.69916862     0.30083113
       66     0.00000031     0.69795756     0.30204213
       67     0.00000032     0.69775285     0.30224683
       68     0.00000048     0.69874647     0.30125304
       69     0.00000068     0.70109211     0.29890721
       70     0.00000076     0.70484908     0.29515016
       71     0.00000094     0.71001381     0.28998525
       72     0.00000125     0.71644785     0.28355090
       73     0.00000145     0.72388697     0.27611158
       74     0.00000166     0.73193967     0.26805867
       75     0.00000202     0.74012854     0.25986945
       76     0.00000233     0.74788538     0.25211230
       77     0.00000252     0.75473398     0.24526350
       78     0.00000276     0.76033408     0.23966316
       79     0.00000302     0.76456044     0.23543654
       80     0.00000312     0.76776246     0.23223443
       81     0.00000309     0.77065821     0.22933871
       82     0.00000303     0.77444250     0.22555447
       83     0.00000289     0.78063105     0.21936606
       84     0.00000254     0.79079899     0.20919847
       85     0.00000217     0.80622038     0.19377745
       86     0.00000187     0.82749222     0.17250591
       87     0.00000153     0.85405345     0.14594501
       88     0.00000128     0.88404053     0.11595819
       89     0.00000123     0.91439719     0.08560158
       90     0.00000137     0.94147596     0.05852267
       91     0.00000165     0.96198049     0.03801786
       92     0.00000198     0.97393577     0.02606225
       93     0.00000232     0.97744099     0.02255670
       94     0.00000257     0.97471019     0.02528724
       95     0.00000266     0.96940505     0.03059229
       96     0.00000258     0.96541101     0.03458641
       97     0.00000231     0.96549725     0.03450044
       98     0.00000204     0.97044195     0.02955601
       99     0.00000191     0.97887171     0.02112638
      100     0.00000181     0.98802438     0.01197381
      101     0.00000195     0.99510862     0.00488944
      102     0.00000209     0.99858390     0.00141402
      103     0.00000211     0.99867997     0.00131793
      104     0.00000223     0.99702624     0.00297153
      105     0.00000245     0.99558029     0.00441726
      106     0.00000246     0.99554009     0.00445745
      107     0.00000242     0.99686799     0.00312959
      108     0.00000256     0.99861776     0.00137969
      109     0.00000280     0.99977455     0.00022265
      110     0.00000306     0.99996190     0.00003504
      111     0.00000335     0.99954872     0.00044793
      112     0.00000370     0.99918593     0.00081037
      113     0.00000412     0.99923990     0.00075598
      114     0.00000465     0.99959384     0.00040152
      115     0.00000533     0.99989938     0.00009528
      116     0.00000614     0.99995651     0.00003734
      117     0.00000706     0.99985016     0.00014278
      118     0.00000812     0.99978008     0.00021181
      119     0.00000950     0.99982990     0.00016060
      120     0.00001136     0.99992348     0.00006516
