#     Density Matrix: population Re; see the manual for detail orders
        0     0.00000000     0.00000000     1.00000000
        1     0.00000000     0.00000001     0.99999999
        2     0.00000000     0.00000025     0.99999975
        3     0.00000000     0.00000449     0.99999551
        4     0.00000002     0.00001603     0.99998395
        5     0.00000003     0.00002942     0.99997055
        6     0.00000006     0.00003716     0.99996278
        7     0.00000009     0.00004154     0.99995837
        8     0.00000013     0.00005546     0.99994441
        9     0.00000017     0.00009382     0.99990601
       10     0.00000021     0.00017086     0.99982893
       11     0.00000026     0.00031396     0.99968578
       12     0.00000030     0.00060249     0.99939721
       13     0.00000035     0.00127025     0.99872941
       14     0.00000039     0.00305065     0.99694897
       15     0.00000042     0.00861406     0.99138553
       16     0.00000044     0.02978116     0.97021840
       17     0.00000023     0.52671959     0.47328017
       18     0.00000012     0.83782519     0.16217469
       19     0.00000042     0.37085427     0.62914531
       20     0.00000122     0.15257455     0.84742423
       21     0.00000014     0.09110639     0.90889347
       22     0.00000064     0.06198853     0.93801083
       23     0.00000053     0.04934678     0.95065269
       24     0.00000038     0.04472387     0.95527575
       25     0.00000073     0.04364808     0.95635119
       26     0.00000056     0.04375720     0.95624225
       27     0.00000051     0.04395325     0.95604623
       28     0.00000053     0.04388198     0.95611748
       29     0.00000044     0.04333522     0.95666433
       30     0.00000052     0.04223304     0.95776643
       31     0.00000051     0.04065393     0.95934557
       32     0.00000050     0.03869553     0.96130397
       33     0.00000053     0.03646006     0.96353941
       34     0.00000052     0.03406691     0.96593257
       35     0.00000052     0.03162997     0.96836951
       36     0.00000054     0.02925202     0.97074743
       37     0.00000056     0.02706655     0.97293288
       38     0.00000056     0.02537091     0.97462853
       39     0.00000057     0.02500118     0.97499825
       40     0.00000061     0.02938136     0.97061803
       41     0.00000061     0.06526507     0.93473432
       42     0.00000054     0.37216138     0.62783807
       43     0.00000070     0.81616325     0.18383604
       44     0.00000090     0.93144399     0.06855511
       45     0.00000073     0.95321757     0.04678170
       46     0.00000064     0.96167972     0.03831964
       47     0.00000087     0.96629805     0.03370108
       48     0.00000097     0.96927806     0.03072097
       49     0.00000083     0.97136287     0.02863630
       50     0.00000083     0.97285067     0.02714850
       51     0.00000100     0.97388388     0.02611512
       52     0.00000106     0.97457021     0.02542873
       53     0.00000101     0.97486659     0.02513240
       54     0.00000102     0.97480229     0.02519669
       55     0.00000113     0.97446924     0.02552962
       56     0.00000121     0.97384530     0.02615349
       57     0.00000120     0.97296494     0.02703386
       58     0.00000123     0.97187481     0.02812396
       59     0.00000134     0.97063862     0.02936004
       60     0.00000142     0.96933718     0.03066140
       61     0.00000145     0.96806244     0.03193611
       62     0.00000149     0.96691905     0.03307947
       63     0.00000158     0.96601595     0.03398247
       64     0.00000167     0.96546023     0.03453810
       65     0.00000171     0.96535475     0.03464354
       66     0.00000174     0.96578738     0.03421088
       67     0.00000181     0.96682483     0.03317337
       68     0.00000189     0.96850781     0.03149030
       69     0.00000195     0.97083701     0.02916104
       70     0.00000200     0.97376562     0.02623238
       71     0.00000210     0.97719189     0.02280601
       72     0.00000226     0.98095255     0.01904519
       73     0.00000246     0.98482240     0.01517514
       74     0.00000271     0.98852249     0.01147480
       75     0.00000303     0.99174098     0.00825599
       76     0.00000344     0.99416546     0.00583110
       77     0.00000392     0.99553250     0.00446358
       78     0.00000442     0.99568016     0.00431542
       79     0.00000489     0.99460135     0.00539375
       80     0.00000532     0.99247736     0.00751733
       81     0.00000565     0.98968435     0.01031000
       82     0.00000584     0.98675414     0.01324002
       83     0.00000585     0.98429572     0.01569843
       84     0.00000571     0.98287476     0.01711953
       85     0.00000545     0.98288500     0.01710955
       86     0.00000514     0.98443715     0.01555771
       87     0.00000484     0.98729879     0.01269637
       88     0.00000462     0.99092300     0.00907238
       89     0.00000452     0.99457126     0.00542422
       90     0.00000454     0.99750390     0.00249156
       91     0.00000465     0.99919343     0.00080192
       92     0.00000479     0.99948501     0.00051020
       93     0.00000487     0.99864174     0.00135339
       94     0.00000486     0.99724835     0.00274679
       95     0.00000473     0.99599909     0.00399618
       96     0.00000452     0.99544513     0.00455036
       97     0.00000428     0.99580092     0.00419480
       98     0.00000408     0.99689022     0.00310569
       99     0.00000399     0.99825679     0.00173922
      100     0.00000403     0.99938677     0.00060921
      101     0.00000415     0.99994158     0.00005427
      102     0.00000433     0.99988965     0.00010603
      103     0.00000450     0.99947827     0.00051723
      104     0.00000463     0.99907025     0.00092512
      105     0.00000475     0.99894026     0.00105499
      106     0.00000490     0.99914387     0.00085124
      107     0.00000512     0.99952716     0.00046771
      108     0.00000546     0.99985709     0.00013745
      109     0.00000588     0.99998006     0.00001406
      110     0.00000637     0.99990476     0.00008886
      111     0.00000690     0.99976400     0.00022910
      112     0.00000748     0.99969771     0.00029481
      113     0.00000815     0.99975205     0.00023980
      114     0.00000894     0.99986723     0.00012383
      115     0.00000990     0.99994931     0.00004079
      116     0.00001103     0.99995439     0.00003458
      117     0.00001235     0.99991297     0.00007469
      118     0.00001387     0.99988490     0.00010123
      119     0.00001567     0.99989877     0.00008556
      120     0.00001784     0.99993435     0.00004782
