#     Density Matrix: population Re; see the manual for detail orders
        0     0.00000000     0.00000000     1.00000000
        1     0.00000004     0.00000016     0.99999980
        2     0.00000003     0.00000091     0.99999906
        3     0.00000013     0.00000114     0.99999873
        4     0.00000011     0.00000115     0.99999874
        5     0.00000027     0.00000225     0.99999748
        6     0.00000026     0.00000438     0.99999536
        7     0.00000046     0.00000649     0.99999306
        8     0.00000048     0.00001124     0.99998828
        9     0.00000066     0.00002989     0.99996946
       10     0.00000066     0.00008364     0.99991569
       11     0.00000080     0.00020751     0.99979168
       12     0.00000072     0.00047799     0.99952129
       13     0.00000087     0.00112742     0.99887171
       14     0.00000067     0.00302649     0.99697284
       15     0.00000084     0.01036824     0.98963092
       16     0.00000059     0.05433676     0.94566266
       17     0.00000055     0.40103288     0.59896657
       18     0.00000005     0.75029976     0.24970019
       19     0.00000067     0.45629370     0.54370563
       20     0.00000088     0.34410784     0.65589128
       21     0.00000009     0.29031834     0.70968158
       22     0.00000071     0.25487311     0.74512618
       23     0.00000039     0.22561060     0.77438901
       24     0.00000008     0.19797450     0.80202542
       25     0.00000065     0.17056085     0.82943850
       26     0.00000024     0.14359081     0.85640894
       27     0.00000007     0.11791858     0.88208134
       28     0.00000051     0.09471482     0.90528467
       29     0.00000024     0.07485833     0.92514143
       30     0.00000005     0.05875292     0.94124703
       31     0.00000037     0.04617079     0.95382884
       32     0.00000024     0.03651023     0.96348953
       33     0.00000006     0.02901750     0.97098243
       34     0.00000025     0.02305355     0.97694620
       35     0.00000023     0.01819012     0.98180966
       36     0.00000011     0.01418344     0.98581645
       37     0.00000018     0.01091232     0.98908750
       38     0.00000000     1.00000000     0.00000000
       39     0.00000001     0.99997700     0.00002298
       40     0.00000002     0.99987499     0.00012498
       41     0.00000001     0.99965384     0.00034615
       42     0.00000000     0.99923379     0.00076621
       43     0.00000002     0.99850385     0.00149612
       44     0.00000002     0.99729692     0.00270306
       45     0.00000000     0.99533966     0.00466034
       46     0.00000001     0.99212185     0.00787814
       47     0.00000003     0.98651478     0.01348519
       48     0.00000001     0.97540133     0.02459865
       49     0.00000001     0.94786812     0.05213187
       50     0.00000008     0.85858696     0.14141296
       51     0.00000016     0.59765260     0.40234724
       52     0.00000027     0.39640191     0.60359782
       53     0.00000037     0.53802277     0.46197686
       54     0.00000011     0.71329349     0.28670640
       55     0.00000004     0.81855228     0.18144767
       56     0.00000013     0.87003118     0.12996869
       57     0.00000000     0.88861025     0.11138975
       58     0.00000008     0.89069556     0.10930436
       59     0.00000005     0.88847335     0.11152660
       60     0.00000002     0.88942020     0.11057977
       61     0.00000011     0.89598013     0.10401977
       62     0.00000001     0.90680413     0.09319586
       63     0.00000005     0.91882697     0.08117299
       64     0.00000003     0.92925160     0.07074838
       65     0.00000003     0.93669814     0.06330183
       66     0.00000007     0.94135835     0.05864158
       67     0.00000000     0.94447755     0.05552244
       68     0.00000008     0.94747245     0.05252747
       69     0.00000004     0.95097901     0.04902095
       70     0.00000002     0.95478562     0.04521436
       71     0.00000002     0.95827661     0.04172337
       72     0.00000006     0.96105553     0.03894441
       73     0.00000005     0.96317371     0.03682624
       74     0.00000001     0.96496001     0.03503999
       75     0.00000007     0.96675701     0.03324292
       76     0.00000005     0.96842580     0.03157415
       77     0.00000001     0.96982106     0.03017893
       78     0.00000003     0.97103012     0.02896985
       79     0.00000010     0.97234693     0.02765297
       80     0.00000004     0.97390701     0.02609295
       81     0.00000002     0.97538042     0.02461957
       82     0.00000011     0.97632610     0.02367379
       83     0.00000009     0.97661837     0.02338155
       84     0.00000000     0.97676215     0.02323785
       85     0.00000008     0.97751314     0.02248678
       86     0.00000015     0.97905733     0.02094252
       87     0.00000004     0.98068543     0.01931453
       88     0.00000003     0.98141453     0.01858544
       89     0.00000017     0.98098709     0.01901274
       90     0.00000013     0.98028324     0.01971663
       91     0.00000001     0.98055368     0.01944630
       92     0.00000012     0.98219558     0.01780430
       93     0.00000023     0.98427765     0.01572212
       94     0.00000009     0.98534160     0.01465831
       95     0.00000004     0.98476135     0.01523861
       96     0.00000023     0.98340869     0.01659108
       97     0.00000027     0.98290879     0.01709094
       98     0.00000008     0.98417689     0.01582303
       99     0.00000011     0.98661137     0.01338852
      100     0.00000030     0.98857948     0.01142022
      101     0.00000024     0.98877832     0.01122144
      102     0.00000006     0.98735187     0.01264806
      103     0.00000017     0.98578683     0.01421300
      104     0.00000037     0.98566319     0.01433644
      105     0.00000027     0.98738403     0.01261569
      106     0.00000009     0.98992893     0.01007098
      107     0.00000000     1.00000000     0.00000000
      108     0.00000037     0.99988600     0.00011363
      109     0.00000072     0.99962381     0.00037547
      110     0.00000036     0.99940395     0.00059568
      111     0.00000000     0.99938215     0.00061785
      112     0.00000031     0.99956969     0.00042999
      113     0.00000067     0.99983245     0.00016688
      114     0.00000039     0.99999066     0.00000896
      115     0.00000002     0.99994728     0.00005270
      116     0.00000018     0.99974848     0.00025134
      117     0.00000050     0.99954004     0.00045947
      118     0.00000038     0.99947046     0.00052916
      119     0.00000006     0.99957914     0.00042080
      120     0.00000009     0.99978124     0.00021868
