#     Density Matrix: population Re; see the manual for detail orders
        0     0.00000000     0.00000000     1.00000000
        1     0.00000001     0.00001940     0.99998059
        2     0.00000002     0.00016056     0.99983942
        3     0.00000005     0.00037663     0.99962333
        4     0.00000009     0.00056232     0.99943760
        5     0.00000012     0.00062646     0.99937341
        6     0.00000020     0.00056521     0.99943460
        7     0.00000023     0.00056134     0.99943843
        8     0.00000033     0.00117178     0.99882789
        9     0.00000034     0.00392090     0.99607876
       10     0.00000045     0.01403520     0.98596435
       11     0.00000041     0.05752126     0.94247833
       12     0.00000040     0.28159151     0.71840809
       13     0.00000038     0.69261694     0.30738268
       14     0.00000037     0.49431143     0.50568820
       15     0.00000131     0.38534026     0.61465843
       16     0.00000012     0.35013576     0.64986412
       17     0.00000124     0.32576122     0.67423754
       18     0.00000084     0.31165041     0.68834875
       19     0.00000027     0.30577274     0.69422699
       20     0.00000145     0.30569514     0.69430341
       21     0.00000040     0.30912848     0.69087112
       22     0.00000060     0.31419221     0.68580719
       23     0.00000128     0.31951621     0.68048251
       24     0.00000019     0.32422633     0.67577348
       25     0.00000088     0.32787325     0.67212587
       26     0.00000109     0.33033065     0.66966826
       27     0.00000020     0.33169454     0.66830526
       28     0.00000097     0.33220648     0.66779254
       29     0.00000104     0.33214020     0.66785876
       30     0.00000019     0.33175972     0.66824009
       31     0.00000090     0.33131417     0.66868494
       32     0.00000109     0.33099505     0.66900386
       33     0.00000020     0.33092177     0.66907803
       34     0.00000070     0.33114334     0.66885595
       35     0.00000124     0.33163883     0.66835993
       36     0.00000040     0.33231118     0.66768842
       37     0.00000037     0.33296659     0.66703304
       38     0.00000116     0.33325097     0.66674786
       39     0.00000080     0.33243265     0.66756655
       40     0.00000019     0.32842631     0.67157350
       41     0.00000076     0.30790888     0.69209036
       42     0.00000135     0.24862644     0.75137221
       43     0.00000092     0.43360566     0.56639342
       44     0.00000072     0.44225657     0.55774271
       45     0.00000136     0.42227809     0.57772056
       46     0.00000116     0.37998445     0.62001439
       47     0.00000073     0.30781101     0.69218826
       48     0.00000121     0.25970959     0.74028920
       49     0.00000127     0.30306707     0.69693166
       50     0.00000063     0.36456957     0.63542980
       51     0.00000083     0.40702712     0.59297205
       52     0.00000148     0.43846605     0.56153247
       53     0.00000106     0.46211609     0.53788285
       54     0.00000057     0.47731246     0.52268697
       55     0.00000110     0.48770997     0.51228893
       56     0.00000130     0.49579206     0.50420663
       57     0.00000075     0.50320638     0.49679286
       58     0.00000077     0.51116629     0.48883294
       59     0.00000122     0.52071161     0.47928716
       60     0.00000109     0.53280967     0.46718925
       61     0.00000080     0.54837309     0.45162611
       62     0.00000088     0.56816374     0.43183538
       63     0.00000117     0.59249019     0.40750865
       64     0.00000129     0.62065652     0.37934219
       65     0.00000083     0.64992246     0.35007671
       66     0.00000062     0.67354930     0.32645008
       67     0.00000160     0.67730733     0.32269108
       68     0.00000162     0.63415770     0.36584068
       69     0.00000025     0.50301736     0.49698239
       70     0.00000137     0.26647435     0.73352427
       71     0.00000235     0.04551370     0.95448395
       72     0.00000052     0.04034777     0.95965171
       73     0.00000113     0.20487014     0.79512874
       74     0.00000197     0.36065443     0.63934360
       75     0.00000044     0.43889700     0.56110256
       76     0.00000198     0.44985947     0.55013855
       77     0.00000205     0.42216366     0.57783429
       78     0.00000026     0.38236878     0.61763095
       79     0.00000237     0.34943173     0.65056590
       80     0.00000161     0.33294304     0.66705535
       81     0.00000058     0.33340173     0.66659769
       82     0.00000254     0.34460675     0.65539071
       83     0.00000064     0.35772942     0.64226994
       84     0.00000169     0.36564246     0.63435585
       85     0.00000191     0.36582475     0.63417335
       86     0.00000050     0.36056848     0.63943102
       87     0.00000251     0.35459251     0.64540498
       88     0.00000069     0.35174701     0.64825230
       89     0.00000166     0.35283957     0.64715876
       90     0.00000150     0.35584996     0.64414854
       91     0.00000091     0.35806868     0.64193042
       92     0.00000207     0.35826486     0.64173307
       93     0.00000054     0.35718771     0.64281175
       94     0.00000204     0.35627953     0.64371843
       95     0.00000092     0.35610086     0.64389822
       96     0.00000144     0.35607908     0.64391949
       97     0.00000119     0.35565819     0.64434062
       98     0.00000126     0.35531637     0.64468237
       99     0.00000160     0.35604653     0.64395187
      100     0.00000077     0.35780102     0.64219821
      101     0.00000169     0.35887999     0.64111832
      102     0.00000107     0.35754306     0.64245586
      103     0.00000135     0.35436428     0.64563437
      104     0.00000088     0.35240878     0.64759034
      105     0.00000165     0.35431161     0.64568675
      106     0.00000132     0.35905180     0.64094689
      107     0.00000087     0.36213804     0.63786109
      108     0.00000136     0.35978924     0.64020940
      109     0.00000137     0.35329942     0.64669921
      110     0.00000122     0.34864202     0.65135676
      111     0.00000072     0.35096022     0.64903906
      112     0.00000168     0.35910805     0.64089027
      113     0.00000138     0.36596817     0.63403045
      114     0.00000084     0.36470133     0.63529783
      115     0.00000110     0.35536940     0.64462950
      116     0.00000148     0.34560305     0.65439547
      117     0.00000160     0.34421094     0.65578746
      118     0.00000059     0.35326116     0.64673825
      119     0.00000142     0.36587792     0.63412066
      120     0.00000178     0.37176306     0.62823516
