#     Density Matrix: population Re; see the manual for detail orders
        0     0.00000000     0.00000000     1.00000000
        1     0.00000003     0.00000607     0.99999390
        2     0.00000004     0.00003242     0.99996754
        3     0.00000018     0.00003821     0.99996161
        4     0.00000020     0.00005812     0.99994168
        5     0.00000048     0.00014809     0.99985143
        6     0.00000050     0.00027282     0.99972668
        7     0.00000084     0.00035087     0.99964829
        8     0.00000085     0.00042629     0.99957286
        9     0.00000115     0.00084696     0.99915189
       10     0.00000108     0.00247669     0.99752223
       11     0.00000133     0.00738717     0.99261150
       12     0.00000111     0.02193529     0.97806361
       13     0.00000125     0.07067782     0.92932093
       14     0.00000078     0.23436792     0.76563129
       15     0.00000102     0.54103457     0.45896441
       16     0.00000021     0.53715440     0.46284538
       17     0.00000189     0.40058968     0.59940843
       18     0.00000105     0.30876441     0.69123454
       19     0.00000023     0.27045013     0.72954964
       20     0.00000016     0.25550187     0.74449797
       21     0.00000028     0.24616248     0.75383724
       22     0.00000017     0.24293223     0.75706760
       23     0.00000018     0.24554340     0.75445642
       24     0.00000025     0.25337818     0.74662156
       25     0.00000012     0.26569520     0.73430468
       26     0.00000018     0.28187592     0.71812391
       27     0.00000019     0.30147127     0.69852855
       28     0.00000010     0.32438213     0.67561777
       29     0.00000019     0.35086249     0.64913731
       30     0.00000016     0.38156723     0.61843261
       31     0.00000009     0.41755520     0.58244471
       32     0.00000019     0.46023241     0.53976740
       33     0.00000014     0.51115287     0.48884699
       34     0.00000007     0.57151595     0.42848398
       35     0.00000016     0.64115995     0.35883990
       36     0.00000011     0.71699278     0.28300711
       37     0.00000004     0.79274846     0.20725150
       38     0.00000008     0.85960179     0.14039813
       39     0.00000007     0.90423743     0.09576250
       40     0.00000001     0.93223117     0.06776882
       41     0.00000002     0.94902864     0.05097133
       42     0.00000006     0.95833611     0.04166384
       43     0.00000004     0.96184984     0.03815013
       44     0.00000001     0.95806617     0.04193382
       45     0.00000006     0.92893823     0.07106171
       46     0.00000002     0.66861215     0.33138783
       47     0.00000004     0.18626801     0.81373195
       48     0.00000030     0.06217177     0.93782793
       49     0.00000028     0.07219073     0.92780899
       50     0.00000003     0.12618694     0.87381304
       51     0.00000006     0.21144168     0.78855826
       52     0.00000008     0.28567340     0.71432652
       53     0.00000007     0.31405298     0.68594695
       54     0.00000021     0.30125560     0.69874419
       55     0.00000011     0.26865449     0.73134540
       56     0.00000002     0.32796611     0.67203387
       57     0.00000028     0.38109135     0.61890838
       58     0.00000023     0.41963648     0.58036328
       59     0.00000004     0.44910114     0.55089882
       60     0.00000010     0.47477443     0.52522547
       61     0.00000015     0.50122529     0.49877456
       62     0.00000012     0.53252556     0.46747432
       63     0.00000010     0.57220059     0.42779931
       64     0.00000006     0.62586536     0.37413457
       65     0.00000015     0.67939565     0.32060421
       66     0.00000019     0.72906626     0.27093356
       67     0.00000004     0.77315737     0.22684259
       68     0.00000012     0.81195549     0.18804439
       69     0.00000030     0.84736408     0.15263562
       70     0.00000010     0.88288011     0.11711979
       71     0.00000004     0.92473951     0.07526045
       72     0.00000027     0.98220234     0.01779740
       73     0.00000023     0.85905408     0.14094569
       74     0.00000046     0.23907887     0.76092067
       75     0.00000056     0.34581960     0.65417984
       76     0.00000008     0.66499626     0.33500366
       77     0.00000012     0.81341742     0.18658246
       78     0.00000025     0.87912535     0.12087440
       79     0.00000002     0.91019894     0.08980104
       80     0.00000010     0.92554336     0.07445654
       81     0.00000012     0.93396207     0.06603781
       82     0.00000004     0.94003390     0.05996606
       83     0.00000014     0.94593213     0.05406773
       84     0.00000002     0.95223707     0.04776291
       85     0.00000013     0.95860774     0.04139213
       86     0.00000016     0.96438235     0.03561749
       87     0.00000001     0.96903148     0.03096851
       88     0.00000014     0.97240774     0.02759212
       89     0.00000008     0.97476844     0.02523148
       90     0.00000009     0.97658458     0.02341533
       91     0.00000007     0.97826698     0.02173295
       92     0.00000008     0.97997662     0.02002329
       93     0.00000015     0.98163607     0.01836378
       94     0.00000004     0.98309550     0.01690447
       95     0.00000011     0.98429865     0.01570124
       96     0.00000008     0.98531463     0.01468530
       97     0.00000010     0.98623971     0.01376019
       98     0.00000008     0.98708771     0.01291221
       99     0.00000007     0.98779143     0.01220849
      100     0.00000009     0.98830939     0.01169052
      101     0.00000009     0.98872686     0.01127305
      102     0.00000009     0.98920035     0.01079956
      103     0.00000005     0.98980643     0.01019352
      104     0.00000000     1.00000000     0.00000000
      105     0.00000001     0.99999819     0.00000180
      106     0.00000002     0.99999390     0.00000608
      107     0.00000000     0.99999073     0.00000927
      108     0.00000001     0.99999147     0.00000851
      109     0.00000003     0.99999564     0.00000433
      110     0.00000002     0.99999909     0.00000089
      111     0.00000001     0.99999748     0.00000251
      112     0.00000004     0.99999063     0.00000933
      113     0.00000004     0.99998307     0.00001689
      114     0.00000001     0.99998033     0.00001966
      115     0.00000003     0.99998424     0.00001573
      116     0.00000005     0.99999102     0.00000893
      117     0.00000002     0.99999364     0.00000634
      118     0.00000002     0.99998703     0.00001295
      119     0.00000004     0.99997247     0.00002748
      120     0.00000004     0.99995724     0.00004273
