#     Density Matrix: population Re; see the manual for detail orders
        0     0.00000000     0.00000000     1.00000000
        1     0.00000001     0.00000004     0.99999995
        2     0.00000001     0.00000006     0.99999993
        3     0.00000001     0.00000316     0.99999683
        4     0.00000003     0.00002033     0.99997964
        5     0.00000005     0.00006128     0.99993868
        6     0.00000009     0.00012577     0.99987414
        7     0.00000012     0.00021539     0.99978450
        8     0.00000016     0.00036611     0.99963373
        9     0.00000018     0.00069190     0.99930791
       10     0.00000021     0.00147325     0.99852654
       11     0.00000023     0.00347132     0.99652845
       12     0.00000025     0.00920647     0.99079328
       13     0.00000012     0.51303416     0.48696571
       14     0.00000010     0.80304928     0.19695062
       15     0.00000024     0.26320370     0.73679606
       16     0.00000071     0.01243124     0.98756805
       17     0.00000007     0.00644997     0.99354996
       18     0.00000041     0.01637066     0.98362893
       19     0.00000023     0.02430826     0.97569151
       20     0.00000020     0.02768155     0.97231825
       21     0.00000029     0.02744835     0.97255136
       22     0.00000018     0.02505937     0.97494045
       23     0.00000020     0.02171121     0.97828859
       24     0.00000016     0.01820974     0.98179010
       25     0.00000020     0.01500948     0.98499032
       26     0.00000023     0.01231682     0.98768295
       27     0.00000015     0.01018147     0.98981838
       28     0.00000013     0.00855629     0.99144358
       29     0.00000018     0.00735342     0.99264640
       30     0.00000017     0.00648300     0.99351683
       31     0.00000011     0.00586367     0.99413621
       32     0.00000017     0.00542911     0.99457071
       33     0.00000013     0.00513006     0.99486981
       34     0.00000016     0.00492937     0.99507047
       35     0.00000018     0.00480089     0.99519893
       36     0.00000015     0.00472475     0.99527510
       37     0.00000016     0.00468525     0.99531460
       38     0.00000018     0.00466753     0.99533229
       39     0.00000016     0.00465513     0.99534471
       40     0.00000016     0.00462790     0.99537194
       41     0.00000018     0.00455861     0.99544121
       42     0.00000018     0.00440828     0.99559155
       43     0.00000017     0.00411987     0.99587997
       44     0.00000018     0.00360835     0.99639146
       45     0.00000019     0.00275511     0.99724469
       46     0.00000019     0.00147961     0.99852020
       47     0.00000020     0.00092504     0.99907476
       48     0.00000026     0.04689977     0.95309998
       49     0.00000034     0.47930075     0.52069891
       50     0.00000040     0.87575207     0.12424753
       51     0.00000026     0.92744249     0.07255725
       52     0.00000023     0.94029873     0.05970104
       53     0.00000036     0.94533097     0.05466867
       54     0.00000035     0.94767650     0.05232315
       55     0.00000026     0.94887589     0.05112385
       56     0.00000030     0.94955419     0.05044551
       57     0.00000039     0.95001097     0.04998865
       58     0.00000033     0.95041016     0.04958950
       59     0.00000028     0.95084240     0.04915733
       60     0.00000035     0.95135595     0.04864371
       61     0.00000038     0.95196653     0.04803309
       62     0.00000032     0.95266448     0.04733520
       63     0.00000030     0.95342062     0.04657908
       64     0.00000036     0.95418926     0.04581038
       65     0.00000036     0.95491842     0.04508122
       66     0.00000030     0.95555767     0.04444202
       67     0.00000031     0.95606704     0.04393266
       68     0.00000034     0.95643309     0.04356657
       69     0.00000033     0.95667247     0.04332720
       70     0.00000029     0.95683828     0.04316143
       71     0.00000030     0.95702108     0.04297862
       72     0.00000035     0.95733646     0.04266319
       73     0.00000039     0.95791455     0.04208506
       74     0.00000043     0.95886785     0.04113172
       75     0.00000053     0.96026938     0.03973009
       76     0.00000071     0.96212400     0.03787529
       77     0.00000093     0.96434524     0.03565383
       78     0.00000118     0.96673610     0.03326272
       79     0.00000150     0.96901045     0.03098804
       80     0.00000191     0.97082301     0.02917508
       81     0.00000233     0.97183625     0.02816142
       82     0.00000273     0.97179986     0.02819741
       83     0.00000310     0.97063464     0.02936225
       84     0.00000343     0.96850817     0.03148840
       85     0.00000366     0.96584980     0.03414654
       86     0.00000374     0.96332118     0.03667508
       87     0.00000369     0.96169715     0.03829916
       88     0.00000354     0.96171475     0.03828171
       89     0.00000331     0.96386395     0.03613274
       90     0.00000305     0.96822612     0.03177083
       91     0.00000282     0.97438953     0.02560764
       92     0.00000270     0.98148115     0.01851615
       93     0.00000271     0.98834772     0.01164958
       94     0.00000284     0.99384481     0.00615235
       95     0.00000308     0.99716104     0.00283589
       96     0.00000334     0.99807143     0.00192522
       97     0.00000358     0.99701921     0.00297721
       98     0.00000372     0.99497660     0.00501968
       99     0.00000374     0.99310831     0.00688796
      100     0.00000366     0.99235101     0.00764532
      101     0.00000356     0.99307490     0.00692155
      102     0.00000349     0.99497982     0.00501669
      103     0.00000352     0.99728173     0.00271475
      104     0.00000368     0.99911442     0.00088190
      105     0.00000394     0.99994737     0.00004870
      106     0.00000425     0.99980287     0.00019289
      107     0.00000455     0.99916255     0.00083289
      108     0.00000484     0.99863377     0.00136139
      109     0.00000514     0.99858815     0.00140672
      110     0.00000550     0.99899525     0.00099925
      111     0.00000598     0.99953333     0.00046069
      112     0.00000661     0.99987003     0.00012336
      113     0.00000739     0.99989409     0.00009852
      114     0.00000830     0.99974017     0.00025153
      115     0.00000937     0.99962461     0.00036602
      116     0.00001064     0.99965654     0.00033282
      117     0.00001220     0.99978265     0.00020515
      118     0.00001416     0.99988284     0.00010300
      119     0.00001662     0.99989756     0.00008582
      120     0.00001970     0.99986318     0.00011712
