#     Density Matrix: population Re; see the manual for detail orders
        0     0.00000000     0.00000000     1.00000000
        1     0.00000021     0.00000450     0.99999529
        2     0.00000021     0.00003039     0.99996940
        3     0.00000040     0.00005109     0.99994851
        4     0.00000035     0.00005060     0.99994904
        5     0.00000059     0.00003598     0.99996343
        6     0.00000055     0.00002258     0.99997688
        7     0.00000068     0.00001801     0.99998131
        8     0.00000079     0.00001754     0.99998167
        9     0.00000063     0.00001114     0.99998823
       10     0.00000106     0.00000204     0.99999690
       11     0.00000050     0.00012482     0.99987468
       12     0.00000119     0.01746513     0.98253368
       13     0.00000048     0.01410796     0.98589157
       14     0.00000098     0.03148668     0.96851234
       15     0.00000075     0.02540154     0.97459772
       16     0.00000053     0.02366011     0.97633935
       17     0.00000110     0.02306514     0.97693376
       18     0.00000043     0.02293363     0.97706594
       19     0.00000079     0.02302411     0.97697510
       20     0.00000084     0.02324178     0.97675738
       21     0.00000034     0.02355518     0.97644448
       22     0.00000094     0.02396059     0.97603847
       23     0.00000069     0.02446510     0.97553420
       24     0.00000030     0.02508377     0.97491593
       25     0.00000086     0.02583917     0.97415996
       26     0.00000060     0.02676753     0.97323187
       27     0.00000023     0.02793193     0.97206784
       28     0.00000069     0.02945138     0.97054793
       29     0.00000055     0.03157872     0.96842073
       30     0.00000014     0.03495386     0.96504601
       31     0.00000047     0.04195704     0.95804249
       32     0.00000052     0.06963830     0.93036118
       33     0.00000011     0.42694833     0.57305156
       34     0.00000016     0.89116289     0.10883694
       35     0.00000060     0.95430349     0.04569592
       36     0.00000030     0.96267858     0.03732112
       37     0.00000001     0.96550181     0.03449817
       38     0.00000038     0.96675469     0.03324493
       39     0.00000043     0.96738984     0.03260972
       40     0.00000005     0.96775692     0.03224303
       41     0.00000011     0.96803248     0.03196741
       42     0.00000040     0.96835138     0.03164822
       43     0.00000023     0.96871124     0.03128853
       44     0.00000000     0.96912438     0.03087562
       45     0.00000020     0.96959350     0.03040630
       46     0.00000034     0.97011717     0.02988249
       47     0.00000011     0.97069103     0.02930885
       48     0.00000003     0.97130819     0.02869178
       49     0.00000025     0.97196082     0.02803892
       50     0.00000029     0.97264056     0.02735915
       51     0.00000006     0.97333751     0.02666243
       52     0.00000006     0.97404058     0.02595936
       53     0.00000030     0.97473923     0.02526048
       54     0.00000027     0.97542440     0.02457533
       55     0.00000003     0.97608860     0.02391136
       56     0.00000010     0.97672701     0.02327290
       57     0.00000035     0.97733902     0.02266062
       58     0.00000028     0.97792822     0.02207151
       59     0.00000002     0.97850082     0.02149916
       60     0.00000012     0.97906504     0.02093483
       61     0.00000040     0.97963071     0.02036889
       62     0.00000030     0.98020729     0.01979241
       63     0.00000002     0.98080124     0.01919873
       64     0.00000012     0.98141491     0.01858497
       65     0.00000042     0.98204672     0.01795286
       66     0.00000036     0.98269073     0.01730891
       67     0.00000005     0.98333596     0.01666400
       68     0.00000009     0.98396766     0.01603225
       69     0.00000045     0.98457030     0.01542925
       70     0.00000049     0.98512973     0.01486977
       71     0.00000013     0.98563413     0.01436574
       72     0.00000006     0.98607575     0.01392419
       73     0.00000051     0.98645359     0.01354590
       74     0.00000073     0.98677404     0.01322523
       75     0.00000033     0.98704866     0.01295102
       76     0.00000008     0.98729166     0.01270827
       77     0.00000056     0.98751887     0.01248057
       78     0.00000101     0.98774598     0.01225300
       79     0.00000065     0.98798493     0.01201442
       80     0.00000016     0.98824113     0.01175870
       81     0.00000052     0.98851431     0.01148517
       82     0.00000121     0.98880105     0.01119774
       83     0.00000110     0.98909620     0.01090269
       84     0.00000042     0.98939345     0.01060612
       85     0.00000041     0.98968776     0.01031184
       86     0.00000122     0.98997275     0.01002603
       87     0.00000000     1.00000000     0.00000000
       88     0.00000173     0.99999826     0.00000001
       89     0.00000432     0.99999560     0.00000008
       90     0.00000369     0.99999600     0.00000031
       91     0.00000081     0.99999827     0.00000091
       92     0.00000047     0.99999733     0.00000221
       93     0.00000370     0.99999156     0.00000474
       94     0.00000589     0.99998503     0.00000908
       95     0.00000377     0.99998049     0.00001574
       96     0.00000062     0.99997419     0.00002519
       97     0.00000153     0.99996096     0.00003751
       98     0.00000572     0.99994175     0.00005253
       99     0.00000745     0.99992329     0.00006926
      100     0.00000435     0.99990890     0.00008676
      101     0.00000098     0.99989559     0.00010343
      102     0.00000245     0.99988004     0.00011751
      103     0.00000725     0.99986508     0.00012767
      104     0.00000922     0.99985797     0.00013280
      105     0.00000591     0.99986147     0.00013263
      106     0.00000184     0.99987046     0.00012770
      107     0.00000262     0.99987795     0.00011944
      108     0.00000766     0.99988250     0.00010983
      109     0.00001100     0.99988800     0.00010099
      110     0.00000873     0.99989652     0.00009475
      111     0.00000377     0.99990404     0.00009219
      112     0.00000225     0.99990402     0.00009373
      113     0.00000624     0.99989507     0.00009869
      114     0.00001141     0.99988291     0.00010568
      115     0.00001210     0.99987522     0.00011267
      116     0.00000773     0.99987467     0.00011759
      117     0.00000321     0.99987802     0.00011877
      118     0.00000352     0.99988117     0.00011531
      119     0.00000846     0.99988416     0.00010738
      120     0.00001306     0.99989076     0.00009618
