#     Density Matrix: population Re; see the manual for detail orders
        0     0.00000000     0.00000000     1.00000000
        1     0.00000001     0.00000326     0.99999673
        2     0.00000001     0.00001648     0.99998352
        3     0.00000000     0.00001782     0.99998218
        4     0.00000001     0.00001946     0.99998053
        5     0.00000001     0.00004026     0.99995973
        6     0.00000003     0.00007285     0.99992712
        7     0.00000004     0.00009607     0.99990389
        8     0.00000006     0.00011471     0.99988523
        9     0.00000008     0.00018076     0.99981916
       10     0.00000011     0.00038550     0.99961440
       11     0.00000014     0.00085955     0.99914032
       12     0.00000017     0.00183812     0.99816171
       13     0.00000020     0.00387174     0.99612806
       14     0.00000024     0.00836752     0.99163224
       15     0.00000026     0.01892012     0.98107961
       16     0.00000029     0.04391977     0.95607995
       17     0.00000014     0.49840660     0.50159326
       18     0.00000035     0.50004738     0.49995228
       19     0.00000022     0.33791667     0.66208312
       20     0.00000019     0.19339920     0.80660061
       21     0.00000039     0.09384506     0.90615455
       22     0.00000033     0.03907610     0.96092358
       23     0.00000043     0.01411742     0.98588215
       24     0.00000045     0.00581256     0.99418699
       25     0.00000045     0.00559789     0.99440167
       26     0.00000049     0.00859208     0.99140744
       27     0.00000049     0.01229424     0.98770527
       28     0.00000050     0.01558459     0.98441491
       29     0.00000051     0.01809260     0.98190689
       30     0.00000051     0.01980379     0.98019570
       31     0.00000051     0.02085435     0.97914514
       32     0.00000053     0.02141623     0.97858324
       33     0.00000054     0.02164802     0.97835144
       34     0.00000055     0.02168003     0.97831942
       35     0.00000056     0.02160469     0.97839475
       36     0.00000057     0.02148256     0.97851687
       37     0.00000057     0.02134973     0.97864969
       38     0.00000058     0.02122924     0.97877018
       39     0.00000059     0.02114242     0.97885699
       40     0.00000060     0.02113757     0.97886182
       41     0.00000062     0.02136576     0.97863362
       42     0.00000063     0.02236791     0.97763146
       43     0.00000064     0.02681164     0.97318771
       44     0.00000062     0.06563741     0.93436197
       45     0.00000043     0.44736059     0.55263898
       46     0.00000018     0.86497359     0.13502622
       47     0.00000081     0.92311034     0.07688886
       48     0.00000113     0.93579549     0.06420339
       49     0.00000062     0.94144506     0.05855432
       50     0.00000046     0.94494573     0.05505381
       51     0.00000098     0.94755947     0.05243955
       52     0.00000118     0.94971490     0.05028392
       53     0.00000082     0.95154986     0.04844932
       54     0.00000077     0.95309187     0.04690736
       55     0.00000124     0.95431266     0.04568610
       56     0.00000147     0.95516093     0.04483760
       57     0.00000125     0.95556918     0.04442958
       58     0.00000126     0.95547848     0.04452026
       59     0.00000171     0.95484077     0.04515752
       60     0.00000202     0.95362322     0.04637476
       61     0.00000194     0.95181564     0.04818241
       62     0.00000199     0.94943771     0.05056029
       63     0.00000241     0.94653821     0.05345938
       64     0.00000277     0.94320730     0.05678993
       65     0.00000281     0.93957078     0.06042641
       66     0.00000284     0.93579725     0.06419991
       67     0.00000312     0.93210279     0.06789409
       68     0.00000340     0.92874972     0.07124687
       69     0.00000342     0.92606073     0.07393585
       70     0.00000332     0.92438505     0.07561163
       71     0.00000332     0.92409047     0.07590621
       72     0.00000335     0.92553088     0.07446577
       73     0.00000324     0.92897149     0.07102527
       74     0.00000301     0.93452182     0.06547516
       75     0.00000285     0.94205902     0.05793813
       76     0.00000283     0.95117267     0.04882450
       77     0.00000292     0.96113755     0.03885953
       78     0.00000309     0.97097827     0.02901864
       79     0.00000337     0.97959260     0.02040403
       80     0.00000381     0.98595975     0.01403644
       81     0.00000438     0.98937956     0.01061606
       82     0.00000495     0.98968724     0.01030782
       83     0.00000538     0.98736073     0.01263389
       84     0.00000560     0.98347237     0.01652203
       85     0.00000561     0.97946139     0.02053301
       86     0.00000539     0.97677564     0.02321897
       87     0.00000498     0.97645896     0.02353606
       88     0.00000448     0.97883512     0.02116040
       89     0.00000403     0.98338387     0.01661209
       90     0.00000374     0.98891161     0.01108465
       91     0.00000364     0.99396011     0.00603625
       92     0.00000369     0.99733711     0.00265920
       93     0.00000381     0.99854288     0.00145331
       94     0.00000388     0.99791569     0.00208042
       95     0.00000385     0.99642137     0.00357479
       96     0.00000368     0.99518253     0.00481379
       97     0.00000344     0.99497004     0.00502652
       98     0.00000319     0.99590093     0.00409588
       99     0.00000302     0.99748447     0.00251251
      100     0.00000297     0.99897028     0.00102675
      101     0.00000302     0.99978740     0.00020958
      102     0.00000312     0.99982370     0.00017318
      103     0.00000321     0.99940304     0.00059375
      104     0.00000325     0.99901196     0.00098478
      105     0.00000329     0.99897498     0.00102173
      106     0.00000335     0.99929058     0.00070607
      107     0.00000350     0.99970987     0.00028663
      108     0.00000373     0.99996608     0.00003020
      109     0.00000402     0.99996951     0.00002647
      110     0.00000436     0.99983236     0.00016328
      111     0.00000473     0.99973512     0.00026015
      112     0.00000516     0.99976870     0.00022614
      113     0.00000569     0.99988464     0.00010968
      114     0.00000635     0.99997395     0.00001970
      115     0.00000716     0.99997991     0.00001293
      116     0.00000812     0.99993600     0.00005588
      117     0.00000924     0.99991002     0.00008073
      118     0.00001059     0.99992916     0.00006025
      119     0.00001223     0.99996494     0.00002283
      120     0.00001424     0.99997923     0.00000654
