#     Density Matrix: population Re; see the manual for detail orders
        0     0.00000000     0.00000000     1.00000000
        1     0.00000002     0.00000018     0.99999980
        2     0.00000004     0.00000349     0.99999647
        3     0.00000007     0.00001897     0.99998096
        4     0.00000010     0.00005804     0.99994186
        5     0.00000013     0.00013602     0.99986385
        6     0.00000017     0.00029743     0.99970240
        7     0.00000019     0.00070543     0.99929438
        8     0.00000022     0.00201267     0.99798711
        9     0.00000023     0.00765399     0.99234577
       10     0.00000011     0.49651856     0.50348133
       11     0.00000012     0.60115775     0.39884213
       12     0.00000120     0.44749157     0.55250723
       13     0.00000027     0.31555876     0.68444097
       14     0.00000022     0.24455970     0.75544008
       15     0.00000040     0.19393575     0.80606386
       16     0.00000012     0.15878094     0.84121894
       17     0.00000031     0.13451678     0.86548290
       18     0.00000023     0.11773058     0.88226919
       19     0.00000022     0.10599986     0.89399992
       20     0.00000029     0.09769809     0.90230162
       21     0.00000024     0.09172478     0.90827497
       22     0.00000026     0.08735013     0.91264961
       23     0.00000031     0.08410056     0.91589913
       24     0.00000028     0.08164628     0.91835344
       25     0.00000030     0.07977020     0.92022950
       26     0.00000033     0.07832435     0.92167532
       27     0.00000031     0.07721146     0.92278822
       28     0.00000032     0.07636388     0.92363580
       29     0.00000033     0.07573596     0.92426371
       30     0.00000031     0.07529921     0.92470047
       31     0.00000029     0.07502189     0.92497781
       32     0.00000026     0.07493125     0.92506848
       33     0.00000028     0.07504177     0.92495795
       34     0.00000028     0.07537194     0.92462778
       35     0.00000026     0.07599436     0.92400538
       36     0.00000026     0.07708332     0.92291642
       37     0.00000028     0.07918283     0.92081689
       38     0.00000026     0.08505318     0.91494656
       39     0.00000024     0.34624513     0.65375463
       40     0.00000012     0.82006026     0.17993962
       41     0.00000026     0.89729374     0.10270600
       42     0.00000035     0.90337429     0.09662536
       43     0.00000019     0.90589494     0.09410487
       44     0.00000017     0.90747419     0.09252564
       45     0.00000030     0.90868081     0.09131889
       46     0.00000026     0.90971502     0.09028472
       47     0.00000016     0.91066403     0.08933581
       48     0.00000022     0.91156806     0.08843172
       49     0.00000029     0.91245043     0.08754928
       50     0.00000022     0.91331714     0.08668263
       51     0.00000019     0.91417376     0.08582605
       52     0.00000026     0.91501914     0.08498060
       53     0.00000030     0.91585101     0.08414870
       54     0.00000024     0.91666759     0.08333217
       55     0.00000022     0.91747071     0.08252907
       56     0.00000018     0.91826090     0.08173892
       57     0.00000020     0.91904181     0.08095800
       58     0.00000024     0.91982608     0.08017368
       59     0.00000023     0.92063053     0.07936923
       60     0.00000021     0.92146725     0.07853254
       61     0.00000023     0.92235371     0.07764606
       62     0.00000033     0.92329313     0.07670654
       63     0.00000044     0.92429369     0.07570588
       64     0.00000028     0.92537269     0.07462703
       65     0.00000027     0.92653079     0.07346894
       66     0.00000035     0.92776352     0.07223613
       67     0.00000046     0.92906347     0.07093606
       68     0.00000029     0.93040530     0.06959441
       69     0.00000017     0.93176265     0.06823718
       70     0.00000034     0.93313924     0.06686042
       71     0.00000051     0.93452213     0.06547735
       72     0.00000050     0.93596063     0.06403887
       73     0.00000054     0.93743251     0.06256695
       74     0.00000052     0.93889943     0.06110005
       75     0.00000081     0.94032571     0.05967348
       76     0.00000111     0.94169933     0.05829956
       77     0.00000104     0.94305811     0.05694085
       78     0.00000080     0.94439111     0.05560809
       79     0.00000063     0.94568249     0.05431688
       80     0.00000083     0.94694719     0.05305198
       81     0.00000120     0.94817105     0.05182775
       82     0.00000126     0.94935847     0.05064027
       83     0.00000108     0.95052740     0.04947152
       84     0.00000110     0.95170291     0.04829599
       85     0.00000140     0.95292242     0.04707619
       86     0.00000159     0.95422823     0.04577018
       87     0.00000148     0.95566703     0.04433148
       88     0.00000134     0.95727415     0.04272451
       89     0.00000142     0.95907189     0.04092669
       90     0.00000161     0.96105892     0.03893947
       91     0.00000167     0.96320773     0.03679060
       92     0.00000160     0.96546560     0.03453280
       93     0.00000157     0.96775481     0.03224361
       94     0.00000174     0.96998147     0.03001678
       95     0.00000203     0.97205065     0.02794732
       96     0.00000229     0.97387882     0.02611889
       97     0.00000246     0.97541009     0.02458745
       98     0.00000274     0.97662827     0.02336899
       99     0.00000337     0.97755984     0.02243679
      100     0.00000354     0.97827259     0.02172387
      101     0.00000334     0.97886586     0.02113080
      102     0.00000356     0.97945097     0.02054547
      103     0.00000401     0.98013088     0.01986512
      104     0.00000408     0.98098846     0.01900746
      105     0.00000367     0.98206337     0.01793296
      106     0.00000318     0.98334570     0.01665112
      107     0.00000298     0.98477808     0.01521894
      108     0.00000313     0.98626345     0.01373341
      109     0.00000339     0.98768630     0.01231031
      110     0.00000352     0.98892952     0.01106696
      111     0.00000348     0.98990038     0.01009614
      112     0.00000340     0.99054657     0.00945003
      113     0.00000346     0.99086493     0.00913161
      114     0.00000370     0.99091979     0.00907651
      115     0.00000395     0.99081164     0.00918441
      116     0.00000399     0.99067184     0.00932417
      117     0.00000375     0.99063390     0.00936235
      118     0.00000336     0.99079382     0.00920282
      119     0.00000296     0.99123243     0.00876461
      120     0.00000279     0.99196018     0.00803702
