#     Density Matrix: population Re; see the manual for detail orders
        0     0.00000000     0.00000000     1.00000000
        1     0.00000001     0.00000032     0.99999967
        2     0.00000001     0.00000599     0.99999399
        3     0.00000001     0.00003000     0.99996998
        4     0.00000005     0.00008022     0.99991973
        5     0.00000007     0.00015270     0.99984723
        6     0.00000013     0.00024916     0.99975071
        7     0.00000016     0.00041439     0.99958545
        8     0.00000021     0.00078956     0.99921023
        9     0.00000025     0.00173328     0.99826647
       10     0.00000029     0.00426256     0.99573716
       11     0.00000032     0.01194760     0.98805208
       12     0.00000034     0.04032268     0.95967698
       13     0.00000033     0.15524371     0.84475596
       14     0.00000022     0.38825125     0.61174853
       15     0.00000011     0.43233400     0.56766589
       16     0.00000025     0.29323001     0.70676974
       17     0.00000036     0.17672179     0.82327784
       18     0.00000041     0.10482560     0.89517399
       19     0.00000044     0.06325792     0.93674164
       20     0.00000044     0.04004821     0.95995135
       21     0.00000043     0.02761967     0.97237990
       22     0.00000041     0.02138082     0.97861877
       23     0.00000037     0.01860071     0.98139892
       24     0.00000036     0.01768866     0.98231098
       25     0.00000037     0.01774172     0.98225791
       26     0.00000035     0.01826884     0.98173082
       27     0.00000034     0.01902627     0.98097339
       28     0.00000033     0.01991136     0.98008831
       29     0.00000032     0.02089832     0.97910136
       30     0.00000032     0.02201171     0.97798797
       31     0.00000033     0.02330613     0.97669354
       32     0.00000033     0.02487728     0.97512240
       33     0.00000032     0.02689075     0.97310892
       34     0.00000033     0.02970516     0.97029452
       35     0.00000033     0.03430286     0.96569681
       36     0.00000033     0.04508639     0.95491328
       37     0.00000031     0.18535773     0.81464197
       38     0.00000021     0.76439736     0.23560243
       39     0.00000028     0.98667421     0.01332551
       40     0.00000052     0.98981085     0.01018864
       41     0.00000042     0.99023206     0.00976751
       42     0.00000029     0.99018111     0.00981860
       43     0.00000043     0.98993267     0.01006690
       44     0.00000053     0.98955245     0.01044702
       45     0.00000043     0.98906531     0.01093426
       46     0.00000041     0.98849106     0.01150853
       47     0.00000053     0.98785656     0.01214291
       48     0.00000058     0.98719834     0.01280109
       49     0.00000051     0.98655916     0.01344033
       50     0.00000052     0.98598760     0.01401187
       51     0.00000062     0.98553125     0.01446812
       52     0.00000066     0.98522952     0.01476982
       53     0.00000062     0.98510981     0.01488957
       54     0.00000063     0.98517634     0.01482303
       55     0.00000071     0.98540770     0.01459159
       56     0.00000075     0.98575628     0.01424296
       57     0.00000073     0.98615117     0.01384810
       58     0.00000074     0.98650732     0.01349194
       59     0.00000080     0.98673957     0.01325963
       60     0.00000086     0.98677828     0.01322085
       61     0.00000087     0.98658777     0.01341137
       62     0.00000087     0.98617252     0.01382661
       63     0.00000092     0.98558294     0.01441614
       64     0.00000100     0.98490741     0.01509159
       65     0.00000103     0.98425575     0.01574321
       66     0.00000105     0.98373757     0.01626138
       67     0.00000109     0.98344174     0.01655716
       68     0.00000117     0.98341577     0.01658306
       69     0.00000124     0.98365936     0.01633940
       70     0.00000129     0.98412332     0.01587539
       71     0.00000133     0.98472141     0.01527726
       72     0.00000140     0.98534849     0.01465010
       73     0.00000150     0.98590314     0.01409536
       74     0.00000158     0.98630925     0.01368917
       75     0.00000165     0.98653379     0.01346457
       76     0.00000171     0.98659476     0.01340353
       77     0.00000181     0.98655768     0.01344051
       78     0.00000193     0.98652271     0.01347536
       79     0.00000203     0.98660302     0.01339495
       80     0.00000211     0.98689975     0.01309814
       81     0.00000220     0.98747751     0.01252029
       82     0.00000231     0.98834813     0.01164956
       83     0.00000243     0.98946381     0.01053375
       84     0.00000254     0.99072406     0.00927340
       85     0.00000262     0.99199395     0.00800343
       86     0.00000269     0.99313210     0.00686521
       87     0.00000277     0.99401705     0.00598018
       88     0.00000285     0.99457411     0.00542304
       89     0.00000292     0.99478921     0.00520787
       90     0.00000296     0.99471046     0.00528657
       91     0.00000299     0.99443555     0.00556146
       92     0.00000302     0.99408714     0.00590984
       93     0.00000307     0.99378274     0.00621419
       94     0.00000310     0.99360574     0.00639116
       95     0.00000312     0.99358546     0.00641141
       96     0.00000312     0.99369168     0.00630519
       97     0.00000311     0.99384675     0.00615014
       98     0.00000309     0.99395294     0.00604397
       99     0.00000307     0.99392683     0.00607010
      100     0.00000303     0.99373142     0.00626555
      101     0.00000297     0.99339440     0.00660263
      102     0.00000288     0.99300557     0.00699155
      103     0.00000277     0.99269374     0.00730349
      104     0.00000266     0.99258674     0.00741060
      105     0.00000254     0.99276984     0.00722762
      106     0.00000241     0.99325458     0.00674301
      107     0.00000227     0.99397083     0.00602690
      108     0.00000211     0.99478606     0.00521183
      109     0.00000195     0.99554613     0.00445192
      110     0.00000180     0.99612455     0.00387365
      111     0.00000166     0.99646337     0.00353497
      112     0.00000151     0.99658938     0.00340911
      113     0.00000136     0.99660028     0.00339836
      114     0.00000120     0.99662403     0.00337477
      115     0.00000103     0.99676496     0.00323401
      116     0.00000086     0.99705581     0.00294333
      117     0.00000069     0.99743393     0.00256538
      118     0.00000053     0.99775115     0.00224831
      119     0.00000039     0.99781775     0.00218186
      120     0.00000026     0.99746743     0.00253231
