#     Density Matrix: population Re; see the manual for detail orders
        0     0.00000000     0.00000000     1.00000000
        1     0.00000002     0.00000053     0.99999945
        2     0.00000001     0.00000549     0.99999450
        3     0.00000000     0.00001431     0.99998568
        4     0.00000001     0.00001877     0.99998123
        5     0.00000000     0.00001505     0.99998495
        6     0.00000002     0.00000976     0.99999022
        7     0.00000004     0.00000792     0.99999204
        8     0.00000010     0.00000551     0.99999439
        9     0.00000017     0.00000651     0.99999332
       10     0.00000023     0.00002899     0.99997078
       11     0.00000026     0.00008255     0.99991719
       12     0.00000031     0.00018492     0.99981477
       13     0.00000033     0.00042936     0.99957031
       14     0.00000038     0.00119715     0.99880247
       15     0.00000039     0.00433596     0.99566364
       16     0.00000033     0.02409770     0.97590197
       17     0.00000017     0.64553056     0.35446927
       18     0.00000000     0.51126191     0.48873809
       19     0.00000086     0.04610108     0.95389807
       20     0.00000030     0.01354889     0.98645081
       21     0.00000042     0.00390899     0.99609059
       22     0.00000030     0.00101431     0.99898540
       23     0.00000027     0.00037950     0.99962023
       24     0.00000030     0.00043919     0.99956051
       25     0.00000026     0.00061189     0.99938785
       26     0.00000025     0.00069011     0.99930964
       27     0.00000026     0.00063392     0.99936582
       28     0.00000023     0.00047124     0.99952854
       29     0.00000022     0.00026823     0.99973155
       30     0.00000022     0.00013348     0.99986631
       31     0.00000017     0.00025460     0.99974523
       32     0.00000011     0.00099261     0.99900728
       33     0.00000015     0.00311747     0.99688238
       34     0.00000019     0.00843520     0.99156461
       35     0.00000018     0.02166774     0.97833208
       36     0.00000013     0.05646580     0.94353407
       37     0.00000016     0.15044954     0.84955029
       38     0.00000019     0.35518973     0.64481008
       39     0.00000017     0.61624433     0.38375551
       40     0.00000021     0.79374853     0.20625126
       41     0.00000020     0.87335562     0.12664418
       42     0.00000017     0.90919603     0.09080380
       43     0.00000021     0.92743572     0.07256407
       44     0.00000026     0.93776865     0.06223109
       45     0.00000021     0.94410664     0.05589314
       46     0.00000018     0.94822669     0.05177313
       47     0.00000019     0.95103027     0.04896954
       48     0.00000019     0.95301436     0.04698545
       49     0.00000016     0.95446921     0.04553063
       50     0.00000016     0.95557089     0.04442895
       51     0.00000018     0.95643288     0.04356694
       52     0.00000016     0.95712412     0.04287572
       53     0.00000015     0.95768943     0.04231041
       54     0.00000016     0.95815471     0.04184513
       55     0.00000012     0.95853567     0.04146421
       56     0.00000010     0.95884046     0.04115943
       57     0.00000011     0.95906984     0.04093005
       58     0.00000008     0.95922260     0.04077732
       59     0.00000006     0.95929673     0.04070321
       60     0.00000005     0.95928634     0.04071361
       61     0.00000005     0.95919117     0.04080878
       62     0.00000003     0.95900941     0.04099055
       63     0.00000004     0.95874640     0.04125356
       64     0.00000003     0.95841118     0.04158879
       65     0.00000001     0.95801698     0.04198301
       66     0.00000002     0.95758660     0.04241338
       67     0.00000003     0.95714613     0.04285384
       68     0.00000001     0.95672470     0.04327529
       69     0.00000000     0.95635235     0.04364765
       70     0.00000002     0.95605674     0.04394324
       71     0.00000004     0.95586239     0.04413757
       72     0.00000003     0.95579882     0.04420115
       73     0.00000001     0.95587726     0.04412273
       74     0.00000003     0.95609398     0.04390598
       75     0.00000006     0.95644106     0.04355888
       76     0.00000005     0.95690020     0.04309975
       77     0.00000004     0.95744774     0.04255221
       78     0.00000008     0.95805968     0.04194023
       79     0.00000012     0.95870884     0.04129104
       80     0.00000011     0.95936953     0.04063036
       81     0.00000011     0.96002297     0.03997693
       82     0.00000016     0.96065368     0.03934616
       83     0.00000019     0.96125599     0.03874381
       84     0.00000018     0.96183061     0.03816921
       85     0.00000018     0.96237273     0.03762709
       86     0.00000024     0.96289377     0.03710599
       87     0.00000025     0.96339990     0.03659985
       88     0.00000021     0.96389459     0.03610520
       89     0.00000020     0.96438271     0.03561709
       90     0.00000024     0.96487229     0.03512747
       91     0.00000025     0.96537446     0.03462530
       92     0.00000019     0.96590284     0.03409697
       93     0.00000016     0.96648356     0.03351628
       94     0.00000021     0.96715154     0.03284826
       95     0.00000026     0.96792654     0.03207321
       96     0.00000025     0.96882737     0.03117238
       97     0.00000025     0.96986096     0.03013879
       98     0.00000034     0.97101521     0.02898445
       99     0.00000050     0.97225394     0.02774556
      100     0.00000065     0.97351574     0.02648361
      101     0.00000078     0.97473269     0.02526652
      102     0.00000100     0.97582822     0.02417079
      103     0.00000130     0.97673685     0.02326185
      104     0.00000159     0.97741948     0.02257893
      105     0.00000181     0.97787888     0.02211931
      106     0.00000203     0.97818365     0.02181432
      107     0.00000228     0.97845736     0.02154037
      108     0.00000250     0.97886956     0.02112793
      109     0.00000267     0.97961433     0.02038300
      110     0.00000269     0.98087036     0.01912695
      111     0.00000275     0.98273893     0.01725832
      112     0.00000277     0.98520673     0.01479051
      113     0.00000272     0.98811535     0.01188193
      114     0.00000292     0.99117333     0.00882375
      115     0.00000349     0.99399622     0.00600029
      116     0.00000416     0.99619273     0.00380311
      117     0.00000479     0.99748147     0.00251374
      118     0.00000545     0.99776747     0.00222709
      119     0.00000617     0.99718629     0.00280754
      120     0.00000678     0.99609002     0.00390320
