#     Density Matrix: population Re; see the manual for detail orders
        0     0.00000000     0.00000000     1.00000000
        1     0.00000000     0.00000031     0.99999969
        2     0.00000000     0.00000222     0.99999777
        3     0.00000001     0.00000411     0.99999588
        4     0.00000004     0.00000445     0.99999551
        5     0.00000006     0.00000437     0.99999557
        6     0.00000010     0.00000770     0.99999220
        7     0.00000014     0.00001906     0.99998080
        8     0.00000019     0.00004443     0.99995539
        9     0.00000023     0.00009928     0.99990049
       10     0.00000028     0.00023558     0.99976415
       11     0.00000032     0.00064549     0.99935419
       12     0.00000036     0.00221886     0.99778077
       13     0.00000040     0.01141980     0.98857980
       14     0.00000022     0.56315320     0.43684659
       15     0.00000012     0.31732416     0.68267572
       16     0.00000173     0.23276463     0.76723364
       17     0.00000039     0.14417026     0.85582935
       18     0.00000045     0.09636330     0.90363625
       19     0.00000066     0.06938759     0.93061174
       20     0.00000041     0.05379048     0.94620911
       21     0.00000065     0.04452945     0.95546990
       22     0.00000048     0.03873989     0.96125964
       23     0.00000043     0.03478649     0.96521308
       24     0.00000053     0.03174251     0.96825696
       25     0.00000047     0.02909461     0.97090492
       26     0.00000039     0.02656122     0.97343839
       27     0.00000040     0.02397423     0.97602537
       28     0.00000048     0.02122809     0.97877144
       29     0.00000039     0.01825856     0.98174105
       30     0.00000032     0.01500194     0.98499773
       31     0.00000053     0.01142361     0.98857586
       32     0.00000042     0.00756379     0.99243579
       33     0.00000024     0.00370160     0.99629816
       34     0.00000039     0.00090933     0.99909028
       35     0.00000045     0.00312425     0.99687530
       36     0.00000034     0.03065031     0.96934935
       37     0.00000036     0.14476028     0.85523936
       38     0.00000043     0.39568565     0.60431392
       39     0.00000035     0.62588323     0.37411642
       40     0.00000032     0.74423692     0.25576277
       41     0.00000038     0.80104184     0.19895779
       42     0.00000036     0.83202349     0.16797614
       43     0.00000031     0.85110478     0.14889491
       44     0.00000032     0.86399417     0.13600551
       45     0.00000032     0.87332045     0.12667923
       46     0.00000031     0.88039890     0.11960079
       47     0.00000036     0.88595819     0.11404146
       48     0.00000038     0.89042645     0.10957318
       49     0.00000034     0.89406097     0.10593868
       50     0.00000035     0.89702655     0.10297310
       51     0.00000040     0.89944053     0.10055907
       52     0.00000041     0.90138879     0.09861080
       53     0.00000039     0.90294289     0.09705672
       54     0.00000039     0.90417271     0.09582690
       55     0.00000045     0.90514196     0.09485758
       56     0.00000051     0.90591372     0.09408577
       57     0.00000050     0.90655586     0.09344364
       58     0.00000050     0.90712824     0.09287126
       59     0.00000056     0.90769646     0.09230299
       60     0.00000060     0.90830895     0.09169044
       61     0.00000060     0.90900401     0.09099539
       62     0.00000060     0.90981948     0.09017991
       63     0.00000065     0.91077553     0.08922382
       64     0.00000067     0.91187754     0.08812179
       65     0.00000066     0.91312049     0.08687886
       66     0.00000065     0.91448534     0.08551401
       67     0.00000067     0.91594495     0.08405438
       68     0.00000068     0.91746814     0.08253118
       69     0.00000066     0.91902900     0.08097034
       70     0.00000064     0.92059973     0.07939963
       71     0.00000064     0.92216869     0.07783067
       72     0.00000066     0.92373330     0.07626604
       73     0.00000066     0.92530002     0.07469933
       74     0.00000066     0.92688454     0.07311480
       75     0.00000070     0.92850824     0.07149106
       76     0.00000076     0.93019255     0.06980669
       77     0.00000083     0.93194802     0.06805115
       78     0.00000090     0.93376013     0.06623897
       79     0.00000100     0.93560334     0.06439566
       80     0.00000114     0.93742377     0.06257509
       81     0.00000129     0.93916385     0.06083487
       82     0.00000141     0.94076436     0.05923423
       83     0.00000152     0.94217460     0.05782388
       84     0.00000165     0.94338235     0.05661600
       85     0.00000179     0.94440132     0.05559689
       86     0.00000183     0.94528478     0.05471339
       87     0.00000180     0.94614531     0.05385289
       88     0.00000178     0.94712376     0.05287447
       89     0.00000179     0.94836374     0.05163447
       90     0.00000172     0.94999665     0.05000163
       91     0.00000154     0.95211534     0.04788312
       92     0.00000138     0.95474266     0.04525596
       93     0.00000132     0.95782063     0.04217805
       94     0.00000134     0.96120543     0.03879323
       95     0.00000138     0.96468855     0.03531006
       96     0.00000147     0.96801759     0.03198094
       97     0.00000163     0.97094727     0.02905110
       98     0.00000191     0.97327897     0.02671912
       99     0.00000228     0.97490294     0.02509479
      100     0.00000264     0.97581707     0.02418028
      101     0.00000294     0.97614336     0.02385370
      102     0.00000315     0.97609666     0.02390019
      103     0.00000330     0.97595630     0.02404040
      104     0.00000337     0.97601587     0.02398076
      105     0.00000332     0.97652709     0.02346959
      106     0.00000317     0.97764840     0.02234843
      107     0.00000299     0.97941062     0.02058639
      108     0.00000284     0.98170863     0.01828854
      109     0.00000279     0.98430926     0.01568795
      110     0.00000294     0.98689890     0.01309816
      111     0.00000332     0.98915322     0.01084347
      112     0.00000385     0.99079852     0.00919763
      113     0.00000445     0.99169621     0.00829934
      114     0.00000502     0.99187586     0.00811911
      115     0.00000551     0.99153680     0.00845768
      116     0.00000586     0.99100143     0.00899272
      117     0.00000598     0.99063323     0.00936079
      118     0.00000588     0.99073213     0.00926199
      119     0.00000563     0.99144746     0.00854691
      120     0.00000537     0.99272526     0.00726937
