#     Density Matrix: population Re; see the manual for detail orders
        0     0.00000000     0.00000000     1.00000000
        1     0.00000000     0.00000004     0.99999996
        2     0.00000001     0.00000040     0.99999959
        3     0.00000004     0.00000125     0.99999870
        4     0.00000010     0.00000277     0.99999713
        5     0.00000022     0.00000587     0.99999391
        6     0.00000037     0.00001324     0.99998639
        7     0.00000057     0.00002946     0.99996997
        8     0.00000076     0.00006144     0.99993780
        9     0.00000096     0.00012370     0.99987534
       10     0.00000112     0.00025663     0.99974225
       11     0.00000125     0.00058216     0.99941659
       12     0.00000131     0.00150624     0.99849244
       13     0.00000136     0.00469531     0.99530334
       14     0.00000130     0.02017260     0.97982610
       15     0.00000115     0.16163739     0.83836146
       16     0.00000105     0.15561221     0.84438674
       17     0.00000560     0.50783397     0.49216044
       18     0.00000104     0.35270462     0.64729434
       19     0.00000209     0.31627130     0.68372661
       20     0.00000358     0.30064635     0.69935007
       21     0.00000037     0.29684293     0.70315670
       22     0.00000318     0.29915322     0.70084360
       23     0.00000222     0.30394874     0.69604903
       24     0.00000079     0.30902928     0.69096993
       25     0.00000337     0.31318213     0.68681450
       26     0.00000146     0.31586760     0.68413095
       27     0.00000141     0.31696866     0.68302993
       28     0.00000370     0.31658637     0.68340993
       29     0.00000137     0.31495637     0.68504226
       30     0.00000161     0.31237746     0.68762092
       31     0.00000369     0.30925871     0.69073760
       32     0.00000151     0.30574333     0.69425515
       33     0.00000129     0.30204480     0.69795391
       34     0.00000354     0.29861528     0.70138118
       35     0.00000205     0.29599778     0.70400017
       36     0.00000094     0.29532750     0.70467156
       37     0.00000302     0.29964038     0.70035661
       38     0.00000278     0.31777320     0.68222402
       39     0.00000094     0.37832525     0.62167381
       40     0.00000217     0.50166872     0.49832910
       41     0.00000345     0.61503118     0.38496537
       42     0.00000177     0.67274132     0.32725691
       43     0.00000117     0.70102563     0.29897320
       44     0.00000286     0.71933735     0.28065979
       45     0.00000264     0.73659857     0.26339878
       46     0.00000121     0.75793320     0.24206559
       47     0.00000211     0.69324371     0.30675418
       48     0.00000277     0.47918692     0.52081032
       49     0.00000181     0.39233304     0.60766515
       50     0.00000181     0.36857610     0.63142209
       51     0.00000261     0.35881065     0.64118674
       52     0.00000209     0.35407329     0.64592462
       53     0.00000168     0.35165891     0.64833941
       54     0.00000234     0.35049469     0.64950297
       55     0.00000224     0.35000855     0.64998922
       56     0.00000162     0.34986251     0.65013587
       57     0.00000214     0.34990272     0.65009514
       58     0.00000239     0.35003302     0.64996459
       59     0.00000171     0.35019819     0.64980010
       60     0.00000191     0.35037604     0.64962205
       61     0.00000242     0.35059440     0.64940318
       62     0.00000183     0.35088682     0.64911134
       63     0.00000169     0.35132124     0.64867707
       64     0.00000244     0.35203682     0.64796074
       65     0.00000209     0.35319329     0.64680461
       66     0.00000149     0.35498870     0.64500981
       67     0.00000223     0.35772225     0.64227552
       68     0.00000241     0.36179193     0.63820566
       69     0.00000148     0.36765089     0.63234763
       70     0.00000186     0.37588465     0.62411349
       71     0.00000269     0.38719077     0.61280654
       72     0.00000179     0.40234957     0.59764863
       73     0.00000140     0.42213719     0.57786141
       74     0.00000263     0.44715416     0.55284322
       75     0.00000240     0.47754840     0.52244921
       76     0.00000123     0.51267522     0.48732355
       77     0.00000208     0.55084806     0.44914986
       78     0.00000283     0.58869622     0.41130094
       79     0.00000164     0.62326794     0.37673042
       80     0.00000147     0.65274251     0.34725602
       81     0.00000263     0.67548233     0.32451504
       82     0.00000223     0.69112499     0.30887278
       83     0.00000137     0.69983034     0.30016830
       84     0.00000210     0.70211249     0.29788542
       85     0.00000246     0.69916324     0.30083430
       86     0.00000164     0.69211930     0.30787906
       87     0.00000174     0.68163792     0.31836033
       88     0.00000241     0.66848376     0.33151383
       89     0.00000191     0.65378634     0.34621175
       90     0.00000151     0.63785208     0.36214641
       91     0.00000227     0.62089585     0.37910189
       92     0.00000231     0.60355356     0.39644413
       93     0.00000144     0.58615367     0.41384489
       94     0.00000181     0.56920079     0.43079740
       95     0.00000251     0.55274466     0.44725283
       96     0.00000180     0.53684210     0.46315610
       97     0.00000129     0.52194574     0.47805296
       98     0.00000234     0.50846240     0.49153526
       99     0.00000284     0.49642593     0.50357123
      100     0.00000157     0.48587413     0.51412431
      101     0.00000134     0.47710273     0.52289593
      102     0.00000274     0.47022334     0.52977392
      103     0.00000275     0.46531162     0.53468563
      104     0.00000135     0.46239499     0.53760367
      105     0.00000148     0.46144415     0.53855437
      106     0.00000282     0.46237979     0.53761739
      107     0.00000260     0.46499880     0.53499861
      108     0.00000149     0.46900793     0.53099058
      109     0.00000164     0.47408025     0.52591811
      110     0.00000245     0.47980448     0.52019307
      111     0.00000244     0.48542853     0.51456903
      112     0.00000173     0.48962572     0.51037255
      113     0.00000148     0.49012007     0.50987845
      114     0.00000220     0.48154558     0.51845222
      115     0.00000294     0.44340136     0.55659570
      116     0.00000275     0.34538854     0.65460871
      117     0.00000181     0.33901678     0.66098140
      118     0.00000200     0.36970208     0.63029592
      119     0.00000250     0.37299308     0.62700442
      120     0.00000252     0.36418510     0.63581238
