#     Density Matrix: population Re; see the manual for detail orders
        0     0.00000000     0.00000000     1.00000000
        1     0.00000001     0.00000046     0.99999954
        2     0.00000002     0.00000514     0.99999484
        3     0.00000007     0.00001648     0.99998344
        4     0.00000012     0.00003089     0.99996899
        5     0.00000023     0.00004398     0.99995579
        6     0.00000031     0.00006266     0.99993703
        7     0.00000049     0.00011309     0.99988641
        8     0.00000061     0.00023981     0.99975959
        9     0.00000082     0.00050817     0.99949102
       10     0.00000092     0.00104166     0.99895742
       11     0.00000111     0.00215636     0.99784253
       12     0.00000114     0.00477140     0.99522746
       13     0.00000126     0.01175866     0.98824009
       14     0.00000116     0.03287486     0.96712397
       15     0.00000112     0.10122136     0.89877752
       16     0.00000077     0.27873617     0.72126306
       17     0.00000099     0.50442961     0.49556940
       18     0.00000081     0.50660514     0.49339405
       19     0.00000166     0.41480219     0.58519614
       20     0.00000189     0.34616301     0.65383511
       21     0.00000092     0.30411404     0.69588504
       22     0.00000167     0.28087904     0.71911930
       23     0.00000116     0.26971244     0.73028640
       24     0.00000047     0.26560907     0.73439046
       25     0.00000114     0.26508361     0.73491525
       26     0.00000066     0.26573032     0.73426902
       27     0.00000017     0.26595441     0.73404542
       28     0.00000062     0.26483091     0.73516848
       29     0.00000035     0.26189457     0.73810508
       30     0.00000002     0.25703918     0.74296081
       31     0.00000023     0.25026969     0.74973008
       32     0.00000015     0.24170311     0.75829673
       33     0.00000003     0.23165971     0.76834027
       34     0.00000009     0.22077380     0.77922611
       35     0.00000008     0.20937551     0.79062441
       36     0.00000021     0.19806314     0.80193666
       37     0.00000021     0.18827291     0.81172688
       38     0.00000007     0.18136085     0.81863908
       39     0.00000018     0.17902417     0.82097565
       40     0.00000024     0.18338077     0.81661899
       41     0.00000007     0.19663371     0.80336623
       42     0.00000025     0.22066712     0.77933263
       43     0.00000025     0.25636191     0.74363784
       44     0.00000004     0.30266563     0.69733434
       45     0.00000032     0.35547774     0.64452193
       46     0.00000016     0.40633862     0.59366122
       47     0.00000009     0.44237262     0.55762730
       48     0.00000061     0.44835831     0.55164108
       49     0.00000021     0.41209102     0.58790877
       50     0.00000025     0.33278828     0.66721146
       51     0.00000094     0.22780719     0.77219186
       52     0.00000021     0.13021585     0.86978394
       53     0.00000050     0.07370660     0.92629290
       54     0.00000095     0.07433820     0.92566085
       55     0.00000003     0.12251851     0.87748146
       56     0.00000065     0.19047922     0.80952013
       57     0.00000039     0.24780457     0.75219504
       58     0.00000021     0.27445965     0.72554014
       59     0.00000095     0.26680694     0.73319211
       60     0.00000008     0.23591127     0.76408865
       61     0.00000078     0.20025439     0.79974483
       62     0.00000061     0.17663618     0.82336321
       63     0.00000011     0.17300458     0.82699531
       64     0.00000067     0.18611834     0.81388100
       65     0.00000001     0.20473133     0.79526866
       66     0.00000062     0.21712140     0.78287798
       67     0.00000017     0.21750099     0.78249884
       68     0.00000042     0.20863240     0.79136719
       69     0.00000062     0.19827793     0.80172145
       70     0.00000002     0.19366266     0.80633732
       71     0.00000044     0.19659287     0.80340669
       72     0.00000005     0.20286109     0.79713885
       73     0.00000046     0.20672260     0.79327694
       74     0.00000002     0.20625413     0.79374585
       75     0.00000055     0.20337313     0.79662632
       76     0.00000035     0.20137455     0.79862510
       77     0.00000007     0.20124901     0.79875092
       78     0.00000019     0.20156223     0.79843757
       79     0.00000033     0.20118203     0.79881764
       80     0.00000032     0.20112464     0.79887504
       81     0.00000007     0.20293345     0.79706647
       82     0.00000071     0.20569626     0.79430303
       83     0.00000025     0.20607680     0.79392295
       84     0.00000004     0.20224863     0.79775133
       85     0.00000020     0.19720850     0.80279131
       86     0.00000087     0.19662998     0.80336915
       87     0.00000034     0.20286135     0.79713831
       88     0.00000024     0.21049066     0.78950909
       89     0.00000080     0.21139048     0.78860871
       90     0.00000044     0.20350248     0.79649708
       91     0.00000009     0.19400027     0.80599965
       92     0.00000042     0.19262439     0.80737520
       93     0.00000164     0.20158374     0.79841462
       94     0.00000071     0.21266949     0.78732980
       95     0.00000016     0.21506949     0.78493035
       96     0.00000058     0.20613911     0.79386030
       97     0.00000098     0.19415063     0.80584839
       98     0.00000089     0.19027657     0.80972254
       99     0.00000054     0.19790719     0.80209227
      100     0.00000210     0.20964254     0.79035536
      101     0.00000157     0.21488332     0.78511511
      102     0.00000014     0.20972150     0.79027836
      103     0.00000002     0.19934327     0.80065672
      104     0.00000099     0.19305385     0.80694517
      105     0.00000289     0.19570925     0.80428786
      106     0.00000170     0.20381077     0.79618753
      107     0.00000078     0.20986110     0.79013811
      108     0.00000126     0.20929497     0.79070377
      109     0.00000079     0.20382649     0.79617272
      110     0.00000132     0.19886933     0.80112936
      111     0.00000105     0.19827866     0.80172029
      112     0.00000183     0.20145000     0.79854817
      113     0.00000352     0.20483637     0.79516010
      114     0.00000170     0.20565824     0.79434006
      115     0.00000016     0.20406579     0.79593405
      116     0.00000014     0.20217800     0.79782186
      117     0.00000124     0.20162454     0.79837421
      118     0.00000432     0.20225838     0.79773730
      119     0.00000389     0.20295888     0.79703723
      120     0.00000092     0.20312407     0.79687501
