#     Density Matrix: population Re; see the manual for detail orders
        0     0.00000000     0.00000000     1.00000000
        1     0.00000000     0.00000807     0.99999193
        2     0.00000001     0.00007128     0.99992871
        3     0.00000003     0.00017779     0.99982218
        4     0.00000005     0.00027202     0.99972793
        5     0.00000009     0.00030261     0.99969729
        6     0.00000014     0.00028397     0.99971590
        7     0.00000019     0.00035346     0.99964635
        8     0.00000025     0.00081958     0.99918017
        9     0.00000031     0.00226347     0.99773622
       10     0.00000037     0.00596706     0.99403257
       11     0.00000043     0.01577397     0.98422560
       12     0.00000045     0.04643562     0.95356393
       13     0.00000044     0.15535915     0.84464041
       14     0.00000027     0.40963546     0.59036427
       15     0.00000041     0.54639600     0.45360359
       16     0.00000076     0.41383902     0.58616022
       17     0.00000121     0.31497414     0.68502465
       18     0.00000124     0.26140989     0.73858888
       19     0.00000079     0.23365560     0.76634361
       20     0.00000105     0.22068951     0.77930944
       21     0.00000067     0.21581902     0.78418032
       22     0.00000059     0.21499425     0.78500515
       23     0.00000059     0.21561227     0.78438714
       24     0.00000019     0.21594468     0.78405513
       25     0.00000022     0.21508920     0.78491057
       26     0.00000025     0.21266208     0.78733767
       27     0.00000004     0.20859633     0.79140363
       28     0.00000008     0.20308783     0.79691210
       29     0.00000011     0.19625925     0.80374064
       30     0.00000000     0.18817967     0.81182032
       31     0.00000005     0.17912655     0.82087339
       32     0.00000005     0.16946910     0.83053085
       33     0.00000000     0.15976774     0.84023226
       34     0.00000010     0.15091445     0.84908545
       35     0.00000012     0.14429358     0.85570630
       36     0.00000001     0.14182747     0.85817252
       37     0.00000009     0.14591871     0.85408120
       38     0.00000013     0.15916549     0.84083438
       39     0.00000002     0.18387916     0.81612082
       40     0.00000005     0.22118959     0.77881036
       41     0.00000018     0.26972984     0.73026999
       42     0.00000010     0.32406347     0.67593642
       43     0.00000001     0.37323862     0.62676137
       44     0.00000008     0.40068589     0.59931403
       45     0.00000024     0.38809390     0.61190587
       46     0.00000007     0.32487422     0.67512571
       47     0.00000015     0.22084899     0.77915086
       48     0.00000040     0.11109319     0.88890640
       49     0.00000012     0.04071482     0.95928506
       50     0.00000027     0.03576711     0.96423261
       51     0.00000027     0.08669707     0.91330266
       52     0.00000003     0.15845308     0.84154690
       53     0.00000048     0.21421188     0.78578764
       54     0.00000021     0.23341147     0.76658832
       55     0.00000033     0.21678357     0.78321610
       56     0.00000058     0.18071823     0.81928119
       57     0.00000007     0.14642433     0.85357560
       58     0.00000068     0.12933275     0.87066657
       59     0.00000024     0.13297851     0.86702125
       60     0.00000030     0.14953309     0.85046661
       61     0.00000035     0.16608226     0.83391739
       62     0.00000016     0.17275509     0.82724476
       63     0.00000067     0.16797287     0.83202647
       64     0.00000003     0.15782676     0.84217320
       65     0.00000067     0.15054318     0.84945614
       66     0.00000008     0.15034673     0.84965319
       67     0.00000031     0.15524481     0.84475488
       68     0.00000005     0.15997958     0.84002038
       69     0.00000043     0.16102325     0.83897632
       70     0.00000028     0.15899681     0.84100291
       71     0.00000027     0.15683321     0.84316652
       72     0.00000038     0.15629507     0.84370454
       73     0.00000003     0.15665371     0.84334626
       74     0.00000007     0.15661739     0.84338255
       75     0.00000026     0.15645048     0.84354927
       76     0.00000059     0.15739536     0.84260405
       77     0.00000005     0.15925086     0.84074910
       78     0.00000033     0.15973738     0.84026229
       79     0.00000024     0.15732397     0.84267578
       80     0.00000015     0.15403258     0.84596727
       81     0.00000012     0.15390944     0.84609043
       82     0.00000074     0.15804442     0.84195484
       83     0.00000034     0.16228362     0.83771604
       84     0.00000008     0.16134490     0.83865502
       85     0.00000041     0.15540119     0.84459840
       86     0.00000065     0.15086817     0.84913118
       87     0.00000027     0.15343846     0.84656127
       88     0.00000067     0.16101164     0.83898769
       89     0.00000092     0.16527301     0.83472607
       90     0.00000029     0.16091309     0.83908661
       91     0.00000020     0.15212091     0.84787889
       92     0.00000101     0.14851117     0.85148782
       93     0.00000141     0.15443601     0.84556258
       94     0.00000066     0.16387125     0.83612809
       95     0.00000086     0.16677402     0.83322511
       96     0.00000076     0.15993566     0.84006357
       97     0.00000069     0.15041415     0.84958517
       98     0.00000079     0.14800904     0.85199017
       99     0.00000220     0.15493276     0.84506504
      100     0.00000254     0.16391809     0.83607937
      101     0.00000071     0.16607120     0.83392808
      102     0.00000014     0.15978743     0.84021243
      103     0.00000059     0.15172764     0.84827177
      104     0.00000291     0.14964023     0.85035686
      105     0.00000331     0.15472534     0.84527135
      106     0.00000236     0.16132721     0.83867043
      107     0.00000216     0.16320666     0.83679118
      108     0.00000048     0.15941968     0.84057984
      109     0.00000095     0.15433309     0.84566596
      110     0.00000231     0.15278973     0.84720796
      111     0.00000463     0.15538934     0.84460603
      112     0.00000552     0.15874684     0.84124764
      113     0.00000218     0.15968245     0.84031538
      114     0.00000012     0.15803715     0.84196273
      115     0.00000068     0.15610677     0.84389255
      116     0.00000447     0.15571392     0.84428161
      117     0.00000796     0.15648401     0.84350803
      118     0.00000579     0.15711716     0.84287705
      119     0.00000201     0.15717235     0.84282563
      120     0.00000029     0.15719361     0.84280610
