#     Density Matrix: population Re; see the manual for detail orders
        0     0.00000000     0.00000000     1.00000000
        1     0.00000011     0.00000502     0.99999487
        2     0.00000012     0.00004551     0.99995437
        3     0.00000024     0.00011835     0.99988142
        4     0.00000023     0.00019311     0.99980665
        5     0.00000039     0.00024836     0.99975125
        6     0.00000039     0.00033484     0.99966477
        7     0.00000050     0.00067876     0.99932074
        8     0.00000058     0.00195951     0.99803991
        9     0.00000051     0.00654037     0.99345912
       10     0.00000076     0.02632722     0.97367202
       11     0.00000037     0.15508280     0.84491683
       12     0.00000038     0.62602436     0.37397526
       13     0.00000046     0.56287052     0.43712902
       14     0.00000149     0.29801454     0.70198397
       15     0.00000000     0.23230470     0.76769530
       16     0.00000121     0.19710469     0.80289410
       17     0.00000043     0.17973819     0.82026139
       18     0.00000035     0.17265206     0.82734758
       19     0.00000114     0.17111842     0.82888044
       20     0.00000010     0.17213952     0.82786038
       21     0.00000069     0.17385700     0.82614231
       22     0.00000095     0.17517900     0.82482004
       23     0.00000003     0.17551937     0.82448059
       24     0.00000086     0.17461226     0.82538688
       25     0.00000083     0.17237921     0.82761995
       26     0.00000003     0.16883677     0.83116320
       27     0.00000087     0.16403487     0.83596427
       28     0.00000086     0.15802103     0.84197811
       29     0.00000001     0.15078708     0.84921290
       30     0.00000075     0.14227843     0.85772082
       31     0.00000100     0.13240292     0.86759608
       32     0.00000008     0.12103494     0.87896498
       33     0.00000047     0.10814809     0.89185144
       34     0.00000112     0.09429993     0.90569895
       35     0.00000034     0.08242153     0.91757813
       36     0.00000014     0.08402273     0.91597713
       37     0.00000104     0.13177617     0.86822279
       38     0.00000080     0.26023028     0.73976892
       39     0.00000002     0.42990705     0.57009293
       40     0.00000063     0.58216034     0.41783903
       41     0.00000118     0.69800239     0.30199643
       42     0.00000034     0.77106710     0.22893257
       43     0.00000015     0.81388041     0.18611945
       44     0.00000101     0.83937339     0.16062560
       45     0.00000085     0.85520299     0.14479616
       46     0.00000005     0.86539533     0.13460462
       47     0.00000051     0.87207755     0.12792195
       48     0.00000119     0.87642712     0.12357169
       49     0.00000051     0.87913154     0.12086795
       50     0.00000005     0.88061750     0.11938245
       51     0.00000097     0.88116954     0.11882949
       52     0.00000121     0.88098962     0.11900917
       53     0.00000018     0.88023337     0.11976645
       54     0.00000036     0.87903040     0.12096925
       55     0.00000157     0.87749552     0.12250291
       56     0.00000109     0.87573387     0.12426504
       57     0.00000002     0.87384406     0.12615592
       58     0.00000100     0.87191888     0.12808012
       59     0.00000200     0.87004462     0.12995338
       60     0.00000076     0.86830391     0.13169533
       61     0.00000015     0.86676868     0.13323116
       62     0.00000175     0.86549646     0.13450179
       63     0.00000207     0.86453699     0.13546094
       64     0.00000042     0.86393153     0.13606805
       65     0.00000043     0.86371094     0.13628863
       66     0.00000196     0.86390335     0.13609470
       67     0.00000163     0.86454458     0.13545380
       68     0.00000018     0.86567658     0.13432323
       69     0.00000034     0.86733766     0.13266200
       70     0.00000132     0.86956400     0.13043468
       71     0.00000134     0.87237787     0.12762078
       72     0.00000053     0.87574270     0.12425677
       73     0.00000001     0.87952158     0.12047841
       74     0.00000108     0.88344271     0.11655620
       75     0.00000303     0.88707660     0.11292037
       76     0.00000270     0.88983233     0.11016497
       77     0.00000105     0.89099583     0.10900312
       78     0.00000322     0.88985214     0.11014464
       79     0.00000735     0.88586066     0.11413199
       80     0.00000641     0.87885724     0.12113636
       81     0.00000314     0.86924048     0.13075638
       82     0.00000530     0.85809403     0.14190067
       83     0.00000900     0.84716356     0.15282744
       84     0.00000663     0.83861668     0.16137668
       85     0.00000231     0.83457818     0.16541951
       86     0.00000241     0.83653361     0.16346398
       87     0.00000429     0.84473692     0.15525879
       88     0.00000413     0.85782046     0.14217541
       89     0.00000249     0.87281311     0.12718440
       90     0.00000125     0.88573120     0.11426755
       91     0.00000327     0.89269237     0.10730436
       92     0.00000813     0.89128161     0.10871025
       93     0.00000926     0.88169441     0.11829634
       94     0.00000529     0.86712094     0.13287377
       95     0.00000417     0.85296434     0.14703149
       96     0.00000711     0.84490294     0.15508995
       97     0.00000746     0.84641499     0.15357755
       98     0.00000462     0.85684000     0.14315538
       99     0.00000225     0.87116643     0.12883132
      100     0.00000235     0.88210252     0.11789513
      101     0.00000718     0.88385740     0.11613542
      102     0.00001305     0.87567332     0.12431363
      103     0.00001167     0.86278586     0.13720247
      104     0.00000608     0.85359210     0.14640182
      105     0.00000450     0.85417725     0.14581826
      106     0.00000708     0.86376488     0.13622804
      107     0.00001142     0.87480024     0.12518834
      108     0.00001466     0.87851832     0.12146701
      109     0.00001366     0.87222753     0.12775881
      110     0.00001163     0.86198941     0.13799895
      111     0.00001324     0.85745135     0.14253541
      112     0.00001759     0.86265935     0.13732306
      113     0.00002354     0.87174893     0.12822754
      114     0.00002896     0.87487536     0.12509568
      115     0.00003022     0.86902390     0.13094587
      116     0.00003020     0.86161016     0.13835964
      117     0.00003504     0.86165684     0.13830812
      118     0.00004826     0.86849179     0.13145995
      119     0.00007025     0.87265831     0.12727144
      120     0.00009275     0.86878678     0.13112046
