#     Density Matrix: population Re; see the manual for detail orders
        0     0.00000000     0.00000000     1.00000000
        1     0.00000000     0.00000504     0.99999495
        2     0.00000001     0.00002943     0.99997056
        3     0.00000001     0.00004061     0.99995937
        4     0.00000005     0.00004079     0.99995916
        5     0.00000007     0.00005569     0.99994424
        6     0.00000013     0.00009548     0.99990438
        7     0.00000016     0.00013697     0.99986287
        8     0.00000026     0.00014484     0.99985490
        9     0.00000028     0.00012180     0.99987791
       10     0.00000035     0.00016531     0.99983434
       11     0.00000050     0.00052650     0.99947300
       12     0.00000054     0.00177269     0.99822677
       13     0.00000056     0.00554492     0.99445452
       14     0.00000042     0.01894724     0.98105234
       15     0.00000065     0.09050932     0.90949003
       16     0.00000022     0.47270508     0.52729470
       17     0.00000022     0.67055521     0.32944457
       18     0.00000110     0.36262808     0.63737082
       19     0.00000109     0.27572070     0.72427821
       20     0.00000007     0.24689074     0.75310919
       21     0.00000139     0.22899475     0.77100386
       22     0.00000044     0.21968444     0.78031512
       23     0.00000050     0.21648638     0.78351312
       24     0.00000143     0.21721040     0.78278817
       25     0.00000009     0.22010566     0.77989426
       26     0.00000097     0.22389335     0.77610568
       27     0.00000129     0.22772275     0.77227596
       28     0.00000000     0.23109577     0.76890423
       29     0.00000136     0.23377418     0.76622445
       30     0.00000135     0.23568874     0.76430991
       31     0.00000000     0.23687299     0.76312701
       32     0.00000140     0.23741051     0.76258809
       33     0.00000150     0.23739828     0.76260023
       34     0.00000002     0.23692313     0.76307686
       35     0.00000116     0.23604588     0.76395296
       36     0.00000171     0.23478886     0.76520944
       37     0.00000015     0.23311384     0.76688600
       38     0.00000072     0.23087078     0.76912850
       39     0.00000185     0.22765945     0.77233870
       40     0.00000055     0.22239123     0.77760822
       41     0.00000022     0.22482171     0.77517807
       42     0.00000128     0.44824570     0.55175302
       43     0.00000099     0.69009921     0.30989980
       44     0.00000005     0.71999415     0.28000580
       45     0.00000043     0.73469521     0.26530436
       46     0.00000092     0.74886281     0.25113627
       47     0.00000029     0.76752475     0.23247495
       48     0.00000006     0.79510979     0.20489015
       49     0.00000046     0.81937228     0.18062727
       50     0.00000030     0.74403108     0.25596862
       51     0.00000012     0.58080785     0.41919202
       52     0.00000040     0.48344744     0.51655216
       53     0.00000041     0.43855579     0.56144380
       54     0.00000013     0.41474248     0.58525739
       55     0.00000027     0.40046731     0.59953242
       56     0.00000049     0.39120997     0.60878953
       57     0.00000024     0.38492582     0.61507394
       58     0.00000012     0.38058831     0.61941157
       59     0.00000045     0.37764753     0.62235202
       60     0.00000046     0.37580181     0.62419773
       61     0.00000011     0.37489755     0.62510234
       62     0.00000023     0.37487884     0.62512093
       63     0.00000057     0.37575433     0.62424510
       64     0.00000034     0.37758571     0.62241395
       65     0.00000007     0.38048295     0.61951698
       66     0.00000041     0.38461232     0.61538728
       67     0.00000060     0.39020308     0.60979632
       68     0.00000019     0.39755035     0.60244945
       69     0.00000012     0.40703670     0.59296318
       70     0.00000057     0.41914035     0.58085908
       71     0.00000052     0.43442106     0.56557842
       72     0.00000008     0.45341952     0.54658040
       73     0.00000027     0.47658174     0.52341799
       74     0.00000068     0.50387059     0.49612873
       75     0.00000040     0.53414630     0.46585331
       76     0.00000006     0.56462763     0.43537231
       77     0.00000035     0.59051622     0.40948343
       78     0.00000060     0.60521042     0.39478898
       79     0.00000032     0.60087919     0.39912049
       80     0.00000010     0.56949298     0.43050692
       81     0.00000031     0.50682621     0.49317347
       82     0.00000047     0.42119018     0.57880935
       83     0.00000025     0.33488743     0.66511232
       84     0.00000017     0.26734236     0.73265747
       85     0.00000044     0.22249813     0.77750143
       86     0.00000038     0.19502735     0.80497227
       87     0.00000012     0.17882956     0.82117032
       88     0.00000035     0.16967806     0.83032160
       89     0.00000057     0.16501744     0.83498199
       90     0.00000024     0.16333235     0.83666741
       91     0.00000012     0.16372527     0.83627461
       92     0.00000054     0.16565977     0.83433970
       93     0.00000059     0.16882258     0.83117684
       94     0.00000015     0.17305321     0.82694664
       95     0.00000017     0.17827106     0.82172876
       96     0.00000060     0.18445593     0.81554346
       97     0.00000052     0.19163893     0.80836056
       98     0.00000008     0.19987161     0.80012831
       99     0.00000021     0.20922085     0.79077894
      100     0.00000062     0.21974743     0.78025195
      101     0.00000047     0.23151187     0.76848767
      102     0.00000009     0.24454082     0.75545908
      103     0.00000028     0.25884513     0.74115459
      104     0.00000065     0.27443802     0.72556133
      105     0.00000047     0.29131600     0.70868353
      106     0.00000014     0.30946920     0.69053066
      107     0.00000032     0.32886437     0.67113531
      108     0.00000068     0.34949524     0.65050408
      109     0.00000053     0.37139019     0.62860928
      110     0.00000020     0.39455231     0.60544749
      111     0.00000032     0.41895767     0.58104201
      112     0.00000066     0.44451433     0.55548501
      113     0.00000057     0.47103862     0.52896081
      114     0.00000027     0.49820368     0.50179606
      115     0.00000031     0.52530939     0.47469030
      116     0.00000060     0.55133781     0.44866158
      117     0.00000061     0.57492726     0.42507213
      118     0.00000043     0.59447113     0.40552844
      119     0.00000041     0.60829431     0.39170528
      120     0.00000041     0.61432747     0.38567212
