#     Density Matrix: population Re; see the manual for detail orders
        0     0.00000000     0.00000000     1.00000000
        1     0.00000001     0.00000379     0.99999621
        2     0.00000000     0.00002887     0.99997112
        3     0.00000000     0.00005375     0.99994625
        4     0.00000004     0.00005049     0.99994947
        5     0.00000005     0.00002306     0.99997689
        6     0.00000022     0.00000126     0.99999852
        7     0.00000027     0.00001503     0.99998469
        8     0.00000052     0.00007790     0.99992158
        9     0.00000058     0.00017430     0.99982512
       10     0.00000082     0.00027595     0.99972323
       11     0.00000085     0.00041158     0.99958757
       12     0.00000105     0.00081478     0.99918417
       13     0.00000097     0.00234844     0.99765058
       14     0.00000115     0.00848618     0.99151267
       15     0.00000091     0.03947873     0.96052036
       16     0.00000091     0.26199785     0.73800124
       17     0.00000039     0.73137218     0.26862743
       18     0.00000072     0.44898415     0.55101513
       19     0.00000197     0.31780653     0.68219149
       20     0.00000004     0.27474285     0.72525710
       21     0.00000196     0.24953358     0.75046446
       22     0.00000106     0.23708871     0.76291023
       23     0.00000041     0.23333264     0.76666695
       24     0.00000222     0.23522409     0.76477369
       25     0.00000046     0.24060455     0.75939499
       26     0.00000083     0.24803331     0.75196587
       27     0.00000188     0.25659783     0.74340030
       28     0.00000024     0.26575199     0.73424777
       29     0.00000101     0.27511792     0.72488106
       30     0.00000170     0.28440556     0.71559274
       31     0.00000023     0.29322929     0.70677048
       32     0.00000095     0.30094420     0.69905485
       33     0.00000169     0.30647942     0.69351889
       34     0.00000033     0.30797709     0.69202257
       35     0.00000071     0.30223456     0.69776474
       36     0.00000178     0.28212912     0.71786909
       37     0.00000063     0.24192109     0.75807828
       38     0.00000035     0.17173102     0.82826863
       39     0.00000174     0.08093830     0.91905996
       40     0.00000114     0.12538665     0.87461221
       41     0.00000007     0.29992171     0.70007822
       42     0.00000150     0.44147448     0.55852403
       43     0.00000203     0.53091657     0.46908140
       44     0.00000030     0.58585925     0.41414045
       45     0.00000070     0.62220176     0.37779754
       46     0.00000229     0.64851223     0.35148548
       47     0.00000113     0.66935857     0.33064029
       48     0.00000008     0.68739675     0.31260317
       49     0.00000184     0.70462337     0.29537479
       50     0.00000222     0.72269474     0.27730305
       51     0.00000027     0.74436948     0.25563024
       52     0.00000076     0.76649393     0.23350531
       53     0.00000267     0.78844320     0.21155412
       54     0.00000150     0.80966007     0.19033843
       55     0.00000001     0.82970000     0.17029999
       56     0.00000182     0.84825420     0.15174397
       57     0.00000283     0.86515542     0.13484175
       58     0.00000070     0.88035587     0.11964343
       59     0.00000036     0.89389534     0.10610430
       60     0.00000271     0.90587922     0.09411807
       61     0.00000253     0.91645646     0.08354100
       62     0.00000023     0.92578957     0.07421020
       63     0.00000095     0.93403810     0.06596095
       64     0.00000324     0.94135851     0.05863826
       65     0.00000220     0.94789928     0.05209851
       66     0.00000007     0.95378735     0.04621258
       67     0.00000140     0.95912904     0.04086956
       68     0.00000358     0.96402018     0.03597624
       69     0.00000223     0.96854386     0.03145390
       70     0.00000009     0.97275855     0.02724135
       71     0.00000160     0.97670000     0.02329840
       72     0.00000417     0.98039069     0.01960513
       73     0.00000301     0.98383142     0.01616557
       74     0.00000038     0.98698483     0.01301479
       75     0.00000179     0.98977539     0.01022282
       76     0.00000000     1.00000000     0.00000000
       77     0.00000555     0.99985512     0.00013933
       78     0.00001220     0.99939317     0.00059463
       79     0.00000746     0.99859208     0.00140046
       80     0.00000029     0.99745226     0.00254745
       81     0.00000491     0.99602806     0.00396703
       82     0.00001366     0.99446203     0.00552431
       83     0.00001077     0.99296820     0.00702102
       84     0.00000157     0.99178368     0.00821475
       85     0.00000262     0.99113497     0.00886241
       86     0.00001212     0.99120969     0.00877819
       87     0.00001386     0.99209464     0.00789150
       88     0.00000515     0.99369905     0.00629580
       89     0.00000038     0.99573098     0.00426863
       90     0.00000736     0.99775675     0.00223589
       91     0.00001537     0.99930448     0.00068015
       92     0.00001195     0.99997906     0.00000899
       93     0.00000247     0.99958358     0.00041395
       94     0.00000228     0.99822985     0.00176787
       95     0.00001231     0.99636972     0.00361798
       96     0.00001725     0.99467979     0.00530296
       97     0.00000977     0.99381765     0.00617258
       98     0.00000127     0.99414831     0.00585041
       99     0.00000393     0.99556728     0.00442880
      100     0.00001406     0.99750327     0.00248267
      101     0.00001830     0.99912991     0.00085179
      102     0.00001102     0.99972900     0.00025998
      103     0.00000222     0.99906487     0.00093291
      104     0.00000497     0.99756427     0.00243076
      105     0.00001678     0.99613774     0.00384547
      106     0.00002271     0.99566959     0.00430770
      107     0.00001587     0.99645174     0.00353239
      108     0.00000544     0.99794845     0.00204611
      109     0.00000482     0.99912450     0.00087068
      110     0.00001679     0.99917609     0.00080712
      111     0.00002943     0.99815570     0.00181487
      112     0.00002917     0.99696341     0.00300742
      113     0.00001742     0.99662417     0.00335841
      114     0.00000879     0.99739972     0.00259149
      115     0.00001508     0.99853089     0.00145403
      116     0.00003405     0.99893892     0.00102703
      117     0.00005088     0.99829002     0.00165911
      118     0.00005200     0.99734744     0.00260055
      119     0.00003960     0.99715636     0.00280404
      120     0.00003007     0.99787693     0.00209300
