#     Density Matrix: population Re; see the manual for detail orders
        0     0.00000000     0.00000000     1.00000000
        1     0.00000002     0.00000087     0.99999911
        2     0.00000001     0.00000661     0.99999338
        3     0.00000000     0.00001300     0.99998700
        4     0.00000001     0.00001414     0.99998585
        5     0.00000001     0.00000922     0.99999077
        6     0.00000005     0.00000570     0.99999425
        7     0.00000005     0.00001357     0.99998638
        8     0.00000012     0.00003575     0.99996413
        9     0.00000013     0.00006803     0.99993184
       10     0.00000019     0.00011272     0.99988709
       11     0.00000021     0.00020094     0.99979885
       12     0.00000025     0.00043676     0.99956299
       13     0.00000028     0.00116617     0.99883355
       14     0.00000031     0.00386904     0.99613065
       15     0.00000034     0.01794700     0.98205267
       16     0.00000019     0.56868351     0.43131630
       17     0.00000004     0.55960674     0.44039322
       18     0.00000070     0.08647699     0.91352231
       19     0.00000036     0.03315923     0.96684042
       20     0.00000043     0.01446904     0.98553053
       21     0.00000053     0.00659099     0.99340848
       22     0.00000044     0.00313871     0.99686084
       23     0.00000055     0.00168836     0.99831110
       24     0.00000052     0.00114072     0.99885876
       25     0.00000048     0.00095998     0.99903954
       26     0.00000052     0.00088456     0.99911491
       27     0.00000052     0.00079887     0.99920061
       28     0.00000052     0.00067271     0.99932677
       29     0.00000054     0.00053777     0.99946169
       30     0.00000054     0.00048913     0.99951033
       31     0.00000053     0.00071421     0.99928526
       32     0.00000053     0.00156349     0.99843598
       33     0.00000053     0.00370208     0.99629739
       34     0.00000051     0.00843068     0.99156881
       35     0.00000049     0.01837046     0.98162906
       36     0.00000049     0.03888330     0.96111621
       37     0.00000050     0.08047112     0.91952838
       38     0.00000047     0.15977115     0.84022838
       39     0.00000045     0.28845494     0.71154461
       40     0.00000045     0.44827566     0.55172389
       41     0.00000041     0.60093994     0.39905965
       42     0.00000046     0.73075437     0.26924517
       43     0.00000065     0.83239956     0.16759979
       44     0.00000055     0.89643926     0.10356018
       45     0.00000041     0.93200328     0.06799631
       46     0.00000052     0.95079695     0.04920253
       47     0.00000058     0.96063203     0.03936740
       48     0.00000046     0.96578039     0.03421914
       49     0.00000045     0.96845912     0.03154042
       50     0.00000056     0.96983197     0.03016748
       51     0.00000054     0.97053188     0.02946758
       52     0.00000047     0.97091801     0.02908152
       53     0.00000052     0.97120619     0.02879329
       54     0.00000058     0.97153236     0.02846706
       55     0.00000055     0.97198575     0.02801369
       56     0.00000052     0.97262602     0.02737346
       57     0.00000058     0.97348997     0.02650945
       58     0.00000062     0.97459935     0.02540003
       59     0.00000059     0.97596028     0.02403913
       60     0.00000059     0.97756131     0.02243810
       61     0.00000065     0.97937721     0.02062215
       62     0.00000069     0.98136382     0.01863549
       63     0.00000069     0.98346054     0.01653877
       64     0.00000072     0.98559302     0.01440627
       65     0.00000080     0.98767425     0.01232494
       66     0.00000089     0.98961161     0.01038751
       67     0.00000095     0.99131463     0.00868442
       68     0.00000105     0.99270118     0.00729777
       69     0.00000121     0.99370900     0.00628979
       70     0.00000138     0.99430122     0.00569740
       71     0.00000153     0.99447376     0.00552470
       72     0.00000171     0.99425638     0.00574191
       73     0.00000192     0.99371058     0.00628750
       74     0.00000214     0.99292439     0.00707347
       75     0.00000232     0.99200457     0.00799311
       76     0.00000247     0.99106549     0.00893203
       77     0.00000263     0.99022185     0.00977552
       78     0.00000277     0.98958042     0.01041682
       79     0.00000284     0.98923307     0.01076408
       80     0.00000289     0.98925069     0.01074643
       81     0.00000292     0.98967642     0.01032066
       82     0.00000296     0.99051662     0.00948042
       83     0.00000301     0.99173150     0.00826549
       84     0.00000308     0.99322824     0.00676868
       85     0.00000319     0.99486046     0.00513634
       86     0.00000338     0.99644093     0.00355569
       87     0.00000363     0.99776392     0.00223245
       88     0.00000392     0.99864296     0.00135311
       89     0.00000424     0.99895344     0.00104231
       90     0.00000457     0.99866924     0.00132619
       91     0.00000486     0.99788503     0.00211011
       92     0.00000509     0.99680990     0.00318501
       93     0.00000524     0.99573055     0.00426422
       94     0.00000529     0.99494659     0.00504812
       95     0.00000528     0.99469386     0.00530086
       96     0.00000524     0.99507319     0.00492157
       97     0.00000523     0.99601456     0.00398021
       98     0.00000528     0.99728765     0.00270707
       99     0.00000544     0.99856587     0.00142868
      100     0.00000573     0.99952719     0.00046708
      101     0.00000611     0.99996073     0.00003316
      102     0.00000654     0.99983897     0.00015449
      103     0.00000698     0.99932483     0.00066819
      104     0.00000739     0.99870594     0.00128666
      105     0.00000776     0.99827837     0.00171387
      106     0.00000812     0.99822755     0.00176433
      107     0.00000855     0.99855755     0.00143389
      108     0.00000913     0.99910323     0.00088765
      109     0.00000991     0.99961990     0.00037020
      110     0.00001092     0.99990703     0.00008205
      111     0.00001214     0.99990245     0.00008541
      112     0.00001353     0.99969825     0.00028823
      113     0.00001506     0.99947239     0.00051255
      114     0.00001679     0.99937865     0.00060456
      115     0.00001879     0.99946185     0.00051935
      116     0.00002121     0.99964869     0.00033010
      117     0.00002418     0.99981407     0.00016176
      118     0.00002780     0.99987216     0.00010004
      119     0.00003214     0.99982702     0.00014084
      120     0.00003732     0.99975156     0.00021111
