#     Density Matrix: population Re; see the manual for detail orders
        0     0.00000000     0.00000000     1.00000000
        1     0.00000005     0.00000298     0.99999697
        2     0.00000007     0.00003214     0.99996780
        3     0.00000013     0.00010243     0.99989744
        4     0.00000016     0.00020308     0.99979676
        5     0.00000025     0.00031568     0.99968408
        6     0.00000029     0.00047111     0.99952859
        7     0.00000036     0.00084861     0.99915104
        8     0.00000046     0.00198180     0.99801774
        9     0.00000043     0.00542559     0.99457398
       10     0.00000063     0.01667200     0.98332737
       11     0.00000041     0.06074494     0.93925464
       12     0.00000125     0.41968527     0.58031348
       13     0.00000007     0.71836101     0.28163892
       14     0.00000190     0.48166686     0.51833124
       15     0.00000086     0.35081805     0.64918109
       16     0.00000053     0.29112051     0.70887896
       17     0.00000185     0.26383681     0.73616135
       18     0.00000017     0.25246851     0.74753133
       19     0.00000080     0.24883385     0.75116535
       20     0.00000122     0.24847287     0.75152591
       21     0.00000004     0.24890280     0.75109716
       22     0.00000076     0.24881140     0.75118784
       23     0.00000080     0.24761327     0.75238592
       24     0.00000010     0.24517162     0.75482828
       25     0.00000063     0.24161368     0.75838569
       26     0.00000057     0.23721242     0.76278701
       27     0.00000021     0.23232268     0.76767711
       28     0.00000054     0.22736329     0.77263617
       29     0.00000043     0.22283454     0.77716503
       30     0.00000032     0.21935976     0.78063992
       31     0.00000048     0.21772186     0.78227766
       32     0.00000036     0.21887904     0.78112060
       33     0.00000041     0.22392900     0.77607059
       34     0.00000044     0.23399101     0.76600854
       35     0.00000039     0.24995929     0.75004032
       36     0.00000049     0.27210242     0.72789710
       37     0.00000029     0.29947871     0.70052099
       38     0.00000049     0.32915640     0.67084311
       39     0.00000066     0.35532187     0.64467747
       40     0.00000013     0.36855212     0.63144774
       41     0.00000072     0.35600942     0.64398986
       42     0.00000080     0.30432663     0.69567257
       43     0.00000005     0.20870181     0.79129814
       44     0.00000116     0.09118093     0.90881791
       45     0.00000069     0.01630199     0.98369732
       46     0.00000019     0.05854316     0.94145665
       47     0.00000127     0.21110656     0.78889217
       48     0.00000017     0.37013080     0.62986903
       49     0.00000077     0.44529129     0.55470793
       50     0.00000072     0.42726295     0.57273633
       51     0.00000021     0.35833071     0.64166908
       52     0.00000140     0.28707847     0.71292013
       53     0.00000010     0.24470309     0.75529681
       54     0.00000099     0.23910924     0.76088977
       55     0.00000070     0.25944831     0.74055099
       56     0.00000033     0.28629913     0.71370054
       57     0.00000108     0.30293765     0.69706126
       58     0.00000005     0.30298734     0.69701261
       59     0.00000122     0.29134568     0.70865310
       60     0.00000015     0.27872016     0.72127969
       61     0.00000085     0.27368800     0.72631114
       62     0.00000045     0.27752177     0.72247779
       63     0.00000053     0.28492614     0.71507334
       64     0.00000055     0.28937193     0.71062751
       65     0.00000039     0.28836601     0.71163360
       66     0.00000088     0.28444628     0.71555284
       67     0.00000013     0.28174799     0.71825188
       68     0.00000074     0.28195301     0.71804625
       69     0.00000029     0.28354409     0.71645562
       70     0.00000062     0.28443804     0.71556134
       71     0.00000015     0.28445288     0.71554697
       72     0.00000092     0.28474311     0.71525597
       73     0.00000029     0.28542549     0.71457422
       74     0.00000037     0.28502944     0.71497019
       75     0.00000048     0.28285948     0.71714004
       76     0.00000068     0.28096228     0.71903704
       77     0.00000013     0.28225414     0.71774573
       78     0.00000065     0.28641663     0.71358272
       79     0.00000075     0.28903521     0.71096404
       80     0.00000021     0.28627094     0.71372885
       81     0.00000033     0.28012621     0.71987347
       82     0.00000094     0.27735199     0.72264708
       83     0.00000049     0.28201620     0.71798330
       84     0.00000014     0.28999028     0.71000958
       85     0.00000094     0.29253900     0.70746006
       86     0.00000075     0.28594210     0.71405715
       87     0.00000012     0.27641540     0.72358449
       88     0.00000049     0.27414209     0.72585742
       89     0.00000138     0.28232312     0.71767550
       90     0.00000041     0.29317621     0.70682338
       91     0.00000017     0.29559833     0.70440149
       92     0.00000093     0.28664599     0.71335308
       93     0.00000106     0.27478448     0.72521445
       94     0.00000024     0.27154045     0.72845931
       95     0.00000041     0.28014489     0.71985471
       96     0.00000171     0.29251904     0.70747924
       97     0.00000074     0.29722837     0.70277089
       98     0.00000005     0.29024221     0.70975773
       99     0.00000038     0.27823917     0.72176044
      100     0.00000142     0.27193318     0.72806540
      101     0.00000123     0.27630645     0.72369232
      102     0.00000002     0.28676888     0.71323111
      103     0.00000107     0.29404463     0.70595430
      104     0.00000118     0.29254384     0.70745498
      105     0.00000058     0.28459185     0.71540757
      106     0.00000017     0.27745343     0.72254640
      107     0.00000037     0.27664477     0.72335486
      108     0.00000201     0.28170168     0.71829631
      109     0.00000115     0.28756217     0.71243668
      110     0.00000001     0.28950609     0.71049390
      111     0.00000044     0.28691527     0.71308429
      112     0.00000057     0.28291249     0.71708694
      113     0.00000141     0.28096012     0.71903846
      114     0.00000075     0.28192960     0.71806965
      115     0.00000010     0.28408052     0.71591937
      116     0.00000127     0.28531214     0.71468659
      117     0.00000086     0.28510600     0.71489314
      118     0.00000054     0.28441014     0.71558931
      119     0.00000043     0.28411131     0.71588826
      120     0.00000007     0.28408001     0.71591992
