#     Density Matrix: population Re; see the manual for detail orders
        0     0.00000000     0.00000000     1.00000000
        1     0.00000000     0.00001225     0.99998775
        2     0.00000002     0.00012586     0.99987412
        3     0.00000004     0.00038598     0.99961398
        4     0.00000008     0.00075279     0.99924713
        5     0.00000013     0.00115618     0.99884369
        6     0.00000019     0.00166267     0.99833714
        7     0.00000027     0.00278108     0.99721865
        8     0.00000035     0.00608966     0.99390999
        9     0.00000041     0.01604438     0.98395521
       10     0.00000045     0.04620484     0.95379470
       11     0.00000045     0.13602729     0.86397226
       12     0.00000095     0.43666093     0.56333813
       13     0.00000012     0.59573896     0.40426092
       14     0.00000142     0.46483704     0.53516154
       15     0.00000097     0.37955766     0.62044137
       16     0.00000045     0.34797029     0.65202925
       17     0.00000150     0.32268067     0.67731783
       18     0.00000042     0.30640072     0.69359885
       19     0.00000101     0.29945770     0.70054129
       20     0.00000122     0.30057003     0.69942875
       21     0.00000031     0.30757136     0.69242833
       22     0.00000146     0.31802475     0.68197380
       23     0.00000071     0.32967918     0.67032011
       24     0.00000062     0.34073956     0.65925982
       25     0.00000154     0.34998057     0.65001789
       26     0.00000037     0.35672447     0.64327516
       27     0.00000098     0.36074345     0.63925557
       28     0.00000141     0.36214507     0.63785352
       29     0.00000026     0.36123897     0.63876077
       30     0.00000117     0.35843415     0.64156468
       31     0.00000121     0.35416264     0.64583615
       32     0.00000030     0.34883515     0.65116455
       33     0.00000119     0.34281615     0.65718266
       34     0.00000104     0.33641687     0.66358208
       35     0.00000038     0.32989673     0.67010289
       36     0.00000113     0.32346749     0.67653138
       37     0.00000095     0.31729847     0.68270059
       38     0.00000044     0.31152075     0.68847881
       39     0.00000109     0.30623357     0.69376534
       40     0.00000093     0.30150680     0.69849227
       41     0.00000044     0.29738943     0.70261013
       42     0.00000106     0.29391702     0.70608192
       43     0.00000101     0.29112387     0.70887511
       44     0.00000042     0.28906141     0.71093817
       45     0.00000097     0.28782984     0.71216919
       46     0.00000121     0.28763057     0.71236822
       47     0.00000047     0.28887797     0.71112155
       48     0.00000072     0.29252599     0.70747328
       49     0.00000131     0.30107244     0.69892625
       50     0.00000074     0.32267890     0.67732037
       51     0.00000053     0.39113157     0.60886790
       52     0.00000110     0.55779366     0.44220524
       53     0.00000098     0.69638235     0.30361667
       54     0.00000040     0.73396710     0.26603250
       55     0.00000087     0.74205323     0.25794590
       56     0.00000125     0.74482360     0.25517515
       57     0.00000050     0.74597019     0.25402931
       58     0.00000050     0.74619512     0.25380438
       59     0.00000136     0.74561152     0.25438713
       60     0.00000094     0.74418764     0.25581142
       61     0.00000024     0.74185235     0.25814740
       62     0.00000104     0.73853508     0.26146388
       63     0.00000144     0.73419301     0.26580555
       64     0.00000045     0.72882387     0.27117568
       65     0.00000047     0.72246172     0.27753781
       66     0.00000143     0.71519719     0.28480137
       67     0.00000104     0.70725693     0.29274202
       68     0.00000023     0.69886925     0.30113052
       69     0.00000080     0.69026436     0.30973484
       70     0.00000129     0.68176437     0.31823434
       71     0.00000065     0.67374228     0.32625706
       72     0.00000034     0.66661818     0.33338148
       73     0.00000077     0.66077145     0.33922778
       74     0.00000109     0.65662921     0.34336970
       75     0.00000087     0.65445938     0.34553975
       76     0.00000028     0.65434482     0.34565490
       77     0.00000052     0.65623491     0.34376457
       78     0.00000189     0.65997857     0.34001954
       79     0.00000169     0.66513224     0.33486607
       80     0.00000007     0.67084450     0.32915543
       81     0.00000178     0.67603858     0.32395964
       82     0.00000479     0.67938089     0.32061432
       83     0.00000280     0.67938536     0.32061184
       84     0.00000114     0.67459467     0.32540419
       85     0.00000603     0.66393375     0.33606023
       86     0.00000802     0.64695729     0.35303468
       87     0.00000321     0.62408252     0.37591427
       88     0.00000376     0.59701090     0.40298534
       89     0.00000905     0.56877526     0.43121569
       90     0.00000644     0.54339757     0.45659599
       91     0.00000148     0.52560511     0.47439341
       92     0.00000337     0.51973639     0.48026025
       93     0.00000434     0.52825644     0.47173923
       94     0.00000144     0.55055418     0.44944438
       95     0.00000018     0.58259625     0.41740357
       96     0.00000005     0.61687557     0.38312437
       97     0.00000206     0.64399690     0.35600105
       98     0.00000577     0.65599926     0.34399497
       99     0.00000389     0.64852671     0.35146940
      100     0.00000191     0.62382524     0.37617285
      101     0.00000692     0.59104488     0.40894820
      102     0.00000709     0.56344429     0.43654863
      103     0.00000141     0.55285833     0.44714026
      104     0.00000043     0.56393983     0.43605975
      105     0.00000137     0.59066970     0.40932894
      106     0.00000309     0.61842592     0.38157099
      107     0.00000447     0.63149550     0.36850003
      108     0.00000175     0.62269600     0.37730225
      109     0.00000304     0.59881976     0.40117720
      110     0.00000690     0.57698471     0.42300839
      111     0.00000420     0.57278069     0.42721511
      112     0.00000087     0.58812472     0.41187441
      113     0.00000020     0.60919539     0.39080441
      114     0.00000333     0.61770385     0.38229282
      115     0.00000900     0.60722378     0.39276722
      116     0.00000714     0.58942883     0.41056402
      117     0.00000190     0.58251143     0.41748666
      118     0.00000152     0.59229459     0.40770389
      119     0.00000554     0.60637626     0.39361819
      120     0.00001178     0.60855183     0.39143639
