#     Density Matrix: population Re; see the manual for detail orders
        0     0.00000000     0.00000000     1.00000000
        1     0.00000003     0.00000005     0.99999993
        2     0.00000004     0.00000015     0.99999981
        3     0.00000007     0.00000738     0.99999255
        4     0.00000012     0.00004703     0.99995286
        5     0.00000015     0.00015825     0.99984161
        6     0.00000023     0.00039942     0.99960035
        7     0.00000022     0.00091687     0.99908291
        8     0.00000037     0.00225528     0.99774435
        9     0.00000030     0.00688080     0.99311890
       10     0.00000049     0.03007348     0.96992602
       11     0.00000032     0.21865124     0.78134844
       12     0.00000019     0.71525228     0.28474753
       13     0.00000029     0.47415705     0.52584266
       14     0.00000095     0.24679036     0.75320869
       15     0.00000001     0.19572003     0.80427996
       16     0.00000110     0.16826474     0.83173416
       17     0.00000039     0.15501341     0.84498620
       18     0.00000039     0.15029736     0.84970225
       19     0.00000119     0.15054430     0.84945450
       20     0.00000005     0.15348815     0.84651180
       21     0.00000082     0.15771668     0.84228250
       22     0.00000096     0.16238596     0.83761308
       23     0.00000000     0.16702748     0.83297251
       24     0.00000106     0.17141379     0.82858515
       25     0.00000083     0.17546669     0.82453249
       26     0.00000003     0.17919218     0.82080779
       27     0.00000114     0.18263878     0.81736008
       28     0.00000082     0.18587259     0.81412659
       29     0.00000002     0.18896297     0.81103702
       30     0.00000105     0.19197823     0.80802072
       31     0.00000090     0.19499269     0.80500641
       32     0.00000000     0.19809972     0.80190028
       33     0.00000080     0.20143751     0.79856169
       34     0.00000099     0.20524985     0.79474916
       35     0.00000006     0.21004501     0.78995493
       36     0.00000046     0.21705628     0.78294325
       37     0.00000106     0.23138371     0.76861523
       38     0.00000033     0.26450430     0.73549536
       39     0.00000006     0.32755781     0.67244213
       40     0.00000063     0.40235468     0.59764469
       41     0.00000057     0.45002536     0.54997407
       42     0.00000007     0.46308864     0.53691129
       43     0.00000024     0.45603158     0.54396818
       44     0.00000065     0.44130360     0.55869575
       45     0.00000039     0.42583369     0.57416592
       46     0.00000003     0.41278212     0.58721785
       47     0.00000038     0.40314986     0.59684976
       48     0.00000070     0.39685375     0.60314555
       49     0.00000027     0.39333900     0.60666073
       50     0.00000005     0.39185499     0.60814496
       51     0.00000066     0.39156212     0.60843722
       52     0.00000080     0.39154529     0.60845391
       53     0.00000009     0.39078838     0.60921152
       54     0.00000033     0.38814677     0.61185290
       55     0.00000121     0.38233643     0.61766236
       56     0.00000065     0.37196262     0.62803674
       57     0.00000008     0.35563911     0.64436082
       58     0.00000123     0.33222449     0.66777428
       59     0.00000133     0.30124630     0.69875237
       60     0.00000013     0.26354306     0.73645681
       61     0.00000089     0.22209176     0.77790735
       62     0.00000152     0.18282835     0.81717013
       63     0.00000023     0.15503376     0.84496602
       64     0.00000048     0.15046717     0.84953236
       65     0.00000102     0.18025781     0.81974117
       66     0.00000008     0.24906135     0.75093857
       67     0.00000045     0.34804401     0.65195553
       68     0.00000042     0.45143417     0.54856541
       69     0.00000014     0.52278872     0.47721114
       70     0.00000119     0.53216253     0.46783628
       71     0.00000031     0.47493536     0.52506433
       72     0.00000065     0.37772847     0.62227088
       73     0.00000155     0.28521008     0.71478837
       74     0.00000009     0.23613797     0.76386194
       75     0.00000083     0.24398850     0.75601066
       76     0.00000049     0.29275507     0.70724444
       77     0.00000027     0.34866558     0.65133415
       78     0.00000086     0.38016273     0.61983641
       79     0.00000004     0.37490556     0.62509441
       80     0.00000135     0.34428125     0.65571741
       81     0.00000034     0.31325356     0.68674610
       82     0.00000053     0.30239597     0.69760350
       83     0.00000054     0.31447299     0.68552647
       84     0.00000025     0.33509198     0.66490777
       85     0.00000061     0.34625630     0.65374309
       86     0.00000018     0.34127575     0.65872407
       87     0.00000137     0.32839897     0.67159967
       88     0.00000009     0.32086188     0.67913803
       89     0.00000042     0.32388887     0.67611071
       90     0.00000017     0.33152185     0.66847799
       91     0.00000097     0.33511413     0.66488490
       92     0.00000017     0.33275580     0.66724403
       93     0.00000097     0.32919034     0.67080868
       94     0.00000092     0.32836385     0.67163522
       95     0.00000015     0.32923823     0.67076161
       96     0.00000002     0.32944695     0.67055303
       97     0.00000161     0.32963406     0.67036433
       98     0.00000162     0.33139294     0.66860544
       99     0.00000016     0.33288817     0.66711166
      100     0.00000080     0.33080749     0.66919172
      101     0.00000168     0.32661011     0.67338821
      102     0.00000146     0.32625944     0.67373910
      103     0.00000112     0.33163870     0.66836018
      104     0.00000300     0.33605883     0.66393817
      105     0.00000174     0.33272632     0.66727194
      106     0.00000070     0.32517868     0.67482062
      107     0.00000184     0.32371616     0.67628200
      108     0.00000572     0.33107349     0.66892079
      109     0.00000351     0.33769900     0.66229749
      110     0.00000067     0.33439947     0.66559986
      111     0.00000150     0.32528615     0.67471235
      112     0.00000611     0.32249407     0.67749982
      113     0.00000704     0.32974484     0.67024812
      114     0.00000316     0.33736050     0.66263634
      115     0.00000266     0.33547153     0.66452581
      116     0.00000375     0.32695293     0.67304332
      117     0.00000768     0.32302034     0.67697198
      118     0.00000711     0.32826139     0.67173150
      119     0.00000628     0.33530380     0.66468992
      120     0.00000573     0.33526129     0.66473298
