#     Density Matrix: population Re; see the manual for detail orders
        0     0.00000000     0.00000000     1.00000000
        1     0.00000005     0.00000025     0.99999969
        2     0.00000007     0.00000110     0.99999882
        3     0.00000017     0.00000119     0.99999864
        4     0.00000019     0.00000472     0.99999509
        5     0.00000034     0.00001900     0.99998066
        6     0.00000037     0.00005051     0.99994912
        7     0.00000050     0.00011017     0.99988932
        8     0.00000058     0.00025302     0.99974640
        9     0.00000061     0.00082944     0.99916995
       10     0.00000078     0.00599688     0.99400234
       11     0.00000056     0.16625212     0.83374732
       12     0.00000068     0.28435709     0.71564224
       13     0.00000161     0.12491633     0.87508205
       14     0.00000015     0.13112144     0.86887841
       15     0.00000116     0.13838398     0.86161486
       16     0.00000098     0.14463805     0.85536097
       17     0.00000020     0.14966295     0.85033685
       18     0.00000155     0.15365225     0.84634619
       19     0.00000032     0.15690058     0.84309910
       20     0.00000064     0.15971467     0.84028469
       21     0.00000134     0.16237864     0.83762002
       22     0.00000006     0.16513440     0.83486554
       23     0.00000085     0.16819311     0.83180604
       24     0.00000107     0.17170180     0.82829712
       25     0.00000001     0.17575824     0.82424175
       26     0.00000085     0.18039381     0.81960534
       27     0.00000096     0.18556780     0.81443124
       28     0.00000001     0.19112144     0.80887855
       29     0.00000071     0.19674802     0.80325127
       30     0.00000098     0.20193166     0.79806736
       31     0.00000006     0.20574844     0.79425150
       32     0.00000048     0.20654682     0.79345270
       33     0.00000105     0.20378772     0.79621123
       34     0.00000025     0.19833086     0.80166890
       35     0.00000019     0.19671175     0.80328806
       36     0.00000090     0.64142850     0.35857060
       37     0.00000055     0.97750430     0.02249515
       38     0.00000004     0.97863986     0.02136010
       39     0.00000064     0.97923082     0.02076854
       40     0.00000087     0.97971825     0.02028087
       41     0.00000019     0.98016922     0.01983059
       42     0.00000019     0.98060162     0.01939818
       43     0.00000084     0.98101853     0.01898063
       44     0.00000063     0.98140820     0.01859117
       45     0.00000005     0.98175902     0.01824093
       46     0.00000038     0.98205992     0.01793970
       47     0.00000088     0.98230454     0.01769458
       48     0.00000046     0.98249081     0.01750873
       49     0.00000003     0.98261929     0.01738069
       50     0.00000049     0.98269549     0.01730401
       51     0.00000088     0.98273186     0.01726726
       52     0.00000039     0.98274506     0.01725455
       53     0.00000004     0.98275305     0.01724692
       54     0.00000055     0.98277543     0.01722402
       55     0.00000092     0.98283284     0.01716624
       56     0.00000042     0.98294257     0.01705701
       57     0.00000005     0.98311516     0.01688479
       58     0.00000055     0.98335487     0.01664458
       59     0.00000102     0.98366047     0.01633851
       60     0.00000059     0.98402383     0.01597558
       61     0.00000008     0.98442954     0.01557038
       62     0.00000049     0.98485840     0.01514111
       63     0.00000116     0.98529183     0.01470701
       64     0.00000091     0.98571338     0.01428571
       65     0.00000022     0.98610912     0.01389066
       66     0.00000039     0.98647043     0.01352919
       67     0.00000124     0.98679721     0.01320155
       68     0.00000139     0.98709751     0.01290111
       69     0.00000061     0.98738368     0.01261572
       70     0.00000030     0.98766954     0.01233016
       71     0.00000112     0.98796959     0.01202929
       72     0.00000184     0.98829699     0.01170117
       73     0.00000135     0.98865913     0.01133952
       74     0.00000051     0.98905439     0.01094510
       75     0.00000079     0.98947354     0.01052568
       76     0.00000192     0.98990371     0.01009438
       77     0.00000000     1.00000000     0.00000000
       78     0.00000211     0.99999771     0.00000018
       79     0.00000540     0.99999405     0.00000055
       80     0.00000503     0.99999408     0.00000088
       81     0.00000154     0.99999742     0.00000104
       82     0.00000013     0.99999883     0.00000103
       83     0.00000313     0.99999588     0.00000099
       84     0.00000655     0.99999232     0.00000112
       85     0.00000569     0.99999260     0.00000170
       86     0.00000177     0.99999532     0.00000292
       87     0.00000026     0.99999490     0.00000484
       88     0.00000350     0.99998913     0.00000737
       89     0.00000747     0.99998231     0.00001022
       90     0.00000713     0.99997988     0.00001300
       91     0.00000296     0.99998179     0.00001525
       92     0.00000037     0.99998301     0.00001661
       93     0.00000283     0.99998028     0.00001689
       94     0.00000756     0.99997633     0.00001611
       95     0.00000901     0.99997647     0.00001452
       96     0.00000554     0.99998193     0.00001253
       97     0.00000130     0.99998808     0.00001061
       98     0.00000130     0.99998955     0.00000914
       99     0.00000565     0.99998603     0.00000832
      100     0.00000958     0.99998232     0.00000809
      101     0.00000885     0.99998294     0.00000821
      102     0.00000433     0.99998739     0.00000828
      103     0.00000089     0.99999117     0.00000794
      104     0.00000207     0.99999095     0.00000697
      105     0.00000655     0.99998805     0.00000540
      106     0.00000967     0.99998682     0.00000351
      107     0.00000835     0.99998987     0.00000179
      108     0.00000396     0.99999528     0.00000077
      109     0.00000073     0.99999837     0.00000090
      110     0.00000153     0.99999611     0.00000236
      111     0.00000524     0.99998974     0.00000502
      112     0.00000816     0.99998343     0.00000841
      113     0.00000756     0.99998057     0.00001186
      114     0.00000408     0.99998125     0.00001467
      115     0.00000081     0.99998293     0.00001626
      116     0.00000036     0.99998328     0.00001636
      117     0.00000264     0.99998231     0.00001505
      118     0.00000527     0.99998198     0.00001275
      119     0.00000586     0.99998409     0.00001005
      120     0.00000404     0.99998843     0.00000753
