#     Density Matrix: population Re; see the manual for detail orders
        0     0.00000000     0.00000000     1.00000000
        1     0.00000009     0.00000164     0.99999826
        2     0.00000011     0.00002217     0.99997772
        3     0.00000025     0.00009222     0.99990753
        4     0.00000023     0.00024122     0.99975855
        5     0.00000045     0.00051329     0.99948626
        6     0.00000039     0.00106729     0.99893232
        7     0.00000060     0.00248285     0.99751655
        8     0.00000056     0.00682757     0.99317187
        9     0.00000060     0.02245429     0.97754511
       10     0.00000064     0.08959355     0.91040582
       11     0.00000030     0.34154579     0.65845391
       12     0.00000036     0.62528490     0.37471474
       13     0.00000065     0.47942185     0.52057750
       14     0.00000117     0.37043688     0.62956195
       15     0.00000000     0.32538026     0.67461974
       16     0.00000124     0.29377217     0.70622659
       17     0.00000058     0.27416980     0.72582962
       18     0.00000025     0.26389344     0.73610630
       19     0.00000123     0.26017639     0.73982238
       20     0.00000018     0.26062539     0.73937443
       21     0.00000049     0.26340668     0.73659283
       22     0.00000088     0.26721393     0.73278519
       23     0.00000002     0.27107024     0.72892974
       24     0.00000076     0.27446735     0.72553190
       25     0.00000092     0.27721826     0.72278082
       26     0.00000002     0.27907263     0.72092735
       27     0.00000090     0.28002555     0.71997355
       28     0.00000109     0.28021038     0.71978854
       29     0.00000005     0.27951330     0.72048665
       30     0.00000079     0.27797802     0.72202120
       31     0.00000122     0.27578341     0.72421538
       32     0.00000015     0.27303140     0.72696845
       33     0.00000055     0.26996162     0.73003783
       34     0.00000146     0.26660811     0.73339043
       35     0.00000050     0.26331735     0.73668215
       36     0.00000018     0.26053536     0.73946446
       37     0.00000128     0.25925305     0.74074567
       38     0.00000101     0.26193605     0.73806295
       39     0.00000005     0.27434030     0.72565965
       40     0.00000080     0.30942657     0.69057263
       41     0.00000145     0.38145308     0.61854546
       42     0.00000044     0.48082154     0.51917802
       43     0.00000015     0.57466459     0.42533526
       44     0.00000125     0.64343782     0.35656094
       45     0.00000118     0.69302671     0.30697211
       46     0.00000012     0.73767923     0.26232065
       47     0.00000051     0.78418535     0.21581414
       48     0.00000129     0.76989807     0.23010064
       49     0.00000068     0.62710743     0.37289190
       50     0.00000017     0.51532854     0.48467130
       51     0.00000058     0.46812523     0.53187419
       52     0.00000077     0.44471215     0.55528708
       53     0.00000031     0.43124755     0.56875213
       54     0.00000031     0.42312531     0.57687438
       55     0.00000068     0.41793856     0.58206076
       56     0.00000051     0.41450052     0.58549897
       57     0.00000026     0.41218713     0.58781262
       58     0.00000052     0.41067096     0.58932851
       59     0.00000062     0.40980478     0.59019460
       60     0.00000030     0.40955973     0.59043997
       61     0.00000039     0.40999535     0.59000426
       62     0.00000068     0.41123648     0.58876284
       63     0.00000043     0.41345746     0.58654211
       64     0.00000024     0.41686971     0.58313005
       65     0.00000066     0.42170571     0.57829363
       66     0.00000071     0.42821106     0.57178823
       67     0.00000020     0.43662727     0.56337253
       68     0.00000039     0.44701693     0.55298268
       69     0.00000092     0.45969261     0.54030647
       70     0.00000053     0.47492224     0.52507723
       71     0.00000009     0.49251573     0.50748418
       72     0.00000073     0.51230194     0.48769733
       73     0.00000107     0.53363139     0.46636755
       74     0.00000029     0.55627640     0.44372330
       75     0.00000018     0.57985621     0.42014361
       76     0.00000105     0.60322507     0.39677388
       77     0.00000096     0.62520449     0.37479456
       78     0.00000011     0.64524985     0.35475004
       79     0.00000040     0.66294145     0.33705815
       80     0.00000114     0.67745746     0.32254140
       81     0.00000068     0.68848749     0.31151183
       82     0.00000007     0.69593242     0.30406752
       83     0.00000058     0.69987818     0.30012124
       84     0.00000096     0.70055979     0.29943924
       85     0.00000039     0.69832081     0.30167880
       86     0.00000018     0.69357693     0.30642289
       87     0.00000067     0.68679012     0.31320921
       88     0.00000066     0.67844571     0.32155362
       89     0.00000023     0.66903342     0.33096634
       90     0.00000040     0.65903627     0.34096333
       91     0.00000071     0.64892302     0.35107627
       92     0.00000040     0.63913162     0.36086799
       93     0.00000021     0.63006371     0.36993608
       94     0.00000067     0.62207477     0.37792456
       95     0.00000076     0.61546355     0.38453569
       96     0.00000023     0.61046525     0.38953452
       97     0.00000025     0.60723926     0.39276049
       98     0.00000087     0.60588340     0.39411574
       99     0.00000077     0.60638839     0.39361084
      100     0.00000014     0.60867201     0.39132784
      101     0.00000027     0.61260876     0.38739096
      102     0.00000090     0.61799264     0.38200646
      103     0.00000074     0.62458599     0.37541328
      104     0.00000014     0.63217059     0.36782927
      105     0.00000025     0.64034598     0.35965376
      106     0.00000078     0.64867069     0.35132853
      107     0.00000070     0.65682114     0.34317815
      108     0.00000023     0.66443794     0.33556183
      109     0.00000021     0.67086290     0.32913689
      110     0.00000049     0.67550148     0.32449802
      111     0.00000055     0.67768290     0.32231655
      112     0.00000040     0.67634330     0.32365630
      113     0.00000027     0.66997057     0.33002916
      114     0.00000024     0.65642043     0.34357932
      115     0.00000043     0.63253065     0.36746893
      116     0.00000065     0.59384894     0.40615041
      117     0.00000046     0.53518693     0.46481261
      118     0.00000012     0.45401341     0.54598647
      119     0.00000034     0.35878838     0.64121128
      120     0.00000076     0.26971659     0.73028264
