#     Density Matrix: population Re; see the manual for detail orders
        0     0.00000000     0.00000000     1.00000000
        1     0.00000000     0.00000459     0.99999541
        2     0.00000000     0.00003190     0.99996809
        3     0.00000001     0.00005161     0.99994838
        4     0.00000001     0.00004148     0.99995851
        5     0.00000003     0.00001864     0.99998133
        6     0.00000006     0.00000798     0.99999196
        7     0.00000011     0.00000766     0.99999223
        8     0.00000016     0.00001000     0.99998983
        9     0.00000021     0.00003428     0.99996550
       10     0.00000026     0.00012151     0.99987824
       11     0.00000029     0.00033566     0.99966404
       12     0.00000033     0.00085642     0.99914325
       13     0.00000036     0.00238247     0.99761717
       14     0.00000038     0.00826336     0.99173626
       15     0.00000039     0.04122366     0.95877595
       16     0.00000020     0.64864594     0.35135386
       17     0.00000001     0.55333720     0.44666279
       18     0.00000082     0.12152742     0.87847177
       19     0.00000035     0.04816436     0.95183529
       20     0.00000048     0.02129597     0.97870355
       21     0.00000055     0.01133000     0.98866945
       22     0.00000045     0.00801088     0.99198867
       23     0.00000055     0.00723625     0.99276321
       24     0.00000052     0.00726933     0.99273015
       25     0.00000050     0.00738630     0.99261320
       26     0.00000052     0.00731483     0.99268465
       27     0.00000051     0.00697984     0.99301965
       28     0.00000051     0.00638585     0.99361364
       29     0.00000051     0.00556607     0.99443341
       30     0.00000051     0.00456436     0.99543513
       31     0.00000051     0.00344738     0.99655211
       32     0.00000051     0.00234757     0.99765192
       33     0.00000051     0.00159031     0.99840918
       34     0.00000051     0.00206296     0.99793653
       35     0.00000051     0.00643509     0.99356440
       36     0.00000051     0.02373354     0.97626595
       37     0.00000049     0.08647603     0.91352348
       38     0.00000045     0.27221906     0.72778049
       39     0.00000050     0.55895652     0.44104298
       40     0.00000063     0.76037016     0.23962921
       41     0.00000058     0.84551103     0.15448839
       42     0.00000051     0.88187111     0.11812838
       43     0.00000058     0.89977223     0.10022718
       44     0.00000062     0.90962729     0.09037209
       45     0.00000055     0.91551423     0.08448522
       46     0.00000055     0.91928214     0.08071730
       47     0.00000061     0.92187334     0.07812604
       48     0.00000061     0.92381036     0.07618903
       49     0.00000056     0.92540096     0.07459847
       50     0.00000058     0.92681881     0.07318061
       51     0.00000062     0.92816870     0.07183068
       52     0.00000060     0.92950003     0.07049937
       53     0.00000058     0.93082210     0.06917732
       54     0.00000060     0.93212442     0.06787498
       55     0.00000062     0.93337275     0.06662663
       56     0.00000060     0.93453169     0.06546771
       57     0.00000059     0.93556950     0.06442991
       58     0.00000061     0.93645567     0.06354372
       59     0.00000063     0.93718049     0.06281888
       60     0.00000062     0.93775163     0.06224775
       61     0.00000062     0.93819813     0.06180126
       62     0.00000064     0.93856856     0.06143080
       63     0.00000067     0.93892749     0.06107184
       64     0.00000068     0.93934050     0.06065882
       65     0.00000069     0.93986970     0.06012961
       66     0.00000073     0.94056061     0.05943867
       67     0.00000077     0.94143339     0.05856584
       68     0.00000079     0.94247800     0.05752121
       69     0.00000081     0.94365453     0.05634466
       70     0.00000084     0.94489972     0.05509945
       71     0.00000087     0.94613844     0.05386069
       72     0.00000090     0.94729599     0.05270311
       73     0.00000091     0.94831871     0.05168038
       74     0.00000093     0.94917395     0.05082511
       75     0.00000097     0.94986434     0.05013470
       76     0.00000100     0.95042352     0.04957548
       77     0.00000102     0.95090684     0.04909214
       78     0.00000104     0.95138843     0.04861054
       79     0.00000106     0.95194082     0.04805812
       80     0.00000109     0.95262731     0.04737160
       81     0.00000111     0.95349211     0.04650678
       82     0.00000112     0.95455067     0.04544821
       83     0.00000112     0.95579383     0.04420504
       84     0.00000113     0.95718723     0.04281164
       85     0.00000113     0.95867906     0.04131981
       86     0.00000113     0.96020968     0.03978919
       87     0.00000112     0.96171673     0.03828215
       88     0.00000112     0.96314952     0.03684936
       89     0.00000113     0.96446407     0.03553480
       90     0.00000115     0.96563480     0.03436405
       91     0.00000117     0.96665218     0.03334665
       92     0.00000120     0.96751675     0.03248205
       93     0.00000123     0.96824149     0.03175728
       94     0.00000126     0.96884732     0.03115142
       95     0.00000129     0.96935677     0.03064195
       96     0.00000130     0.96979553     0.03020317
       97     0.00000128     0.97019527     0.02980345
       98     0.00000125     0.97058644     0.02941231
       99     0.00000120     0.97100372     0.02899508
      100     0.00000113     0.97148249     0.02851637
      101     0.00000105     0.97205706     0.02794188
      102     0.00000096     0.97275610     0.02724294
      103     0.00000088     0.97359649     0.02640263
      104     0.00000080     0.97457772     0.02542148
      105     0.00000073     0.97567478     0.02432449
      106     0.00000068     0.97683876     0.02316056
      107     0.00000065     0.97799991     0.02199944
      108     0.00000063     0.97907656     0.02092282
      109     0.00000061     0.97999120     0.02000819
      110     0.00000060     0.98068407     0.01931533
      111     0.00000059     0.98112900     0.01887041
      112     0.00000057     0.98134253     0.01865690
      113     0.00000054     0.98138321     0.01861625
      114     0.00000049     0.98133852     0.01866099
      115     0.00000043     0.98131018     0.01868939
      116     0.00000036     0.98138856     0.01861108
      117     0.00000029     0.98163241     0.01836731
      118     0.00000022     0.98205727     0.01794251
      119     0.00000015     0.98263414     0.01736571
      120     0.00000010     0.98330214     0.01669776
