#     Density Matrix: population Re; see the manual for detail orders
        0     0.00000000     0.00000000     1.00000000
        1     0.00000000     0.00001537     0.99998463
        2     0.00000001     0.00010903     0.99989096
        3     0.00000003     0.00019826     0.99980171
        4     0.00000006     0.00021282     0.99978711
        5     0.00000010     0.00015539     0.99984451
        6     0.00000014     0.00007889     0.99992097
        7     0.00000019     0.00003377     0.99996604
        8     0.00000024     0.00003270     0.99996706
        9     0.00000029     0.00005271     0.99994700
       10     0.00000033     0.00006258     0.99993709
       11     0.00000037     0.00005705     0.99994257
       12     0.00000041     0.00012421     0.99987538
       13     0.00000044     0.00143192     0.99856764
       14     0.00000046     0.00333757     0.99666197
       15     0.00000043     0.01327158     0.98672799
       16     0.00000045     0.00601760     0.99398194
       17     0.00000048     0.00603880     0.99396072
       18     0.00000044     0.00640100     0.99359856
       19     0.00000038     0.00676844     0.99323118
       20     0.00000020     0.00712555     0.99287425
       21     0.00000041     0.00748402     0.99251557
       22     0.00000045     0.00782721     0.99217234
       23     0.00000050     0.00813135     0.99186815
       24     0.00000052     0.00836510     0.99163438
       25     0.00000039     0.00849254     0.99150707
       26     0.00000034     0.00848195     0.99151772
       27     0.00000048     0.00831049     0.99168904
       28     0.00000040     0.00796645     0.99203315
       29     0.00000043     0.00745078     0.99254879
       30     0.00000064     0.00677615     0.99322321
       31     0.00000034     0.00597148     0.99402817
       32     0.00000040     0.00509527     0.99490434
       33     0.00000068     0.00426196     0.99573736
       34     0.00000042     0.00371344     0.99628614
       35     0.00000036     0.00401363     0.99598601
       36     0.00000076     0.00663979     0.99335945
       37     0.00000068     0.01606039     0.98393893
       38     0.00000035     0.04821620     0.95178344
       39     0.00000059     0.16007802     0.83992139
       40     0.00000072     0.42280954     0.57718973
       41     0.00000040     0.68615210     0.31384750
       42     0.00000048     0.81058000     0.18941952
       43     0.00000072     0.86091859     0.13908070
       44     0.00000052     0.88467809     0.11532139
       45     0.00000037     0.89759842     0.10240122
       46     0.00000064     0.90535489     0.09464447
       47     0.00000066     0.91034495     0.08965439
       48     0.00000039     0.91371070     0.08628891
       49     0.00000040     0.91604723     0.08395237
       50     0.00000064     0.91768777     0.08231159
       51     0.00000058     0.91882411     0.08117531
       52     0.00000036     0.91956775     0.08043189
       53     0.00000051     0.91998363     0.08001586
       54     0.00000074     0.92011014     0.07988912
       55     0.00000056     0.91997043     0.08002901
       56     0.00000038     0.91957887     0.08042074
       57     0.00000068     0.91895078     0.08104855
       58     0.00000102     0.91810410     0.08189488
       59     0.00000081     0.91706284     0.08293635
       60     0.00000050     0.91586218     0.08413732
       61     0.00000087     0.91454967     0.08544946
       62     0.00000140     0.91318626     0.08681235
       63     0.00000110     0.91184180     0.08815710
       64     0.00000064     0.91059208     0.08940728
       65     0.00000102     0.90951544     0.09048354
       66     0.00000157     0.90868591     0.09131252
       67     0.00000131     0.90817098     0.09182771
       68     0.00000072     0.90802119     0.09197810
       69     0.00000081     0.90826008     0.09173911
       70     0.00000139     0.90888621     0.09111240
       71     0.00000143     0.90986602     0.09013256
       72     0.00000085     0.91113181     0.08886734
       73     0.00000058     0.91258291     0.08741651
       74     0.00000112     0.91410646     0.08589241
       75     0.00000186     0.91555581     0.08444233
       76     0.00000183     0.91676448     0.08323369
       77     0.00000125     0.91757775     0.08242100
       78     0.00000139     0.91785941     0.08213920
       79     0.00000269     0.91750905     0.08248826
       80     0.00000356     0.91649067     0.08350577
       81     0.00000294     0.91484072     0.08515634
       82     0.00000228     0.91268454     0.08731318
       83     0.00000307     0.91024386     0.08975307
       84     0.00000433     0.90781329     0.09218238
       85     0.00000417     0.90573791     0.09425792
       86     0.00000277     0.90436847     0.09562876
       87     0.00000206     0.90399946     0.09599848
       88     0.00000264     0.90481118     0.09518618
       89     0.00000324     0.90681917     0.09317759
       90     0.00000284     0.90983506     0.09016210
       91     0.00000195     0.91346011     0.08653794
       92     0.00000159     0.91712905     0.08286936
       93     0.00000247     0.92018639     0.07981115
       94     0.00000436     0.92200965     0.07798599
       95     0.00000581     0.92214449     0.07784971
       96     0.00000556     0.92042776     0.07956668
       97     0.00000493     0.91706991     0.08292516
       98     0.00000576     0.91266667     0.08732757
       99     0.00000754     0.90811434     0.09187811
      100     0.00000757     0.90443227     0.09556016
      101     0.00000535     0.90252538     0.09746927
      102     0.00000306     0.90293005     0.09706689
      103     0.00000223     0.90563041     0.09436736
      104     0.00000250     0.91000093     0.08999657
      105     0.00000340     0.91491392     0.08508268
      106     0.00000470     0.91901416     0.08098114
      107     0.00000559     0.92110012     0.07889429
      108     0.00000584     0.92050819     0.07948597
      109     0.00000685     0.91737333     0.08261982
      110     0.00000936     0.91266310     0.08732755
      111     0.00001102     0.90792787     0.09206112
      112     0.00000970     0.90481473     0.09517557
      113     0.00000643     0.90447267     0.09552090
      114     0.00000386     0.90708925     0.09290688
      115     0.00000322     0.91172588     0.08827090
      116     0.00000473     0.91657962     0.08341565
      117     0.00000861     0.91963647     0.08035492
      118     0.00001365     0.91951611     0.08047025
      119     0.00001682     0.91616037     0.08382280
      120     0.00001671     0.91100557     0.08897772
