#     Density Matrix: population Re; see the manual for detail orders
        0     0.00000000     0.00000000     1.00000000
        1     0.00000005     0.00000147     0.99999847
        2     0.00000009     0.00001135     0.99998856
        3     0.00000013     0.00002377     0.99997609
        4     0.00000018     0.00003124     0.99996858
        5     0.00000022     0.00003247     0.99996732
        6     0.00000026     0.00003600     0.99996374
        7     0.00000029     0.00006258     0.99993713
        8     0.00000032     0.00016231     0.99983737
        9     0.00000034     0.00052844     0.99947122
       10     0.00000036     0.00254814     0.99745150
       11     0.00000036     0.05192527     0.94807437
       12     0.00000029     0.03280942     0.96719029
       13     0.00000040     0.15092929     0.84907031
       14     0.00000034     0.06618385     0.93381582
       15     0.00000039     0.04541855     0.95458106
       16     0.00000036     0.03691252     0.96308711
       17     0.00000038     0.03230042     0.96769920
       18     0.00000038     0.02914294     0.97085667
       19     0.00000036     0.02658131     0.97341833
       20     0.00000036     0.02430472     0.97569492
       21     0.00000032     0.02220154     0.97779814
       22     0.00000027     0.02024470     0.97975503
       23     0.00000039     0.01847190     0.98152771
       24     0.00000036     0.01690597     0.98309367
       25     0.00000019     0.01556968     0.98443013
       26     0.00000025     0.01459577     0.98540399
       27     0.00000028     0.01424871     0.98575101
       28     0.00000025     0.01508446     0.98491529
       29     0.00000021     0.01871847     0.98128133
       30     0.00000019     0.03017834     0.96982147
       31     0.00000017     0.07044193     0.92955789
       32     0.00000014     0.22128244     0.77871742
       33     0.00000012     0.53330014     0.46669974
       34     0.00000014     0.78141505     0.21858480
       35     0.00000012     0.88141799     0.11858189
       36     0.00000012     0.92370734     0.07629253
       37     0.00000013     0.94398599     0.05601388
       38     0.00000012     0.95524824     0.04475164
       39     0.00000012     0.96222692     0.03777296
       40     0.00000013     0.96691732     0.03308256
       41     0.00000013     0.97026565     0.02973422
       42     0.00000012     0.97276694     0.02723294
       43     0.00000013     0.97470086     0.02529902
       44     0.00000013     0.97623422     0.02376565
       45     0.00000013     0.97747176     0.02252811
       46     0.00000012     0.97847949     0.02152039
       47     0.00000013     0.97926174     0.02073813
       48     0.00000015     0.97989778     0.02010207
       49     0.00000014     0.98045173     0.01954813
       50     0.00000012     0.98090718     0.01909270
       51     0.00000012     0.98128152     0.01871836
       52     0.00000012     0.98158147     0.01841841
       53     0.00000010     0.98183047     0.01816944
       54     0.00000010     0.98205220     0.01794770
       55     0.00000011     0.98225016     0.01774973
       56     0.00000009     0.98243344     0.01756647
       57     0.00000006     0.98261121     0.01738873
       58     0.00000006     0.98280631     0.01719364
       59     0.00000005     0.98303064     0.01696931
       60     0.00000004     0.98325080     0.01674915
       61     0.00000003     0.98346377     0.01653620
       62     0.00000002     0.98368993     0.01631004
       63     0.00000002     0.98392711     0.01607287
       64     0.00000002     0.98417087     0.01582911
       65     0.00000001     0.98441546     0.01558453
       66     0.00000001     0.98465570     0.01534429
       67     0.00000001     0.98490238     0.01509761
       68     0.00000001     0.98517730     0.01482270
       69     0.00000003     0.98541369     0.01458628
       70     0.00000006     0.98561246     0.01438747
       71     0.00000006     0.98579601     0.01420392
       72     0.00000001     0.98595117     0.01404881
       73     0.00000003     0.98609519     0.01390478
       74     0.00000007     0.98623109     0.01376884
       75     0.00000007     0.98641858     0.01358135
       76     0.00000004     0.98666141     0.01333855
       77     0.00000005     0.98690104     0.01309891
       78     0.00000008     0.98713665     0.01286327
       79     0.00000008     0.98735891     0.01264102
       80     0.00000005     0.98755717     0.01244279
       81     0.00000004     0.98772794     0.01227202
       82     0.00000006     0.98787534     0.01212460
       83     0.00000007     0.98800948     0.01199046
       84     0.00000005     0.98814200     0.01185795
       85     0.00000005     0.98829091     0.01170904
       86     0.00000007     0.98848127     0.01151866
       87     0.00000012     0.98881107     0.01118881
       88     0.00000019     0.98927404     0.01072577
       89     0.00000014     0.98973073     0.01026914
       90     0.00000012     0.99021139     0.00978849
       91     0.00000033     0.99070174     0.00929793
       92     0.00000050     0.99110840     0.00889110
       93     0.00000052     0.99138758     0.00861190
       94     0.00000052     0.99151302     0.00848646
       95     0.00000062     0.99143168     0.00856770
       96     0.00000093     0.99123390     0.00876516
       97     0.00000114     0.99098238     0.00901648
       98     0.00000101     0.99062958     0.00936941
       99     0.00000077     0.99033854     0.00966069
      100     0.00000096     0.99023313     0.00976591
      101     0.00000144     0.99040912     0.00958944
      102     0.00000135     0.99095410     0.00904455
      103     0.00000089     0.99187648     0.00812263
      104     0.00000100     0.99310641     0.00689259
      105     0.00000146     0.99450777     0.00549077
      106     0.00000170     0.99593670     0.00406160
      107     0.00000170     0.99721307     0.00278522
      108     0.00000172     0.99819520     0.00180308
      109     0.00000177     0.99875779     0.00124044
      110     0.00000222     0.99889179     0.00110599
      111     0.00000297     0.99868945     0.00130759
      112     0.00000358     0.99829990     0.00169652
      113     0.00000391     0.99790409     0.00209200
      114     0.00000417     0.99766631     0.00232951
      115     0.00000459     0.99769092     0.00230449
      116     0.00000510     0.99799566     0.00199924
      117     0.00000558     0.99850883     0.00148559
      118     0.00000643     0.99910032     0.00089325
      119     0.00000817     0.99960903     0.00038280
      120     0.00000959     0.99991182     0.00007859
