#     Density Matrix: population Re; see the manual for detail orders
        0     0.00000000     0.00000000     1.00000000
        1     0.00000000     0.00000071     0.99999929
        2     0.00000001     0.00000551     0.99999449
        3     0.00000001     0.00001102     0.99998898
        4     0.00000005     0.00001196     0.99998799
        5     0.00000006     0.00000793     0.99999201
        6     0.00000017     0.00000769     0.99999215
        7     0.00000021     0.00002812     0.99997168
        8     0.00000038     0.00008789     0.99991173
        9     0.00000043     0.00020611     0.99979345
       10     0.00000062     0.00043004     0.99956934
       11     0.00000065     0.00094255     0.99905680
       12     0.00000081     0.00243422     0.99756497
       13     0.00000074     0.00775363     0.99224563
       14     0.00000082     0.03220040     0.96779878
       15     0.00000059     0.18466747     0.81533194
       16     0.00000023     0.61886687     0.38113290
       17     0.00000045     0.58177479     0.41822476
       18     0.00000182     0.34504048     0.65495770
       19     0.00000077     0.26056738     0.73943184
       20     0.00000135     0.22248424     0.77751441
       21     0.00000122     0.20247568     0.79752310
       22     0.00000036     0.18959327     0.81040637
       23     0.00000088     0.17845443     0.82154469
       24     0.00000054     0.16633802     0.83366145
       25     0.00000013     0.15212075     0.84787912
       26     0.00000049     0.13576089     0.86423862
       27     0.00000020     0.11797139     0.88202842
       28     0.00000008     0.09984773     0.90015220
       29     0.00000032     0.08251179     0.91748788
       30     0.00000012     0.06683859     0.93316129
       31     0.00000002     0.05334639     0.94665358
       32     0.00000020     0.04205944     0.95794036
       33     0.00000012     0.03289395     0.96710593
       34     0.00000005     0.02562196     0.97437800
       35     0.00000014     0.01976261     0.98023726
       36     0.00000012     0.01506986     0.98493002
       37     0.00000012     0.01147252     0.98852736
       38     0.00000000     1.00000000     0.00000000
       39     0.00000008     0.99970309     0.00029683
       40     0.00000013     0.99861227     0.00138760
       41     0.00000002     0.99643157     0.00356841
       42     0.00000003     0.99278344     0.00721653
       43     0.00000013     0.98720335     0.01279652
       44     0.00000008     0.97929342     0.02070651
       45     0.00000000     0.96880813     0.03119187
       46     0.00000009     0.95582518     0.04417473
       47     0.00000014     0.94100096     0.05899890
       48     0.00000002     0.92579824     0.07420174
       49     0.00000005     0.91242961     0.08757034
       50     0.00000013     0.90336762     0.09663225
       51     0.00000005     0.90026711     0.09973284
       52     0.00000001     0.90316664     0.09683335
       53     0.00000009     0.91108934     0.08891057
       54     0.00000007     0.92326445     0.07673549
       55     0.00000000     0.93894727     0.06105273
       56     0.00000004     0.95643952     0.04356044
       57     0.00000006     0.97314449     0.02685544
       58     0.00000002     0.98660858     0.01339140
       59     0.00000000     1.00000000     0.00000000
       60     0.00000000     0.99693144     0.00306856
       61     0.00000000     0.99117894     0.00882106
       62     0.00000000     0.98707055     0.01292945
       63     0.00000001     0.98668512     0.01331488
       64     0.00000000     0.98948851     0.01051149
       65     0.00000000     1.00000000     0.00000000
       66     0.00000000     0.99966199     0.00033801
       67     0.00000000     0.99905478     0.00094522
       68     0.00000000     0.99872358     0.00127642
       69     0.00000000     0.99887172     0.00112828
       70     0.00000000     0.99930046     0.00069954
       71     0.00000000     0.99964600     0.00035400
       72     0.00000000     0.99969649     0.00030350
       73     0.00000000     0.99952469     0.00047531
       74     0.00000001     0.99935433     0.00064567
       75     0.00000001     0.99932546     0.00067452
       76     0.00000001     0.99939719     0.00060280
       77     0.00000002     0.99945424     0.00054574
       78     0.00000004     0.99946218     0.00053778
       79     0.00000005     0.99947789     0.00052206
       80     0.00000005     0.99952744     0.00047251
       81     0.00000008     0.99953778     0.00046214
       82     0.00000010     0.99943404     0.00056586
       83     0.00000011     0.99928454     0.00071536
       84     0.00000014     0.99926898     0.00073088
       85     0.00000019     0.99945881     0.00054100
       86     0.00000021     0.99967397     0.00032583
       87     0.00000023     0.99964325     0.00035652
       88     0.00000029     0.99934258     0.00065713
       89     0.00000032     0.99907151     0.00092817
       90     0.00000034     0.99914046     0.00085920
       91     0.00000044     0.99952957     0.00046999
       92     0.00000050     0.99982859     0.00017090
       93     0.00000048     0.99967586     0.00032365
       94     0.00000052     0.99917832     0.00082116
       95     0.00000063     0.99882682     0.00117255
       96     0.00000070     0.99899381     0.00100549
       97     0.00000070     0.99953477     0.00046453
       98     0.00000072     0.99990461     0.00009466
       99     0.00000082     0.99971391     0.00028527
      100     0.00000086     0.99913042     0.00086872
      101     0.00000084     0.99870961     0.00128955
      102     0.00000087     0.99885070     0.00114843
      103     0.00000096     0.99941371     0.00058533
      104     0.00000099     0.99987186     0.00012715
      105     0.00000092     0.99981822     0.00018086
      106     0.00000090     0.99933735     0.00066175
      107     0.00000099     0.99889496     0.00110405
      108     0.00000105     0.99888209     0.00111686
      109     0.00000100     0.99927495     0.00072405
      110     0.00000095     0.99970723     0.00029182
      111     0.00000099     0.99982199     0.00017702
      112     0.00000104     0.99957791     0.00042105
      113     0.00000101     0.99924201     0.00075698
      114     0.00000093     0.99911396     0.00088511
      115     0.00000090     0.99927769     0.00072141
      116     0.00000097     0.99955150     0.00044753
      117     0.00000110     0.99969477     0.00030412
      118     0.00000109     0.99962864     0.00037027
      119     0.00000091     0.99946121     0.00053788
      120     0.00000087     0.99936636     0.00063276
