#     Density Matrix: population Re; see the manual for detail orders
        0     0.00000000     0.00000000     1.00000000
        1     0.00000001     0.00000002     0.99999997
        2     0.00000002     0.00000003     0.99999995
        3     0.00000006     0.00000056     0.99999937
        4     0.00000007     0.00000315     0.99999678
        5     0.00000019     0.00000779     0.99999202
        6     0.00000023     0.00001281     0.99998696
        7     0.00000043     0.00001887     0.99998070
        8     0.00000052     0.00003464     0.99996484
        9     0.00000075     0.00008033     0.99991893
       10     0.00000081     0.00019165     0.99980754
       11     0.00000099     0.00044158     0.99955742
       12     0.00000097     0.00103270     0.99896634
       13     0.00000110     0.00266412     0.99733477
       14     0.00000095     0.00828845     0.99171060
       15     0.00000103     0.03496389     0.96503508
       16     0.00000093     0.21787353     0.78212553
       17     0.00000078     0.71642344     0.28357579
       18     0.00000060     0.51976579     0.48023361
       19     0.00000209     0.37616157     0.62383634
       20     0.00000005     0.32741863     0.67258132
       21     0.00000188     0.29801626     0.70198186
       22     0.00000124     0.28243739     0.71756137
       23     0.00000029     0.27595662     0.72404309
       24     0.00000219     0.27487833     0.72511948
       25     0.00000059     0.27648019     0.72351922
       26     0.00000067     0.27891641     0.72108292
       27     0.00000197     0.28090703     0.71909099
       28     0.00000033     0.28153403     0.71846564
       29     0.00000085     0.28025791     0.71974124
       30     0.00000190     0.27663150     0.72336659
       31     0.00000031     0.27021104     0.72978865
       32     0.00000073     0.26043343     0.73956584
       33     0.00000173     0.24641956     0.75357870
       34     0.00000042     0.22674146     0.77325812
       35     0.00000051     0.19903041     0.80096908
       36     0.00000183     0.15949937     0.84049880
       37     0.00000079     0.10454919     0.89545002
       38     0.00000018     0.04944819     0.95055163
       39     0.00000170     0.07604516     0.92395314
       40     0.00000140     0.22197446     0.77802414
       41     0.00000002     0.37343360     0.62656638
       42     0.00000138     0.49270741     0.50729121
       43     0.00000253     0.58991903     0.41007844
       44     0.00000055     0.66061170     0.33938775
       45     0.00000048     0.71196951     0.28803001
       46     0.00000257     0.75028776     0.24970968
       47     0.00000173     0.77978444     0.22021383
       48     0.00000000     0.80310272     0.19689728
       49     0.00000173     0.82188461     0.17811365
       50     0.00000291     0.83718310     0.16281399
       51     0.00000074     0.84968790     0.15031136
       52     0.00000044     0.85986596     0.14013360
       53     0.00000294     0.86804818     0.13194888
       54     0.00000246     0.87449026     0.12550727
       55     0.00000013     0.87938435     0.12061552
       56     0.00000163     0.88289471     0.11710366
       57     0.00000383     0.88518383     0.11481235
       58     0.00000173     0.88640425     0.11359402
       59     0.00000019     0.88671237     0.11328743
       60     0.00000287     0.88628126     0.11371587
       61     0.00000396     0.88530989     0.11468615
       62     0.00000109     0.88402876     0.11597014
       63     0.00000069     0.88268575     0.11731356
       64     0.00000374     0.88156294     0.11843332
       65     0.00000371     0.88098145     0.11901484
       66     0.00000071     0.88127268     0.11872661
       67     0.00000102     0.88275520     0.11724378
       68     0.00000386     0.88571850     0.11427764
       69     0.00000340     0.89039006     0.10960654
       70     0.00000062     0.89688173     0.10311765
       71     0.00000080     0.90513901     0.09486020
       72     0.00000353     0.91489024     0.08510623
       73     0.00000399     0.92560947     0.07438654
       74     0.00000141     0.93648578     0.06351280
       75     0.00000073     0.94644696     0.05355231
       76     0.00000452     0.95424036     0.04575512
       77     0.00000704     0.95860313     0.04138984
       78     0.00000390     0.95847000     0.04152610
       79     0.00000192     0.95322974     0.04676834
       80     0.00000662     0.94301746     0.05697593
       81     0.00001022     0.92894885     0.07104093
       82     0.00000606     0.91312087     0.08687307
       83     0.00000241     0.89838846     0.10160913
       84     0.00000554     0.88787120     0.11212326
       85     0.00000806     0.88420740     0.11578454
       86     0.00000505     0.88867180     0.11132315
       87     0.00000132     0.90048434     0.09951434
       88     0.00000147     0.91666849     0.08333004
       89     0.00000451     0.93258260     0.06741289
       90     0.00000688     0.94325524     0.05673788
       91     0.00000508     0.94519726     0.05479766
       92     0.00000251     0.93788787     0.06210962
       93     0.00000462     0.92443553     0.07555985
       94     0.00000798     0.91069511     0.08929691
       95     0.00000629     0.90274371     0.09725000
       96     0.00000217     0.90409875     0.09589908
       97     0.00000118     0.91366667     0.08633215
       98     0.00000332     0.92603297     0.07396370
       99     0.00000625     0.93425353     0.06574022
      100     0.00000621     0.93388183     0.06611196
      101     0.00000315     0.92584627     0.07415058
      102     0.00000291     0.91601408     0.08398300
      103     0.00000575     0.91127733     0.08871693
      104     0.00000648     0.91460222     0.08539130
      105     0.00000487     0.92276421     0.07723092
      106     0.00000293     0.92890785     0.07108923
      107     0.00000351     0.92823694     0.07175955
      108     0.00000793     0.92209826     0.07789381
      109     0.00001065     0.91661834     0.08337101
      110     0.00000836     0.91682819     0.08316345
      111     0.00000519     0.92183593     0.07815887
      112     0.00000514     0.92601937     0.07397549
      113     0.00001024     0.92516024     0.07482952
      114     0.00001694     0.92090079     0.07908227
      115     0.00001802     0.91847218     0.08150980
      116     0.00001456     0.92037653     0.07960891
      117     0.00001284     0.92367826     0.07630891
      118     0.00001714     0.92415214     0.07583072
      119     0.00002756     0.92172344     0.07824900
      120     0.00003683     0.92002760     0.07993557
