#     Density Matrix: population Re; see the manual for detail orders
        0     0.00000000     0.00000000     1.00000000
        1     0.00000003     0.00006514     0.99993483
        2     0.00000005     0.00059862     0.99940133
        3     0.00000010     0.00160754     0.99839237
        4     0.00000013     0.00277771     0.99722215
        5     0.00000021     0.00384212     0.99615767
        6     0.00000027     0.00530630     0.99469343
        7     0.00000032     0.00995509     0.99004460
        8     0.00000041     0.02683572     0.97316387
        9     0.00000035     0.08210257     0.91789708
       10     0.00000040     0.22336824     0.77663136
       11     0.00000018     0.40319880     0.59680102
       12     0.00000028     0.43037976     0.56961996
       13     0.00000031     0.32766338     0.67233631
       14     0.00000060     0.21952635     0.78047305
       15     0.00000057     0.14343384     0.85656559
       16     0.00000063     0.09750247     0.90249691
       17     0.00000070     0.07329286     0.92670644
       18     0.00000054     0.06314555     0.93685391
       19     0.00000067     0.06128837     0.93871096
       20     0.00000058     0.06370106     0.93629836
       21     0.00000052     0.06775083     0.93224864
       22     0.00000067     0.07188939     0.92810994
       23     0.00000043     0.07523562     0.92476395
       24     0.00000075     0.07727137     0.92272788
       25     0.00000089     0.07791224     0.92208688
       26     0.00000037     0.07729229     0.92270733
       27     0.00000057     0.07574322     0.92425622
       28     0.00000050     0.07348800     0.92651150
       29     0.00000047     0.07062837     0.92937116
       30     0.00000029     0.06727236     0.93272735
       31     0.00000048     0.06395136     0.93604816
       32     0.00000078     0.06126531     0.93873391
       33     0.00000018     0.06001374     0.93998608
       34     0.00000021     0.06263607     0.93736372
       35     0.00000089     0.07385151     0.92614760
       36     0.00000070     0.10577860     0.89422070
       37     0.00000014     0.18349147     0.81650839
       38     0.00000054     0.32494991     0.67504955
       39     0.00000075     0.49317449     0.50682477
       40     0.00000015     0.63810641     0.36189344
       41     0.00000028     0.75764113     0.24235858
       42     0.00000105     0.84306579     0.15693316
       43     0.00000055     0.89412127     0.10587818
       44     0.00000003     0.92294054     0.07705943
       45     0.00000084     0.93892042     0.06107874
       46     0.00000107     0.94886541     0.05113353
       47     0.00000017     0.95501531     0.04498452
       48     0.00000034     0.95897080     0.04102886
       49     0.00000128     0.96156656     0.03843216
       50     0.00000082     0.96326099     0.03673819
       51     0.00000006     0.96431302     0.03568691
       52     0.00000104     0.96469285     0.03530611
       53     0.00000200     0.96469914     0.03529886
       54     0.00000082     0.96461750     0.03538168
       55     0.00000040     0.96430011     0.03569949
       56     0.00000191     0.96357581     0.03642228
       57     0.00000173     0.96270435     0.03729392
       58     0.00000042     0.96171707     0.03828251
       59     0.00000188     0.96064989     0.03934824
       60     0.00000348     0.95974293     0.04025360
       61     0.00000179     0.95882423     0.04117398
       62     0.00000078     0.95793764     0.04206158
       63     0.00000301     0.95714126     0.04285573
       64     0.00000382     0.95651481     0.04348137
       65     0.00000141     0.95612837     0.04387022
       66     0.00000064     0.95617748     0.04382189
       67     0.00000298     0.95677934     0.04321768
       68     0.00000347     0.95808566     0.04191087
       69     0.00000113     0.96021935     0.03977952
       70     0.00000082     0.96341845     0.03658072
       71     0.00000357     0.96764558     0.03235085
       72     0.00000391     0.97226747     0.02772862
       73     0.00000134     0.97706721     0.02293145
       74     0.00000137     0.98158425     0.01841438
       75     0.00000484     0.98484805     0.01514711
       76     0.00000605     0.98607331     0.01392064
       77     0.00000292     0.98462166     0.01537542
       78     0.00000263     0.98029888     0.01969849
       79     0.00000710     0.97346352     0.02652938
       80     0.00000788     0.96496188     0.03503024
       81     0.00000352     0.95632756     0.04366892
       82     0.00000253     0.94946803     0.05052944
       83     0.00000605     0.94619292     0.05380104
       84     0.00000656     0.94772088     0.05227256
       85     0.00000287     0.95400136     0.04599576
       86     0.00000109     0.96346058     0.03653833
       87     0.00000361     0.97333395     0.02666244
       88     0.00000696     0.98038566     0.01960738
       89     0.00000612     0.98210180     0.01789208
       90     0.00000278     0.97785262     0.02214460
       91     0.00000368     0.96946978     0.03052654
       92     0.00000803     0.96078206     0.03920990
       93     0.00000835     0.95588987     0.04410178
       94     0.00000418     0.95724038     0.04275544
       95     0.00000177     0.96394600     0.03605224
       96     0.00000420     0.97213808     0.02785772
       97     0.00000873     0.97688704     0.02310422
       98     0.00000940     0.97547444     0.02451616
       99     0.00000536     0.96929073     0.03070390
      100     0.00000419     0.96303636     0.03695945
      101     0.00000821     0.96142421     0.03856758
      102     0.00001166     0.96544421     0.03454413
      103     0.00001117     0.97140772     0.02858111
      104     0.00000799     0.97403080     0.02596121
      105     0.00000774     0.97123280     0.02875946
      106     0.00001397     0.96617181     0.03381422
      107     0.00002055     0.96412513     0.03585432
      108     0.00002149     0.96697153     0.03300698
      109     0.00001860     0.97116532     0.02881609
      110     0.00001768     0.97184117     0.02814114
      111     0.00002502     0.96857427     0.03140071
      112     0.00003975     0.96579104     0.03416921
      113     0.00005216     0.96697132     0.03297652
      114     0.00005734     0.97007062     0.02987204
      115     0.00005813     0.97064955     0.02929231
      116     0.00006339     0.96822241     0.03171420
      117     0.00008393     0.96669554     0.03322053
      118     0.00012215     0.96815842     0.03171943
      119     0.00017446     0.96986169     0.02996385
      120     0.00022962     0.96906654     0.03070385
