#     Density Matrix: population Re; see the manual for detail orders
        0     0.00000000     0.00000000     1.00000000
        1     0.00000000     0.00000384     0.99999616
        2     0.00000001     0.00002616     0.99997382
        3     0.00000004     0.00004169     0.99995828
        4     0.00000010     0.00003672     0.99996318
        5     0.00000018     0.00003383     0.99996599
        6     0.00000033     0.00005583     0.99994385
        7     0.00000044     0.00009086     0.99990870
        8     0.00000062     0.00012653     0.99987285
        9     0.00000071     0.00023317     0.99976611
       10     0.00000087     0.00066650     0.99933263
       11     0.00000090     0.00212237     0.99787673
       12     0.00000099     0.00694127     0.99305774
       13     0.00000093     0.02683652     0.97316255
       14     0.00000087     0.15259039     0.84740874
       15     0.00000039     0.61447874     0.38552086
       16     0.00000035     0.57516924     0.42483041
       17     0.00000187     0.29953412     0.70046400
       18     0.00000093     0.21411068     0.78588839
       19     0.00000065     0.18406268     0.81593667
       20     0.00000009     0.17333598     0.82666393
       21     0.00000056     0.16761766     0.83238179
       22     0.00000040     0.16587658     0.83412303
       23     0.00000015     0.16710846     0.83289139
       24     0.00000064     0.17046323     0.82953613
       25     0.00000022     0.17530636     0.82469341
       26     0.00000022     0.18123524     0.81876454
       27     0.00000060     0.18803825     0.81196115
       28     0.00000015     0.19567199     0.80432787
       29     0.00000023     0.20421231     0.79578746
       30     0.00000054     0.21377852     0.78622094
       31     0.00000012     0.22457932     0.77542056
       32     0.00000018     0.23675824     0.76324159
       33     0.00000048     0.25043906     0.74956046
       34     0.00000014     0.26556018     0.73443968
       35     0.00000009     0.28173559     0.71826433
       36     0.00000040     0.29806869     0.70193091
       37     0.00000020     0.30906889     0.69093091
       38     0.00000002     0.31269949     0.68730050
       39     0.00000029     0.30653289     0.69346682
       40     0.00000029     0.28695751     0.71304220
       41     0.00000001     0.26426951     0.73573047
       42     0.00000019     0.37295226     0.62704754
       43     0.00000050     0.50969058     0.49030893
       44     0.00000025     0.51360641     0.48639334
       45     0.00000000     0.47804446     0.52195554
       46     0.00000031     0.43834931     0.56165038
       47     0.00000039     0.43124440     0.56875521
       48     0.00000007     0.54794534     0.45205460
       49     0.00000009     0.77533997     0.22465994
       50     0.00000040     0.82102747     0.17897214
       51     0.00000029     0.82408482     0.17591488
       52     0.00000001     0.82498739     0.17501260
       53     0.00000024     0.82655030     0.17344946
       54     0.00000048     0.82905412     0.17094540
       55     0.00000015     0.83256175     0.16743810
       56     0.00000005     0.83723767     0.16276229
       57     0.00000048     0.84387405     0.15612547
       58     0.00000042     0.85020913     0.14979045
       59     0.00000001     0.85515787     0.14484212
       60     0.00000032     0.85791174     0.14208794
       61     0.00000063     0.85815044     0.14184893
       62     0.00000015     0.85626199     0.14373787
       63     0.00000011     0.85352616     0.14647372
       64     0.00000055     0.85222279     0.14777666
       65     0.00000028     0.85542524     0.14457449
       66     0.00000004     0.86592346     0.13407650
       67     0.00000035     0.88230663     0.11769302
       68     0.00000037     0.88857218     0.11142746
       69     0.00000005     0.85487704     0.14512291
       70     0.00000011     0.80391912     0.19608076
       71     0.00000043     0.80352394     0.19647563
       72     0.00000021     0.84911060     0.15088919
       73     0.00000002     0.90216966     0.09783031
       74     0.00000020     0.94439364     0.05560617
       75     0.00000011     0.97235772     0.02764216
       76     0.00000011     0.98704434     0.01295555
       77     0.00000000     1.00000000     0.00000000
       78     0.00000000     0.99917837     0.00082162
       79     0.00000001     0.99777836     0.00222163
       80     0.00000001     0.99697200     0.00302800
       81     0.00000000     0.99713313     0.00286687
       82     0.00000000     0.99791281     0.00208719
       83     0.00000001     0.99866610     0.00133389
       84     0.00000000     0.99894896     0.00105104
       85     0.00000002     0.99876397     0.00123601
       86     0.00000002     0.99843112     0.00156886
       87     0.00000000     0.99825615     0.00174384
       88     0.00000002     0.99829475     0.00170523
       89     0.00000003     0.99839964     0.00160033
       90     0.00000001     0.99844228     0.00155771
       91     0.00000003     0.99844795     0.00155202
       92     0.00000007     0.99850770     0.00149223
       93     0.00000005     0.99860335     0.00139660
       94     0.00000005     0.99859342     0.00140653
       95     0.00000011     0.99840127     0.00159862
       96     0.00000010     0.99817617     0.00182372
       97     0.00000010     0.99818293     0.00181697
       98     0.00000019     0.99849091     0.00150890
       99     0.00000019     0.99881981     0.00118000
      100     0.00000017     0.99878438     0.00121545
      101     0.00000028     0.99833106     0.00166866
      102     0.00000032     0.99787684     0.00212284
      103     0.00000029     0.99792279     0.00207692
      104     0.00000041     0.99849937     0.00150022
      105     0.00000049     0.99905237     0.00094714
      106     0.00000044     0.99896440     0.00103517
      107     0.00000055     0.99821753     0.00178192
      108     0.00000068     0.99749007     0.00250925
      109     0.00000062     0.99752198     0.00247740
      110     0.00000067     0.99835428     0.00164505
      111     0.00000082     0.99922211     0.00077706
      112     0.00000082     0.99925540     0.00074378
      113     0.00000081     0.99832474     0.00167446
      114     0.00000096     0.99720928     0.00278976
      115     0.00000102     0.99690613     0.00309285
      116     0.00000094     0.99771769     0.00228137
      117     0.00000104     0.99896149     0.00103747
      118     0.00000117     0.99956364     0.00043519
      119     0.00000113     0.99898781     0.00101106
      120     0.00000108     0.99768889     0.00231002
