#     Density Matrix: population Re; see the manual for detail orders
        0     0.00000000     0.00000000     1.00000000
        1     0.00000002     0.00000733     0.99999265
        2     0.00000003     0.00004983     0.99995015
        3     0.00000010     0.00008134     0.99991856
        4     0.00000011     0.00006971     0.99993018
        5     0.00000028     0.00003026     0.99996946
        6     0.00000031     0.00000192     0.99999777
        7     0.00000057     0.00001966     0.99997977
        8     0.00000059     0.00010236     0.99989705
        9     0.00000088     0.00024977     0.99974935
       10     0.00000083     0.00047170     0.99952747
       11     0.00000109     0.00095703     0.99904188
       12     0.00000094     0.00298582     0.99701323
       13     0.00000111     0.01686533     0.98313356
       14     0.00000079     0.22073166     0.77926754
       15     0.00000053     0.16812605     0.83187342
       16     0.00000531     0.43377262     0.56622207
       17     0.00000157     0.33722832     0.66277010
       18     0.00000198     0.31189064     0.68810738
       19     0.00000388     0.29912420     0.70087192
       20     0.00000068     0.29378151     0.70621780
       21     0.00000324     0.29254660     0.70745016
       22     0.00000260     0.29330354     0.70669386
       23     0.00000091     0.29475598     0.70524311
       24     0.00000339     0.29614470     0.70385191
       25     0.00000170     0.29713385     0.70286446
       26     0.00000134     0.29759255     0.70240610
       27     0.00000335     0.29752716     0.70246949
       28     0.00000144     0.29697758     0.70302098
       29     0.00000149     0.29597120     0.70402731
       30     0.00000335     0.29453143     0.70546521
       31     0.00000155     0.29268450     0.70731395
       32     0.00000128     0.29042740     0.70957132
       33     0.00000330     0.28769716     0.71229954
       34     0.00000200     0.28438354     0.71561446
       35     0.00000095     0.28029001     0.71970904
       36     0.00000294     0.27506363     0.72493343
       37     0.00000269     0.26805328     0.73194402
       38     0.00000089     0.25794633     0.74205279
       39     0.00000215     0.24243034     0.75756751
       40     0.00000322     0.23371207     0.76628472
       41     0.00000143     0.36276794     0.63723063
       42     0.00000126     0.56443624     0.43556250
       43     0.00000315     0.64414159     0.35585526
       44     0.00000261     0.68386345     0.31613394
       45     0.00000086     0.71102898     0.28897016
       46     0.00000210     0.72893822     0.27105969
       47     0.00000345     0.74142861     0.25856794
       48     0.00000171     0.75069588     0.24930241
       49     0.00000089     0.75797346     0.24202565
       50     0.00000306     0.76398264     0.23601430
       51     0.00000337     0.76916700     0.23082963
       52     0.00000097     0.77380102     0.22619801
       53     0.00000136     0.77804506     0.22195358
       54     0.00000405     0.78201087     0.21798508
       55     0.00000308     0.78577641     0.21422051
       56     0.00000040     0.78937698     0.21062261
       57     0.00000234     0.79280043     0.20719724
       58     0.00000526     0.79598294     0.20401180
       59     0.00000271     0.79885379     0.20114350
       60     0.00000013     0.80132187     0.19867800
       61     0.00000393     0.80326493     0.19673114
       62     0.00000667     0.80454776     0.19544557
       63     0.00000234     0.80502582     0.19497185
       64     0.00000033     0.80458695     0.19541272
       65     0.00000586     0.80311918     0.19687496
       66     0.00000792     0.80050255     0.19948952
       67     0.00000215     0.79678130     0.20321654
       68     0.00000084     0.79215077     0.20784838
       69     0.00000732     0.78692950     0.21306318
       70     0.00000858     0.78164012     0.21835130
       71     0.00000214     0.77699902     0.22299884
       72     0.00000080     0.77388347     0.22611573
       73     0.00000651     0.77328457     0.22670892
       74     0.00000773     0.77620116     0.22379111
       75     0.00000250     0.78344893     0.21654856
       76     0.00000007     0.79543333     0.20456660
       77     0.00000322     0.81190687     0.18808990
       78     0.00000620     0.83180169     0.16819211
       79     0.00000491     0.85317994     0.14681515
       80     0.00000101     0.87326122     0.12673777
       81     0.00000075     0.88876063     0.11123862
       82     0.00000672     0.89654676     0.10344652
       83     0.00001011     0.89443669     0.10555321
       84     0.00000461     0.88197869     0.11801670
       85     0.00000069     0.86108392     0.13891539
       86     0.00000659     0.83598580     0.16400760
       87     0.00001096     0.81258917     0.18739987
       88     0.00000545     0.79696965     0.20302489
       89     0.00000016     0.79350116     0.20649868
       90     0.00000176     0.80321536     0.19678287
       91     0.00000462     0.82292799     0.17706740
       92     0.00000550     0.84584661     0.15414788
       93     0.00000369     0.86379587     0.13620044
       94     0.00000026     0.87020290     0.12979684
       95     0.00000241     0.86317305     0.13682454
       96     0.00000854     0.84654282     0.15344864
       97     0.00000725     0.82859015     0.17140260
       98     0.00000122     0.81820622     0.18179256
       99     0.00000046     0.82028425     0.17971529
      100     0.00000303     0.83293320     0.16706377
      101     0.00000539     0.84816866     0.15182595
      102     0.00000592     0.85658111     0.14341297
      103     0.00000202     0.85333808     0.14665990
      104     0.00000035     0.84154456     0.15845508
      105     0.00000494     0.83025859     0.16973647
      106     0.00000687     0.82785594     0.17213719
      107     0.00000433     0.83547643     0.16451924
      108     0.00000144     0.84609881     0.15389975
      109     0.00000009     0.85045878     0.14954113
      110     0.00000448     0.84524223     0.15475329
      111     0.00000942     0.83611000     0.16388057
      112     0.00000670     0.83219372     0.16779959
      113     0.00000185     0.83692104     0.16307711
      114     0.00000006     0.84460133     0.15539862
      115     0.00000358     0.84676107     0.15323534
      116     0.00001130     0.84157228     0.15841642
      117     0.00001237     0.83568975     0.16429788
      118     0.00000613     0.83609474     0.16389913
      119     0.00000153     0.84163876     0.15835971
      120     0.00000296     0.84489421     0.15510283
