#     Density Matrix: population Re; see the manual for detail orders
        0     0.00000000     0.00000000     1.00000000
        1     0.00000002     0.00000074     0.99999924
        2     0.00000006     0.00000758     0.99999236
        3     0.00000024     0.00002041     0.99997935
        4     0.00000028     0.00002814     0.99997158
        5     0.00000047     0.00002290     0.99997663
        6     0.00000046     0.00001064     0.99998889
        7     0.00000071     0.00000671     0.99999258
        8     0.00000064     0.00003077     0.99996859
        9     0.00000085     0.00010708     0.99989206
       10     0.00000074     0.00028755     0.99971171
       11     0.00000087     0.00079453     0.99920461
       12     0.00000077     0.00320779     0.99679145
       13     0.00000075     0.04119430     0.95880495
       14     0.00000060     0.05856859     0.94143082
       15     0.00000163     0.22528481     0.77471356
       16     0.00000154     0.10884947     0.89114899
       17     0.00000013     0.10035754     0.89964233
       18     0.00000184     0.09951985     0.90047830
       19     0.00000050     0.10110805     0.89889145
       20     0.00000048     0.10315717     0.89684235
       21     0.00000138     0.10491310     0.89508552
       22     0.00000010     0.10611118     0.89388872
       23     0.00000069     0.10668095     0.89331836
       24     0.00000107     0.10673538     0.89326356
       25     0.00000002     0.10640708     0.89359290
       26     0.00000080     0.10578747     0.89421173
       27     0.00000106     0.10495586     0.89504308
       28     0.00000003     0.10395422     0.89604575
       29     0.00000070     0.10281578     0.89718352
       30     0.00000108     0.10162753     0.89837139
       31     0.00000010     0.10071616     0.89928375
       32     0.00000045     0.10117238     0.89882717
       33     0.00000111     0.10932967     0.89066922
       34     0.00000029     0.16412683     0.83587288
       35     0.00000014     0.38647460     0.61352526
       36     0.00000094     0.68064539     0.31935367
       37     0.00000067     0.80518689     0.19481244
       38     0.00000000     0.84471091     0.15528909
       39     0.00000056     0.86192353     0.13807590
       40     0.00000087     0.87153538     0.12846375
       41     0.00000018     0.87791687     0.12208295
       42     0.00000014     0.88279638     0.11720348
       43     0.00000069     0.88705252     0.11294679
       44     0.00000047     0.89135249     0.10864704
       45     0.00000001     0.89616490     0.10383508
       46     0.00000035     0.90106904     0.09893060
       47     0.00000063     0.90597194     0.09402743
       48     0.00000022     0.91078272     0.08921707
       49     0.00000006     0.91542873     0.08457121
       50     0.00000045     0.91986371     0.08013584
       51     0.00000048     0.92406710     0.07593242
       52     0.00000010     0.92803722     0.07196268
       53     0.00000016     0.93178486     0.06821498
       54     0.00000050     0.93532992     0.06466958
       55     0.00000036     0.93869515     0.06130449
       56     0.00000007     0.94190028     0.05809965
       57     0.00000025     0.94496284     0.05503691
       58     0.00000049     0.94789846     0.05210105
       59     0.00000027     0.95071676     0.04928296
       60     0.00000007     0.95342243     0.04657750
       61     0.00000033     0.95601775     0.04398192
       62     0.00000057     0.95850292     0.04149651
       63     0.00000029     0.96087600     0.03912371
       64     0.00000006     0.96313812     0.03686182
       65     0.00000032     0.96528385     0.03471583
       66     0.00000057     0.96730095     0.03269848
       67     0.00000035     0.96919531     0.03080434
       68     0.00000005     0.97097179     0.02902816
       69     0.00000026     0.97262422     0.02737552
       70     0.00000067     0.97414988     0.02584945
       71     0.00000053     0.97555213     0.02444734
       72     0.00000006     0.97683574     0.02316421
       73     0.00000021     0.97800648     0.02199331
       74     0.00000087     0.97907620     0.02092293
       75     0.00000086     0.98006046     0.01993868
       76     0.00000016     0.98097283     0.01902701
       77     0.00000018     0.98182384     0.01817598
       78     0.00000112     0.98262923     0.01736965
       79     0.00000134     0.98340288     0.01659578
       80     0.00000044     0.98414486     0.01585470
       81     0.00000015     0.98485441     0.01514544
       82     0.00000120     0.98552629     0.01447251
       83     0.00000185     0.98615473     0.01384341
       84     0.00000102     0.98674503     0.01325395
       85     0.00000021     0.98730453     0.01269526
       86     0.00000099     0.98783695     0.01216206
       87     0.00000218     0.98835300     0.01164482
       88     0.00000185     0.98886670     0.01113145
       89     0.00000061     0.98939237     0.01060703
       90     0.00000061     0.98994307     0.01005632
       91     0.00000000     1.00000000     0.00000000
       92     0.00000260     0.99999563     0.00000177
       93     0.00000666     0.99998477     0.00000857
       94     0.00000600     0.99997127     0.00002273
       95     0.00000159     0.99995209     0.00004632
       96     0.00000051     0.99991873     0.00008076
       97     0.00000528     0.99986874     0.00012598
       98     0.00000935     0.99981064     0.00018001
       99     0.00000693     0.99975388     0.00023920
      100     0.00000160     0.99970029     0.00029811
      101     0.00000149     0.99964851     0.00035000
      102     0.00000756     0.99960453     0.00038791
      103     0.00001202     0.99958213     0.00040585
      104     0.00000904     0.99959100     0.00039995
      105     0.00000287     0.99962750     0.00036964
      106     0.00000211     0.99967935     0.00031854
      107     0.00000836     0.99973729     0.00025436
      108     0.00001417     0.99979811     0.00018773
      109     0.00001254     0.99985679     0.00013067
      110     0.00000569     0.99989983     0.00009447
      111     0.00000204     0.99991078     0.00008718
      112     0.00000627     0.99988202     0.00011171
      113     0.00001385     0.99982142     0.00016473
      114     0.00001626     0.99974744     0.00023631
      115     0.00001093     0.99967747     0.00031160
      116     0.00000405     0.99962227     0.00037367
      117     0.00000339     0.99958908     0.00040753
      118     0.00000984     0.99958640     0.00040376
      119     0.00001675     0.99962197     0.00036128
      120     0.00001699     0.99969438     0.00028863
