#     Density Matrix: population Re; see the manual for detail orders
        0     0.00000000     0.00000000     1.00000000
        1     0.00000002     0.00000134     0.99999863
        2     0.00000002     0.00001576     0.99998421
        3     0.00000001     0.00005434     0.99994565
        4     0.00000010     0.00011192     0.99988798
        5     0.00000010     0.00017031     0.99982959
        6     0.00000029     0.00022497     0.99977474
        7     0.00000028     0.00032015     0.99967957
        8     0.00000054     0.00057675     0.99942271
        9     0.00000051     0.00122264     0.99877685
       10     0.00000075     0.00269264     0.99730661
       11     0.00000075     0.00599726     0.99400198
       12     0.00000081     0.01399576     0.98600343
       13     0.00000091     0.03574865     0.96425044
       14     0.00000069     0.09913467     0.90086464
       15     0.00000205     0.35613824     0.64385971
       16     0.00000032     0.59655264     0.40344704
       17     0.00000213     0.50921080     0.49078707
       18     0.00000191     0.39698696     0.60301113
       19     0.00000066     0.31948154     0.68051780
       20     0.00000328     0.26787675     0.73211996
       21     0.00000064     0.23126112     0.76873824
       22     0.00000099     0.20155916     0.79843985
       23     0.00000240     0.17389526     0.82610234
       24     0.00000025     0.14625036     0.85374939
       25     0.00000099     0.11856945     0.88142956
       26     0.00000156     0.09199938     0.90799907
       27     0.00000026     0.06813067     0.93186907
       28     0.00000103     0.04810641     0.95189256
       29     0.00000106     0.03255499     0.96744394
       30     0.00000035     0.02141179     0.97858786
       31     0.00000106     0.01427446     0.98572448
       32     0.00000092     0.01061719     0.98938189
       33     0.00000000     1.00000000     0.00000000
       34     0.00000031     0.99943022     0.00056946
       35     0.00000049     0.99750898     0.00249053
       36     0.00000010     0.99399945     0.00600044
       37     0.00000008     0.98884096     0.01115896
       38     0.00000046     0.98224195     0.01775759
       39     0.00000032     0.97476166     0.02523802
       40     0.00000000     0.96734689     0.03265310
       41     0.00000027     0.96126838     0.03873135
       42     0.00000045     0.95789802     0.04210153
       43     0.00000011     0.95825336     0.04174653
       44     0.00000006     0.96242525     0.03757468
       45     0.00000036     0.96918625     0.03081339
       46     0.00000027     0.97610213     0.02389760
       47     0.00000001     0.98037602     0.01962397
       48     0.00000019     0.98015636     0.01984345
       49     0.00000037     0.97571619     0.02428345
       50     0.00000009     0.96971592     0.03028400
       51     0.00000006     0.96589719     0.03410275
       52     0.00000033     0.96685037     0.03314930
       53     0.00000020     0.97268653     0.02731327
       54     0.00000001     0.98141775     0.01858223
       55     0.00000000     1.00000000     0.00000000
       56     0.00000015     0.99635946     0.00364039
       57     0.00000022     0.98866019     0.01133959
       58     0.00000002     0.98217769     0.01782230
       59     0.00000008     0.98059397     0.01940594
       60     0.00000017     0.98427112     0.01572871
       61     0.00000000     1.00000000     0.00000000
       62     0.00000013     0.99914305     0.00085681
       63     0.00000020     0.99749667     0.00250313
       64     0.00000002     0.99648835     0.00351162
       65     0.00000007     0.99681904     0.00318089
       66     0.00000021     0.99806935     0.00193045
       67     0.00000011     0.99917920     0.00082070
       68     0.00000005     0.99938254     0.00061741
       69     0.00000031     0.99879085     0.00120884
       70     0.00000029     0.99814500     0.00185471
       71     0.00000008     0.99803771     0.00196220
       72     0.00000033     0.99840967     0.00159001
       73     0.00000055     0.99877804     0.00122141
       74     0.00000030     0.99883314     0.00116656
       75     0.00000045     0.99870117     0.00129838
       76     0.00000097     0.99863235     0.00136668
       77     0.00000077     0.99862263     0.00137660
       78     0.00000063     0.99852335     0.00147602
       79     0.00000137     0.99839055     0.00160807
       80     0.00000162     0.99848354     0.00151484
       81     0.00000117     0.99882454     0.00117429
       82     0.00000173     0.99900481     0.00099346
       83     0.00000255     0.99867052     0.00132693
       84     0.00000219     0.99810274     0.00189507
       85     0.00000219     0.99800504     0.00199276
       86     0.00000335     0.99860319     0.00139346
       87     0.00000361     0.99922552     0.00077087
       88     0.00000304     0.99904635     0.00095060
       89     0.00000380     0.99815916     0.00183703
       90     0.00000499     0.99757328     0.00242173
       91     0.00000469     0.99802084     0.00197447
       92     0.00000450     0.99902275     0.00097276
       93     0.00000573     0.99941210     0.00058217
       94     0.00000637     0.99871330     0.00128033
       95     0.00000572     0.99770158     0.00229269
       96     0.00000602     0.99750021     0.00249377
       97     0.00000756     0.99830887     0.00168357
       98     0.00000787     0.99922417     0.00076796
       99     0.00000693     0.99928902     0.00070405
      100     0.00000725     0.99852038     0.00147237
      101     0.00000879     0.99779579     0.00219542
      102     0.00000916     0.99784921     0.00214163
      103     0.00000833     0.99853686     0.00145481
      104     0.00000862     0.99910557     0.00088582
      105     0.00000988     0.99904056     0.00094956
      106     0.00001024     0.99853880     0.00145097
      107     0.00000964     0.99817865     0.00181171
      108     0.00000985     0.99827699     0.00171315
      109     0.00001147     0.99863662     0.00135192
      110     0.00001274     0.99885707     0.00113020
      111     0.00001238     0.99877977     0.00120786
      112     0.00001176     0.99857578     0.00141246
      113     0.00001279     0.99848039     0.00150682
      114     0.00001542     0.99853732     0.00144726
      115     0.00001735     0.99862125     0.00136140
      116     0.00001733     0.99864254     0.00134013
      117     0.00001708     0.99863054     0.00135237
      118     0.00001893     0.99863433     0.00134674
      119     0.00002306     0.99863047     0.00134646
      120     0.00002723     0.99857909     0.00139368
