#     Density Matrix: population Re; see the manual for detail orders
        0     0.00000000     0.00000000     1.00000000
        1     0.00000003     0.00000145     0.99999853
        2     0.00000001     0.00000587     0.99999412
        3     0.00000000     0.00000768     0.99999231
        4     0.00000007     0.00003654     0.99996339
        5     0.00000003     0.00011087     0.99988910
        6     0.00000023     0.00019371     0.99980606
        7     0.00000016     0.00024231     0.99975754
        8     0.00000045     0.00030772     0.99969183
        9     0.00000035     0.00060109     0.99939856
       10     0.00000070     0.00151645     0.99848285
       11     0.00000054     0.00374526     0.99625420
       12     0.00000093     0.00886968     0.99112939
       13     0.00000066     0.02156771     0.97843163
       14     0.00000100     0.05675671     0.94324229
       15     0.00000058     0.15276830     0.84723111
       16     0.00000063     0.32541086     0.67458852
       17     0.00000066     0.44287204     0.55712730
       18     0.00000110     0.38977194     0.61022696
       19     0.00000106     0.30111183     0.69888711
       20     0.00000082     0.24669772     0.75330145
       21     0.00000003     0.21877984     0.78122014
       22     0.00000107     0.19557476     0.80442418
       23     0.00000044     0.17911049     0.82088907
       24     0.00000027     0.16994104     0.83005868
       25     0.00000114     0.16756259     0.83243627
       26     0.00000014     0.17079008     0.82920978
       27     0.00000059     0.17810110     0.82189831
       28     0.00000105     0.18788622     0.81211273
       29     0.00000003     0.19874346     0.80125651
       30     0.00000073     0.20950312     0.79049615
       31     0.00000093     0.21920824     0.78079084
       32     0.00000001     0.22731072     0.77268927
       33     0.00000077     0.23363493     0.76636430
       34     0.00000081     0.23812675     0.76187244
       35     0.00000001     0.24095909     0.75904091
       36     0.00000074     0.24243706     0.75756219
       37     0.00000081     0.24285764     0.75714155
       38     0.00000002     0.24262673     0.75737325
       39     0.00000056     0.24210708     0.75789236
       40     0.00000089     0.24172272     0.75827639
       41     0.00000011     0.24195966     0.75804022
       42     0.00000026     0.24306800     0.75693174
       43     0.00000076     0.24557365     0.75442559
       44     0.00000029     0.25049012     0.74950960
       45     0.00000006     0.25994699     0.74005295
       46     0.00000056     0.27782845     0.72217099
       47     0.00000049     0.31242790     0.68757160
       48     0.00000005     0.40746987     0.59253008
       49     0.00000038     0.70268679     0.29731283
       50     0.00000075     0.91987552     0.08012374
       51     0.00000033     0.89592272     0.10407696
       52     0.00000009     0.86785779     0.13214212
       53     0.00000055     0.85284733     0.14715213
       54     0.00000062     0.84365287     0.15634651
       55     0.00000010     0.83730052     0.16269937
       56     0.00000026     0.83253078     0.16746896
       57     0.00000084     0.82902745     0.17097171
       58     0.00000045     0.82624082     0.17375873
       59     0.00000001     0.82380089     0.17619910
       60     0.00000077     0.82190019     0.17809903
       61     0.00000118     0.82065443     0.17934439
       62     0.00000024     0.81998087     0.18001889
       63     0.00000041     0.81963306     0.18036653
       64     0.00000188     0.81963866     0.18035947
       65     0.00000146     0.81998831     0.18001023
       66     0.00000022     0.82057188     0.17942791
       67     0.00000155     0.82103788     0.17896057
       68     0.00000290     0.82138274     0.17861436
       69     0.00000136     0.82169818     0.17830045
       70     0.00000091     0.82104288     0.17895621
       71     0.00000370     0.81955188     0.18044442
       72     0.00000411     0.81705937     0.18293652
       73     0.00000141     0.81287258     0.18712601
       74     0.00000238     0.80747356     0.19252406
       75     0.00000540     0.80152438     0.19847022
       76     0.00000401     0.79476055     0.20523544
       77     0.00000154     0.78725953     0.21273893
       78     0.00000350     0.78023598     0.21976051
       79     0.00000539     0.77460435     0.22539026
       80     0.00000263     0.77148905     0.22850832
       81     0.00000099     0.77171764     0.22828137
       82     0.00000274     0.77612547     0.22387180
       83     0.00000315     0.78509080     0.21490605
       84     0.00000149     0.79814119     0.20185732
       85     0.00000026     0.81430534     0.18569440
       86     0.00000065     0.83170783     0.16829152
       87     0.00000257     0.84785266     0.15214477
       88     0.00000419     0.85995411     0.14004170
       89     0.00000300     0.86515653     0.13484047
       90     0.00000249     0.86203002     0.13796749
       91     0.00000675     0.85053270     0.14946055
       92     0.00000965     0.83270832     0.16728203
       93     0.00000608     0.81271214     0.18728177
       94     0.00000340     0.79561673     0.20437987
       95     0.00000548     0.78627403     0.21372049
       96     0.00000608     0.78776221     0.21223171
       97     0.00000307     0.79986794     0.20012899
       98     0.00000088     0.81862448     0.18137464
       99     0.00000118     0.83725792     0.16274090
      100     0.00000500     0.84854874     0.15144627
      101     0.00000904     0.84788902     0.15210194
      102     0.00000726     0.83572540     0.16426734
      103     0.00000469     0.81795572     0.18203959
      104     0.00000723     0.80354892     0.19644385
      105     0.00000802     0.80005726     0.19993472
      106     0.00000473     0.80908211     0.19091316
      107     0.00000257     0.82505059     0.17494684
      108     0.00000340     0.83775937     0.16223723
      109     0.00000869     0.83907992     0.16091139
      110     0.00001324     0.82871606     0.17127070
      111     0.00001121     0.81464018     0.18534861
      112     0.00000719     0.80787878     0.19211403
      113     0.00000662     0.81342533     0.18656805
      114     0.00000960     0.82593156     0.17405884
      115     0.00001500     0.83404116     0.16594384
      116     0.00001801     0.83066066     0.16932133
      117     0.00001663     0.81986014     0.18012323
      118     0.00001598     0.81296215     0.18702186
      119     0.00001865     0.81680380     0.18317755
      120     0.00002488     0.82633523     0.17363989
