#     Density Matrix: population Re; see the manual for detail orders
        0     0.00000000     0.00000000     1.00000000
        1     0.00000000     0.00000032     0.99999968
        2     0.00000001     0.00000096     0.99999903
        3     0.00000004     0.00000164     0.99999832
        4     0.00000006     0.00001337     0.99998657
        5     0.00000010     0.00004874     0.99995116
        6     0.00000013     0.00012027     0.99987960
        7     0.00000017     0.00026875     0.99973108
        8     0.00000021     0.00062861     0.99937119
        9     0.00000024     0.00161134     0.99838842
       10     0.00000027     0.00463688     0.99536285
       11     0.00000029     0.01573406     0.98426565
       12     0.00000030     0.06565052     0.93434919
       13     0.00000015     0.65045405     0.34954580
       14     0.00000004     0.55496731     0.44503265
       15     0.00000055     0.19021220     0.80978725
       16     0.00000026     0.08149223     0.91850751
       17     0.00000042     0.03601256     0.96398701
       18     0.00000036     0.01783277     0.98216686
       19     0.00000043     0.01136592     0.98863365
       20     0.00000029     0.00970924     0.99029047
       21     0.00000039     0.00976207     0.99023754
       22     0.00000042     0.01016236     0.98983722
       23     0.00000041     0.01036024     0.98963936
       24     0.00000045     0.01016723     0.98983232
       25     0.00000045     0.00955781     0.99044174
       26     0.00000044     0.00856915     0.99143041
       27     0.00000045     0.00726692     0.99273263
       28     0.00000043     0.00574661     0.99425295
       29     0.00000042     0.00417230     0.99582729
       30     0.00000043     0.00288067     0.99711890
       31     0.00000047     0.00264433     0.99735520
       32     0.00000039     0.00537837     0.99462123
       33     0.00000033     0.01608720     0.98391247
       34     0.00000043     0.04806078     0.95193880
       35     0.00000039     0.13098102     0.86901859
       36     0.00000029     0.29287136     0.70712836
       37     0.00000029     0.49282618     0.50717353
       38     0.00000030     0.65518590     0.34481380
       39     0.00000029     0.76904795     0.23095176
       40     0.00000037     0.84874501     0.15125461
       41     0.00000035     0.89777564     0.10222401
       42     0.00000029     0.92657953     0.07342018
       43     0.00000036     0.94354318     0.05645646
       44     0.00000036     0.95374172     0.04625792
       45     0.00000034     0.95999480     0.04000485
       46     0.00000036     0.96386937     0.03613027
       47     0.00000035     0.96625732     0.03374233
       48     0.00000040     0.96769685     0.03230275
       49     0.00000044     0.96852723     0.03147234
       50     0.00000042     0.96896900     0.03103059
       51     0.00000043     0.96917612     0.03082345
       52     0.00000049     0.96925742     0.03074209
       53     0.00000051     0.96929373     0.03070576
       54     0.00000050     0.96934591     0.03065359
       55     0.00000050     0.96945405     0.03054545
       56     0.00000056     0.96964915     0.03035029
       57     0.00000061     0.96995207     0.03004732
       58     0.00000063     0.97037594     0.02962343
       59     0.00000062     0.97092542     0.02907396
       60     0.00000061     0.97160201     0.02839738
       61     0.00000067     0.97240154     0.02759780
       62     0.00000069     0.97331769     0.02668163
       63     0.00000066     0.97434074     0.02565860
       64     0.00000066     0.97545553     0.02454382
       65     0.00000071     0.97664622     0.02335307
       66     0.00000075     0.97789079     0.02210846
       67     0.00000077     0.97916516     0.02083408
       68     0.00000081     0.98044034     0.01955885
       69     0.00000091     0.98168829     0.01831080
       70     0.00000104     0.98287587     0.01712309
       71     0.00000116     0.98396673     0.01603211
       72     0.00000130     0.98491934     0.01507936
       73     0.00000152     0.98568388     0.01431460
       74     0.00000175     0.98620467     0.01379358
       75     0.00000196     0.98643092     0.01356712
       76     0.00000219     0.98631732     0.01368048
       77     0.00000247     0.98584160     0.01415593
       78     0.00000274     0.98501772     0.01497954
       79     0.00000297     0.98391144     0.01608559
       80     0.00000318     0.98265088     0.01734593
       81     0.00000331     0.98142966     0.01856703
       82     0.00000340     0.98048693     0.01950968
       83     0.00000349     0.98007447     0.01992204
       84     0.00000355     0.98041438     0.01958207
       85     0.00000355     0.98164646     0.01834998
       86     0.00000355     0.98377802     0.01621844
       87     0.00000360     0.98665486     0.01334154
       88     0.00000375     0.98996746     0.01002880
       89     0.00000391     0.99328769     0.00670839
       90     0.00000414     0.99614461     0.00385125
       91     0.00000447     0.99812686     0.00186866
       92     0.00000490     0.99898498     0.00101012
       93     0.00000532     0.99870313     0.00129155
       94     0.00000565     0.99752071     0.00247364
       95     0.00000589     0.99588571     0.00410840
       96     0.00000602     0.99434795     0.00564603
       97     0.00000601     0.99340840     0.00658559
       98     0.00000599     0.99337727     0.00661674
       99     0.00000591     0.99427850     0.00571559
      100     0.00000577     0.99584343     0.00415080
      101     0.00000575     0.99760374     0.00239051
      102     0.00000597     0.99905793     0.00093610
      103     0.00000638     0.99985138     0.00014223
      104     0.00000683     0.99990148     0.00009168
      105     0.00000722     0.99941112     0.00058166
      106     0.00000754     0.99876265     0.00122981
      107     0.00000785     0.99833791     0.00165424
      108     0.00000820     0.99834872     0.00164308
      109     0.00000863     0.99875894     0.00123243
      110     0.00000919     0.99933506     0.00065575
      111     0.00000994     0.99979375     0.00019631
      112     0.00001101     0.99996146     0.00002753
      113     0.00001244     0.99985471     0.00013284
      114     0.00001359     0.99964018     0.00034623
      115     0.00001462     0.99950726     0.00047811
      116     0.00001599     0.99954495     0.00043907
      117     0.00001797     0.99970389     0.00027814
      118     0.00002055     0.99985942     0.00012002
      119     0.00002381     0.99991741     0.00005878
      120     0.00002782     0.99987803     0.00009415
