#     Density Matrix: population Re; see the manual for detail orders
        0     0.00000000     0.00000000     1.00000000
        1     0.00000010     0.00000172     0.99999818
        2     0.00000011     0.00001634     0.99998355
        3     0.00000032     0.00004633     0.99995336
        4     0.00000027     0.00008748     0.99991225
        5     0.00000062     0.00014811     0.99985126
        6     0.00000049     0.00029677     0.99970273
        7     0.00000090     0.00075962     0.99923948
        8     0.00000071     0.00220535     0.99779394
        9     0.00000102     0.00696576     0.99303322
       10     0.00000086     0.02594323     0.97405590
       11     0.00000085     0.12837911     0.87162005
       12     0.00000058     0.51435928     0.48564014
       13     0.00000026     0.62327518     0.37672456
       14     0.00000094     0.36140777     0.63859129
       15     0.00000050     0.26613082     0.73386868
       16     0.00000006     0.23000629     0.76999365
       17     0.00000075     0.20737443     0.79262482
       18     0.00000013     0.19506275     0.80493711
       19     0.00000036     0.19012249     0.80987715
       20     0.00000067     0.19009324     0.80990610
       21     0.00000001     0.19306303     0.80693695
       22     0.00000070     0.19763617     0.80236313
       23     0.00000054     0.20285088     0.79714859
       24     0.00000003     0.20810593     0.79189404
       25     0.00000071     0.21305751     0.78694178
       26     0.00000042     0.21753407     0.78246552
       27     0.00000003     0.22147806     0.77852191
       28     0.00000061     0.22490105     0.77509834
       29     0.00000041     0.22783896     0.77216063
       30     0.00000003     0.23033373     0.76966624
       31     0.00000065     0.23242412     0.76757523
       32     0.00000055     0.23414292     0.76585653
       33     0.00000002     0.23551599     0.76448399
       34     0.00000041     0.23656573     0.76343386
       35     0.00000054     0.23730946     0.76268999
       36     0.00000007     0.23776101     0.76223892
       37     0.00000018     0.23792929     0.76207053
       38     0.00000049     0.23780945     0.76219006
       39     0.00000020     0.23736649     0.76263331
       40     0.00000003     0.23658039     0.76341958
       41     0.00000026     0.30989860     0.69010114
       42     0.00000027     0.62627229     0.37372744
       43     0.00000005     0.73219329     0.26780665
       44     0.00000026     0.73844508     0.26155466
       45     0.00000041     0.74076613     0.25923346
       46     0.00000016     0.74189542     0.25810442
       47     0.00000009     0.74238465     0.25761526
       48     0.00000034     0.74240214     0.25759752
       49     0.00000034     0.74201775     0.25798192
       50     0.00000010     0.74127743     0.25872247
       51     0.00000016     0.74023295     0.25976690
       52     0.00000036     0.73895226     0.26104738
       53     0.00000025     0.73752351     0.26247624
       54     0.00000009     0.73605527     0.26394464
       55     0.00000022     0.73467207     0.26532770
       56     0.00000034     0.73350826     0.26649140
       57     0.00000018     0.73269647     0.26730335
       58     0.00000010     0.73235647     0.26764343
       59     0.00000026     0.73258771     0.26741203
       60     0.00000030     0.73345645     0.26654325
       61     0.00000013     0.73498565     0.26501422
       62     0.00000013     0.73714937     0.26285050
       63     0.00000031     0.73987160     0.26012808
       64     0.00000030     0.74302929     0.25697042
       65     0.00000009     0.74645945     0.25354045
       66     0.00000014     0.74997148     0.25002838
       67     0.00000041     0.75335896     0.24664063
       68     0.00000038     0.75643324     0.24356638
       69     0.00000007     0.75902747     0.24097246
       70     0.00000014     0.76101513     0.23898473
       71     0.00000053     0.76232734     0.23767213
       72     0.00000051     0.76295951     0.23703998
       73     0.00000009     0.76297339     0.23702652
       74     0.00000011     0.76248972     0.23751017
       75     0.00000065     0.76168190     0.23831745
       76     0.00000076     0.76075445     0.23924479
       77     0.00000023     0.75992472     0.24007505
       78     0.00000004     0.75939771     0.24060225
       79     0.00000064     0.75933661     0.24066275
       80     0.00000108     0.75986130     0.24013761
       81     0.00000059     0.76102253     0.23897688
       82     0.00000004     0.76277980     0.23722016
       83     0.00000053     0.76500791     0.23499156
       84     0.00000148     0.76752078     0.23247774
       85     0.00000140     0.77008263     0.22991597
       86     0.00000044     0.77241442     0.22758513
       87     0.00000040     0.77423405     0.22576555
       88     0.00000177     0.77529235     0.22470588
       89     0.00000264     0.77540509     0.22459227
       90     0.00000171     0.77447969     0.22551860
       91     0.00000073     0.77253442     0.22746485
       92     0.00000180     0.76970381     0.23029440
       93     0.00000363     0.76623363     0.23376274
       94     0.00000357     0.76245536     0.23754107
       95     0.00000192     0.75873615     0.24126192
       96     0.00000163     0.75542442     0.24457395
       97     0.00000352     0.75279560     0.24720088
       98     0.00000497     0.75100747     0.24898756
       99     0.00000399     0.75004613     0.24994988
      100     0.00000203     0.74973165     0.25026633
      101     0.00000186     0.74976039     0.25023775
      102     0.00000357     0.74975945     0.25023698
      103     0.00000467     0.74937799     0.25061733
      104     0.00000373     0.74837679     0.25161948
      105     0.00000197     0.74669758     0.25330045
      106     0.00000158     0.74449450     0.25550392
      107     0.00000315     0.74211066     0.25788619
      108     0.00000514     0.74000208     0.25999278
      109     0.00000549     0.73859757     0.26139694
      110     0.00000388     0.73818666     0.26180946
      111     0.00000273     0.73882849     0.26116878
      112     0.00000393     0.74033538     0.25966069
      113     0.00000633     0.74230576     0.25768790
      114     0.00000699     0.74424554     0.25574748
      115     0.00000504     0.74572637     0.25426859
      116     0.00000289     0.74651503     0.25348208
      117     0.00000287     0.74664819     0.25334894
      118     0.00000425     0.74644574     0.25355001
      119     0.00000453     0.74641004     0.25358544
      120     0.00000303     0.74706707     0.25292989
