#     Density Matrix: population Re; see the manual for detail orders
        0     0.00000000     0.00000000     1.00000000
        1     0.00000012     0.00001272     0.99998716
        2     0.00000015     0.00010524     0.99989461
        3     0.00000024     0.00024156     0.99975821
        4     0.00000030     0.00034003     0.99965967
        5     0.00000035     0.00034041     0.99965924
        6     0.00000049     0.00025435     0.99974517
        7     0.00000042     0.00019012     0.99980946
        8     0.00000069     0.00037443     0.99962488
        9     0.00000040     0.00127817     0.99872143
       10     0.00000083     0.00433083     0.99566834
       11     0.00000035     0.01713706     0.98286259
       12     0.00000069     0.12915015     0.87084917
       13     0.00000011     0.71153436     0.28846553
       14     0.00000089     0.54176362     0.45823549
       15     0.00000215     0.28864813     0.71134972
       16     0.00000046     0.23337804     0.76662150
       17     0.00000127     0.20944398     0.79055475
       18     0.00000100     0.19320714     0.80679186
       19     0.00000007     0.17711082     0.82288911
       20     0.00000070     0.15845146     0.84154785
       21     0.00000035     0.13687042     0.86312923
       22     0.00000004     0.11345990     0.88654007
       23     0.00000038     0.08997807     0.91002155
       24     0.00000015     0.06826449     0.93173536
       25     0.00000010     0.04968754     0.95031237
       26     0.00000027     0.03491953     0.96508019
       27     0.00000011     0.02396120     0.97603869
       28     0.00000012     0.01634944     0.98365044
       29     0.00000021     0.01148908     0.98851071
       30     0.00000000     1.00000000     0.00000000
       31     0.00000014     0.99979095     0.00020891
       32     0.00000021     0.99909396     0.00090583
       33     0.00000004     0.99780115     0.00219881
       34     0.00000004     0.99580876     0.00419120
       35     0.00000020     0.99303405     0.00696576
       36     0.00000013     0.98944195     0.01055792
       37     0.00000000     0.98507399     0.01492601
       38     0.00000011     0.98007775     0.01992214
       39     0.00000018     0.97471555     0.02528427
       40     0.00000005     0.96931509     0.03068486
       41     0.00000003     0.96409708     0.03590289
       42     0.00000015     0.95879409     0.04120576
       43     0.00000010     0.95206178     0.04793812
       44     0.00000001     0.94111306     0.05888692
       45     0.00000013     0.92297259     0.07702728
       46     0.00000020     0.89902498     0.10097482
       47     0.00000004     0.87947061     0.12052935
       48     0.00000003     0.87764745     0.12235252
       49     0.00000017     0.89668188     0.10331795
       50     0.00000010     0.92737231     0.07262760
       51     0.00000001     0.95809213     0.04190785
       52     0.00000007     0.98163927     0.01836066
       53     0.00000000     1.00000000     0.00000000
       54     0.00000001     0.99649386     0.00350614
       55     0.00000002     0.99009445     0.00990553
       56     0.00000000     0.98576427     0.01423573
       57     0.00000001     0.98565564     0.01434435
       58     0.00000001     0.98891622     0.01108377
       59     0.00000000     1.00000000     0.00000000
       60     0.00000000     0.99965880     0.00034120
       61     0.00000000     0.99905830     0.00094170
       62     0.00000000     0.99875379     0.00124621
       63     0.00000000     0.99893200     0.00106800
       64     0.00000000     0.99936710     0.00063289
       65     0.00000000     0.99968459     0.00031541
       66     0.00000000     0.99969187     0.00030813
       67     0.00000001     0.99949475     0.00050525
       68     0.00000001     0.99933393     0.00066606
       69     0.00000001     0.99933610     0.00066389
       70     0.00000001     0.99943408     0.00056591
       71     0.00000002     0.99949991     0.00050007
       72     0.00000002     0.99950152     0.00049846
       73     0.00000002     0.99949952     0.00050046
       74     0.00000004     0.99951929     0.00048067
       75     0.00000005     0.99950050     0.00049945
       76     0.00000005     0.99940848     0.00059147
       77     0.00000007     0.99933299     0.00066694
       78     0.00000010     0.99939765     0.00060225
       79     0.00000010     0.99957218     0.00042772
       80     0.00000011     0.99965180     0.00034809
       81     0.00000015     0.99949421     0.00050564
       82     0.00000017     0.99923462     0.00076521
       83     0.00000016     0.99917454     0.00082530
       84     0.00000020     0.99942004     0.00057976
       85     0.00000025     0.99971257     0.00028718
       86     0.00000024     0.99969655     0.00030321
       87     0.00000023     0.99933959     0.00066018
       88     0.00000030     0.99901182     0.00098788
       89     0.00000034     0.99908505     0.00091461
       90     0.00000030     0.99950175     0.00049795
       91     0.00000031     0.99981505     0.00018464
       92     0.00000038     0.99967008     0.00032954
       93     0.00000039     0.99919455     0.00080506
       94     0.00000035     0.99887295     0.00112670
       95     0.00000038     0.99903720     0.00096243
       96     0.00000045     0.99952221     0.00047735
       97     0.00000043     0.99984130     0.00015827
       98     0.00000038     0.99968306     0.00031657
       99     0.00000039     0.99921330     0.00078631
      100     0.00000046     0.99889243     0.00110711
      101     0.00000045     0.99901794     0.00098161
      102     0.00000039     0.99945299     0.00054661
      103     0.00000039     0.99978635     0.00021327
      104     0.00000041     0.99972874     0.00027085
      105     0.00000040     0.99937343     0.00062617
      106     0.00000037     0.99907032     0.00092932
      107     0.00000036     0.99908648     0.00091316
      108     0.00000039     0.99937561     0.00062400
      109     0.00000041     0.99966270     0.00033689
      110     0.00000038     0.99970291     0.00029671
      111     0.00000034     0.99950143     0.00049823
      112     0.00000034     0.99927376     0.00072590
      113     0.00000037     0.99922448     0.00077515
      114     0.00000037     0.99937193     0.00062770
      115     0.00000033     0.99955933     0.00044034
      116     0.00000030     0.99961877     0.00038093
      117     0.00000032     0.99953045     0.00046924
      118     0.00000033     0.99940436     0.00059530
      119     0.00000031     0.99936162     0.00063807
      120     0.00000028     0.99942066     0.00057906
