#     Density Matrix: population Re; see the manual for detail orders
        0     0.00000000     0.00000000     1.00000000
        1     0.00000004     0.00000376     0.99999620
        2     0.00000005     0.00002663     0.99997333
        3     0.00000015     0.00004723     0.99995263
        4     0.00000014     0.00004630     0.99995355
        5     0.00000034     0.00002542     0.99997423
        6     0.00000031     0.00000389     0.99999580
        7     0.00000056     0.00000936     0.99999008
        8     0.00000048     0.00007143     0.99992809
        9     0.00000072     0.00022858     0.99977070
       10     0.00000071     0.00059773     0.99940155
       11     0.00000078     0.00189896     0.99810026
       12     0.00000080     0.01393907     0.98606013
       13     0.00000106     0.13448698     0.86551196
       14     0.00000120     0.29213827     0.70786054
       15     0.00000213     0.11379973     0.88619814
       16     0.00000006     0.11480923     0.88519072
       17     0.00000130     0.12008589     0.87991281
       18     0.00000064     0.12510037     0.87489899
       19     0.00000051     0.12878699     0.87121250
       20     0.00000163     0.13108825     0.86891012
       21     0.00000018     0.13223619     0.86776363
       22     0.00000065     0.13260135     0.86739800
       23     0.00000118     0.13253792     0.86746090
       24     0.00000005     0.13229967     0.86770028
       25     0.00000074     0.13213264     0.86786662
       26     0.00000088     0.13224402     0.86775510
       27     0.00000004     0.13283640     0.86716356
       28     0.00000130     0.13413732     0.86586138
       29     0.00000069     0.13662069     0.86337862
       30     0.00000018     0.14105137     0.85894845
       31     0.00000186     0.14857131     0.85142682
       32     0.00000203     0.16312480     0.83687316
       33     0.00000009     0.19785047     0.80214944
       34     0.00000114     0.32834787     0.67165098
       35     0.00000216     0.66808270     0.33191514
       36     0.00000044     0.89780988     0.10218967
       37     0.00000042     0.93635233     0.06364725
       38     0.00000206     0.94186193     0.05813601
       39     0.00000134     0.94312680     0.05687186
       40     0.00000016     0.94363155     0.05636829
       41     0.00000205     0.94398446     0.05601348
       42     0.00000284     0.94430696     0.05569021
       43     0.00000070     0.94462532     0.05537399
       44     0.00000065     0.94495075     0.05504861
       45     0.00000252     0.94529156     0.05470592
       46     0.00000193     0.94566675     0.05433132
       47     0.00000039     0.94611299     0.05388663
       48     0.00000120     0.94664403     0.05335477
       49     0.00000227     0.94722674     0.05277099
       50     0.00000120     0.94789022     0.05210857
       51     0.00000024     0.94862850     0.05137126
       52     0.00000148     0.94940278     0.05059573
       53     0.00000228     0.95024039     0.04975733
       54     0.00000101     0.95112217     0.04887682
       55     0.00000026     0.95207421     0.04792553
       56     0.00000126     0.95306613     0.04693261
       57     0.00000243     0.95395522     0.04604235
       58     0.00000137     0.95471001     0.04528862
       59     0.00000010     0.95534983     0.04465008
       60     0.00000090     0.95589637     0.04410272
       61     0.00000178     0.95628130     0.04371692
       62     0.00000106     0.95646354     0.04353540
       63     0.00000005     0.95647137     0.04352858
       64     0.00000109     0.95630738     0.04369153
       65     0.00000263     0.95598535     0.04401202
       66     0.00000169     0.95552518     0.04447313
       67     0.00000003     0.95486923     0.04513073
       68     0.00000198     0.95412654     0.04587148
       69     0.00000462     0.95343346     0.04656193
       70     0.00000311     0.95257001     0.04742688
       71     0.00000019     0.95161101     0.04838880
       72     0.00000172     0.95087554     0.04912274
       73     0.00000543     0.95037142     0.04962314
       74     0.00000488     0.95005886     0.04993626
       75     0.00000115     0.95001917     0.04997969
       76     0.00000039     0.95039699     0.04960262
       77     0.00000379     0.95125682     0.04873939
       78     0.00000578     0.95261253     0.04738169
       79     0.00000372     0.95427068     0.04572560
       80     0.00000061     0.95609448     0.04390491
       81     0.00000119     0.95805180     0.04194701
       82     0.00000541     0.95989677     0.04009782
       83     0.00000780     0.96141998     0.03857222
       84     0.00000442     0.96224821     0.03774737
       85     0.00000099     0.96204261     0.03795640
       86     0.00000509     0.96073146     0.03926345
       87     0.00001238     0.95832969     0.04165793
       88     0.00001263     0.95504339     0.04494398
       89     0.00000563     0.95127935     0.04871502
       90     0.00000184     0.94753678     0.05246138
       91     0.00000473     0.94454949     0.05544578
       92     0.00001006     0.94295566     0.05703428
       93     0.00001155     0.94315719     0.05683126
       94     0.00000716     0.94525046     0.05474238
       95     0.00000232     0.94898355     0.05101413
       96     0.00000099     0.95368109     0.04631792
       97     0.00000559     0.95828016     0.04171425
       98     0.00001298     0.96173904     0.03824798
       99     0.00001599     0.96322228     0.03676173
      100     0.00001097     0.96229472     0.03769431
      101     0.00000474     0.95913224     0.04086302
      102     0.00000731     0.95455460     0.04543809
      103     0.00001675     0.94985664     0.05012662
      104     0.00002010     0.94648274     0.05349715
      105     0.00001320     0.94555286     0.05443394
      106     0.00000515     0.94742321     0.05257164
      107     0.00000220     0.95149713     0.04850067
      108     0.00000583     0.95628625     0.04370793
      109     0.00001518     0.95995778     0.04002704
      110     0.00002408     0.96104047     0.03893545
      111     0.00002461     0.95904103     0.04093436
      112     0.00001619     0.95478511     0.04519870
      113     0.00000987     0.95023329     0.04975684
      114     0.00001410     0.94760258     0.05238333
      115     0.00002315     0.94827372     0.05170313
      116     0.00002842     0.95194902     0.04802256
      117     0.00002861     0.95664575     0.04332564
      118     0.00002430     0.95966039     0.04031530
      119     0.00001912     0.95910727     0.04087361
      120     0.00002197     0.95528326     0.04469477
