#     Density Matrix: population Re; see the manual for detail orders
        0     0.00000000     0.00000000     1.00000000
        1     0.00000000     0.00000696     0.99999304
        2     0.00000001     0.00005502     0.99994497
        3     0.00000003     0.00011755     0.99988242
        4     0.00000005     0.00015168     0.99984827
        5     0.00000008     0.00014369     0.99985623
        6     0.00000011     0.00013315     0.99986674
        7     0.00000014     0.00021554     0.99978432
        8     0.00000018     0.00056075     0.99943907
        9     0.00000021     0.00157390     0.99842589
       10     0.00000023     0.00476354     0.99523622
       11     0.00000026     0.01856317     0.98143657
       12     0.00000025     0.11787609     0.88212365
       13     0.00000007     0.79742075     0.20257918
       14     0.00000017     0.47319115     0.52680868
       15     0.00000098     0.14689572     0.85310330
       16     0.00000009     0.08888677     0.91111314
       17     0.00000046     0.06301874     0.93698080
       18     0.00000038     0.05153440     0.94846522
       19     0.00000022     0.04641327     0.95358651
       20     0.00000036     0.04384835     0.95615129
       21     0.00000023     0.04205320     0.95794657
       22     0.00000022     0.04024956     0.95975022
       23     0.00000028     0.03818446     0.96181527
       24     0.00000024     0.03584594     0.96415382
       25     0.00000025     0.03332511     0.96667464
       26     0.00000026     0.03073984     0.96925989
       27     0.00000023     0.02821689     0.97178289
       28     0.00000021     0.02586972     0.97413007
       29     0.00000028     0.02382339     0.97617632
       30     0.00000024     0.02224643     0.97775333
       31     0.00000021     0.02141616     0.97858363
       32     0.00000024     0.02182741     0.97817235
       33     0.00000022     0.02447721     0.97552257
       34     0.00000018     0.03154805     0.96845177
       35     0.00000015     0.04827437     0.95172548
       36     0.00000017     0.08825085     0.91174898
       37     0.00000017     0.18730898     0.81269085
       38     0.00000016     0.39071707     0.60928278
       39     0.00000016     0.63507505     0.36492479
       40     0.00000012     0.79083158     0.20916830
       41     0.00000010     0.86375664     0.13624325
       42     0.00000012     0.89888904     0.10111083
       43     0.00000012     0.91793580     0.08206408
       44     0.00000010     0.92940887     0.07059103
       45     0.00000011     0.93690978     0.06309012
       46     0.00000012     0.94213787     0.05786201
       47     0.00000013     0.94597874     0.05402113
       48     0.00000012     0.94892794     0.05107194
       49     0.00000011     0.95127951     0.04872038
       50     0.00000012     0.95322057     0.04677930
       51     0.00000012     0.95487347     0.04512641
       52     0.00000011     0.95631828     0.04368160
       53     0.00000011     0.95760868     0.04239120
       54     0.00000012     0.95877741     0.04122247
       55     0.00000011     0.95984111     0.04015878
       56     0.00000010     0.96080183     0.03919806
       57     0.00000011     0.96165538     0.03834451
       58     0.00000011     0.96238670     0.03761319
       59     0.00000010     0.96298217     0.03701773
       60     0.00000010     0.96342777     0.03657213
       61     0.00000009     0.96371639     0.03628352
       62     0.00000010     0.96385449     0.03614542
       63     0.00000009     0.96386002     0.03613989
       64     0.00000008     0.96376952     0.03623040
       65     0.00000008     0.96363096     0.03636897
       66     0.00000009     0.96349784     0.03650207
       67     0.00000010     0.96342540     0.03657450
       68     0.00000011     0.96346178     0.03653811
       69     0.00000011     0.96363595     0.03636394
       70     0.00000013     0.96395341     0.03604647
       71     0.00000015     0.96439332     0.03560653
       72     0.00000019     0.96491121     0.03508860
       73     0.00000021     0.96545144     0.03454835
       74     0.00000025     0.96595788     0.03404187
       75     0.00000028     0.96638894     0.03361077
       76     0.00000032     0.96672672     0.03327296
       77     0.00000036     0.96698380     0.03301584
       78     0.00000041     0.96720092     0.03279867
       79     0.00000045     0.96743362     0.03256593
       80     0.00000048     0.96774471     0.03225481
       81     0.00000051     0.96818973     0.03180976
       82     0.00000055     0.96880264     0.03119682
       83     0.00000057     0.96959453     0.03040490
       84     0.00000059     0.97055109     0.02944831
       85     0.00000062     0.97163746     0.02836191
       86     0.00000067     0.97280657     0.02719276
       87     0.00000073     0.97400780     0.02599146
       88     0.00000082     0.97520254     0.02479664
       89     0.00000095     0.97635719     0.02364186
       90     0.00000107     0.97745844     0.02254050
       91     0.00000124     0.97850759     0.02149117
       92     0.00000148     0.97951506     0.02048347
       93     0.00000170     0.98049713     0.01950118
       94     0.00000194     0.98146871     0.01852935
       95     0.00000227     0.98243203     0.01756571
       96     0.00000264     0.98338417     0.01661318
       97     0.00000298     0.98431207     0.01568495
       98     0.00000324     0.98520352     0.01479323
       99     0.00000348     0.98605490     0.01394162
      100     0.00000371     0.98687939     0.01311691
      101     0.00000394     0.98770909     0.01228697
      102     0.00000418     0.98859418     0.01140164
      103     0.00000429     0.98958849     0.01040722
      104     0.00000423     0.99072588     0.00926989
      105     0.00000427     0.99199666     0.00799907
      106     0.00000463     0.99332857     0.00666680
      107     0.00000525     0.99458151     0.00541324
      108     0.00000582     0.99556799     0.00442619
      109     0.00000611     0.99610591     0.00388798
      110     0.00000630     0.99607962     0.00391408
      111     0.00000667     0.99550181     0.00449152
      112     0.00000717     0.99454541     0.00544743
      113     0.00000749     0.99351886     0.00647365
      114     0.00000747     0.99278975     0.00720278
      115     0.00000722     0.99267107     0.00732171
      116     0.00000701     0.99330941     0.00668358
      117     0.00000703     0.99462396     0.00536901
      118     0.00000725     0.99632142     0.00367132
      119     0.00000751     0.99798840     0.00200409
      120     0.00000778     0.99922905     0.00076318
