#     Density Matrix: population Re; see the manual for detail orders
        0     0.00000000     0.00000000     1.00000000
        1     0.00000000     0.00000500     0.99999500
        2     0.00000001     0.00003197     0.99996802
        3     0.00000004     0.00004666     0.99995330
        4     0.00000009     0.00004077     0.99995914
        5     0.00000015     0.00004591     0.99995394
        6     0.00000025     0.00007618     0.99992357
        7     0.00000034     0.00010134     0.99989832
        8     0.00000047     0.00010541     0.99989412
        9     0.00000057     0.00017024     0.99982919
       10     0.00000069     0.00051048     0.99948883
       11     0.00000075     0.00149240     0.99850685
       12     0.00000083     0.00383479     0.99616438
       13     0.00000082     0.00960880     0.99039038
       14     0.00000083     0.02672516     0.97327401
       15     0.00000072     0.09011186     0.90988742
       16     0.00000052     0.30416290     0.69583658
       17     0.00000042     0.58169643     0.41830315
       18     0.00000040     0.50522397     0.49477563
       19     0.00000073     0.39393671     0.60606255
       20     0.00000009     0.33681649     0.66318342
       21     0.00000070     0.29628248     0.70371682
       22     0.00000054     0.27203540     0.72796406
       23     0.00000014     0.26128476     0.73871510
       24     0.00000078     0.26091456     0.73908465
       25     0.00000029     0.26832371     0.73167600
       26     0.00000023     0.28160477     0.71839500
       27     0.00000074     0.29957313     0.70042613
       28     0.00000017     0.32155213     0.67844770
       29     0.00000023     0.34722952     0.65277025
       30     0.00000062     0.37641963     0.62357975
       31     0.00000013     0.40883349     0.59116638
       32     0.00000017     0.44380519     0.55619464
       33     0.00000054     0.47992205     0.52007740
       34     0.00000016     0.51468177     0.48531807
       35     0.00000007     0.54398961     0.45601032
       36     0.00000046     0.56068895     0.43931059
       37     0.00000028     0.55435566     0.44564406
       38     0.00000001     0.51748667     0.48251332
       39     0.00000038     0.44007114     0.55992848
       40     0.00000051     0.31765760     0.68234189
       41     0.00000009     0.18796435     0.81203557
       42     0.00000022     0.12407267     0.87592711
       43     0.00000078     0.12774451     0.87225470
       44     0.00000050     0.16532460     0.83467490
       45     0.00000014     0.21231987     0.78767999
       46     0.00000060     0.25473359     0.74526581
       47     0.00000075     0.29072661     0.70927264
       48     0.00000025     0.32244113     0.67755863
       49     0.00000031     0.35274944     0.64725024
       50     0.00000089     0.38419759     0.61580153
       51     0.00000072     0.41912454     0.58087474
       52     0.00000026     0.45954371     0.54045603
       53     0.00000070     0.50706514     0.49293415
       54     0.00000126     0.56207504     0.43792370
       55     0.00000082     0.62795184     0.37204734
       56     0.00000049     0.69100908     0.30899043
       57     0.00000123     0.74718463     0.25281414
       58     0.00000166     0.79451620     0.20548214
       59     0.00000100     0.83288066     0.16711833
       60     0.00000077     0.86323098     0.13676825
       61     0.00000164     0.88692235     0.11307601
       62     0.00000200     0.90531477     0.09468323
       63     0.00000124     0.91960102     0.08039774
       64     0.00000098     0.93076581     0.06923321
       65     0.00000188     0.93960435     0.06039377
       66     0.00000232     0.94675436     0.05324333
       67     0.00000155     0.95272298     0.04727547
       68     0.00000110     0.95790642     0.04209248
       69     0.00000190     0.96260650     0.03739160
       70     0.00000261     0.96704269     0.03295470
       71     0.00000208     0.97135751     0.02864041
       72     0.00000135     0.97562059     0.02437807
       73     0.00000186     0.97983687     0.02016127
       74     0.00000299     0.98395561     0.01604140
       75     0.00000309     0.98787369     0.01212322
       76     0.00000000     1.00000000     0.00000000
       77     0.00000546     0.99971522     0.00027933
       78     0.00001318     0.99879139     0.00119543
       79     0.00001043     0.99717359     0.00281598
       80     0.00000170     0.99488165     0.00511665
       81     0.00000188     0.99204214     0.00795598
       82     0.00001144     0.98892106     0.01106750
       83     0.00001520     0.98591048     0.01407432
       84     0.00000724     0.98346627     0.01652650
       85     0.00000026     0.98202765     0.01797209
       86     0.00000496     0.98193759     0.01805744
       87     0.00001386     0.98335321     0.01663294
       88     0.00001377     0.98615269     0.01383354
       89     0.00000511     0.98989141     0.01010348
       90     0.00000000     1.00000000     0.00000000
       91     0.00000764     0.99929378     0.00069859
       92     0.00001976     0.99738619     0.00259405
       93     0.00001879     0.99484119     0.00514002
       94     0.00000620     0.99242756     0.00756624
       95     0.00000009     0.99090845     0.00909146
       96     0.00000825     0.99080821     0.00918354
       97     0.00001854     0.99220586     0.00777560
       98     0.00001741     0.99464286     0.00533973
       99     0.00000673     0.99723239     0.00276088
      100     0.00000002     0.99898377     0.00101621
      101     0.00000611     0.99923784     0.00075605
      102     0.00001749     0.99800298     0.00197952
      103     0.00001899     0.99599344     0.00398757
      104     0.00000865     0.99430476     0.00568660
      105     0.00000031     0.99385167     0.00614802
      106     0.00000377     0.99485450     0.00514173
      107     0.00001393     0.99667810     0.00330797
      108     0.00001899     0.99818748     0.00179353
      109     0.00001284     0.99845870     0.00152845
      110     0.00000245     0.99741701     0.00258054
      111     0.00000107     0.99592021     0.00407873
      112     0.00001072     0.99514273     0.00484654
      113     0.00001989     0.99566252     0.00431759
      114     0.00001878     0.99697803     0.00300319
      115     0.00000865     0.99792661     0.00206474
      116     0.00000045     0.99771594     0.00228361
      117     0.00000475     0.99665577     0.00333948
      118     0.00001852     0.99585049     0.00413099
      119     0.00002768     0.99608549     0.00388683
      120     0.00002371     0.99702717     0.00294912
