#     Density Matrix: population Re; see the manual for detail orders
        0     0.00000000     0.00000000     1.00000000
        1     0.00000010     0.00000373     0.99999617
        2     0.00000011     0.00003045     0.99996944
        3     0.00000037     0.00006675     0.99993288
        4     0.00000030     0.00008566     0.99991404
        5     0.00000073     0.00008095     0.99991832
        6     0.00000056     0.00009913     0.99990031
        7     0.00000109     0.00025864     0.99974027
        8     0.00000081     0.00077992     0.99921927
        9     0.00000133     0.00215433     0.99784434
       10     0.00000097     0.00599711     0.99400192
       11     0.00000132     0.01978650     0.98021218
       12     0.00000086     0.09151454     0.90848460
       13     0.00000062     0.44096322     0.55903616
       14     0.00000012     0.65668763     0.34331225
       15     0.00000182     0.37077947     0.62921871
       16     0.00000182     0.25502811     0.74497007
       17     0.00000096     0.20441852     0.79558052
       18     0.00000180     0.17833551     0.82166269
       19     0.00000076     0.16221204     0.83778720
       20     0.00000056     0.14919540     0.85080404
       21     0.00000101     0.13583525     0.86416374
       22     0.00000024     0.12090346     0.87909631
       23     0.00000033     0.10437744     0.89562223
       24     0.00000053     0.08716511     0.91283436
       25     0.00000005     0.07035652     0.92964343
       26     0.00000022     0.05502029     0.94497949
       27     0.00000031     0.04189124     0.95810845
       28     0.00000001     0.03134050     0.96865949
       29     0.00000014     0.02335906     0.97664080
       30     0.00000019     0.01779860     0.98220122
       31     0.00000001     0.01440300     0.98559699
       32     0.00000009     0.01298236     0.98701754
       33     0.00000011     0.01351959     0.98648030
       34     0.00000004     0.01622735     0.98377260
       35     0.00000006     0.02222450     0.97777544
       36     0.00000006     0.03220692     0.96779301
       37     0.00000011     0.04711982     0.95288007
       38     0.00000005     0.06874069     0.93125926
       39     0.00000005     0.09945285     0.90054710
       40     0.00000023     0.14196478     0.85803499
       41     0.00000006     0.19801590     0.80198404
       42     0.00000011     0.26566203     0.73433785
       43     0.00000039     0.33728368     0.66271594
       44     0.00000008     0.40370781     0.59629212
       45     0.00000020     0.46484300     0.53515680
       46     0.00000042     0.53539307     0.46460651
       47     0.00000006     0.63196042     0.36803952
       48     0.00000014     0.74784369     0.25215617
       49     0.00000026     0.85510123     0.14489851
       50     0.00000005     0.93332295     0.06667700
       51     0.00000003     0.97800410     0.02199588
       52     0.00000000     1.00000000     0.00000000
       53     0.00000002     0.98580940     0.01419058
       54     0.00000006     0.95830874     0.04169120
       55     0.00000003     0.93757285     0.06242712
       56     0.00000005     0.93370960     0.06629035
       57     0.00000004     0.94506490     0.05493506
       58     0.00000001     0.96223990     0.03776010
       59     0.00000001     0.97485639     0.02514360
       60     0.00000001     0.97743985     0.02256013
       61     0.00000005     0.97160941     0.02839054
       62     0.00000002     0.96376590     0.03623408
       63     0.00000004     0.96006850     0.03993146
       64     0.00000002     0.96226564     0.03773434
       65     0.00000000     0.96733172     0.03266828
       66     0.00000001     0.97078759     0.02921240
       67     0.00000007     0.97059098     0.02940895
       68     0.00000009     0.96828407     0.03171584
       69     0.00000005     0.96678709     0.03321285
       70     0.00000007     0.96738621     0.03261371
       71     0.00000008     0.96900912     0.03099080
       72     0.00000008     0.97005341     0.02994651
       73     0.00000016     0.97023039     0.02976944
       74     0.00000025     0.97033414     0.02966562
       75     0.00000019     0.97069821     0.02930160
       76     0.00000020     0.97077288     0.02922691
       77     0.00000032     0.97038873     0.02961094
       78     0.00000037     0.97052875     0.02947088
       79     0.00000039     0.97201470     0.02798491
       80     0.00000055     0.97386446     0.02613499
       81     0.00000060     0.97410288     0.02589652
       82     0.00000057     0.97252924     0.02747019
       83     0.00000075     0.97157914     0.02842011
       84     0.00000097     0.97348353     0.02651550
       85     0.00000095     0.97707371     0.02292534
       86     0.00000102     0.97879702     0.02120196
       87     0.00000127     0.97710946     0.02288927
       88     0.00000134     0.97476730     0.02523136
       89     0.00000136     0.97566684     0.02433180
       90     0.00000165     0.97996283     0.02003552
       91     0.00000185     0.98378933     0.01620883
       92     0.00000172     0.98375537     0.01624291
       93     0.00000176     0.98089655     0.01910169
       94     0.00000212     0.97951254     0.02048534
       95     0.00000229     0.98206693     0.01793078
       96     0.00000221     0.98659640     0.01340139
       97     0.00000227     0.98924723     0.01075050
       98     0.00000242     0.98834064     0.01165694
       99     0.00000236     0.98594374     0.01405390
      100     0.00000233     0.98540545     0.01459222
      101     0.00000258     0.98771043     0.01228700
      102     0.00000000     1.00000000     0.00000000
      103     0.00000512     0.99985471     0.00014017
      104     0.00001024     0.99959442     0.00039534
      105     0.00000540     0.99949628     0.00049833
      106     0.00000002     0.99963717     0.00036281
      107     0.00000436     0.99985930     0.00013635
      108     0.00001012     0.99996449     0.00002539
      109     0.00000675     0.99989868     0.00009457
      110     0.00000050     0.99976439     0.00023512
      111     0.00000233     0.99969885     0.00029882
      112     0.00000901     0.99974923     0.00024176
      113     0.00000909     0.99984940     0.00014150
      114     0.00000257     0.99990417     0.00009326
      115     0.00000027     0.99988158     0.00011815
      116     0.00000573     0.99983009     0.00016418
      117     0.00001039     0.99980825     0.00018135
      118     0.00000714     0.99982293     0.00016993
      119     0.00000098     0.99983977     0.00015924
      120     0.00000121     0.99984015     0.00015863
