#     Density Matrix: population Re; see the manual for detail orders
        0     0.00000000     0.00000000     1.00000000
        1     0.00000000     0.00000036     0.99999964
        2     0.00000001     0.00000416     0.99999583
        3     0.00000002     0.00001404     0.99998593
        4     0.00000007     0.00002875     0.99997118
        5     0.00000010     0.00004498     0.99995492
        6     0.00000019     0.00006560     0.99993420
        7     0.00000024     0.00010987     0.99988988
        8     0.00000037     0.00022341     0.99977622
        9     0.00000043     0.00050018     0.99949939
       10     0.00000056     0.00116608     0.99883336
       11     0.00000062     0.00291882     0.99708056
       12     0.00000070     0.00853926     0.99146004
       13     0.00000074     0.03318914     0.96681012
       14     0.00000067     0.18917944     0.81081990
       15     0.00000036     0.63215443     0.36784522
       16     0.00000033     0.58610798     0.41389169
       17     0.00000161     0.35373410     0.64626428
       18     0.00000090     0.27416691     0.72583219
       19     0.00000142     0.23596234     0.76403624
       20     0.00000128     0.21191971     0.78807901
       21     0.00000063     0.19201328     0.80798609
       22     0.00000114     0.17194553     0.82805332
       23     0.00000073     0.15022072     0.84977855
       24     0.00000035     0.12698522     0.87301443
       25     0.00000075     0.10343853     0.89656072
       26     0.00000039     0.08098605     0.91901356
       27     0.00000019     0.06099285     0.93900696
       28     0.00000052     0.04423470     0.95576478
       29     0.00000026     0.03091621     0.96908354
       30     0.00000010     0.02085242     0.97914748
       31     0.00000032     0.01367226     0.98632742
       32     0.00000000     1.00000000     0.00000000
       33     0.00000015     0.99983788     0.00016197
       34     0.00000025     0.99929739     0.00070236
       35     0.00000008     0.99825239     0.00174753
       36     0.00000002     0.99655331     0.00344667
       37     0.00000014     0.99405210     0.00594776
       38     0.00000015     0.99059017     0.00940968
       39     0.00000004     0.98602334     0.01397661
       40     0.00000006     0.98024412     0.01975582
       41     0.00000013     0.97321014     0.02678973
       42     0.00000008     0.96497314     0.03502677
       43     0.00000005     0.95555418     0.04444577
       44     0.00000012     0.94511990     0.05487998
       45     0.00000010     0.93387413     0.06612577
       46     0.00000005     0.92153553     0.07846441
       47     0.00000018     0.90777965     0.09222017
       48     0.00000032     0.89332571     0.10667397
       49     0.00000015     0.88178119     0.11821866
       50     0.00000007     0.87899848     0.12100146
       51     0.00000029     0.88881133     0.11118838
       52     0.00000026     0.90953860     0.09046113
       53     0.00000007     0.93538745     0.06461248
       54     0.00000013     0.96030970     0.03969017
       55     0.00000017     0.98022758     0.01977225
       56     0.00000000     1.00000000     0.00000000
       57     0.00000000     0.99718100     0.00281899
       58     0.00000002     0.99162050     0.00837948
       59     0.00000003     0.98702235     0.01297762
       60     0.00000000     0.98548565     0.01451434
       61     0.00000002     0.98716017     0.01283981
       62     0.00000000     1.00000000     0.00000000
       63     0.00000001     0.99965850     0.00034149
       64     0.00000001     0.99900142     0.00099857
       65     0.00000000     0.99854647     0.00145352
       66     0.00000001     0.99855666     0.00144333
       67     0.00000001     0.99894374     0.00105625
       68     0.00000001     0.99939663     0.00060336
       69     0.00000002     0.99962842     0.00037156
       70     0.00000004     0.99956975     0.00043021
       71     0.00000005     0.99937115     0.00062880
       72     0.00000004     0.99922955     0.00077040
       73     0.00000005     0.99922437     0.00077558
       74     0.00000008     0.99929050     0.00070943
       75     0.00000008     0.99933203     0.00066789
       76     0.00000011     0.99933478     0.00066511
       77     0.00000015     0.99936627     0.00063358
       78     0.00000017     0.99944653     0.00055330
       79     0.00000021     0.99949005     0.00050974
       80     0.00000028     0.99939043     0.00060928
       81     0.00000031     0.99919156     0.00080813
       82     0.00000034     0.99907830     0.00092136
       83     0.00000043     0.99920818     0.00079139
       84     0.00000050     0.99950617     0.00049333
       85     0.00000051     0.99967807     0.00032142
       86     0.00000058     0.99949383     0.00050559
       87     0.00000069     0.99906235     0.00093697
       88     0.00000072     0.99876701     0.00123228
       89     0.00000074     0.99892753     0.00107173
       90     0.00000090     0.99943681     0.00056229
       91     0.00000098     0.99982234     0.00017668
       92     0.00000092     0.99966196     0.00033712
       93     0.00000098     0.99901303     0.00098599
       94     0.00000115     0.99841178     0.00158707
       95     0.00000120     0.99840056     0.00159824
       96     0.00000115     0.99901324     0.00098561
       97     0.00000123     0.99972794     0.00027083
       98     0.00000136     0.99991252     0.00008612
       99     0.00000133     0.99937712     0.00062155
      100     0.00000125     0.99853726     0.00146149
      101     0.00000131     0.99806580     0.00193289
      102     0.00000142     0.99833290     0.00166568
      103     0.00000139     0.99911205     0.00088656
      104     0.00000133     0.99979205     0.00020661
      105     0.00000132     0.99988178     0.00011690
      106     0.00000140     0.99937050     0.00062810
      107     0.00000136     0.99869322     0.00130542
      108     0.00000134     0.99837859     0.00162007
      109     0.00000130     0.99862113     0.00137757
      110     0.00000139     0.99919501     0.00080360
      111     0.00000134     0.99966586     0.00033280
      112     0.00000114     0.99973973     0.00025912
      113     0.00000112     0.99945844     0.00054043
      114     0.00000127     0.99910574     0.00089299
      115     0.00000135     0.99895384     0.00104481
      116     0.00000128     0.99906547     0.00093325
      117     0.00000142     0.99929143     0.00070715
      118     0.00000158     0.99944743     0.00055099
      119     0.00000134     0.99945468     0.00054398
      120     0.00000107     0.99937487     0.00062405
