#     Density Matrix: population Re; see the manual for detail orders
        0     0.00000000     0.00000000     1.00000000
        1     0.00000004     0.00004595     0.99995401
        2     0.00000007     0.00045802     0.99954191
        3     0.00000012     0.00138072     0.99861916
        4     0.00000019     0.00273877     0.99726104
        5     0.00000022     0.00447321     0.99552657
        6     0.00000036     0.00728964     0.99271000
        7     0.00000032     0.01477574     0.98522394
        8     0.00000053     0.04019161     0.95980786
        9     0.00000035     0.12514729     0.87485236
       10     0.00000046     0.32097182     0.67902772
       11     0.00000016     0.47739681     0.52260303
       12     0.00000052     0.42608273     0.57391675
       13     0.00000050     0.30530165     0.69469785
       14     0.00000072     0.21028783     0.78971146
       15     0.00000072     0.15031907     0.84968021
       16     0.00000058     0.11730676     0.88269265
       17     0.00000099     0.10267351     0.89732550
       18     0.00000034     0.09988960     0.90011006
       19     0.00000053     0.10452512     0.89547435
       20     0.00000097     0.11375758     0.88624145
       21     0.00000006     0.12592972     0.87407022
       22     0.00000078     0.14014321     0.85985601
       23     0.00000091     0.15597639     0.84402270
       24     0.00000002     0.17322820     0.82677178
       25     0.00000080     0.19176285     0.80823634
       26     0.00000082     0.21141860     0.78858058
       27     0.00000000     0.23183081     0.76816918
       28     0.00000072     0.25223411     0.74776517
       29     0.00000085     0.27127917     0.72871998
       30     0.00000002     0.28668169     0.71331828
       31     0.00000057     0.29427667     0.70572276
       32     0.00000098     0.28867293     0.71132609
       33     0.00000014     0.27622973     0.72377013
       34     0.00000032     0.25849659     0.74150309
       35     0.00000112     0.23670189     0.76329699
       36     0.00000049     0.21418745     0.78581206
       37     0.00000005     0.26954333     0.73045662
       38     0.00000103     0.48365607     0.51634289
       39     0.00000124     0.63586322     0.36413554
       40     0.00000018     0.68203647     0.31796336
       41     0.00000036     0.70014562     0.29985402
       42     0.00000131     0.70929236     0.29070633
       43     0.00000073     0.71538080     0.28461847
       44     0.00000003     0.72165197     0.27834800
       45     0.00000095     0.73100081     0.26899824
       46     0.00000140     0.74312084     0.25687776
       47     0.00000033     0.75795187     0.24204779
       48     0.00000023     0.77501667     0.22498310
       49     0.00000133     0.79352290     0.20647577
       50     0.00000109     0.81253350     0.18746541
       51     0.00000009     0.83116369     0.16883622
       52     0.00000061     0.84871583     0.15128357
       53     0.00000136     0.86475513     0.13524351
       54     0.00000060     0.87909635     0.12090305
       55     0.00000003     0.89173008     0.10826989
       56     0.00000079     0.90276160     0.09723761
       57     0.00000110     0.91236224     0.08763666
       58     0.00000030     0.92071381     0.07928589
       59     0.00000007     0.92797972     0.07202021
       60     0.00000073     0.93430297     0.06569629
       61     0.00000081     0.93980644     0.06019274
       62     0.00000020     0.94459259     0.05540721
       63     0.00000006     0.94874470     0.05125524
       64     0.00000056     0.95235121     0.04764823
       65     0.00000077     0.95551269     0.04448654
       66     0.00000036     0.95832362     0.04167602
       67     0.00000001     0.96088125     0.03911874
       68     0.00000042     0.96327522     0.03672437
       69     0.00000117     0.96557219     0.03442665
       70     0.00000095     0.96781183     0.03218722
       71     0.00000012     0.96999290     0.03000698
       72     0.00000053     0.97207983     0.02791964
       73     0.00000184     0.97401575     0.02598241
       74     0.00000179     0.97573771     0.02426050
       75     0.00000052     0.97719141     0.02280806
       76     0.00000080     0.97834971     0.02164949
       77     0.00000251     0.97923092     0.02076657
       78     0.00000263     0.97990616     0.02009120
       79     0.00000103     0.98048735     0.01951162
       80     0.00000078     0.98111223     0.01888698
       81     0.00000239     0.98192233     0.01807528
       82     0.00000301     0.98303404     0.01696295
       83     0.00000159     0.98450895     0.01548946
       84     0.00000047     0.98633589     0.01366364
       85     0.00000149     0.98843143     0.01156708
       86     0.00000000     1.00000000     0.00000000
       87     0.00000378     0.99989975     0.00009647
       88     0.00000928     0.99959483     0.00039590
       89     0.00000759     0.99910800     0.00088441
       90     0.00000142     0.99849261     0.00150597
       91     0.00000111     0.99783214     0.00216674
       92     0.00000791     0.99724214     0.00274996
       93     0.00001147     0.99685185     0.00313668
       94     0.00000640     0.99676077     0.00323283
       95     0.00000052     0.99700231     0.00299717
       96     0.00000286     0.99753565     0.00246149
       97     0.00001091     0.99825771     0.00173138
       98     0.00001412     0.99901703     0.00096885
       99     0.00000802     0.99963595     0.00035603
      100     0.00000112     0.99995286     0.00004602
      101     0.00000389     0.99988148     0.00011462
      102     0.00001422     0.99945724     0.00052855
      103     0.00001915     0.99883492     0.00114593
      104     0.00001242     0.99823678     0.00175081
      105     0.00000348     0.99787737     0.00211915
      106     0.00000406     0.99789229     0.00210365
      107     0.00001484     0.99828862     0.00169654
      108     0.00002405     0.99892580     0.00105015
      109     0.00002188     0.99954662     0.00043150
      110     0.00001100     0.99986609     0.00012291
      111     0.00000459     0.99970594     0.00028947
      112     0.00001269     0.99911742     0.00086989
      113     0.00002908     0.99839937     0.00157155
      114     0.00003798     0.99795895     0.00200307
      115     0.00003184     0.99807869     0.00188947
      116     0.00001811     0.99871713     0.00126476
      117     0.00001146     0.99948154     0.00050700
      118     0.00002140     0.99985486     0.00012374
      119     0.00004385     0.99955487     0.00040128
      120     0.00006337     0.99877904     0.00115759
