#     Density Matrix: population Re; see the manual for detail orders
        0     0.00000000     0.00000000     1.00000000
        1     0.00000000     0.00000248     0.99999752
        2     0.00000002     0.00001690     0.99998308
        3     0.00000005     0.00002918     0.99997077
        4     0.00000009     0.00002957     0.99997034
        5     0.00000015     0.00001885     0.99998100
        6     0.00000021     0.00000507     0.99999472
        7     0.00000029     0.00000072     0.99999899
        8     0.00000035     0.00002155     0.99997809
        9     0.00000043     0.00008821     0.99991137
       10     0.00000048     0.00024490     0.99975462
       11     0.00000052     0.00070170     0.99929777
       12     0.00000056     0.00355562     0.99644382
       13     0.00000050     0.26504347     0.73495603
       14     0.00000018     0.25459852     0.74540130
       15     0.00000281     0.27962317     0.72037402
       16     0.00000061     0.26257065     0.73742874
       17     0.00000169     0.25256859     0.74742972
       18     0.00000218     0.24694063     0.75305719
       19     0.00000031     0.24407902     0.75592067
       20     0.00000244     0.24295556     0.75704200
       21     0.00000099     0.24290164     0.75709738
       22     0.00000097     0.24347362     0.75652541
       23     0.00000235     0.24436526     0.75563239
       24     0.00000049     0.24535681     0.75464271
       25     0.00000151     0.24628762     0.75371087
       26     0.00000204     0.24704421     0.75295375
       27     0.00000038     0.24755583     0.75244379
       28     0.00000175     0.24779206     0.75220619
       29     0.00000189     0.24775970     0.75223842
       30     0.00000038     0.24749912     0.75250050
       31     0.00000173     0.24708007     0.75291820
       32     0.00000194     0.24659690     0.75340115
       33     0.00000042     0.24616531     0.75383427
       34     0.00000148     0.24592533     0.75407319
       35     0.00000211     0.24604961     0.75394828
       36     0.00000060     0.24676221     0.75323719
       37     0.00000104     0.24838354     0.75161542
       38     0.00000217     0.25142553     0.74857230
       39     0.00000104     0.25681782     0.74318114
       40     0.00000060     0.26652869     0.73347071
       41     0.00000186     0.28563904     0.71435910
       42     0.00000163     0.33173372     0.66826465
       43     0.00000058     0.48492872     0.51507071
       44     0.00000124     0.75530240     0.24469636
       45     0.00000201     0.85248673     0.14751125
       46     0.00000117     0.84664435     0.15335448
       47     0.00000073     0.83878158     0.16121769
       48     0.00000159     0.83433614     0.16566227
       49     0.00000170     0.83195382     0.16804448
       50     0.00000091     0.83072959     0.16926950
       51     0.00000098     0.83017558     0.16982344
       52     0.00000163     0.83002540     0.16997297
       53     0.00000145     0.83012909     0.16986946
       54     0.00000090     0.83039795     0.16960115
       55     0.00000112     0.83077880     0.16922008
       56     0.00000159     0.83124092     0.16875749
       57     0.00000130     0.83176548     0.16823322
       58     0.00000090     0.83234012     0.16765898
       59     0.00000128     0.83295706     0.16704166
       60     0.00000158     0.83361128     0.16638714
       61     0.00000110     0.83429763     0.16570127
       62     0.00000095     0.83501021     0.16498885
       63     0.00000151     0.83574042     0.16425806
       64     0.00000149     0.83647673     0.16352177
       65     0.00000087     0.83720421     0.16279491
       66     0.00000110     0.83790261     0.16209629
       67     0.00000174     0.83854814     0.16145011
       68     0.00000134     0.83911453     0.16088413
       69     0.00000075     0.83957351     0.16042574
       70     0.00000129     0.83989668     0.16010203
       71     0.00000181     0.84005994     0.15993825
       72     0.00000122     0.84004677     0.15995201
       73     0.00000076     0.83984855     0.16015069
       74     0.00000132     0.83946686     0.16053182
       75     0.00000169     0.83891755     0.16108075
       76     0.00000126     0.83821747     0.16178126
       77     0.00000094     0.83741307     0.16258599
       78     0.00000115     0.83657390     0.16342495
       79     0.00000151     0.83574642     0.16425207
       80     0.00000162     0.83498084     0.16501753
       81     0.00000126     0.83427513     0.16572361
       82     0.00000079     0.83369431     0.16630491
       83     0.00000131     0.83330597     0.16669271
       84     0.00000233     0.83308809     0.16690958
       85     0.00000176     0.83300604     0.16699219
       86     0.00000040     0.83299663     0.16700297
       87     0.00000139     0.83297581     0.16702280
       88     0.00000339     0.83284876     0.16714785
       89     0.00000231     0.83252222     0.16747546
       90     0.00000014     0.83192177     0.16807809
       91     0.00000176     0.83097939     0.16901884
       92     0.00000442     0.82968381     0.17031177
       93     0.00000261     0.82806507     0.17193231
       94     0.00000002     0.82626570     0.17373428
       95     0.00000226     0.82450301     0.17549473
       96     0.00000471     0.82301685     0.17697844
       97     0.00000224     0.82209528     0.17790248
       98     0.00000007     0.82203986     0.17796007
       99     0.00000206     0.82308621     0.17691173
      100     0.00000307     0.82534416     0.17465277
      101     0.00000144     0.82872864     0.17126992
      102     0.00000111     0.83295112     0.16704778
      103     0.00000110     0.83754218     0.16245672
      104     0.00000038     0.84184486     0.15815475
      105     0.00000327     0.84507101     0.15492571
      106     0.00000666     0.84646658     0.15352676
      107     0.00000339     0.84550362     0.15449300
      108     0.00000150     0.84203419     0.15796431
      109     0.00000964     0.83642926     0.16356110
      110     0.00001474     0.82962487     0.17036039
      111     0.00000734     0.82301274     0.17697992
      112     0.00000220     0.81817940     0.18181840
      113     0.00000692     0.81652630     0.18346678
      114     0.00000893     0.81883275     0.18115832
      115     0.00000474     0.82487770     0.17511757
      116     0.00000182     0.83328172     0.16671645
      117     0.00000038     0.84171292     0.15828670
      118     0.00000273     0.84750198     0.15249529
      119     0.00001341     0.84853453     0.15145206
      120     0.00002032     0.84412410     0.15585558
