#     Density Matrix: population Re; see the manual for detail orders
        0     0.00000000     0.00000000     1.00000000
        1     0.00000005     0.00000015     0.99999980
        2     0.00000003     0.00000055     0.99999942
        3     0.00000002     0.00000080     0.99999918
        4     0.00000003     0.00000610     0.99999387
        5     0.00000001     0.00002427     0.99997572
        6     0.00000010     0.00005767     0.99994223
        7     0.00000004     0.00010278     0.99989718
        8     0.00000025     0.00016552     0.99983423
        9     0.00000014     0.00028839     0.99971147
       10     0.00000045     0.00058527     0.99941428
       11     0.00000031     0.00130709     0.99869260
       12     0.00000065     0.00304568     0.99695366
       13     0.00000054     0.00747119     0.99252827
       14     0.00000075     0.02028485     0.97971440
       15     0.00000076     0.06412032     0.93587892
       16     0.00000054     0.21628906     0.78371040
       17     0.00000096     0.54194018     0.45805886
       18     0.00000013     0.57341256     0.42658731
       19     0.00000100     0.46649376     0.53350524
       20     0.00000004     0.40870098     0.59129898
       21     0.00000088     0.36477478     0.63522434
       22     0.00000075     0.33755871     0.66244054
       23     0.00000012     0.32594173     0.67405816
       24     0.00000126     0.32769956     0.67229918
       25     0.00000036     0.34060703     0.65939261
       26     0.00000039     0.36282850     0.63717111
       27     0.00000116     0.39305471     0.60694413
       28     0.00000012     0.43050084     0.56949904
       29     0.00000049     0.47481448     0.52518503
       30     0.00000083     0.52589196     0.47410721
       31     0.00000002     0.58341050     0.41658947
       32     0.00000047     0.64642772     0.35357181
       33     0.00000054     0.71265157     0.28734789
       34     0.00000003     0.77811946     0.22188051
       35     0.00000038     0.83799640     0.16200321
       36     0.00000041     0.88795927     0.11204032
       37     0.00000007     0.92597971     0.07402022
       38     0.00000029     0.95259647     0.04740325
       39     0.00000037     0.96934144     0.03065819
       40     0.00000014     0.97801860     0.02198126
       41     0.00000017     0.98117998     0.01881985
       42     0.00000032     0.97722778     0.02277190
       43     0.00000028     0.95276273     0.04723699
       44     0.00000015     0.84442485     0.15557500
       45     0.00000022     0.54560660     0.45439318
       46     0.00000057     0.23718786     0.76281157
       47     0.00000069     0.10092621     0.89907310
       48     0.00000012     0.05000105     0.94999883
       49     0.00000019     0.02825054     0.97174927
       50     0.00000076     0.02161473     0.97838451
       51     0.00000047     0.03237191     0.96762762
       52     0.00000004     0.07544043     0.92455953
       53     0.00000032     0.16582235     0.83417734
       54     0.00000043     0.27004850     0.72995107
       55     0.00000031     0.32266615     0.67733354
       56     0.00000033     0.31379119     0.68620848
       57     0.00000019     0.27581135     0.72418845
       58     0.00000021     0.23455678     0.76544301
       59     0.00000051     0.19957859     0.80042090
       60     0.00000038     0.17210355     0.82789607
       61     0.00000009     0.15087232     0.84912759
       62     0.00000037     0.13432193     0.86567770
       63     0.00000058     0.12115239     0.87884703
       64     0.00000021     0.11038713     0.88961266
       65     0.00000015     0.10131358     0.89868627
       66     0.00000055     0.09342478     0.90657466
       67     0.00000045     0.08637340     0.91362616
       68     0.00000009     0.07992254     0.92007738
       69     0.00000034     0.07391484     0.92608482
       70     0.00000058     0.06825017     0.93174925
       71     0.00000023     0.06286259     0.93713718
       72     0.00000014     0.05771659     0.94228327
       73     0.00000052     0.05278966     0.94720982
       74     0.00000044     0.04806675     0.95193281
       75     0.00000010     0.04354592     0.95645398
       76     0.00000034     0.03924044     0.96075921
       77     0.00000056     0.03519144     0.96480801
       78     0.00000023     0.03147298     0.96852679
       79     0.00000016     0.02819679     0.97180305
       80     0.00000049     0.02551373     0.97448578
       81     0.00000041     0.02359708     0.97640251
       82     0.00000013     0.02260600     0.97739387
       83     0.00000032     0.02263249     0.97736720
       84     0.00000051     0.02364230     0.97635720
       85     0.00000025     0.02544285     0.97455690
       86     0.00000016     0.02769843     0.97230141
       87     0.00000041     0.02999188     0.97000771
       88     0.00000040     0.03193143     0.96806816
       89     0.00000020     0.03323614     0.96676367
       90     0.00000024     0.03377487     0.96622488
       91     0.00000038     0.03355576     0.96644387
       92     0.00000032     0.03268387     0.96731581
       93     0.00000024     0.03131228     0.96868748
       94     0.00000026     0.02960353     0.97039621
       95     0.00000029     0.02770539     0.97229432
       96     0.00000033     0.02573966     0.97426001
       97     0.00000032     0.02379981     0.97619987
       98     0.00000022     0.02195394     0.97804584
       99     0.00000025     0.02025104     0.97974872
      100     0.00000043     0.01871250     0.98128707
      101     0.00000038     0.01734627     0.98265335
      102     0.00000016     0.01615282     0.98384701
      103     0.00000027     0.01511829     0.98488143
      104     0.00000054     0.01422086     0.98577860
      105     0.00000039     0.01343304     0.98656658
      106     0.00000011     0.01272494     0.98727495
      107     0.00000033     0.01206760     0.98793206
      108     0.00000063     0.01143683     0.98856254
      109     0.00000037     0.01081781     0.98918182
      110     0.00000008     0.01020941     0.98979051
      111     0.00000000     0.00000000     1.00000000
      112     0.00000017     0.00014026     0.99985957
      113     0.00000033     0.00068546     0.99931421
      114     0.00000016     0.00188018     0.99811967
      115     0.00000000     0.00406414     0.99593586
      116     0.00000019     0.00769131     0.99230850
      117     0.00000035     0.01332470     0.98667494
      118     0.00000015     0.02159990     0.97839994
      119     0.00000000     0.03310721     0.96689279
      120     0.00000022     0.04810279     0.95189699
