#     Density Matrix: population Re; see the manual for detail orders
        0     0.00000000     0.00000000     1.00000000
        1     0.00000003     0.00000290     0.99999707
        2     0.00000002     0.00001788     0.99998211
        3     0.00000000     0.00002558     0.99997442
        4     0.00000007     0.00002328     0.99997665
        5     0.00000003     0.00002599     0.99997398
        6     0.00000023     0.00003975     0.99996002
        7     0.00000014     0.00004963     0.99995023
        8     0.00000048     0.00004226     0.99995726
        9     0.00000034     0.00004237     0.99995728
       10     0.00000076     0.00013481     0.99986442
       11     0.00000055     0.00048143     0.99951802
       12     0.00000101     0.00142696     0.99857203
       13     0.00000070     0.00410981     0.99588949
       14     0.00000109     0.01442650     0.98557241
       15     0.00000072     0.08462283     0.91537645
       16     0.00000062     0.55945715     0.44054223
       17     0.00000003     0.64541346     0.35458652
       18     0.00000104     0.32252099     0.67747797
       19     0.00000011     0.25231605     0.74768384
       20     0.00000081     0.21648181     0.78351738
       21     0.00000069     0.19971719     0.80028212
       22     0.00000015     0.19383176     0.80616809
       23     0.00000105     0.19394713     0.80605182
       24     0.00000028     0.19703310     0.80296662
       25     0.00000034     0.20128358     0.79871608
       26     0.00000100     0.20564185     0.79435716
       27     0.00000011     0.20951447     0.79048542
       28     0.00000049     0.21266014     0.78733937
       29     0.00000072     0.21494363     0.78505565
       30     0.00000003     0.21643924     0.78356073
       31     0.00000044     0.21729090     0.78270867
       32     0.00000068     0.21766927     0.78233004
       33     0.00000008     0.21766326     0.78233666
       34     0.00000031     0.21737542     0.78262428
       35     0.00000063     0.21699379     0.78300558
       36     0.00000011     0.21662413     0.78337576
       37     0.00000016     0.21637982     0.78362002
       38     0.00000051     0.21648918     0.78351031
       39     0.00000020     0.21745537     0.78254442
       40     0.00000006     0.22116907     0.77883087
       41     0.00000045     0.24424043     0.75575912
       42     0.00000026     0.48492076     0.51507898
       43     0.00000005     0.74619632     0.25380364
       44     0.00000041     0.77888488     0.22111471
       45     0.00000046     0.78559153     0.21440801
       46     0.00000007     0.78869504     0.21130488
       47     0.00000015     0.79062252     0.20937733
       48     0.00000050     0.79200240     0.20799710
       49     0.00000033     0.79306644     0.20693324
       50     0.00000003     0.79391704     0.20608293
       51     0.00000029     0.79460418     0.20539553
       52     0.00000054     0.79507311     0.20492635
       53     0.00000021     0.79541358     0.20458621
       54     0.00000004     0.79573277     0.20426720
       55     0.00000042     0.79595997     0.20403961
       56     0.00000052     0.79601450     0.20398498
       57     0.00000012     0.79591135     0.20408853
       58     0.00000011     0.79588773     0.20411216
       59     0.00000051     0.79597730     0.20402219
       60     0.00000045     0.79609785     0.20390171
       61     0.00000006     0.79626507     0.20373487
       62     0.00000018     0.79647995     0.20351987
       63     0.00000053     0.79672538     0.20327409
       64     0.00000037     0.79696473     0.20303490
       65     0.00000003     0.79714271     0.20285726
       66     0.00000018     0.79719034     0.20280948
       67     0.00000047     0.79703510     0.20296443
       68     0.00000029     0.79668904     0.20331068
       69     0.00000001     0.79619211     0.20380788
       70     0.00000014     0.79529834     0.20470152
       71     0.00000032     0.79415335     0.20584633
       72     0.00000022     0.79277965     0.20722013
       73     0.00000007     0.79104116     0.20895877
       74     0.00000003     0.78961747     0.21038249
       75     0.00000036     0.78860943     0.21139022
       76     0.00000071     0.78755826     0.21244104
       77     0.00000052     0.78660827     0.21339121
       78     0.00000007     0.78604088     0.21395904
       79     0.00000064     0.78588746     0.21411190
       80     0.00000230     0.78588861     0.21410909
       81     0.00000279     0.78580262     0.21419459
       82     0.00000115     0.78531040     0.21468844
       83     0.00000118     0.78443129     0.21556753
       84     0.00000441     0.78309821     0.21689738
       85     0.00000607     0.78105708     0.21893685
       86     0.00000358     0.77837136     0.22162506
       87     0.00000167     0.77526579     0.22473253
       88     0.00000405     0.77212975     0.22786620
       89     0.00000672     0.76948808     0.23050520
       90     0.00000510     0.76792962     0.23206528
       91     0.00000172     0.76800570     0.23199259
       92     0.00000113     0.77011303     0.22988584
       93     0.00000283     0.77438337     0.22561380
       94     0.00000378     0.78059648     0.21939974
       95     0.00000318     0.78813310     0.21186373
       96     0.00000179     0.79600459     0.20399362
       97     0.00000101     0.80297126     0.19702774
       98     0.00000327     0.80775109     0.19224564
       99     0.00000839     0.80927744     0.19071417
      100     0.00001119     0.80696399     0.19302483
      101     0.00000874     0.80091428     0.19907699
      102     0.00000653     0.79201351     0.20797996
      103     0.00001003     0.78185312     0.21813684
      104     0.00001476     0.77246801     0.22751723
      105     0.00001328     0.76590914     0.23407757
      106     0.00000710     0.76374068     0.23625222
      107     0.00000310     0.76658761     0.23340929
      108     0.00000316     0.77387487     0.22612197
      109     0.00000502     0.78385417     0.21614081
      110     0.00000783     0.79395869     0.20603349
      111     0.00001035     0.80144131     0.19854835
      112     0.00001017     0.80415333     0.19583650
      113     0.00000957     0.80124821     0.19874221
      114     0.00001406     0.79357485     0.20641108
      115     0.00002154     0.78357243     0.21640603
      116     0.00002281     0.77460215     0.22537504
      117     0.00001559     0.76985673     0.23012768
      118     0.00000754     0.77117319     0.22881926
      119     0.00000429     0.77818007     0.22181564
      120     0.00000547     0.78819432     0.21180021
