#     Density Matrix: population Re; see the manual for detail orders
        0     0.00000000     0.00000000     1.00000000
        1     0.00000002     0.00000012     0.99999986
        2     0.00000003     0.00000066     0.99999931
        3     0.00000011     0.00000077     0.99999912
        4     0.00000013     0.00000358     0.99999628
        5     0.00000027     0.00001710     0.99998263
        6     0.00000029     0.00004830     0.99995141
        7     0.00000047     0.00010422     0.99989531
        8     0.00000047     0.00021565     0.99978388
        9     0.00000063     0.00051318     0.99948619
       10     0.00000062     0.00150716     0.99849222
       11     0.00000069     0.00558343     0.99441588
       12     0.00000069     0.03049398     0.96950534
       13     0.00000049     0.32596087     0.67403864
       14     0.00000010     0.77009260     0.22990731
       15     0.00000168     0.34934351     0.65065482
       16     0.00000221     0.26575861     0.73423918
       17     0.00000025     0.24283227     0.75716748
       18     0.00000255     0.23037356     0.76962389
       19     0.00000113     0.22512711     0.77487176
       20     0.00000085     0.22446266     0.77553649
       21     0.00000245     0.22642275     0.77357480
       22     0.00000049     0.22969699     0.77030252
       23     0.00000143     0.23352471     0.76647386
       24     0.00000217     0.23757488     0.76242295
       25     0.00000033     0.24181407     0.75818560
       26     0.00000173     0.24640198     0.75359629
       27     0.00000199     0.25154865     0.74844937
       28     0.00000033     0.25750999     0.74248968
       29     0.00000167     0.26448068     0.73551765
       30     0.00000198     0.27258859     0.72740943
       31     0.00000041     0.28177185     0.71822774
       32     0.00000137     0.29172604     0.70827259
       33     0.00000205     0.30163554     0.69836241
       34     0.00000064     0.31054699     0.68945237
       35     0.00000094     0.31130748     0.68869158
       36     0.00000204     0.30271702     0.69728095
       37     0.00000107     0.28421869     0.71578024
       38     0.00000056     0.25603734     0.74396210
       39     0.00000180     0.21963028     0.78036792
       40     0.00000165     0.18745309     0.81254526
       41     0.00000046     0.24428939     0.75571015
       42     0.00000124     0.45723073     0.54276802
       43     0.00000206     0.59035994     0.40963799
       44     0.00000097     0.64059981     0.35939922
       45     0.00000071     0.66232016     0.33767912
       46     0.00000191     0.67362125     0.32637684
       47     0.00000164     0.68076885     0.31922951
       48     0.00000055     0.68658750     0.31341195
       49     0.00000127     0.69282289     0.30717583
       50     0.00000213     0.70098094     0.29901693
       51     0.00000108     0.71290264     0.28709628
       52     0.00000057     0.73030895     0.26969048
       53     0.00000189     0.75016690     0.24983121
       54     0.00000202     0.77147673     0.22852125
       55     0.00000060     0.79334013     0.20665926
       56     0.00000090     0.81499498     0.18500412
       57     0.00000239     0.83583055     0.16416707
       58     0.00000174     0.85538467     0.14461359
       59     0.00000034     0.87333196     0.12666771
       60     0.00000136     0.88947466     0.11052398
       61     0.00000271     0.90373058     0.09626671
       62     0.00000147     0.91610921     0.08388932
       63     0.00000025     0.92668411     0.07331565
       64     0.00000173     0.93557528     0.06442299
       65     0.00000292     0.94293801     0.05705907
       66     0.00000136     0.94894647     0.05105217
       67     0.00000021     0.95378087     0.04621892
       68     0.00000185     0.95762687     0.04237129
       69     0.00000310     0.96067783     0.03931907
       70     0.00000153     0.96312412     0.03687434
       71     0.00000015     0.96514063     0.03485923
       72     0.00000164     0.96688461     0.03311375
       73     0.00000335     0.96849444     0.03150221
       74     0.00000214     0.97007793     0.02991993
       75     0.00000017     0.97170056     0.02829927
       76     0.00000113     0.97338856     0.02661031
       77     0.00000364     0.97513951     0.02485685
       78     0.00000337     0.97692562     0.02307100
       79     0.00000068     0.97869258     0.02130674
       80     0.00000045     0.98036953     0.01963002
       81     0.00000371     0.98188802     0.01810827
       82     0.00000527     0.98319132     0.01680342
       83     0.00000239     0.98423220     0.01576541
       84     0.00000011     0.98497492     0.01502496
       85     0.00000307     0.98540896     0.01458797
       86     0.00000712     0.98555894     0.01443394
       87     0.00000575     0.98547867     0.01451558
       88     0.00000129     0.98523954     0.01475916
       89     0.00000166     0.98492834     0.01507001
       90     0.00000713     0.98464915     0.01534372
       91     0.00000948     0.98451177     0.01547875
       92     0.00000517     0.98460725     0.01538759
       93     0.00000116     0.98499168     0.01500716
       94     0.00000402     0.98568892     0.01430707
       95     0.00000982     0.98669866     0.01329153
       96     0.00001028     0.98799550     0.01199422
       97     0.00000495     0.98952228     0.01047278
       98     0.00000000     1.00000000     0.00000000
       99     0.00000832     0.99991341     0.00007827
      100     0.00002228     0.99966417     0.00031355
      101     0.00002300     0.99928661     0.00069039
      102     0.00000948     0.99882108     0.00116944
      103     0.00000012     0.99831186     0.00168802
      104     0.00000768     0.99782513     0.00216719
      105     0.00002237     0.99745470     0.00252293
      106     0.00002536     0.99729449     0.00268015
      107     0.00001319     0.99739697     0.00258985
      108     0.00000113     0.99775164     0.00224722
      109     0.00000360     0.99829236     0.00170404
      110     0.00001738     0.99891611     0.00106652
      111     0.00002642     0.99949574     0.00047784
      112     0.00002043     0.99989091     0.00008866
      113     0.00000627     0.99997823     0.00001550
      114     0.00000033     0.99970170     0.00029797
      115     0.00000992     0.99911779     0.00087229
      116     0.00002461     0.99839961     0.00157577
      117     0.00002810     0.99778615     0.00218574
      118     0.00001682     0.99749533     0.00248785
      119     0.00000324     0.99763937     0.00235740
      120     0.00000165     0.99817724     0.00182110
