#     Density Matrix: population Re; see the manual for detail orders
        0     0.00000000     0.00000000     1.00000000
        1     0.00000000     0.00001046     0.99998953
        2     0.00000001     0.00008825     0.99991173
        3     0.00000004     0.00021291     0.99978705
        4     0.00000008     0.00032898     0.99967094
        5     0.00000012     0.00038751     0.99961236
        6     0.00000018     0.00040393     0.99959589
        7     0.00000024     0.00056415     0.99943561
        8     0.00000029     0.00149279     0.99850691
        9     0.00000035     0.00531821     0.99468144
       10     0.00000038     0.02203606     0.97796356
       11     0.00000037     0.12814800     0.87185163
       12     0.00000016     0.60002286     0.39997697
       13     0.00000038     0.57967333     0.42032629
       14     0.00000116     0.28384931     0.71614953
       15     0.00000003     0.22497109     0.77502888
       16     0.00000125     0.19350174     0.80649701
       17     0.00000043     0.17885963     0.82113994
       18     0.00000035     0.17416270     0.82583696
       19     0.00000097     0.17492016     0.82507887
       20     0.00000002     0.17827481     0.82172517
       21     0.00000065     0.18248767     0.81751168
       22     0.00000050     0.18656562     0.81343389
       23     0.00000006     0.19000294     0.80999700
       24     0.00000075     0.19266955     0.80732970
       25     0.00000028     0.19454634     0.80545338
       26     0.00000021     0.19564689     0.80435291
       27     0.00000100     0.19610878     0.80389022
       28     0.00000025     0.19619756     0.80380219
       29     0.00000027     0.19620445     0.80379528
       30     0.00000105     0.19639863     0.80360032
       31     0.00000030     0.19707199     0.80292771
       32     0.00000016     0.19847302     0.80152682
       33     0.00000086     0.20093033     0.79906881
       34     0.00000040     0.20504135     0.79495825
       35     0.00000005     0.21153676     0.78846319
       36     0.00000073     0.22195185     0.77804742
       37     0.00000058     0.23845059     0.76154883
       38     0.00000001     0.26442929     0.73557071
       39     0.00000050     0.30726351     0.69273599
       40     0.00000075     0.38233547     0.61766378
       41     0.00000013     0.51765645     0.48234342
       42     0.00000022     0.73349771     0.26650207
       43     0.00000083     0.91804324     0.08195592
       44     0.00000044     0.98607985     0.01391971
       45     0.00000002     0.99757927     0.00242070
       46     0.00000055     0.99596463     0.00403482
       47     0.00000071     0.99247817     0.00752112
       48     0.00000015     0.98936924     0.01063061
       49     0.00000016     0.98693425     0.01306559
       50     0.00000063     0.98507558     0.01492378
       51     0.00000046     0.98364768     0.01635186
       52     0.00000007     0.98252860     0.01747133
       53     0.00000028     0.98163100     0.01836872
       54     0.00000052     0.98089914     0.01910035
       55     0.00000028     0.98030151     0.01969821
       56     0.00000014     0.97982244     0.02017742
       57     0.00000031     0.97944954     0.02055015
       58     0.00000035     0.97918401     0.02081564
       59     0.00000021     0.97903463     0.02096516
       60     0.00000021     0.97900382     0.02099597
       61     0.00000032     0.97908899     0.02091070
       62     0.00000028     0.97928035     0.02071937
       63     0.00000020     0.97955920     0.02044060
       64     0.00000024     0.97989760     0.02010215
       65     0.00000031     0.98026042     0.01973926
       66     0.00000029     0.98060797     0.01939175
       67     0.00000020     0.98089958     0.01910022
       68     0.00000021     0.98112578     0.01887402
       69     0.00000030     0.98122958     0.01877013
       70     0.00000033     0.98121443     0.01878524
       71     0.00000018     0.98106715     0.01893266
       72     0.00000011     0.98076010     0.01923979
       73     0.00000032     0.98037339     0.01962629
       74     0.00000048     0.97995671     0.02004281
       75     0.00000024     0.97956771     0.02043205
       76     0.00000003     0.97929362     0.02070635
       77     0.00000030     0.97914695     0.02085275
       78     0.00000062     0.97915806     0.02084131
       79     0.00000035     0.97933644     0.02066321
       80     0.00000000     0.97964317     0.02035683
       81     0.00000031     0.98013416     0.01986553
       82     0.00000080     0.98077613     0.01922307
       83     0.00000057     0.98133819     0.01866124
       84     0.00000011     0.98183020     0.01816968
       85     0.00000045     0.98229312     0.01770643
       86     0.00000110     0.98258659     0.01741231
       87     0.00000093     0.98269891     0.01730016
       88     0.00000027     0.98265603     0.01734370
       89     0.00000038     0.98252263     0.01747700
       90     0.00000109     0.98239800     0.01760091
       91     0.00000119     0.98240301     0.01759580
       92     0.00000052     0.98265869     0.01734079
       93     0.00000022     0.98326142     0.01673836
       94     0.00000079     0.98425978     0.01573943
       95     0.00000139     0.98563422     0.01436439
       96     0.00000118     0.98728269     0.01271613
       97     0.00000055     0.98901890     0.01098055
       98     0.00000068     0.99059050     0.00940882
       99     0.00000188     0.99171757     0.00828055
      100     0.00000265     0.99214523     0.00785212
      101     0.00000164     0.99168654     0.00831181
      102     0.00000064     0.99030024     0.00969911
      103     0.00000256     0.98809154     0.01190591
      104     0.00000623     0.98534214     0.01465162
      105     0.00000600     0.98247698     0.01751702
      106     0.00000321     0.97997678     0.02002001
      107     0.00000292     0.97826577     0.02173131
      108     0.00000608     0.97761201     0.02238191
      109     0.00000854     0.97810072     0.02189074
      110     0.00000726     0.97959161     0.02040113
      111     0.00000408     0.98176585     0.01823006
      112     0.00000261     0.98418232     0.01581507
      113     0.00000656     0.98630471     0.01368873
      114     0.00001293     0.98774260     0.01224447
      115     0.00001467     0.98830964     0.01167569
      116     0.00000924     0.98793088     0.01205988
      117     0.00000529     0.98673996     0.01325474
      118     0.00001033     0.98505795     0.01493173
      119     0.00001909     0.98327276     0.01670814
      120     0.00002051     0.98184211     0.01813738
