#     Density Matrix: population Re; see the manual for detail orders
        0     0.00000000     0.00000000     1.00000000
        1     0.00000009     0.00000173     0.99999818
        2     0.00000013     0.00001424     0.99998563
        3     0.00000024     0.00003292     0.99996683
        4     0.00000030     0.00004746     0.99995223
        5     0.00000043     0.00005047     0.99994910
        6     0.00000054     0.00004697     0.99995248
        7     0.00000058     0.00006640     0.99993302
        8     0.00000082     0.00019491     0.99980428
        9     0.00000062     0.00074594     0.99925343
       10     0.00000103     0.00378021     0.99621876
       11     0.00000059     0.07311436     0.92688505
       12     0.00000073     0.05853230     0.94146697
       13     0.00000094     0.21938855     0.78061051
       14     0.00000044     0.13771619     0.86228337
       15     0.00000096     0.12095981     0.87903922
       16     0.00000056     0.11780957     0.88218987
       17     0.00000055     0.11926320     0.88073625
       18     0.00000083     0.12231661     0.87768256
       19     0.00000030     0.12574207     0.87425763
       20     0.00000058     0.12901814     0.87098128
       21     0.00000056     0.13194594     0.86805350
       22     0.00000013     0.13444411     0.86555576
       23     0.00000073     0.13654610     0.86345317
       24     0.00000059     0.13820059     0.86179882
       25     0.00000003     0.13910294     0.86089703
       26     0.00000058     0.13903967     0.86095974
       27     0.00000055     0.13792899     0.86207046
       28     0.00000005     0.13516800     0.86483195
       29     0.00000040     0.13013582     0.86986378
       30     0.00000051     0.12551747     0.87448202
       31     0.00000006     0.13256095     0.86743899
       32     0.00000017     0.20639176     0.79360808
       33     0.00000040     0.43220027     0.56779933
       34     0.00000013     0.64033288     0.35966700
       35     0.00000005     0.72783551     0.27216444
       36     0.00000031     0.76437542     0.23562427
       37     0.00000023     0.78393082     0.21606895
       38     0.00000001     0.79669845     0.20330154
       39     0.00000018     0.80684201     0.19315781
       40     0.00000031     0.81653582     0.18346387
       41     0.00000009     0.82575295     0.17424696
       42     0.00000003     0.83466551     0.16533445
       43     0.00000026     0.84336094     0.15663880
       44     0.00000025     0.85189575     0.14810400
       45     0.00000003     0.86030651     0.13969346
       46     0.00000009     0.86859574     0.13140417
       47     0.00000033     0.87676338     0.12323629
       48     0.00000024     0.88478682     0.11521294
       49     0.00000001     0.89259750     0.10740248
       50     0.00000013     0.90011506     0.09988481
       51     0.00000036     0.90725531     0.09274433
       52     0.00000023     0.91395590     0.08604387
       53     0.00000001     0.92014894     0.07985105
       54     0.00000019     0.92577711     0.07422270
       55     0.00000044     0.93084078     0.06915878
       56     0.00000025     0.93536027     0.06463949
       57     0.00000000     0.93936612     0.06063387
       58     0.00000022     0.94290282     0.05709696
       59     0.00000045     0.94602427     0.05397527
       60     0.00000022     0.94878861     0.05121117
       61     0.00000000     0.95125395     0.04874605
       62     0.00000023     0.95347633     0.04652343
       63     0.00000041     0.95550781     0.04449178
       64     0.00000016     0.95739379     0.04260605
       65     0.00000001     0.95917128     0.04082871
       66     0.00000023     0.96086861     0.03913116
       67     0.00000033     0.96250566     0.03749402
       68     0.00000011     0.96407033     0.03592957
       69     0.00000003     0.96560711     0.03439286
       70     0.00000019     0.96710423     0.03289558
       71     0.00000022     0.96854923     0.03145055
       72     0.00000009     0.96993826     0.03006165
       73     0.00000006     0.97126700     0.02873294
       74     0.00000011     0.97253307     0.02746682
       75     0.00000016     0.97373715     0.02626269
       76     0.00000020     0.97488227     0.02511754
       77     0.00000009     0.97607568     0.02392423
       78     0.00000002     0.97719206     0.02280793
       79     0.00000031     0.97816319     0.02183649
       80     0.00000060     0.97907283     0.02092658
       81     0.00000034     0.97989029     0.02010936
       82     0.00000004     0.98060642     0.01939354
       83     0.00000049     0.98127821     0.01872130
       84     0.00000111     0.98185011     0.01814878
       85     0.00000080     0.98232664     0.01767256
       86     0.00000023     0.98272788     0.01727188
       87     0.00000068     0.98309410     0.01690522
       88     0.00000159     0.98337377     0.01662464
       89     0.00000154     0.98377542     0.01622304
       90     0.00000068     0.98443298     0.01556634
       91     0.00000047     0.98534622     0.01465331
       92     0.00000102     0.98654131     0.01345768
       93     0.00000142     0.98794160     0.01205698
       94     0.00000112     0.98953385     0.01046503
       95     0.00000000     1.00000000     0.00000000
       96     0.00000288     0.99993695     0.00006017
       97     0.00000751     0.99972044     0.00027206
       98     0.00000641     0.99938134     0.00061225
       99     0.00000134     0.99896982     0.00102884
      100     0.00000084     0.99852108     0.00147808
      101     0.00000719     0.99809528     0.00189753
      102     0.00001176     0.99778888     0.00219936
      103     0.00000744     0.99771156     0.00228100
      104     0.00000093     0.99789903     0.00210003
      105     0.00000220     0.99831966     0.00167815
      106     0.00001028     0.99888202     0.00110770
      107     0.00001470     0.99944914     0.00053616
      108     0.00000961     0.99986239     0.00012801
      109     0.00000199     0.99998691     0.00001110
      110     0.00000338     0.99976805     0.00022858
      111     0.00001426     0.99927483     0.00071091
      112     0.00002022     0.99871589     0.00126389
      113     0.00001393     0.99832583     0.00166024
      114     0.00000376     0.99826644     0.00172980
      115     0.00000290     0.99856840     0.00142869
      116     0.00001383     0.99910541     0.00088076
      117     0.00002461     0.99964623     0.00032916
      118     0.00002456     0.99994347     0.00003198
      119     0.00001388     0.99984804     0.00013809
      120     0.00000524     0.99940703     0.00058772
