#     Density Matrix: population Re; see the manual for detail orders
        0     0.00000000     0.00000000     1.00000000
        1     0.00000005     0.00000132     0.99999863
        2     0.00000007     0.00001613     0.99998381
        3     0.00000010     0.00006033     0.99993957
        4     0.00000012     0.00014739     0.99985249
        5     0.00000015     0.00031303     0.99968682
        6     0.00000018     0.00068413     0.99931569
        7     0.00000021     0.00166439     0.99833540
        8     0.00000023     0.00463027     0.99536950
        9     0.00000025     0.01523826     0.98476149
       10     0.00000025     0.06179592     0.93820383
       11     0.00000020     0.24469475     0.75530505
       12     0.00000005     0.76306257     0.23693739
       13     0.00000009     0.77531810     0.22468181
       14     0.00000039     0.68655707     0.31344255
       15     0.00000040     0.69179487     0.30820473
       16     0.00000034     0.72211719     0.27788247
       17     0.00000028     0.75545382     0.24454590
       18     0.00000018     0.78521268     0.21478714
       19     0.00000009     0.80946215     0.19053776
       20     0.00000009     0.82803329     0.17196661
       21     0.00000006     0.84153842     0.15846152
       22     0.00000003     0.85073041     0.14926956
       23     0.00000003     0.85637528     0.14362469
       24     0.00000001     0.85918447     0.14081552
       25     0.00000000     0.85979277     0.14020723
       26     0.00000001     0.85876884     0.14123116
       27     0.00000001     0.85666227     0.14333772
       28     0.00000001     0.85396393     0.14603607
       29     0.00000001     0.85116933     0.14883066
       30     0.00000002     0.84889323     0.15110675
       31     0.00000002     0.84780016     0.15219982
       32     0.00000003     0.84862406     0.15137590
       33     0.00000004     0.85244339     0.14755657
       34     0.00000002     0.86030207     0.13969791
       35     0.00000001     0.87298696     0.12701303
       36     0.00000001     0.89080639     0.10919359
       37     0.00000002     0.91325422     0.08674576
       38     0.00000001     0.93864952     0.06135048
       39     0.00000001     0.96362043     0.03637956
       40     0.00000001     0.98314234     0.01685765
       41     0.00000001     0.99114231     0.00885768
       42     0.00000001     0.98175554     0.01824445
       43     0.00000002     0.95192658     0.04807341
       44     0.00000002     0.90490756     0.09509243
       45     0.00000003     0.85245211     0.14754786
       46     0.00000003     0.81300088     0.18699909
       47     0.00000003     0.80364157     0.19635840
       48     0.00000002     0.82940231     0.17059767
       49     0.00000002     0.87921299     0.12078699
       50     0.00000002     0.93307056     0.06692942
       51     0.00000001     0.97402139     0.02597860
       52     0.00000000     0.99521103     0.00478897
       53     0.00000000     0.99934066     0.00065934
       54     0.00000000     0.99409866     0.00590134
       55     0.00000000     0.98731861     0.01268139
       56     0.00000000     0.98395257     0.01604742
       57     0.00000000     0.98525504     0.01474496
       58     0.00000000     0.98966007     0.01033993
       59     0.00000000     0.99456402     0.00543598
       60     0.00000000     0.99789554     0.00210446
       61     0.00000000     0.99896764     0.00103236
       62     0.00000000     0.99846005     0.00153995
       63     0.00000001     0.99755525     0.00244475
       64     0.00000002     0.99718240     0.00281759
       65     0.00000001     0.99759715     0.00240284
       66     0.00000000     0.99841387     0.00158612
       67     0.00000002     0.99908514     0.00091484
       68     0.00000004     0.99930324     0.00069672
       69     0.00000003     0.99917857     0.00082141
       70     0.00000005     0.99901741     0.00098254
       71     0.00000008     0.99902100     0.00097892
       72     0.00000007     0.99915871     0.00084122
       73     0.00000008     0.99929114     0.00070878
       74     0.00000014     0.99935663     0.00064323
       75     0.00000016     0.99940952     0.00059032
       76     0.00000017     0.99949779     0.00050205
       77     0.00000022     0.99956854     0.00043124
       78     0.00000025     0.99951759     0.00048216
       79     0.00000028     0.99938939     0.00061033
       80     0.00000036     0.99936620     0.00063344
       81     0.00000046     0.99953567     0.00046387
       82     0.00000048     0.99977263     0.00022689
       83     0.00000053     0.99984865     0.00015082
       84     0.00000064     0.99968834     0.00031103
       85     0.00000072     0.99947747     0.00052182
       86     0.00000075     0.99946828     0.00053097
       87     0.00000084     0.99969777     0.00030139
       88     0.00000095     0.99994395     0.00005510
       89     0.00000101     0.99996858     0.00003041
       90     0.00000106     0.99976288     0.00023606
       91     0.00000118     0.99955159     0.00044723
       92     0.00000123     0.99955564     0.00044313
       93     0.00000126     0.99975442     0.00024431
       94     0.00000135     0.99994658     0.00005207
       95     0.00000143     0.99996397     0.00003460
       96     0.00000146     0.99982454     0.00017400
       97     0.00000150     0.99968543     0.00031308
       98     0.00000156     0.99967638     0.00032205
       99     0.00000163     0.99978980     0.00020857
      100     0.00000167     0.99991476     0.00008357
      101     0.00000168     0.99995429     0.00004402
      102     0.00000173     0.99990224     0.00009603
      103     0.00000183     0.99982719     0.00017098
      104     0.00000187     0.99980835     0.00018978
      105     0.00000185     0.99985912     0.00013903
      106     0.00000185     0.99993213     0.00006602
      107     0.00000191     0.99997336     0.00002473
      108     0.00000197     0.99996840     0.00002963
      109     0.00000198     0.99994378     0.00005423
      110     0.00000199     0.99993365     0.00006436
      111     0.00000204     0.99994901     0.00004895
      112     0.00000212     0.99997530     0.00002257
      113     0.00000222     0.99999245     0.00000532
      114     0.00000235     0.99999516     0.00000249
      115     0.00000245     0.99999022     0.00000733
      116     0.00000249     0.99998666     0.00001085
      117     0.00000262     0.99998905     0.00000833
      118     0.00000279     0.99999383     0.00000338
      119     0.00000302     0.99999651     0.00000047
      120     0.00000330     0.99999661     0.00000008
