#     Density Matrix: population Re; see the manual for detail orders
        0     0.00000000     0.00000000     1.00000000
        1     0.00000006     0.00000001     0.99999993
        2     0.00000007     0.00000063     0.99999930
        3     0.00000022     0.00000563     0.99999415
        4     0.00000020     0.00002247     0.99997733
        5     0.00000048     0.00005863     0.99994089
        6     0.00000040     0.00012318     0.99987642
        7     0.00000076     0.00024558     0.99975365
        8     0.00000063     0.00052779     0.99947158
        9     0.00000098     0.00129329     0.99870573
       10     0.00000082     0.00365708     0.99634210
       11     0.00000101     0.01246122     0.98753778
       12     0.00000088     0.05786497     0.94213415
       13     0.00000060     0.34326963     0.65672977
       14     0.00000023     0.70914183     0.29085794
       15     0.00000109     0.42445176     0.57554715
       16     0.00000237     0.29766424     0.70233339
       17     0.00000042     0.24255002     0.75744957
       18     0.00000182     0.21277106     0.78722712
       19     0.00000129     0.19355180     0.80644691
       20     0.00000019     0.17837497     0.82162484
       21     0.00000137     0.16397252     0.83602611
       22     0.00000061     0.14881275     0.85118664
       23     0.00000012     0.13250304     0.86749684
       24     0.00000088     0.11540778     0.88459134
       25     0.00000032     0.09831446     0.90168522
       26     0.00000009     0.08212831     0.91787160
       27     0.00000058     0.06750058     0.93249884
       28     0.00000024     0.05485405     0.94514571
       29     0.00000010     0.04424262     0.95575728
       30     0.00000040     0.03549134     0.96450826
       31     0.00000022     0.02833643     0.97166335
       32     0.00000013     0.02248703     0.97751283
       33     0.00000028     0.01773355     0.98226618
       34     0.00000022     0.01396931     0.98603048
       35     0.00000020     0.01120620     0.98879360
       36     0.00000000     1.00000000     0.00000000
       37     0.00000005     0.99979258     0.00020737
       38     0.00000007     0.99902363     0.00097629
       39     0.00000001     0.99742457     0.00257542
       40     0.00000002     0.99465609     0.00534390
       41     0.00000008     0.99033600     0.00966392
       42     0.00000004     0.98408120     0.01591877
       43     0.00000000     0.97553921     0.02446079
       44     0.00000007     0.96447916     0.03552078
       45     0.00000006     0.95086889     0.04913105
       46     0.00000000     0.93486110     0.06513890
       47     0.00000007     0.91662024     0.08337969
       48     0.00000011     0.89621474     0.10378516
       49     0.00000002     0.87481160     0.12518839
       50     0.00000006     0.85812654     0.14187340
       51     0.00000016     0.85658401     0.14341583
       52     0.00000006     0.87590567     0.12409427
       53     0.00000001     0.90991166     0.09008833
       54     0.00000008     0.94638236     0.05361756
       55     0.00000003     0.97562768     0.02437229
       56     0.00000000     1.00000000     0.00000000
       57     0.00000001     0.99631308     0.00368691
       58     0.00000001     0.98977349     0.01022650
       59     0.00000000     0.98549382     0.01450618
       60     0.00000001     0.98546750     0.01453250
       61     0.00000000     0.98868795     0.01131204
       62     0.00000000     1.00000000     0.00000000
       63     0.00000001     0.99971034     0.00028965
       64     0.00000001     0.99921160     0.00078839
       65     0.00000000     0.99896487     0.00103513
       66     0.00000001     0.99910596     0.00089403
       67     0.00000002     0.99944165     0.00055833
       68     0.00000001     0.99968394     0.00031605
       69     0.00000001     0.99970265     0.00029734
       70     0.00000005     0.99958597     0.00041398
       71     0.00000004     0.99949420     0.00050577
       72     0.00000003     0.99948624     0.00051372
       73     0.00000009     0.99950224     0.00049768
       74     0.00000009     0.99948763     0.00051228
       75     0.00000008     0.99948201     0.00051791
       76     0.00000015     0.99955217     0.00044768
       77     0.00000017     0.99965992     0.00033991
       78     0.00000016     0.99966280     0.00033704
       79     0.00000026     0.99948971     0.00051002
       80     0.00000031     0.99928052     0.00071917
       81     0.00000030     0.99927714     0.00072256
       82     0.00000042     0.99953816     0.00046142
       83     0.00000052     0.99980787     0.00019161
       84     0.00000051     0.99975040     0.00024909
       85     0.00000064     0.99933754     0.00066183
       86     0.00000079     0.99894695     0.00105226
       87     0.00000078     0.99899999     0.00099922
       88     0.00000090     0.99948888     0.00051022
       89     0.00000113     0.99992198     0.00007689
       90     0.00000115     0.99979867     0.00020018
       91     0.00000120     0.99914243     0.00085637
       92     0.00000145     0.99852624     0.00147230
       93     0.00000154     0.99853361     0.00146485
       94     0.00000154     0.99917640     0.00082207
       95     0.00000176     0.99985866     0.00013958
       96     0.00000194     0.99992827     0.00006979
       97     0.00000189     0.99928058     0.00071753
       98     0.00000201     0.99845866     0.00153933
       99     0.00000227     0.99815696     0.00184077
      100     0.00000228     0.99861495     0.00138276
      101     0.00000226     0.99943700     0.00056074
      102     0.00000249     0.99996421     0.00003330
      103     0.00000262     0.99983075     0.00016663
      104     0.00000252     0.99922149     0.00077599
      105     0.00000255     0.99866786     0.00132959
      106     0.00000283     0.99859508     0.00140209
      107     0.00000291     0.99901176     0.00098533
      108     0.00000278     0.99956918     0.00042804
      109     0.00000286     0.99987856     0.00011858
      110     0.00000308     0.99980352     0.00019340
      111     0.00000307     0.99950743     0.00048949
      112     0.00000297     0.99926672     0.00073031
      113     0.00000314     0.99924056     0.00075630
      114     0.00000344     0.99938446     0.00061210
      115     0.00000346     0.99954385     0.00045269
      116     0.00000333     0.99961050     0.00038617
      117     0.00000346     0.99959572     0.00040082
      118     0.00000377     0.99957454     0.00042170
      119     0.00000390     0.99958169     0.00041441
      120     0.00000391     0.99957711     0.00041898
