#     Density Matrix: population Re; see the manual for detail orders
        0     0.00000000     0.00000000     1.00000000
        1     0.00000008     0.00000008     0.99999984
        2     0.00000007     0.00000105     0.99999888
        3     0.00000025     0.00000365     0.99999610
        4     0.00000017     0.00000695     0.99999288
        5     0.00000051     0.00000927     0.99999023
        6     0.00000036     0.00001082     0.99998882
        7     0.00000083     0.00001536     0.99998380
        8     0.00000060     0.00003037     0.99996903
        9     0.00000112     0.00006861     0.99993027
       10     0.00000079     0.00015931     0.99983990
       11     0.00000124     0.00039752     0.99960124
       12     0.00000091     0.00119851     0.99880058
       13     0.00000112     0.00533603     0.99466285
       14     0.00000100     0.06586491     0.93413409
       15     0.00000057     0.07459450     0.92540493
       16     0.00000116     0.30661108     0.69338776
       17     0.00000028     0.15718388     0.84281584
       18     0.00000127     0.13291312     0.86708561
       19     0.00000078     0.12985926     0.87013996
       20     0.00000045     0.13288774     0.86711182
       21     0.00000136     0.13765838     0.86234026
       22     0.00000048     0.14262854     0.85737098
       23     0.00000063     0.14722389     0.85277548
       24     0.00000110     0.15122793     0.84877097
       25     0.00000029     0.15452385     0.84547586
       26     0.00000051     0.15695414     0.84304534
       27     0.00000093     0.15821214     0.84178693
       28     0.00000026     0.15773698     0.84226276
       29     0.00000032     0.15449418     0.84550551
       30     0.00000081     0.14642380     0.85357539
       31     0.00000034     0.12835547     0.87164419
       32     0.00000012     0.08240061     0.91759927
       33     0.00000038     0.16330117     0.83669846
       34     0.00000027     0.56322852     0.43677122
       35     0.00000019     0.66961148     0.33038832
       36     0.00000032     0.69826289     0.30173680
       37     0.00000030     0.71285206     0.28714764
       38     0.00000017     0.72326288     0.27673694
       39     0.00000022     0.73280954     0.26719024
       40     0.00000033     0.74346151     0.25653816
       41     0.00000026     0.75818305     0.24181669
       42     0.00000018     0.77515662     0.22484320
       43     0.00000030     0.79357637     0.20642333
       44     0.00000039     0.81258215     0.18741746
       45     0.00000029     0.83138232     0.16861739
       46     0.00000025     0.84933662     0.15066313
       47     0.00000040     0.86599658     0.13400301
       48     0.00000049     0.88110651     0.11889301
       49     0.00000037     0.89457555     0.10542408
       50     0.00000033     0.90643703     0.09356263
       51     0.00000050     0.91680643     0.08319307
       52     0.00000058     0.92584457     0.07415485
       53     0.00000046     0.93372831     0.06627124
       54     0.00000039     0.94063011     0.05936949
       55     0.00000054     0.94670600     0.05329346
       56     0.00000066     0.95208919     0.04791015
       57     0.00000057     0.95688706     0.04311237
       58     0.00000046     0.96118098     0.03881857
       59     0.00000057     0.96502931     0.03497012
       60     0.00000077     0.96847148     0.03152774
       61     0.00000078     0.97153228     0.02846694
       62     0.00000065     0.97422644     0.02577290
       63     0.00000070     0.97656373     0.02343558
       64     0.00000097     0.97855444     0.02144460
       65     0.00000116     0.98021379     0.01978505
       66     0.00000110     0.98156466     0.01843425
       67     0.00000103     0.98263859     0.01736038
       68     0.00000126     0.98347633     0.01652241
       69     0.00000163     0.98412595     0.01587242
       70     0.00000175     0.98463941     0.01535884
       71     0.00000162     0.98506793     0.01493045
       72     0.00000163     0.98545800     0.01454037
       73     0.00000199     0.98584860     0.01414941
       74     0.00000233     0.98626971     0.01372796
       75     0.00000232     0.98674158     0.01325610
       76     0.00000211     0.98727548     0.01272240
       77     0.00000216     0.98787558     0.01212226
       78     0.00000254     0.98854125     0.01145621
       79     0.00000284     0.98926857     0.01072859
       80     0.00000000     1.00000000     0.00000000
       81     0.00000395     0.99999045     0.00000560
       82     0.00001078     0.99996571     0.00002351
       83     0.00001154     0.99993344     0.00005502
       84     0.00000520     0.99989436     0.00010044
       85     0.00000016     0.99984127     0.00015857
       86     0.00000338     0.99977018     0.00022644
       87     0.00001123     0.99968950     0.00029927
       88     0.00001408     0.99961541     0.00037051
       89     0.00000843     0.99955925     0.00043232
       90     0.00000132     0.99952194     0.00047674
       91     0.00000165     0.99950113     0.00049722
       92     0.00000938     0.99950043     0.00049020
       93     0.00001562     0.99952823     0.00045614
       94     0.00001323     0.99958635     0.00040042
       95     0.00000503     0.99966155     0.00033342
       96     0.00000051     0.99973003     0.00026946
       97     0.00000501     0.99977055     0.00022444
       98     0.00001382     0.99977352     0.00021266
       99     0.00001742     0.99973925     0.00024333
      100     0.00001198     0.99967046     0.00031756
      101     0.00000345     0.99956993     0.00042662
      102     0.00000117     0.99944660     0.00055223
      103     0.00000780     0.99932259     0.00066961
      104     0.00001665     0.99923089     0.00075246
      105     0.00001875     0.99920212     0.00077913
      106     0.00001211     0.99924923     0.00073866
      107     0.00000354     0.99936081     0.00063565
      108     0.00000174     0.99950687     0.00049139
      109     0.00000883     0.99965142     0.00033975
      110     0.00001845     0.99976322     0.00021833
      111     0.00002179     0.99982033     0.00015788
      112     0.00001584     0.99981205     0.00017211
      113     0.00000630     0.99974210     0.00025160
      114     0.00000242     0.99963312     0.00036446
      115     0.00000835     0.99952601     0.00046564
      116     0.00001931     0.99946822     0.00051247
      117     0.00002605     0.99949314     0.00048081
      118     0.00002308     0.99960059     0.00037633
      119     0.00001323     0.99975150     0.00023528
      120     0.00000508     0.99988279     0.00011213
