#     Density Matrix: population Re; see the manual for detail orders
        0     0.00000000     0.00000000     1.00000000
        1     0.00000000     0.00000001     0.99999999
        2     0.00000001     0.00000006     0.99999993
        3     0.00000015     0.00000019     0.99999967
        4     0.00000024     0.00000012     0.99999964
        5     0.00000046     0.00000394     0.99999560
        6     0.00000049     0.00002253     0.99997699
        7     0.00000080     0.00006104     0.99993816
        8     0.00000074     0.00012098     0.99987828
        9     0.00000106     0.00022750     0.99977144
       10     0.00000094     0.00051223     0.99948683
       11     0.00000113     0.00152286     0.99847601
       12     0.00000102     0.00605555     0.99394343
       13     0.00000097     0.04010887     0.95989016
       14     0.00000079     0.52547232     0.47452689
       15     0.00000003     0.66535164     0.33464833
       16     0.00000128     0.24468501     0.75531371
       17     0.00000022     0.18893557     0.81106421
       18     0.00000085     0.16387741     0.83612174
       19     0.00000102     0.15346833     0.84653065
       20     0.00000010     0.15051783     0.84948207
       21     0.00000118     0.15119510     0.84880372
       22     0.00000054     0.15334654     0.84665292
       23     0.00000028     0.15577876     0.84422097
       24     0.00000107     0.15786738     0.84213155
       25     0.00000022     0.15932843     0.84067134
       26     0.00000030     0.16006985     0.83992985
       27     0.00000081     0.16009150     0.83990769
       28     0.00000013     0.15942403     0.84057584
       29     0.00000031     0.15810270     0.84189699
       30     0.00000090     0.15611242     0.84388669
       31     0.00000023     0.15335009     0.84664968
       32     0.00000017     0.14957008     0.85042975
       33     0.00000078     0.14419717     0.85580205
       34     0.00000038     0.13580176     0.86419786
       35     0.00000005     0.12004903     0.87995092
       36     0.00000053     0.09540507     0.90459440
       37     0.00000049     0.35692426     0.64307525
       38     0.00000002     0.69698586     0.30301412
       39     0.00000031     0.75118559     0.24881409
       40     0.00000058     0.76856090     0.23143852
       41     0.00000015     0.77712505     0.22287480
       42     0.00000009     0.78224032     0.21775960
       43     0.00000057     0.78562657     0.21437286
       44     0.00000044     0.78799530     0.21200426
       45     0.00000001     0.78968780     0.21031219
       46     0.00000034     0.79088505     0.20911461
       47     0.00000068     0.79169266     0.20830666
       48     0.00000022     0.79217995     0.20781983
       49     0.00000005     0.79239792     0.20760203
       50     0.00000057     0.79239201     0.20760741
       51     0.00000057     0.79220818     0.20779124
       52     0.00000005     0.79189389     0.20810605
       53     0.00000021     0.79149806     0.20850173
       54     0.00000066     0.79107094     0.20892840
       55     0.00000036     0.79066106     0.20933858
       56     0.00000001     0.79030951     0.20969049
       57     0.00000035     0.79004634     0.20995331
       58     0.00000055     0.78988761     0.21011184
       59     0.00000016     0.78983205     0.21016779
       60     0.00000006     0.78985893     0.21014100
       61     0.00000038     0.78992965     0.21006997
       62     0.00000035     0.78999225     0.21000740
       63     0.00000009     0.78998676     0.21001315
       64     0.00000015     0.78985203     0.21014782
       65     0.00000028     0.78953561     0.21046411
       66     0.00000020     0.78900368     0.21099612
       67     0.00000018     0.78824781     0.21175202
       68     0.00000019     0.78728960     0.21271021
       69     0.00000011     0.78618331     0.21381657
       70     0.00000024     0.78501341     0.21498635
       71     0.00000042     0.78388524     0.21611433
       72     0.00000017     0.78291382     0.21708601
       73     0.00000005     0.78220663     0.21779332
       74     0.00000066     0.78184384     0.21815549
       75     0.00000088     0.78187337     0.21812575
       76     0.00000021     0.78228182     0.21771797
       77     0.00000037     0.78300130     0.21699833
       78     0.00000159     0.78390945     0.21608896
       79     0.00000157     0.78484693     0.21515150
       80     0.00000050     0.78566353     0.21433597
       81     0.00000109     0.78617782     0.21382109
       82     0.00000265     0.78626696     0.21373039
       83     0.00000216     0.78597508     0.21402277
       84     0.00000073     0.78539396     0.21460531
       85     0.00000139     0.78470998     0.21528863
       86     0.00000261     0.78424140     0.21575600
       87     0.00000170     0.78437446     0.21562384
       88     0.00000031     0.78549309     0.21450660
       89     0.00000046     0.78789472     0.21210482
       90     0.00000089     0.79170407     0.20829504
       91     0.00000074     0.79679341     0.20320585
       92     0.00000067     0.80272810     0.19727123
       93     0.00000040     0.80876279     0.19123681
       94     0.00000064     0.81391020     0.18608916
       95     0.00000320     0.81708748     0.18290932
       96     0.00000592     0.81732580     0.18266829
       97     0.00000546     0.81399843     0.18599611
       98     0.00000520     0.80706447     0.19293032
       99     0.00000910     0.79728772     0.20270318
      100     0.00001223     0.78621020     0.21377758
      101     0.00000957     0.77594633     0.22404410
      102     0.00000582     0.76877235     0.23122183
      103     0.00000570     0.76655319     0.23344111
      104     0.00000591     0.77015314     0.22984095
      105     0.00000395     0.77900309     0.22099296
      106     0.00000229     0.79101889     0.20897883
      107     0.00000204     0.80299471     0.19700326
      108     0.00000376     0.81142733     0.18856890
      109     0.00000957     0.81372024     0.18627020
      110     0.00001628     0.80907231     0.19091141
      111     0.00001707     0.79905076     0.20093217
      112     0.00001339     0.78726419     0.21272243
      113     0.00001193     0.77821098     0.22177709
      114     0.00001204     0.77554871     0.22443925
      115     0.00000981     0.78041612     0.21957406
      116     0.00000735     0.79068938     0.20930327
      117     0.00000747     0.80154425     0.19844828
      118     0.00000989     0.80755289     0.19243722
      119     0.00001617     0.80555015     0.19443368
      120     0.00002560     0.79645321     0.20352119
