#     Density Matrix: population Re; see the manual for detail orders
        0     0.00000000     0.00000000     1.00000000
        1     0.00000001     0.00000203     0.99999796
        2     0.00000003     0.00000993     0.99999004
        3     0.00000006     0.00001066     0.99998928
        4     0.00000009     0.00001474     0.99998517
        5     0.00000013     0.00003773     0.99996214
        6     0.00000017     0.00007822     0.99992161
        7     0.00000020     0.00012194     0.99987786
        8     0.00000024     0.00017259     0.99982717
        9     0.00000026     0.00030050     0.99969924
       10     0.00000028     0.00074637     0.99925335
       11     0.00000030     0.00236970     0.99763000
       12     0.00000031     0.00956417     0.99043551
       13     0.00000031     0.06206637     0.93793332
       14     0.00000012     0.75036557     0.24963431
       15     0.00000003     0.49955884     0.50044114
       16     0.00000085     0.11720622     0.88279292
       17     0.00000019     0.06196348     0.93803633
       18     0.00000038     0.03989442     0.96010520
       19     0.00000038     0.03132810     0.96867152
       20     0.00000023     0.02851700     0.97148277
       21     0.00000033     0.02803215     0.97196752
       22     0.00000026     0.02829449     0.97170525
       23     0.00000023     0.02861108     0.97138869
       24     0.00000027     0.02871589     0.97128384
       25     0.00000025     0.02855353     0.97144622
       26     0.00000025     0.02817622     0.97182353
       27     0.00000026     0.02767123     0.97232851
       28     0.00000026     0.02711986     0.97287988
       29     0.00000026     0.02659767     0.97340207
       30     0.00000027     0.02615155     0.97384818
       31     0.00000028     0.02581803     0.97418169
       32     0.00000028     0.02561883     0.97438089
       33     0.00000028     0.02557714     0.97442258
       34     0.00000029     0.02576650     0.97423321
       35     0.00000030     0.02651725     0.97348246
       36     0.00000030     0.02999334     0.97000635
       37     0.00000028     0.09892383     0.90107589
       38     0.00000019     0.57910853     0.42089129
       39     0.00000022     0.90999928     0.09000051
       40     0.00000048     0.93232478     0.06767474
       41     0.00000040     0.93854073     0.06145886
       42     0.00000023     0.94149309     0.05850667
       43     0.00000036     0.94336570     0.05663394
       44     0.00000047     0.94480961     0.05518993
       45     0.00000035     0.94605701     0.05394264
       46     0.00000030     0.94719446     0.05280524
       47     0.00000042     0.94824192     0.05175765
       48     0.00000045     0.94918306     0.05081649
       49     0.00000036     0.94999657     0.05000306
       50     0.00000037     0.95065134     0.04934829
       51     0.00000046     0.95112980     0.04886974
       52     0.00000047     0.95142070     0.04857883
       53     0.00000042     0.95152763     0.04847195
       54     0.00000044     0.95147444     0.04852512
       55     0.00000051     0.95129722     0.04870226
       56     0.00000053     0.95104664     0.04895283
       57     0.00000050     0.95078697     0.04921252
       58     0.00000053     0.95058180     0.04941767
       59     0.00000061     0.95049563     0.04950376
       60     0.00000065     0.95058323     0.04941612
       61     0.00000064     0.95088121     0.04911815
       62     0.00000067     0.95140700     0.04859234
       63     0.00000074     0.95215582     0.04784344
       64     0.00000079     0.95309885     0.04690036
       65     0.00000079     0.95419533     0.04580388
       66     0.00000080     0.95539613     0.04460307
       67     0.00000085     0.95665169     0.04334746
       68     0.00000091     0.95791584     0.04208326
       69     0.00000094     0.95915945     0.04083962
       70     0.00000096     0.96036391     0.03963513
       71     0.00000102     0.96152302     0.03847597
       72     0.00000111     0.96263862     0.03736027
       73     0.00000122     0.96371646     0.03628232
       74     0.00000133     0.96475326     0.03524541
       75     0.00000145     0.96574028     0.03425827
       76     0.00000160     0.96665222     0.03334618
       77     0.00000178     0.96746048     0.03253775
       78     0.00000194     0.96813391     0.03186414
       79     0.00000208     0.96865191     0.03134601
       80     0.00000219     0.96901228     0.03098552
       81     0.00000231     0.96924136     0.03075633
       82     0.00000242     0.96939265     0.03060493
       83     0.00000249     0.96954095     0.03045656
       84     0.00000251     0.96977738     0.03022011
       85     0.00000252     0.97018692     0.02981056
       86     0.00000253     0.97083655     0.02916092
       87     0.00000254     0.97176158     0.02823588
       88     0.00000255     0.97295487     0.02704259
       89     0.00000255     0.97436997     0.02562748
       90     0.00000258     0.97592478     0.02407264
       91     0.00000264     0.97751421     0.02248315
       92     0.00000274     0.97902964     0.02096761
       93     0.00000290     0.98037127     0.01962583
       94     0.00000310     0.98146672     0.01853018
       95     0.00000333     0.98227907     0.01771760
       96     0.00000360     0.98281188     0.01718452
       97     0.00000389     0.98310497     0.01689114
       98     0.00000417     0.98322630     0.01676952
       99     0.00000441     0.98325944     0.01673615
      100     0.00000455     0.98329132     0.01670413
      101     0.00000459     0.98339839     0.01659701
      102     0.00000453     0.98364139     0.01635408
      103     0.00000438     0.98406171     0.01593392
      104     0.00000415     0.98467969     0.01531616
      105     0.00000391     0.98549245     0.01450364
      106     0.00000370     0.98647361     0.01352269
      107     0.00000358     0.98756922     0.01242720
      108     0.00000361     0.98869348     0.01130292
      109     0.00000377     0.98973369     0.01026254
      110     0.00000403     0.99056534     0.00943063
      111     0.00000434     0.99107408     0.00892158
      112     0.00000461     0.99119141     0.00880398
      113     0.00000476     0.99093074     0.00906450
      114     0.00000474     0.99040767     0.00958759
      115     0.00000452     0.98983400     0.01016148
      116     0.00000414     0.98947667     0.01051919
      117     0.00000366     0.98958432     0.01041202
      118     0.00000317     0.99030433     0.00969250
      119     0.00000276     0.99161445     0.00838279
      120     0.00000251     0.99330727     0.00669022
