#     Density Matrix: population Re; see the manual for detail orders
        0     0.00000000     0.00000000     1.00000000
        1     0.00000000     0.00000003     0.99999997
        2     0.00000001     0.00000005     0.99999994
        3     0.00000002     0.00000164     0.99999834
        4     0.00000008     0.00000782     0.99999210
        5     0.00000010     0.00001749     0.99998241
        6     0.00000022     0.00002577     0.99997401
        7     0.00000025     0.00003023     0.99996952
        8     0.00000043     0.00003753     0.99996204
        9     0.00000045     0.00006775     0.99993180
       10     0.00000065     0.00016212     0.99983723
       11     0.00000065     0.00042026     0.99957909
       12     0.00000083     0.00119435     0.99880482
       13     0.00000082     0.00445132     0.99554786
       14     0.00000092     0.03539421     0.96460487
       15     0.00000081     0.14214221     0.85785698
       16     0.00000066     0.36884224     0.63115710
       17     0.00000140     0.13539788     0.86460072
       18     0.00000046     0.12836468     0.87163486
       19     0.00000085     0.13257971     0.86741944
       20     0.00000123     0.13890537     0.86109340
       21     0.00000025     0.14454171     0.85545804
       22     0.00000138     0.14868668     0.85131194
       23     0.00000077     0.15132621     0.84867302
       24     0.00000045     0.15275924     0.84724030
       25     0.00000150     0.15337278     0.84662571
       26     0.00000052     0.15353050     0.84646898
       27     0.00000065     0.15352400     0.84647535
       28     0.00000146     0.15356233     0.84643621
       29     0.00000043     0.15377941     0.84622015
       30     0.00000064     0.15425214     0.84574722
       31     0.00000141     0.15501994     0.84497865
       32     0.00000048     0.15611121     0.84388831
       33     0.00000047     0.15757367     0.84242586
       34     0.00000132     0.15950970     0.84048898
       35     0.00000065     0.16215510     0.83784425
       36     0.00000024     0.16609521     0.83390455
       37     0.00000109     0.17311272     0.82688618
       38     0.00000093     0.19239080     0.80760827
       39     0.00000009     0.62468314     0.37531676
       40     0.00000105     0.98243862     0.01756034
       41     0.00000179     0.97478243     0.02521578
       42     0.00000049     0.97121239     0.02878712
       43     0.00000025     0.96976785     0.03023190
       44     0.00000157     0.96905370     0.03094473
       45     0.00000136     0.96868315     0.03131549
       46     0.00000011     0.96849983     0.03150006
       47     0.00000064     0.96842220     0.03157716
       48     0.00000174     0.96840353     0.03159473
       49     0.00000099     0.96841224     0.03158677
       50     0.00000004     0.96842004     0.03157993
       51     0.00000092     0.96840330     0.03159578
       52     0.00000177     0.96834666     0.03165157
       53     0.00000082     0.96823922     0.03175995
       54     0.00000005     0.96807195     0.03192800
       55     0.00000104     0.96784225     0.03215670
       56     0.00000184     0.96755754     0.03244063
       57     0.00000088     0.96723101     0.03276811
       58     0.00000006     0.96687774     0.03312220
       59     0.00000101     0.96651692     0.03348207
       60     0.00000197     0.96617286     0.03382517
       61     0.00000117     0.96586928     0.03412955
       62     0.00000011     0.96562365     0.03437624
       63     0.00000080     0.96544780     0.03455140
       64     0.00000207     0.96534997     0.03464796
       65     0.00000169     0.96533184     0.03466647
       66     0.00000036     0.96538460     0.03461504
       67     0.00000044     0.96549138     0.03450818
       68     0.00000186     0.96563327     0.03436487
       69     0.00000226     0.96579193     0.03420580
       70     0.00000101     0.96594849     0.03405050
       71     0.00000019     0.96608498     0.03391483
       72     0.00000119     0.96618985     0.03380897
       73     0.00000248     0.96626119     0.03373633
       74     0.00000209     0.96630378     0.03369413
       75     0.00000065     0.96632410     0.03367524
       76     0.00000044     0.96632920     0.03367036
       77     0.00000191     0.96632759     0.03367050
       78     0.00000295     0.96632736     0.03366969
       79     0.00000205     0.96633154     0.03366641
       80     0.00000059     0.96633606     0.03366335
       81     0.00000078     0.96633327     0.03366595
       82     0.00000241     0.96631741     0.03368018
       83     0.00000318     0.96628722     0.03370960
       84     0.00000203     0.96624550     0.03375247
       85     0.00000058     0.96619924     0.03380018
       86     0.00000078     0.96616140     0.03383782
       87     0.00000228     0.96615128     0.03384644
       88     0.00000310     0.96619018     0.03380672
       89     0.00000220     0.96629405     0.03370375
       90     0.00000074     0.96646731     0.03353194
       91     0.00000051     0.96670095     0.03329854
       92     0.00000176     0.96697383     0.03302441
       93     0.00000301     0.96725480     0.03274219
       94     0.00000279     0.96750539     0.03249182
       95     0.00000139     0.96768462     0.03231399
       96     0.00000045     0.96775689     0.03224266
       97     0.00000108     0.96770073     0.03229819
       98     0.00000258     0.96751460     0.03248281
       99     0.00000329     0.96721793     0.03277878
      100     0.00000243     0.96684727     0.03315030
      101     0.00000096     0.96645081     0.03354823
      102     0.00000048     0.96608255     0.03391696
      103     0.00000144     0.96579601     0.03420255
      104     0.00000269     0.96563687     0.03436043
      105     0.00000285     0.96563501     0.03436214
      106     0.00000179     0.96579839     0.03419982
      107     0.00000056     0.96611047     0.03388897
      108     0.00000022     0.96653140     0.03346838
      109     0.00000087     0.96700233     0.03299680
      110     0.00000186     0.96745174     0.03254640
      111     0.00000237     0.96780346     0.03219416
      112     0.00000196     0.96798677     0.03201127
      113     0.00000093     0.96794818     0.03205090
      114     0.00000026     0.96766391     0.03233583
      115     0.00000071     0.96715033     0.03284896
      116     0.00000187     0.96646869     0.03352944
      117     0.00000247     0.96572213     0.03427541
      118     0.00000182     0.96504395     0.03495424
      119     0.00000063     0.96457730     0.03542208
      120     0.00000002     0.96444873     0.03555125
