#     Density Matrix: population Re; see the manual for detail orders
        0     0.00000000     0.00000000     1.00000000
        1     0.00000001     0.00000006     0.99999993
        2     0.00000001     0.00000009     0.99999990
        3     0.00000000     0.00000242     0.99999757
        4     0.00000006     0.00001270     0.99998724
        5     0.00000003     0.00002965     0.99997032
        6     0.00000020     0.00004427     0.99995554
        7     0.00000015     0.00005261     0.99994724
        8     0.00000042     0.00007111     0.99992847
        9     0.00000036     0.00014263     0.99985701
       10     0.00000072     0.00033517     0.99966411
       11     0.00000061     0.00075815     0.99924125
       12     0.00000100     0.00166050     0.99833850
       13     0.00000093     0.00378764     0.99621144
       14     0.00000142     0.00966823     0.99033035
       15     0.00000105     0.02880723     0.97119172
       16     0.00000147     0.09872330     0.90127524
       17     0.00000077     0.30624857     0.69375066
       18     0.00000108     0.55477290     0.44522603
       19     0.00000058     0.49304178     0.50695764
       20     0.00000204     0.37628717     0.62371078
       21     0.00000161     0.30225629     0.69774210
       22     0.00000061     0.25652003     0.74347937
       23     0.00000206     0.22669601     0.77330193
       24     0.00000089     0.20448843     0.79551068
       25     0.00000048     0.18475787     0.81524165
       26     0.00000143     0.16473389     0.83526468
       27     0.00000044     0.14334781     0.85665176
       28     0.00000026     0.12094443     0.87905530
       29     0.00000091     0.09864974     0.90134935
       30     0.00000023     0.07773458     0.92226519
       31     0.00000014     0.05926449     0.94073538
       32     0.00000057     0.04378959     0.95620984
       33     0.00000018     0.03138998     0.96860985
       34     0.00000010     0.02175694     0.97824296
       35     0.00000043     0.01448956     0.98551002
       36     0.00000000     1.00000000     0.00000000
       37     0.00000046     0.99976980     0.00022974
       38     0.00000071     0.99898658     0.00101270
       39     0.00000016     0.99748945     0.00251040
       40     0.00000011     0.99509528     0.00490461
       41     0.00000064     0.99162598     0.00837338
       42     0.00000045     0.98695831     0.01304124
       43     0.00000001     0.98108107     0.01891893
       44     0.00000035     0.97416532     0.02583433
       45     0.00000061     0.96666404     0.03333535
       46     0.00000015     0.95936554     0.04063430
       47     0.00000011     0.95334851     0.04665138
       48     0.00000052     0.94977257     0.05022692
       49     0.00000033     0.94940587     0.05059381
       50     0.00000003     0.95209514     0.04790483
       51     0.00000034     0.95648089     0.04351876
       52     0.00000052     0.96042864     0.03957084
       53     0.00000015     0.96225925     0.03774059
       54     0.00000012     0.96202649     0.03797338
       55     0.00000048     0.96167047     0.03832904
       56     0.00000030     0.96369347     0.03630623
       57     0.00000004     0.96933553     0.03066442
       58     0.00000026     0.97783886     0.02216089
       59     0.00000036     0.98702256     0.01297708
       60     0.00000000     1.00000000     0.00000000
       61     0.00000010     0.99677684     0.00322306
       62     0.00000016     0.99042341     0.00957643
       63     0.00000002     0.98578899     0.01421099
       64     0.00000005     0.98558070     0.01441925
       65     0.00000011     0.98925169     0.01074820
       66     0.00000000     1.00000000     0.00000000
       67     0.00000013     0.99946257     0.00053730
       68     0.00000021     0.99849776     0.00150203
       69     0.00000003     0.99801615     0.00198381
       70     0.00000006     0.99834159     0.00165834
       71     0.00000024     0.99908114     0.00091861
       72     0.00000016     0.99958480     0.00041503
       73     0.00000003     0.99954490     0.00045507
       74     0.00000031     0.99918853     0.00081115
       75     0.00000042     0.99894505     0.00105454
       76     0.00000011     0.99899320     0.00100669
       77     0.00000029     0.99916790     0.00083181
       78     0.00000070     0.99925494     0.00074435
       79     0.00000043     0.99924825     0.00075131
       80     0.00000036     0.99926308     0.00073656
       81     0.00000102     0.99929612     0.00070286
       82     0.00000100     0.99922180     0.00077720
       83     0.00000058     0.99903718     0.00096225
       84     0.00000125     0.99896297     0.00103578
       85     0.00000182     0.99917041     0.00082777
       86     0.00000117     0.99946605     0.00053278
       87     0.00000136     0.99944962     0.00054902
       88     0.00000249     0.99904346     0.00095405
       89     0.00000229     0.99869343     0.00130428
       90     0.00000175     0.99885565     0.00114260
       91     0.00000289     0.99938594     0.00061116
       92     0.00000365     0.99964499     0.00035135
       93     0.00000278     0.99926522     0.00073201
       94     0.00000305     0.99864648     0.00135047
       95     0.00000462     0.99851620     0.00147919
       96     0.00000448     0.99905280     0.00094272
       97     0.00000362     0.99963951     0.00035687
       98     0.00000458     0.99958753     0.00040789
       99     0.00000584     0.99895519     0.00103898
      100     0.00000526     0.99846083     0.00153391
      101     0.00000472     0.99865497     0.00134031
      102     0.00000597     0.99930196     0.00069206
      103     0.00000697     0.99968640     0.00030663
      104     0.00000613     0.99941709     0.00057678
      105     0.00000546     0.99883504     0.00115949
      106     0.00000668     0.99858441     0.00140890
      107     0.00000795     0.99889816     0.00109388
      108     0.00000730     0.99940674     0.00058596
      109     0.00000632     0.99957672     0.00041696
      110     0.00000705     0.99929252     0.00070042
      111     0.00000849     0.99891618     0.00107534
      112     0.00000855     0.99884520     0.00114625
      113     0.00000756     0.99910338     0.00088906
      114     0.00000761     0.99937943     0.00061296
      115     0.00000898     0.99940345     0.00058757
      116     0.00000979     0.99921123     0.00077898
      117     0.00000930     0.99905004     0.00094065
      118     0.00000884     0.99906898     0.00092218
      119     0.00000984     0.99919744     0.00079271
      120     0.00001168     0.99927639     0.00071193
