#     Density Matrix: population Re; see the manual for detail orders
        0     0.00000000     0.00000000     1.00000000
        1     0.00000002     0.00000134     0.99999863
        2     0.00000002     0.00001576     0.99998421
        3     0.00000001     0.00005434     0.99994565
        4     0.00000010     0.00011192     0.99988798
        5     0.00000010     0.00017031     0.99982959
        6     0.00000029     0.00022497     0.99977474
        7     0.00000028     0.00032015     0.99967957
        8     0.00000054     0.00057675     0.99942271
        9     0.00000051     0.00122264     0.99877685
       10     0.00000075     0.00269264     0.99730661
       11     0.00000075     0.00599726     0.99400198
       12     0.00000081     0.01399576     0.98600343
       13     0.00000091     0.03574865     0.96425044
       14     0.00000069     0.09905758     0.90094172
       15     0.00000082     0.25044842     0.74955077
       16     0.00000027     0.41737592     0.58262381
       17     0.00000054     0.41989235     0.58010711
       18     0.00000041     0.31525370     0.68474589
       19     0.00000083     0.21386889     0.78613028
       20     0.00000071     0.14312923     0.85687006
       21     0.00000073     0.10015145     0.89984782
       22     0.00000090     0.07733706     0.92266204
       23     0.00000056     0.06784358     0.93215587
       24     0.00000071     0.06643192     0.93356737
       25     0.00000067     0.06934845     0.93065087
       26     0.00000045     0.07404032     0.92595923
       27     0.00000070     0.07887016     0.92112914
       28     0.00000059     0.08285223     0.91714718
       29     0.00000038     0.08545391     0.91454571
       30     0.00000061     0.08645850     0.91354089
       31     0.00000053     0.08583651     0.91416296
       32     0.00000037     0.08366003     0.91633960
       33     0.00000061     0.08005367     0.91994572
       34     0.00000059     0.07517629     0.92482311
       35     0.00000040     0.06925733     0.93074226
       36     0.00000062     0.06277291     0.93722647
       37     0.00000072     0.05703934     0.94295994
       38     0.00000049     0.05632886     0.94367064
       39     0.00000061     0.07536675     0.92463265
       40     0.00000082     0.15633578     0.84366339
       41     0.00000063     0.34041828     0.65958109
       42     0.00000061     0.55440588     0.44559350
       43     0.00000102     0.70972267     0.29027631
       44     0.00000119     0.80147458     0.19852423
       45     0.00000076     0.84869786     0.15130138
       46     0.00000084     0.87389772     0.12610144
       47     0.00000134     0.88801398     0.11198468
       48     0.00000116     0.89599471     0.10400414
       49     0.00000079     0.90019020     0.09980901
       50     0.00000118     0.90181311     0.09818570
       51     0.00000152     0.90155190     0.09844658
       52     0.00000112     0.89984198     0.10015690
       53     0.00000096     0.89699499     0.10300405
       54     0.00000143     0.89326670     0.10673186
       55     0.00000150     0.88890343     0.11109507
       56     0.00000105     0.88415154     0.11584741
       57     0.00000111     0.87925735     0.12074154
       58     0.00000154     0.87447347     0.12552499
       59     0.00000137     0.87005316     0.12994547
       60     0.00000095     0.86623087     0.13376819
       61     0.00000115     0.86320006     0.13679879
       62     0.00000150     0.86110499     0.13889352
       63     0.00000117     0.86002000     0.13997883
       64     0.00000075     0.85994092     0.14005832
       65     0.00000094     0.86078472     0.13921433
       66     0.00000115     0.86240070     0.13759815
       67     0.00000080     0.86458343     0.13541578
       68     0.00000039     0.86709799     0.13290161
       69     0.00000050     0.86971438     0.13028512
       70     0.00000081     0.87224500     0.12775420
       71     0.00000085     0.87454327     0.12545589
       72     0.00000061     0.87651167     0.12348772
       73     0.00000061     0.87811662     0.12188276
       74     0.00000128     0.87935666     0.12064206
       75     0.00000213     0.88023279     0.11976508
       76     0.00000232     0.88071028     0.11928740
       77     0.00000221     0.88070097     0.11929682
       78     0.00000314     0.88005729     0.11993957
       79     0.00000482     0.87860401     0.12139117
       80     0.00000535     0.87620989     0.12378476
       81     0.00000458     0.87287383     0.12712160
       82     0.00000467     0.86880755     0.13118778
       83     0.00000573     0.86449787     0.13549640
       84     0.00000564     0.86068966     0.13930471
       85     0.00000402     0.85828101     0.14171497
       86     0.00000276     0.85813729     0.14185995
       87     0.00000259     0.86085093     0.13914648
       88     0.00000246     0.86649685     0.13350068
       89     0.00000200     0.87446957     0.12552842
       90     0.00000166     0.88345928     0.11653906
       91     0.00000181     0.89163631     0.10836188
       92     0.00000302     0.89703916     0.10295782
       93     0.00000530     0.89808443     0.10191026
       94     0.00000707     0.89409549     0.10589744
       95     0.00000718     0.88566010     0.11433273
       96     0.00000695     0.87467225     0.12532080
       97     0.00000762     0.86397033     0.13602205
       98     0.00000778     0.85659661     0.14339561
       99     0.00000606     0.85484787     0.14514607
      100     0.00000374     0.85942326     0.14057300
      101     0.00000256     0.86899231     0.13100513
      102     0.00000295     0.88042833     0.11956872
      103     0.00000522     0.88975886     0.11023592
      104     0.00000876     0.89358527     0.10640597
      105     0.00001160     0.89047980     0.10950861
      106     0.00001303     0.88174947     0.11823751
      107     0.00001379     0.87113476     0.12885145
      108     0.00001389     0.86334974     0.13663637
      109     0.00001241     0.86197449     0.13801310
      110     0.00001025     0.86760226     0.13238749
      111     0.00000979     0.87727709     0.12271312
      112     0.00001229     0.88577115     0.11421656
      113     0.00001762     0.88834873     0.11163365
      114     0.00002495     0.88358871     0.11638634
      115     0.00003100     0.87455992     0.12540908
      116     0.00003157     0.86720143     0.13276699
      117     0.00002738     0.86650982     0.13346279
      118     0.00002411     0.87288885     0.12708704
      119     0.00002685     0.88146219     0.11851096
      120     0.00003724     0.88548492     0.11447784
