#     Density Matrix: population Re; see the manual for detail orders
        0     0.00000000     0.00000000     1.00000000
        1     0.00000000     0.00000814     0.99999186
        2     0.00000001     0.00005676     0.99994323
        3     0.00000001     0.00009647     0.99990352
        4     0.00000007     0.00008731     0.99991262
        5     0.00000007     0.00004413     0.99995580
        6     0.00000020     0.00001045     0.99998935
        7     0.00000019     0.00001021     0.99998960
        8     0.00000038     0.00003409     0.99996553
        9     0.00000036     0.00005845     0.99994118
       10     0.00000059     0.00006457     0.99993485
       11     0.00000053     0.00004619     0.99995328
       12     0.00000075     0.00001399     0.99998526
       13     0.00000063     0.00000864     0.99999073
       14     0.00000081     0.00015114     0.99984805
       15     0.00000064     0.00095144     0.99904792
       16     0.00000073     0.00791225     0.99208703
       17     0.00000056     0.09684342     0.90315602
       18     0.00000057     0.21529372     0.78470572
       19     0.00000058     0.09652850     0.90347092
       20     0.00000041     0.10235779     0.89764180
       21     0.00000035     0.10966633     0.89033332
       22     0.00000042     0.11520767     0.88479191
       23     0.00000027     0.11914978     0.88084994
       24     0.00000037     0.12204850     0.87795112
       25     0.00000035     0.12443563     0.87556402
       26     0.00000023     0.12673986     0.87325991
       27     0.00000037     0.12930187     0.87069776
       28     0.00000030     0.13236052     0.86763917
       29     0.00000015     0.13613650     0.86386336
       30     0.00000036     0.14081775     0.85918189
       31     0.00000041     0.14655824     0.85344135
       32     0.00000005     0.15376897     0.84623097
       33     0.00000019     0.16290362     0.83709619
       34     0.00000036     0.17454800     0.82545164
       35     0.00000008     0.18965967     0.81034025
       36     0.00000007     0.21130065     0.78869928
       37     0.00000033     0.24919947     0.75080020
       38     0.00000024     0.36931976     0.63068000
       39     0.00000002     0.67694174     0.32305824
       40     0.00000008     0.93808040     0.06191952
       41     0.00000021     0.98995932     0.01004047
       42     0.00000010     0.98947181     0.01052810
       43     0.00000002     0.98584558     0.01415440
       44     0.00000015     0.98315011     0.01684973
       45     0.00000019     0.98143399     0.01856582
       46     0.00000006     0.98039714     0.01960280
       47     0.00000003     0.97979122     0.02020875
       48     0.00000014     0.97948293     0.02051694
       49     0.00000015     0.97936500     0.02063485
       50     0.00000005     0.97938772     0.02061223
       51     0.00000005     0.97951863     0.02048132
       52     0.00000014     0.97971688     0.02028299
       53     0.00000011     0.97996511     0.02003478
       54     0.00000003     0.98025263     0.01974735
       55     0.00000005     0.98057292     0.01942703
       56     0.00000012     0.98092219     0.01907769
       57     0.00000009     0.98129790     0.01870201
       58     0.00000002     0.98169749     0.01830249
       59     0.00000005     0.98211779     0.01788216
       60     0.00000011     0.98255501     0.01744488
       61     0.00000008     0.98300464     0.01699528
       62     0.00000002     0.98346138     0.01653861
       63     0.00000004     0.98391952     0.01608044
       64     0.00000012     0.98437384     0.01562604
       65     0.00000012     0.98482017     0.01517972
       66     0.00000005     0.98525552     0.01474443
       67     0.00000006     0.98567843     0.01432151
       68     0.00000017     0.98608941     0.01391042
       69     0.00000025     0.98654972     0.01345002
       70     0.00000026     0.98702880     0.01297094
       71     0.00000020     0.98746428     0.01253552
       72     0.00000043     0.98784169     0.01215789
       73     0.00000079     0.98818183     0.01181738
       74     0.00000079     0.98849233     0.01150688
       75     0.00000058     0.98876138     0.01123804
       76     0.00000082     0.98897577     0.01102341
       77     0.00000142     0.98912474     0.01087385
       78     0.00000160     0.98920364     0.01079476
       79     0.00000131     0.98921720     0.01078149
       80     0.00000139     0.98918321     0.01081540
       81     0.00000211     0.98913602     0.01086187
       82     0.00000237     0.98906248     0.01093515
       83     0.00000166     0.98905142     0.01094692
       84     0.00000196     0.98926905     0.01072898
       85     0.00000332     0.98973637     0.01026031
       86     0.00000000     1.00000000     0.00000000
       87     0.00000389     0.99994869     0.00004742
       88     0.00000994     0.99979813     0.00019193
       89     0.00000881     0.99954569     0.00044550
       90     0.00000217     0.99919353     0.00080431
       91     0.00000115     0.99873421     0.00126464
       92     0.00000933     0.99820125     0.00178942
       93     0.00001410     0.99770385     0.00228206
       94     0.00000850     0.99732642     0.00266508
       95     0.00000103     0.99712123     0.00287774
       96     0.00000306     0.99713054     0.00286640
       97     0.00001217     0.99737535     0.00261248
       98     0.00001580     0.99784225     0.00214195
       99     0.00000904     0.99847044     0.00152052
      100     0.00000176     0.99912457     0.00087367
      101     0.00000396     0.99965174     0.00034430
      102     0.00001376     0.99993162     0.00005461
      103     0.00001836     0.99990437     0.00007727
      104     0.00001227     0.99957562     0.00041211
      105     0.00000376     0.99902812     0.00096812
      106     0.00000447     0.99840783     0.00158771
      107     0.00001364     0.99790984     0.00207651
      108     0.00001963     0.99771138     0.00226899
      109     0.00001575     0.99789944     0.00208480
      110     0.00000671     0.99842514     0.00156815
      111     0.00000346     0.99910888     0.00088767
      112     0.00001063     0.99969887     0.00029051
      113     0.00002165     0.99996815     0.00001020
      114     0.00002536     0.99980080     0.00017384
      115     0.00001765     0.99928210     0.00070025
      116     0.00000780     0.99864762     0.00134459
      117     0.00000853     0.99821424     0.00177723
      118     0.00001987     0.99822909     0.00175104
      119     0.00003134     0.99870346     0.00126520
      120     0.00003286     0.99938592     0.00058122
