#     Density Matrix: population Re; see the manual for detail orders
        0     0.00000000     0.00000000     1.00000000
        1     0.00000000     0.00000000     1.00000000
        2     0.00000000     0.00000004     0.99999996
        3     0.00000001     0.00000124     0.99999875
        4     0.00000005     0.00000672     0.99999324
        5     0.00000013     0.00001925     0.99998062
        6     0.00000033     0.00004111     0.99995856
        7     0.00000049     0.00007984     0.99991967
        8     0.00000069     0.00015742     0.99984189
        9     0.00000080     0.00032610     0.99967310
       10     0.00000095     0.00072057     0.99927848
       11     0.00000098     0.00174749     0.99825153
       12     0.00000104     0.00488136     0.99511760
       13     0.00000098     0.01702594     0.98297308
       14     0.00000091     0.08452975     0.91546934
       15     0.00000110     0.60197891     0.39801999
       16     0.00000023     0.64997617     0.35002359
       17     0.00000367     0.39896673     0.60102960
       18     0.00000069     0.30486760     0.69513171
       19     0.00000164     0.26059163     0.73940673
       20     0.00000263     0.23471301     0.76528436
       21     0.00000001     0.21508263     0.78491736
       22     0.00000237     0.19619200     0.80380563
       23     0.00000186     0.17580616     0.82419197
       24     0.00000017     0.15364188     0.84635796
       25     0.00000178     0.13049984     0.86949838
       26     0.00000108     0.10778988     0.89220904
       27     0.00000033     0.08691951     0.91308016
       28     0.00000120     0.06887403     0.93112477
       29     0.00000080     0.05402871     0.94597050
       30     0.00000049     0.04222616     0.95777335
       31     0.00000102     0.03296573     0.96703325
       32     0.00000075     0.02570091     0.97429834
       33     0.00000061     0.01999965     0.97999974
       34     0.00000085     0.01562776     0.98437139
       35     0.00000070     0.01253123     0.98746806
       36     0.00000069     0.01078782     0.98921149
       37     0.00000076     0.01053956     0.98945968
       38     0.00000071     0.01199328     0.98800601
       39     0.00000075     0.01550662     0.98449262
       40     0.00000058     0.02180522     0.97819420
       41     0.00000078     0.03249675     0.96750246
       42     0.00000087     0.05192545     0.94807369
       43     0.00000043     0.08795174     0.91204784
       44     0.00000101     0.15043703     0.84956196
       45     0.00000083     0.24390182     0.75609734
       46     0.00000024     0.34987097     0.65012879
       47     0.00000115     0.42963883     0.57036002
       48     0.00000050     0.46365919     0.53634031
       49     0.00000028     0.47761126     0.52238846
       50     0.00000112     0.52793046     0.47206842
       51     0.00000034     0.64492985     0.35506981
       52     0.00000027     0.78331461     0.21668512
       53     0.00000070     0.89018018     0.10981912
       54     0.00000039     0.95621474     0.04378487
       55     0.00000037     0.98956485     0.01043478
       56     0.00000000     1.00000000     0.00000000
       57     0.00000002     0.99553762     0.00446236
       58     0.00000003     0.98751511     0.01248485
       59     0.00000000     0.98234433     0.01765567
       60     0.00000002     0.98262921     0.01737077
       61     0.00000001     0.98700414     0.01299585
       62     0.00000000     1.00000000     0.00000000
       63     0.00000001     0.99957283     0.00042716
       64     0.00000002     0.99883190     0.00116808
       65     0.00000000     0.99848030     0.00151970
       66     0.00000001     0.99873346     0.00126653
       67     0.00000002     0.99927871     0.00072127
       68     0.00000001     0.99964185     0.00035814
       69     0.00000001     0.99961232     0.00038767
       70     0.00000005     0.99935946     0.00064049
       71     0.00000004     0.99918566     0.00081430
       72     0.00000002     0.99921399     0.00078599
       73     0.00000006     0.99933049     0.00066945
       74     0.00000008     0.99938891     0.00061101
       75     0.00000005     0.99938757     0.00061237
       76     0.00000012     0.99940705     0.00059284
       77     0.00000017     0.99944063     0.00055920
       78     0.00000012     0.99938756     0.00061232
       79     0.00000019     0.99923575     0.00076406
       80     0.00000030     0.99915579     0.00084391
       81     0.00000027     0.99930347     0.00069626
       82     0.00000032     0.99955742     0.00044226
       83     0.00000050     0.99959187     0.00040763
       84     0.00000050     0.99928126     0.00071824
       85     0.00000051     0.99893462     0.00106487
       86     0.00000074     0.99898242     0.00101685
       87     0.00000083     0.99942813     0.00057103
       88     0.00000078     0.99976289     0.00023633
       89     0.00000099     0.99953182     0.00046719
       90     0.00000122     0.99892193     0.00107686
       91     0.00000116     0.99860365     0.00139519
       92     0.00000125     0.99896700     0.00103174
       93     0.00000158     0.99963267     0.00036575
       94     0.00000163     0.99984508     0.00015329
       95     0.00000155     0.99931806     0.00068040
       96     0.00000181     0.99858651     0.00141168
       97     0.00000207     0.99842534     0.00157259
       98     0.00000197     0.99900521     0.00099282
       99     0.00000197     0.99972011     0.00027792
      100     0.00000227     0.99983873     0.00015900
      101     0.00000235     0.99926134     0.00073631
      102     0.00000217     0.99858874     0.00140909
      103     0.00000226     0.99848272     0.00151502
      104     0.00000257     0.99901606     0.00098138
      105     0.00000252     0.99965468     0.00034280
      106     0.00000226     0.99981145     0.00018630
      107     0.00000234     0.99940920     0.00058846
      108     0.00000261     0.99889529     0.00110210
      109     0.00000255     0.99875313     0.00124432
      110     0.00000231     0.99906668     0.00093101
      111     0.00000236     0.99950657     0.00049107
      112     0.00000253     0.99968196     0.00031551
      113     0.00000242     0.99950732     0.00049026
      114     0.00000219     0.99921726     0.00078055
      115     0.00000222     0.99909170     0.00090608
      116     0.00000247     0.99919970     0.00079783
      117     0.00000251     0.99939166     0.00060583
      118     0.00000228     0.99948614     0.00051158
      119     0.00000212     0.99944468     0.00055320
      120     0.00000227     0.99936478     0.00063295
