#     Density Matrix: population Re; see the manual for detail orders
        0     0.00000000     0.00000000     1.00000000
        1     0.00000001     0.00000193     0.99999806
        2     0.00000003     0.00001356     0.99998641
        3     0.00000006     0.00002490     0.99997503
        4     0.00000011     0.00002836     0.99997153
        5     0.00000016     0.00002386     0.99997599
        6     0.00000024     0.00001594     0.99998382
        7     0.00000027     0.00000934     0.99999039
        8     0.00000040     0.00000631     0.99999329
        9     0.00000040     0.00000718     0.99999242
       10     0.00000057     0.00001654     0.99998289
       11     0.00000053     0.00077912     0.99922035
       12     0.00000068     0.00120137     0.99879795
       13     0.00000066     0.00096171     0.99903764
       14     0.00000068     0.00097437     0.99902495
       15     0.00000075     0.00092866     0.99907058
       16     0.00000067     0.00085830     0.99914103
       17     0.00000080     0.00079259     0.99920661
       18     0.00000074     0.00075846     0.99924080
       19     0.00000076     0.00077803     0.99922121
       20     0.00000088     0.00086704     0.99913208
       21     0.00000070     0.00103474     0.99896455
       22     0.00000077     0.00128650     0.99871273
       23     0.00000084     0.00162663     0.99837253
       24     0.00000065     0.00205999     0.99793936
       25     0.00000076     0.00259723     0.99740202
       26     0.00000080     0.00326134     0.99673786
       27     0.00000062     0.00409765     0.99590174
       28     0.00000071     0.00519268     0.99480661
       29     0.00000076     0.00671262     0.99328662
       30     0.00000059     0.00899073     0.99100869
       31     0.00000063     0.01274726     0.98725211
       32     0.00000073     0.01971475     0.98028452
       33     0.00000057     0.03473289     0.96526653
       34     0.00000053     0.07407656     0.92592292
       35     0.00000067     0.20278040     0.79721893
       36     0.00000065     0.47714697     0.52285238
       37     0.00000042     0.72313961     0.27685997
       38     0.00000052     0.83417371     0.16582577
       39     0.00000071     0.87917168     0.12082761
       40     0.00000054     0.90042404     0.09957542
       41     0.00000041     0.91188361     0.08811598
       42     0.00000061     0.91862285     0.08137654
       43     0.00000069     0.92279770     0.07720161
       44     0.00000048     0.92544728     0.07455225
       45     0.00000045     0.92712098     0.07287857
       46     0.00000070     0.92813087     0.07186844
       47     0.00000073     0.92866428     0.07133499
       48     0.00000053     0.92883697     0.07116250
       49     0.00000058     0.92872216     0.07127726
       50     0.00000088     0.92836851     0.07163061
       51     0.00000094     0.92780930     0.07218977
       52     0.00000075     0.92706890     0.07293034
       53     0.00000084     0.92616827     0.07383090
       54     0.00000122     0.92513011     0.07486867
       55     0.00000133     0.92398198     0.07601669
       56     0.00000112     0.92275803     0.07724086
       57     0.00000115     0.92150060     0.07849825
       58     0.00000155     0.92026132     0.07973713
       59     0.00000169     0.91910008     0.08089824
       60     0.00000139     0.91808118     0.08191743
       61     0.00000124     0.91726892     0.08272983
       62     0.00000148     0.91672296     0.08327555
       63     0.00000162     0.91649277     0.08350562
       64     0.00000133     0.91661109     0.08338759
       65     0.00000099     0.91708825     0.08291076
       66     0.00000100     0.91790828     0.08209071
       67     0.00000120     0.91902762     0.08097118
       68     0.00000120     0.92037542     0.07962338
       69     0.00000099     0.92185580     0.07814322
       70     0.00000088     0.92335295     0.07664616
       71     0.00000113     0.92473955     0.07525932
       72     0.00000158     0.92588646     0.07411197
       73     0.00000184     0.92667301     0.07332515
       74     0.00000181     0.92699788     0.07300031
       75     0.00000188     0.92679086     0.07320726
       76     0.00000241     0.92602454     0.07397305
       77     0.00000307     0.92472391     0.07527302
       78     0.00000327     0.92297209     0.07702464
       79     0.00000303     0.92091205     0.07908492
       80     0.00000297     0.91874275     0.08125427
       81     0.00000334     0.91670823     0.08328843
       82     0.00000363     0.91507686     0.08491951
       83     0.00000336     0.91411002     0.08588662
       84     0.00000273     0.91402338     0.08597389
       85     0.00000230     0.91494336     0.08505433
       86     0.00000229     0.91686772     0.08312998
       87     0.00000248     0.91963554     0.08036198
       88     0.00000263     0.92291922     0.07707815
       89     0.00000273     0.92624645     0.07375081
       90     0.00000299     0.92905701     0.07094001
       91     0.00000373     0.93079404     0.06920223
       92     0.00000515     0.93101973     0.06897512
       93     0.00000684     0.92953304     0.07046012
       94     0.00000793     0.92645895     0.07353312
       95     0.00000807     0.92228316     0.07770876
       96     0.00000778     0.91780347     0.08218876
       97     0.00000756     0.91399004     0.08600240
       98     0.00000717     0.91176925     0.08822358
       99     0.00000611     0.91177683     0.08821705
      100     0.00000461     0.91414029     0.08585510
      101     0.00000343     0.91836804     0.08162853
      102     0.00000316     0.92340826     0.07658858
      103     0.00000401     0.92788715     0.07210883
      104     0.00000600     0.93049003     0.06950398
      105     0.00000858     0.93038272     0.06960870
      106     0.00001058     0.92753553     0.07245389
      107     0.00001109     0.92281880     0.07717011
      108     0.00001036     0.91778782     0.08220182
      109     0.00000912     0.91419076     0.08580012
      110     0.00000763     0.91334135     0.08665102
      111     0.00000606     0.91558180     0.08441214
      112     0.00000515     0.92006918     0.07992567
      113     0.00000571     0.92502032     0.07497397
      114     0.00000776     0.92838293     0.07160931
      115     0.00001077     0.92870190     0.07128733
      116     0.00001415     0.92581761     0.07416824
      117     0.00001684     0.92104283     0.07894034
      118     0.00001735     0.91665813     0.08332452
      119     0.00001531     0.91486159     0.08512310
      120     0.00001241     0.91662724     0.08336035
