#     Density Matrix: population Re; see the manual for detail orders
        0     0.00000000     0.00000000     1.00000000
        1     0.00000000     0.00001225     0.99998775
        2     0.00000002     0.00012586     0.99987412
        3     0.00000004     0.00038598     0.99961398
        4     0.00000008     0.00075279     0.99924713
        5     0.00000013     0.00115618     0.99884369
        6     0.00000019     0.00166267     0.99833714
        7     0.00000027     0.00278108     0.99721865
        8     0.00000035     0.00608966     0.99390999
        9     0.00000041     0.01604438     0.98395521
       10     0.00000045     0.04620484     0.95379470
       11     0.00000045     0.13615860     0.86384095
       12     0.00000033     0.32992445     0.67007521
       13     0.00000062     0.49376508     0.50623430
       14     0.00000055     0.41980942     0.58019003
       15     0.00000051     0.33099387     0.66900562
       16     0.00000006     0.28592187     0.71407807
       17     0.00000057     0.24983943     0.75016000
       18     0.00000029     0.22590207     0.77409764
       19     0.00000020     0.21361521     0.78638459
       20     0.00000060     0.21098715     0.78901225
       21     0.00000009     0.21557477     0.78442514
       22     0.00000037     0.22504220     0.77495743
       23     0.00000045     0.23746313     0.76253643
       24     0.00000004     0.25147768     0.74852228
       25     0.00000048     0.26629495     0.73370457
       26     0.00000034     0.28163249     0.71836717
       27     0.00000007     0.29762954     0.70237039
       28     0.00000050     0.31480467     0.68519483
       29     0.00000026     0.33387033     0.66612941
       30     0.00000006     0.35585449     0.64414544
       31     0.00000043     0.38202104     0.61797853
       32     0.00000022     0.41363731     0.58636247
       33     0.00000002     0.45211024     0.54788974
       34     0.00000028     0.49852324     0.50147648
       35     0.00000020     0.55304937     0.44695043
       36     0.00000000     0.60834169     0.39165831
       37     0.00000012     0.64826767     0.35173221
       38     0.00000017     0.66848462     0.33151522
       39     0.00000005     0.66568411     0.33431584
       40     0.00000005     0.63692623     0.36307372
       41     0.00000013     0.58089611     0.41910376
       42     0.00000007     0.50219382     0.49780610
       43     0.00000004     0.41486895     0.58513102
       44     0.00000014     0.34098273     0.65901713
       45     0.00000007     0.45885838     0.54114155
       46     0.00000008     0.81710302     0.18289690
       47     0.00000052     0.96429965     0.03569984
       48     0.00000036     0.96161239     0.03838725
       49     0.00000001     0.96014955     0.03985045
       50     0.00000034     0.95928842     0.04071124
       51     0.00000060     0.95875466     0.04124474
       52     0.00000016     0.95847960     0.04152025
       53     0.00000009     0.95839613     0.04160378
       54     0.00000067     0.95848091     0.04151843
       55     0.00000057     0.95873632     0.04126310
       56     0.00000002     0.95917858     0.04082140
       57     0.00000042     0.95983165     0.04016793
       58     0.00000103     0.96072196     0.03927701
       59     0.00000048     0.96186788     0.03813164
       60     0.00000011     0.96327043     0.03672946
       61     0.00000105     0.96491127     0.03508768
       62     0.00000138     0.96675128     0.03324734
       63     0.00000041     0.96872839     0.03127120
       64     0.00000058     0.97076163     0.02923780
       65     0.00000192     0.97276240     0.02723568
       66     0.00000168     0.97464236     0.02535596
       67     0.00000055     0.97631661     0.02368284
       68     0.00000143     0.97771202     0.02228655
       69     0.00000283     0.97877956     0.02121760
       70     0.00000191     0.97949867     0.02049942
       71     0.00000091     0.97987914     0.02011995
       72     0.00000242     0.97997125     0.02002633
       73     0.00000356     0.97987354     0.02012290
       74     0.00000209     0.97972516     0.02027275
       75     0.00000134     0.97968900     0.02030966
       76     0.00000315     0.97993578     0.02006107
       77     0.00000397     0.98061895     0.01937709
       78     0.00000223     0.98184125     0.01815652
       79     0.00000156     0.98362927     0.01636917
       80     0.00000341     0.98593136     0.01406523
       81     0.00000428     0.98862569     0.01137002
       82     0.00000000     1.00000000     0.00000000
       83     0.00000644     0.99951966     0.00047390
       84     0.00001372     0.99805456     0.00193172
       85     0.00000774     0.99571025     0.00428202
       86     0.00000011     0.99278634     0.00721355
       87     0.00000598     0.98978285     0.01021117
       88     0.00001425     0.98734843     0.01263733
       89     0.00000938     0.98612283     0.01386779
       90     0.00000063     0.98652722     0.01347216
       91     0.00000343     0.98859244     0.01140414
       92     0.00000000     1.00000000     0.00000000
       93     0.00000758     0.99924466     0.00074775
       94     0.00001733     0.99724339     0.00273927
       95     0.00001205     0.99473327     0.00525468
       96     0.00000111     0.99269627     0.00730262
       97     0.00000345     0.99200274     0.00799381
       98     0.00001472     0.99302563     0.00695966
       99     0.00001665     0.99538042     0.00460292
      100     0.00000649     0.99798507     0.00200845
      101     0.00000010     0.99954295     0.00045695
      102     0.00000858     0.99927181     0.00071961
      103     0.00002001     0.99744446     0.00253552
      104     0.00001672     0.99531360     0.00466968
      105     0.00000404     0.99435241     0.00564355
      106     0.00000134     0.99523434     0.00476432
      107     0.00001299     0.99727991     0.00270710
      108     0.00002418     0.99890044     0.00107538
      109     0.00002012     0.99884886     0.00113102
      110     0.00000622     0.99731679     0.00267699
      111     0.00000276     0.99582673     0.00417051
      112     0.00001668     0.99582735     0.00415597
      113     0.00003297     0.99724125     0.00272578
      114     0.00003408     0.99851951     0.00144641
      115     0.00001949     0.99832263     0.00165789
      116     0.00000829     0.99704382     0.00294789
      117     0.00001841     0.99632030     0.00366129
      118     0.00004549     0.99698967     0.00296484
      119     0.00006857     0.99805090     0.00188052
      120     0.00007028     0.99807450     0.00185521
