#     Density Matrix: population Re; see the manual for detail orders
        0     0.00000000     0.00000000     1.00000000
        1     0.00000016     0.00002824     0.99997160
        2     0.00000019     0.00028129     0.99971852
        3     0.00000036     0.00084610     0.99915354
        4     0.00000036     0.00168349     0.99831614
        5     0.00000056     0.00284862     0.99715082
        6     0.00000059     0.00517665     0.99482276
        7     0.00000065     0.01235234     0.98764701
        8     0.00000079     0.03863634     0.96136287
        9     0.00000049     0.13576307     0.86423644
       10     0.00000055     0.37402022     0.62597923
       11     0.00000049     0.54000165     0.45999786
       12     0.00000103     0.41788233     0.58211664
       13     0.00000116     0.30539011     0.69460872
       14     0.00000162     0.24193614     0.75806224
       15     0.00000069     0.20811445     0.79188486
       16     0.00000101     0.19161391     0.80838509
       17     0.00000077     0.18487958     0.81511965
       18     0.00000024     0.18303674     0.81696302
       19     0.00000052     0.18289413     0.81710535
       20     0.00000023     0.18241879     0.81758098
       21     0.00000006     0.18042569     0.81957425
       22     0.00000020     0.17637616     0.82362364
       23     0.00000003     0.17024589     0.82975408
       24     0.00000006     0.16245768     0.83754226
       25     0.00000010     0.15384288     0.84615701
       26     0.00000000     0.14560009     0.85439990
       27     0.00000008     0.13924598     0.86075394
       28     0.00000008     0.13650760     0.86349232
       29     0.00000000     0.13914410     0.86085590
       30     0.00000007     0.14863642     0.85136351
       31     0.00000009     0.16579953     0.83420039
       32     0.00000003     0.19026963     0.80973034
       33     0.00000002     0.21991637     0.78008361
       34     0.00000004     0.25035809     0.74964187
       35     0.00000010     0.27485278     0.72514712
       36     0.00000002     0.28486925     0.71513074
       37     0.00000008     0.27190343     0.72809649
       38     0.00000018     0.23095571     0.76904411
       39     0.00000001     0.16546792     0.83453207
       40     0.00000023     0.09180750     0.90819226
       41     0.00000029     0.03879878     0.96120093
       42     0.00000002     0.03671662     0.96328336
       43     0.00000039     0.09695350     0.90304612
       44     0.00000016     0.19714371     0.80285614
       45     0.00000016     0.28994587     0.71005397
       46     0.00000039     0.33277229     0.66722732
       47     0.00000005     0.31324256     0.68675739
       48     0.00000053     0.25151940     0.74848007
       49     0.00000025     0.18360507     0.81639469
       50     0.00000033     0.14050664     0.85949303
       51     0.00000058     0.13480549     0.86519393
       52     0.00000008     0.15866454     0.84133538
       53     0.00000062     0.19170667     0.80829272
       54     0.00000009     0.21356145     0.78643846
       55     0.00000057     0.21448253     0.78551690
       56     0.00000032     0.19885316     0.80114652
       57     0.00000037     0.18019715     0.81980248
       58     0.00000056     0.17124093     0.82875851
       59     0.00000009     0.17569669     0.82430322
       60     0.00000047     0.18718512     0.81281440
       61     0.00000004     0.19550688     0.80449308
       62     0.00000062     0.19503137     0.80496800
       63     0.00000007     0.18831773     0.81168220
       64     0.00000056     0.18245765     0.81754180
       65     0.00000009     0.18211100     0.81788890
       66     0.00000019     0.18592148     0.81407832
       67     0.00000001     0.18920203     0.81079796
       68     0.00000043     0.18926895     0.81073062
       69     0.00000018     0.18746490     0.81253492
       70     0.00000017     0.18635842     0.81364141
       71     0.00000023     0.18638771     0.81361206
       72     0.00000012     0.18623816     0.81376172
       73     0.00000000     0.18573548     0.81426452
       74     0.00000035     0.18642486     0.81357480
       75     0.00000038     0.18864026     0.81135936
       76     0.00000000     0.18977338     0.81022661
       77     0.00000020     0.18733154     0.81266826
       78     0.00000041     0.18331065     0.81668894
       79     0.00000015     0.18289807     0.81710178
       80     0.00000014     0.18783186     0.81216801
       81     0.00000059     0.19284211     0.80715730
       82     0.00000030     0.19125510     0.80874460
       83     0.00000002     0.18377995     0.81622002
       84     0.00000044     0.17899263     0.82100692
       85     0.00000081     0.18335551     0.81664368
       86     0.00000022     0.19268822     0.80731156
       87     0.00000032     0.19621935     0.80378033
       88     0.00000060     0.18924137     0.81075803
       89     0.00000054     0.17910848     0.82089098
       90     0.00000024     0.17726245     0.82273732
       91     0.00000090     0.18603450     0.81396460
       92     0.00000135     0.19598847     0.80401019
       93     0.00000027     0.19640528     0.80359445
       94     0.00000002     0.18697891     0.81302107
       95     0.00000044     0.17775460     0.82224495
       96     0.00000170     0.17815665     0.82184165
       97     0.00000113     0.18715927     0.81283960
       98     0.00000077     0.19515495     0.80484428
       99     0.00000084     0.19449952     0.80549965
      100     0.00000034     0.18678454     0.81321512
      101     0.00000075     0.18020884     0.81979041
      102     0.00000079     0.18075454     0.81924467
      103     0.00000214     0.18676623     0.81323162
      104     0.00000200     0.19174713     0.80825087
      105     0.00000023     0.19134762     0.80865215
      106     0.00000001     0.18706208     0.81293790
      107     0.00000031     0.18364551     0.81635418
      108     0.00000232     0.18395184     0.81604584
      109     0.00000263     0.18670457     0.81329280
      110     0.00000086     0.18871373     0.81128541
      111     0.00000049     0.18844839     0.81155112
      112     0.00000011     0.18701233     0.81298756
      113     0.00000133     0.18619907     0.81379960
      114     0.00000241     0.18633621     0.81366138
      115     0.00000146     0.18666704     0.81333150
      116     0.00000137     0.18670034     0.81329829
      117     0.00000063     0.18686372     0.81313565
      118     0.00000059     0.18741728     0.81258213
      119     0.00000193     0.18771665     0.81228142
      120     0.00000174     0.18707023     0.81292803
