#     Density Matrix: population Re; see the manual for detail orders
        0     0.00000000     0.00000000     1.00000000
        1     0.00000000     0.00000045     0.99999955
        2     0.00000001     0.00000504     0.99999495
        3     0.00000002     0.00001537     0.99998461
        4     0.00000005     0.00002603     0.99997391
        5     0.00000007     0.00003116     0.99996877
        6     0.00000012     0.00003409     0.99996580
        7     0.00000014     0.00004788     0.99995198
        8     0.00000019     0.00008824     0.99991157
        9     0.00000022     0.00017124     0.99982854
       10     0.00000026     0.00032606     0.99967368
       11     0.00000030     0.00062938     0.99937033
       12     0.00000034     0.00128386     0.99871580
       13     0.00000037     0.00282676     0.99717287
       14     0.00000041     0.00676033     0.99323926
       15     0.00000043     0.01760131     0.98239826
       16     0.00000024     0.48172299     0.51827677
       17     0.00000022     0.77710912     0.22289066
       18     0.00000008     0.69787494     0.30212498
       19     0.00000046     0.53733306     0.46266648
       20     0.00000060     0.50214992     0.49784948
       21     0.00000052     0.52945847     0.47054101
       22     0.00000049     0.57528975     0.42470976
       23     0.00000040     0.62181633     0.37818328
       24     0.00000028     0.66216333     0.33783639
       25     0.00000020     0.69415332     0.30584648
       26     0.00000012     0.71771782     0.28228205
       27     0.00000006     0.73374009     0.26625985
       28     0.00000003     0.74342707     0.25657291
       29     0.00000001     0.74809068     0.25190932
       30     0.00000000     0.74899653     0.25100347
       31     0.00000001     0.74732944     0.25267055
       32     0.00000003     0.74418390     0.25581608
       33     0.00000005     0.74057731     0.25942264
       34     0.00000007     0.73748788     0.26251205
       35     0.00000008     0.73590311     0.26409681
       36     0.00000009     0.73682590     0.26317401
       37     0.00000010     0.74127567     0.25872423
       38     0.00000010     0.75026311     0.24973679
       39     0.00000009     0.76465030     0.23534961
       40     0.00000008     0.78502360     0.21497632
       41     0.00000007     0.81143143     0.18856850
       42     0.00000005     0.84307307     0.15692689
       43     0.00000002     0.87806080     0.12193918
       44     0.00000004     0.91312401     0.08687595
       45     0.00000010     0.94345104     0.05654886
       46     0.00000010     0.96319239     0.03680751
       47     0.00000008     0.96644972     0.03355021
       48     0.00000013     0.94906183     0.05093804
       49     0.00000019     0.91116864     0.08883117
       50     0.00000017     0.85948927     0.14051056
       51     0.00000017     0.80756934     0.19243049
       52     0.00000021     0.77246027     0.22753952
       53     0.00000016     0.76764746     0.23235239
       54     0.00000010     0.79612317     0.20387673
       55     0.00000007     0.84829323     0.15170670
       56     0.00000003     0.90679372     0.09320625
       57     0.00000001     0.95494072     0.04505927
       58     0.00000002     0.98350946     0.01649052
       59     0.00000004     0.99243085     0.00756911
       60     0.00000007     0.98819118     0.01180875
       61     0.00000008     0.97947527     0.02052465
       62     0.00000007     0.97347413     0.02652581
       63     0.00000005     0.97341193     0.02658802
       64     0.00000003     0.97861741     0.02138256
       65     0.00000002     0.98598580     0.01401419
       66     0.00000001     0.99213820     0.00786178
       67     0.00000003     0.99528040     0.00471957
       68     0.00000005     0.99548529     0.00451466
       69     0.00000006     0.99429982     0.00570012
       70     0.00000005     0.99351507     0.00648488
       71     0.00000005     0.99392335     0.00607660
       72     0.00000006     0.99519221     0.00480773
       73     0.00000007     0.99648063     0.00351930
       74     0.00000010     0.99717913     0.00282077
       75     0.00000013     0.99732327     0.00267659
       76     0.00000017     0.99734082     0.00265902
       77     0.00000020     0.99746567     0.00253413
       78     0.00000024     0.99767148     0.00232828
       79     0.00000028     0.99777875     0.00222097
       80     0.00000032     0.99782507     0.00217461
       81     0.00000044     0.99803171     0.00196786
       82     0.00000054     0.99845562     0.00154383
       83     0.00000058     0.99885551     0.00114391
       84     0.00000064     0.99890197     0.00109738
       85     0.00000078     0.99860039     0.00139883
       86     0.00000089     0.99836412     0.00163498
       87     0.00000099     0.99858695     0.00141206
       88     0.00000113     0.99918435     0.00081452
       89     0.00000129     0.99965260     0.00034611
       90     0.00000139     0.99960526     0.00039335
       91     0.00000149     0.99918680     0.00081170
       92     0.00000167     0.99890689     0.00109144
       93     0.00000186     0.99909737     0.00090077
       94     0.00000201     0.99959266     0.00040534
       95     0.00000213     0.99994544     0.00005243
       96     0.00000229     0.99989651     0.00010120
       97     0.00000244     0.99959498     0.00040258
       98     0.00000259     0.99939193     0.00060548
       99     0.00000274     0.99948111     0.00051616
      100     0.00000289     0.99975508     0.00024203
      101     0.00000303     0.99996546     0.00003151
      102     0.00000314     0.99997325     0.00002362
      103     0.00000324     0.99984363     0.00015313
      104     0.00000336     0.99973972     0.00025692
      105     0.00000349     0.99975889     0.00023762
      106     0.00000360     0.99986914     0.00012726
      107     0.00000367     0.99996664     0.00002969
      108     0.00000379     0.99998967     0.00000654
      109     0.00000394     0.99995578     0.00004028
      110     0.00000406     0.99991997     0.00007597
      111     0.00000416     0.99992055     0.00007529
      112     0.00000430     0.99995235     0.00004335
      113     0.00000449     0.99998446     0.00001104
      114     0.00000470     0.99999467     0.00000063
      115     0.00000493     0.99998588     0.00000919
      116     0.00000517     0.99997454     0.00002029
      117     0.00000546     0.99997345     0.00002109
      118     0.00000585     0.99998259     0.00001155
      119     0.00000631     0.99999144     0.00000225
      120     0.00000683     0.99999303     0.00000014
