#     Density Matrix: population Re; see the manual for detail orders
        0     0.00000000     0.00000000     1.00000000
        1     0.00000000     0.00000035     0.99999965
        2     0.00000001     0.00000370     0.99999629
        3     0.00000001     0.00001001     0.99998998
        4     0.00000009     0.00001372     0.99998619
        5     0.00000010     0.00001097     0.99998893
        6     0.00000027     0.00000500     0.99999472
        7     0.00000032     0.00000115     0.99999852
        8     0.00000057     0.00000022     0.99999922
        9     0.00000065     0.00000108     0.99999827
       10     0.00000089     0.00000992     0.99998919
       11     0.00000093     0.00004758     0.99995149
       12     0.00000112     0.00015999     0.99983889
       13     0.00000103     0.00046986     0.99952911
       14     0.00000120     0.00144937     0.99854943
       15     0.00000099     0.00582507     0.99417394
       16     0.00000113     0.04705952     0.95293935
       17     0.00000064     0.15833017     0.84166918
       18     0.00000143     0.42941687     0.57058171
       19     0.00000126     0.16126416     0.83873458
       20     0.00000029     0.14765601     0.85234370
       21     0.00000110     0.15018843     0.84981048
       22     0.00000067     0.15668751     0.84331182
       23     0.00000046     0.16327124     0.83672830
       24     0.00000105     0.16862901     0.83136995
       25     0.00000032     0.17244789     0.82755179
       26     0.00000062     0.17482769     0.82517169
       27     0.00000094     0.17602522     0.82397385
       28     0.00000013     0.17632432     0.82367555
       29     0.00000074     0.17601770     0.82398155
       30     0.00000091     0.17540443     0.82459466
       31     0.00000011     0.17478953     0.82521036
       32     0.00000063     0.17454160     0.82545777
       33     0.00000093     0.17521034     0.82478874
       34     0.00000016     0.17773501     0.82226484
       35     0.00000048     0.18471098     0.81528854
       36     0.00000099     0.20493069     0.79506832
       37     0.00000029     0.28155658     0.71844313
       38     0.00000017     0.53389555     0.46610428
       39     0.00000095     0.77634558     0.22365347
       40     0.00000077     0.84116687     0.15883235
       41     0.00000007     0.85588403     0.14411591
       42     0.00000057     0.86179521     0.13820422
       43     0.00000104     0.86502939     0.13496957
       44     0.00000034     0.86716046     0.13283920
       45     0.00000015     0.86870299     0.13129686
       46     0.00000091     0.86987644     0.13012265
       47     0.00000085     0.87080001     0.12919914
       48     0.00000012     0.87154930     0.12845058
       49     0.00000037     0.87217836     0.12782128
       50     0.00000103     0.87273161     0.12726736
       51     0.00000064     0.87324512     0.12675423
       52     0.00000006     0.87374383     0.12625611
       53     0.00000054     0.87424312     0.12575634
       54     0.00000110     0.87470062     0.12529828
       55     0.00000060     0.87516496     0.12483444
       56     0.00000012     0.87567646     0.12432342
       57     0.00000061     0.87611697     0.12388242
       58     0.00000095     0.87647312     0.12352593
       59     0.00000050     0.87682212     0.12317738
       60     0.00000020     0.87713313     0.12286667
       61     0.00000065     0.87734581     0.12265355
       62     0.00000094     0.87745305     0.12254601
       63     0.00000051     0.87745687     0.12254261
       64     0.00000019     0.87736781     0.12263200
       65     0.00000058     0.87720539     0.12279403
       66     0.00000094     0.87699765     0.12300141
       67     0.00000063     0.87677662     0.12322276
       68     0.00000021     0.87657314     0.12342665
       69     0.00000047     0.87641377     0.12358576
       70     0.00000099     0.87631874     0.12368027
       71     0.00000090     0.87629817     0.12370093
       72     0.00000039     0.87634868     0.12365094
       73     0.00000041     0.87645352     0.12354607
       74     0.00000103     0.87658567     0.12341330
       75     0.00000123     0.87673189     0.12326688
       76     0.00000061     0.87682127     0.12317811
       77     0.00000023     0.87681400     0.12318577
       78     0.00000086     0.87669340     0.12330574
       79     0.00000160     0.87643759     0.12356081
       80     0.00000132     0.87603983     0.12395885
       81     0.00000053     0.87550946     0.12449001
       82     0.00000061     0.87487315     0.12512625
       83     0.00000158     0.87417545     0.12582297
       84     0.00000202     0.87347500     0.12652297
       85     0.00000129     0.87283706     0.12716165
       86     0.00000059     0.87227556     0.12772384
       87     0.00000114     0.87188728     0.12811158
       88     0.00000197     0.87178234     0.12821569
       89     0.00000184     0.87195246     0.12804571
       90     0.00000093     0.87239315     0.12760591
       91     0.00000049     0.87315146     0.12684806
       92     0.00000104     0.87413509     0.12586386
       93     0.00000181     0.87518817     0.12481002
       94     0.00000188     0.87635133     0.12364679
       95     0.00000121     0.87750383     0.12249496
       96     0.00000065     0.87838984     0.12160951
       97     0.00000116     0.87890690     0.12109194
       98     0.00000257     0.87900767     0.12098976
       99     0.00000347     0.87860725     0.12138927
      100     0.00000290     0.87767098     0.12232612
      101     0.00000182     0.87625332     0.12374486
      102     0.00000199     0.87447186     0.12552616
      103     0.00000344     0.87251572     0.12748084
      104     0.00000423     0.87068585     0.12930993
      105     0.00000319     0.86918211     0.13081470
      106     0.00000149     0.86824091     0.13175760
      107     0.00000082     0.86810994     0.13188924
      108     0.00000133     0.86891479     0.13108387
      109     0.00000180     0.87061364     0.12938456
      110     0.00000163     0.87307018     0.12692820
      111     0.00000114     0.87598788     0.12401098
      112     0.00000068     0.87901590     0.12098342
      113     0.00000034     0.88161212     0.11838754
      114     0.00000064     0.88326089     0.11673847
      115     0.00000207     0.88364382     0.11635411
      116     0.00000396     0.88255715     0.11743889
      117     0.00000459     0.88008647     0.11990894
      118     0.00000345     0.87653584     0.12346071
      119     0.00000228     0.87246819     0.12752953
      120     0.00000276     0.86861743     0.13137981
