#     Density Matrix: population Re; see the manual for detail orders
        0     0.00000000     0.00000000     1.00000000
        1     0.00000002     0.00000618     0.99999380
        2     0.00000002     0.00005517     0.99994481
        3     0.00000001     0.00013960     0.99986039
        4     0.00000007     0.00021612     0.99978382
        5     0.00000007     0.00024411     0.99975582
        6     0.00000020     0.00024154     0.99975826
        7     0.00000020     0.00032837     0.99967143
        8     0.00000037     0.00073802     0.99926162
        9     0.00000038     0.00182899     0.99817063
       10     0.00000051     0.00422833     0.99577116
       11     0.00000058     0.00948299     0.99051643
       12     0.00000057     0.02249525     0.97750419
       13     0.00000072     0.06029886     0.93970042
       14     0.00000043     0.17221155     0.82778803
       15     0.00000045     0.37766941     0.62233014
       16     0.00000060     0.47618526     0.52381414
       17     0.00000078     0.38341984     0.61657938
       18     0.00000021     0.30132964     0.69867015
       19     0.00000140     0.23269202     0.76730658
       20     0.00000023     0.18591846     0.81408131
       21     0.00000073     0.15931732     0.84068195
       22     0.00000099     0.14866153     0.85133748
       23     0.00000002     0.14961153     0.85038845
       24     0.00000086     0.15850965     0.84148949
       25     0.00000046     0.17260420     0.82739534
       26     0.00000011     0.19004713     0.80995276
       27     0.00000082     0.20978092     0.79021826
       28     0.00000020     0.23138891     0.76861089
       29     0.00000024     0.25494933     0.74505044
       30     0.00000079     0.28090443     0.71909478
       31     0.00000014     0.30994509     0.69005477
       32     0.00000025     0.34288439     0.65711536
       33     0.00000076     0.38047182     0.61952742
       34     0.00000019     0.42308604     0.57691378
       35     0.00000014     0.47032680     0.52967306
       36     0.00000066     0.52026444     0.47973491
       37     0.00000030     0.56781263     0.43218707
       38     0.00000004     0.60719053     0.39280942
       39     0.00000046     0.64151229     0.35848725
       40     0.00000042     0.67317583     0.32682375
       41     0.00000006     0.70563206     0.29436788
       42     0.00000022     0.74337630     0.25662348
       43     0.00000044     0.79161570     0.20838386
       44     0.00000023     0.85272564     0.14727413
       45     0.00000011     0.91926055     0.08073934
       46     0.00000040     0.92410567     0.07589393
       47     0.00000032     0.86067115     0.13932852
       48     0.00000004     0.79479143     0.20520853
       49     0.00000031     0.75024936     0.24975033
       50     0.00000050     0.72348623     0.27651327
       51     0.00000016     0.71005870     0.28994115
       52     0.00000009     0.70769314     0.29230677
       53     0.00000044     0.71315783     0.28684173
       54     0.00000039     0.72445169     0.27554792
       55     0.00000007     0.73974607     0.26025386
       56     0.00000019     0.75735458     0.24264524
       57     0.00000045     0.77581731     0.22418225
       58     0.00000028     0.79399376     0.20600596
       59     0.00000007     0.81109971     0.18890022
       60     0.00000024     0.82668388     0.17331588
       61     0.00000041     0.84056201     0.15943759
       62     0.00000022     0.85273539     0.14726439
       63     0.00000008     0.86331847     0.13668145
       64     0.00000027     0.87248554     0.12751419
       65     0.00000040     0.88043349     0.11956611
       66     0.00000019     0.88735789     0.11264192
       67     0.00000008     0.89343875     0.10656117
       68     0.00000033     0.89883388     0.10116579
       69     0.00000045     0.90367588     0.09632368
       70     0.00000016     0.90807000     0.09192983
       71     0.00000007     0.91209440     0.08790553
       72     0.00000042     0.91580335     0.08419623
       73     0.00000054     0.91923143     0.08076803
       74     0.00000016     0.92239706     0.07760278
       75     0.00000006     0.92530704     0.07469291
       76     0.00000051     0.92796361     0.07203588
       77     0.00000067     0.93037066     0.06962867
       78     0.00000021     0.93253630     0.06746349
       79     0.00000003     0.93447506     0.06552491
       80     0.00000054     0.93621125     0.06378820
       81     0.00000080     0.93778019     0.06221900
       82     0.00000032     0.93922486     0.06077482
       83     0.00000001     0.94059175     0.05940824
       84     0.00000049     0.94192844     0.05807107
       85     0.00000092     0.94327981     0.05671927
       86     0.00000051     0.94468080     0.05531869
       87     0.00000001     0.94614925     0.05385073
       88     0.00000037     0.94768339     0.05231624
       89     0.00000100     0.94926173     0.05073726
       90     0.00000078     0.95084331     0.04915590
       91     0.00000011     0.95237087     0.04762902
       92     0.00000024     0.95378115     0.04621861
       93     0.00000103     0.95501969     0.04497928
       94     0.00000110     0.95605367     0.04394524
       95     0.00000031     0.95688167     0.04311802
       96     0.00000014     0.95754142     0.04245844
       97     0.00000096     0.95811258     0.04188646
       98     0.00000132     0.95870805     0.04129063
       99     0.00000057     0.95945303     0.04054640
      100     0.00000006     0.96045789     0.03954204
      101     0.00000068     0.96179115     0.03820817
      102     0.00000129     0.96345792     0.03654079
      103     0.00000087     0.96538843     0.03461071
      104     0.00000013     0.96744552     0.03255435
      105     0.00000025     0.96945700     0.03054275
      106     0.00000107     0.97126602     0.02873291
      107     0.00000142     0.97278427     0.02721431
      108     0.00000079     0.97402833     0.02597088
      109     0.00000020     0.97512344     0.02487637
      110     0.00000087     0.97626481     0.02373432
      111     0.00000217     0.97764066     0.02235717
      112     0.00000224     0.97934355     0.02065421
      113     0.00000106     0.98131416     0.01868478
      114     0.00000074     0.98335190     0.01664736
      115     0.00000206     0.98519398     0.01480395
      116     0.00000309     0.98662873     0.01336818
      117     0.00000232     0.98759338     0.01240431
      118     0.00000094     0.98821289     0.01178617
      119     0.00000088     0.98875385     0.01124527
      120     0.00000213     0.98950383     0.01049404
