#     Density Matrix: population Re; see the manual for detail orders
        0     0.00000000     0.00000000     1.00000000
        1     0.00000001     0.00000040     0.99999959
        2     0.00000003     0.00000196     0.99999801
        3     0.00000008     0.00000212     0.99999780
        4     0.00000014     0.00000596     0.99999390
        5     0.00000024     0.00002809     0.99997167
        6     0.00000033     0.00009118     0.99990848
        7     0.00000044     0.00024000     0.99975955
        8     0.00000057     0.00063972     0.99935972
        9     0.00000065     0.00220558     0.99779377
       10     0.00000077     0.01397825     0.98602098
       11     0.00000064     0.42917849     0.57082086
       12     0.00000006     0.72226084     0.27773910
       13     0.00000152     0.20741266     0.79258582
       14     0.00000068     0.17036001     0.82963931
       15     0.00000062     0.15477681     0.84522257
       16     0.00000170     0.14951925     0.85047904
       17     0.00000002     0.14993261     0.85006737
       18     0.00000151     0.15365101     0.84634747
       19     0.00000100     0.15937769     0.84062132
       20     0.00000021     0.16639377     0.83360601
       21     0.00000185     0.17430707     0.82569108
       22     0.00000054     0.18289977     0.81709969
       23     0.00000043     0.19208420     0.80791537
       24     0.00000161     0.20185610     0.79814229
       25     0.00000030     0.21223164     0.78776807
       26     0.00000046     0.22321155     0.77678799
       27     0.00000129     0.23473275     0.76526597
       28     0.00000025     0.24662064     0.75337911
       29     0.00000037     0.25848770     0.74151193
       30     0.00000113     0.26955193     0.73044694
       31     0.00000036     0.27749507     0.72250457
       32     0.00000025     0.28164513     0.71835461
       33     0.00000109     0.28226377     0.71773513
       34     0.00000058     0.27998670     0.72001272
       35     0.00000016     0.28326168     0.71673816
       36     0.00000083     0.39493710     0.60506208
       37     0.00000087     0.58600013     0.41399900
       38     0.00000020     0.64691025     0.35308955
       39     0.00000054     0.66147409     0.33852538
       40     0.00000111     0.66766511     0.33233378
       41     0.00000052     0.67211663     0.32788284
       42     0.00000020     0.67748427     0.32251553
       43     0.00000089     0.68637540     0.31362371
       44     0.00000095     0.70062239     0.29937666
       45     0.00000021     0.71828975     0.28171004
       46     0.00000042     0.73821522     0.26178436
       47     0.00000117     0.75914002     0.24085881
       48     0.00000075     0.77994168     0.22005757
       49     0.00000010     0.79977720     0.20022270
       50     0.00000072     0.81812862     0.18187066
       51     0.00000126     0.83476941     0.16522932
       52     0.00000052     0.84968659     0.15031289
       53     0.00000013     0.86299678     0.13700310
       54     0.00000094     0.87488146     0.12511760
       55     0.00000121     0.88553943     0.11445936
       56     0.00000036     0.89515278     0.10484686
       57     0.00000020     0.90386937     0.09613044
       58     0.00000101     0.91180054     0.08819844
       59     0.00000109     0.91902462     0.08097428
       60     0.00000030     0.92559189     0.07440781
       61     0.00000025     0.93153497     0.06846478
       62     0.00000096     0.93688300     0.06311604
       63     0.00000100     0.94167147     0.05832753
       64     0.00000033     0.94594500     0.05405467
       65     0.00000023     0.94975823     0.05024154
       66     0.00000084     0.95317565     0.04682351
       67     0.00000101     0.95626651     0.04373249
       68     0.00000045     0.95909500     0.04090454
       69     0.00000017     0.96171266     0.03828717
       70     0.00000069     0.96415659     0.03584272
       71     0.00000112     0.96644797     0.03355091
       72     0.00000067     0.96858759     0.03141174
       73     0.00000011     0.97055694     0.02944295
       74     0.00000054     0.97232714     0.02767232
       75     0.00000134     0.97386903     0.02612964
       76     0.00000106     0.97516019     0.02483876
       77     0.00000014     0.97619115     0.02380871
       78     0.00000034     0.97697276     0.02302690
       79     0.00000152     0.97754234     0.02245614
       80     0.00000167     0.97796235     0.02203598
       81     0.00000048     0.97831159     0.02168793
       82     0.00000008     0.97867434     0.02132558
       83     0.00000138     0.97913119     0.02086743
       84     0.00000235     0.97974857     0.02024908
       85     0.00000140     0.98056571     0.01943289
       86     0.00000010     0.98158660     0.01841330
       87     0.00000072     0.98278190     0.01721738
       88     0.00000253     0.98409750     0.01589997
       89     0.00000288     0.98546313     0.01453400
       90     0.00000126     0.98679837     0.01320037
       91     0.00000022     0.98802361     0.01197617
       92     0.00000170     0.98907539     0.01092292
       93     0.00000400     0.98991894     0.01007706
       94     0.00000000     1.00000000     0.00000000
       95     0.00000327     0.99999294     0.00000379
       96     0.00000886     0.99997864     0.00001250
       97     0.00000914     0.99996843     0.00002243
       98     0.00000366     0.99996552     0.00003082
       99     0.00000017     0.99996361     0.00003622
      100     0.00000409     0.99995736     0.00003855
      101     0.00001098     0.99995044     0.00003858
      102     0.00001222     0.99995068     0.00003710
      103     0.00000632     0.99995931     0.00003437
      104     0.00000091     0.99996902     0.00003007
      105     0.00000319     0.99997291     0.00002390
      106     0.00001098     0.99997234     0.00001668
      107     0.00001539     0.99997310     0.00001151
      108     0.00001144     0.99997417     0.00001439
      109     0.00000383     0.99996289     0.00003327
      110     0.00000143     0.99992300     0.00007558
      111     0.00000714     0.99984800     0.00014486
      112     0.00001489     0.99974724     0.00023787
      113     0.00001649     0.99964041     0.00034311
      114     0.00001040     0.99954736     0.00044224
      115     0.00000308     0.99948249     0.00051443
      116     0.00000192     0.99945540     0.00054268
      117     0.00000790     0.99947245     0.00051965
      118     0.00001499     0.99953437     0.00045065
      119     0.00001637     0.99963075     0.00035288
      120     0.00001088     0.99973822     0.00025090
