#     Density Matrix: population Re; see the manual for detail orders
        0     0.00000000     0.00000000     1.00000000
        1     0.00000000     0.00000268     0.99999732
        2     0.00000001     0.00001612     0.99998387
        3     0.00000002     0.00002336     0.99997662
        4     0.00000004     0.00002269     0.99997726
        5     0.00000007     0.00002437     0.99997556
        6     0.00000011     0.00003532     0.99996457
        7     0.00000016     0.00004971     0.99995013
        8     0.00000021     0.00005397     0.99994582
        9     0.00000028     0.00005001     0.99994972
       10     0.00000032     0.00009616     0.99990352
       11     0.00000040     0.00038259     0.99961700
       12     0.00000042     0.00147258     0.99852701
       13     0.00000051     0.00554946     0.99445003
       14     0.00000047     0.02640664     0.97359289
       15     0.00000049     0.22825563     0.77174388
       16     0.00000035     0.78111537     0.21888429
       17     0.00000052     0.45712613     0.54287335
       18     0.00000207     0.33746517     0.66253276
       19     0.00000009     0.29290616     0.70709375
       20     0.00000148     0.27291253     0.72708599
       21     0.00000127     0.26410327     0.73589546
       22     0.00000006     0.26092664     0.73907330
       23     0.00000134     0.26046189     0.73953678
       24     0.00000068     0.26116397     0.73883536
       25     0.00000024     0.26218726     0.73781250
       26     0.00000109     0.26312252     0.73687640
       27     0.00000048     0.26378747     0.73621205
       28     0.00000036     0.26410067     0.73589897
       29     0.00000087     0.26402971     0.73596942
       30     0.00000043     0.26358261     0.73641696
       31     0.00000043     0.26283090     0.73716867
       32     0.00000074     0.26194249     0.73805677
       33     0.00000044     0.26120463     0.73879493
       34     0.00000047     0.26102802     0.73897151
       35     0.00000064     0.26193173     0.73806763
       36     0.00000048     0.26449593     0.73550358
       37     0.00000048     0.26932090     0.73067861
       38     0.00000046     0.27680139     0.72319815
       39     0.00000047     0.28686301     0.71313652
       40     0.00000047     0.29880103     0.70119850
       41     0.00000054     0.31055700     0.68944246
       42     0.00000070     0.31771451     0.68228479
       43     0.00000040     0.31101097     0.68898863
       44     0.00000034     0.27006003     0.72993963
       45     0.00000076     0.14856823     0.85143101
       46     0.00000027     0.01497684     0.98502289
       47     0.00000042     0.55456855     0.44543103
       48     0.00000045     0.83117763     0.16882192
       49     0.00000052     0.75778687     0.24221261
       50     0.00000091     0.68320214     0.31679695
       51     0.00000019     0.63824050     0.36175931
       52     0.00000074     0.61904033     0.38095893
       53     0.00000074     0.61784172     0.38215754
       54     0.00000025     0.62641936     0.37358039
       55     0.00000100     0.63743745     0.36256154
       56     0.00000027     0.64560844     0.35439128
       57     0.00000077     0.64847132     0.35152791
       58     0.00000081     0.64642060     0.35357858
       59     0.00000027     0.64188808     0.35811165
       60     0.00000117     0.63786227     0.36213656
       61     0.00000022     0.63636922     0.36363056
       62     0.00000099     0.63761453     0.36238448
       63     0.00000053     0.64020935     0.35979012
       64     0.00000060     0.64224492     0.35775448
       65     0.00000088     0.64255386     0.35744526
       66     0.00000032     0.64139893     0.35860075
       67     0.00000098     0.63994773     0.36005129
       68     0.00000026     0.63925797     0.36074177
       69     0.00000095     0.63962272     0.36037633
       70     0.00000036     0.64044308     0.35955657
       71     0.00000077     0.64103204     0.35896719
       72     0.00000048     0.64096034     0.35903918
       73     0.00000059     0.64046103     0.35953838
       74     0.00000053     0.64001183     0.35998764
       75     0.00000054     0.63998595     0.36001351
       76     0.00000063     0.64037572     0.35962365
       77     0.00000044     0.64080604     0.35919352
       78     0.00000063     0.64088077     0.35911860
       79     0.00000054     0.64050992     0.35948954
       80     0.00000051     0.64001970     0.35997979
       81     0.00000053     0.63988886     0.36011061
       82     0.00000062     0.64028227     0.35971711
       83     0.00000052     0.64084867     0.35915080
       84     0.00000045     0.64101023     0.35898933
       85     0.00000066     0.64071957     0.35927977
       86     0.00000053     0.64010100     0.35989847
       87     0.00000046     0.63984241     0.36015713
       88     0.00000063     0.64014399     0.35985538
       89     0.00000064     0.64070083     0.35929853
       90     0.00000050     0.64100258     0.35899692
       91     0.00000050     0.64082211     0.35917739
       92     0.00000077     0.64037180     0.35962743
       93     0.00000051     0.64005990     0.35993959
       94     0.00000046     0.64009808     0.35990146
       95     0.00000066     0.64036233     0.35963701
       96     0.00000068     0.64058795     0.35941137
       97     0.00000045     0.64063409     0.35936547
       98     0.00000052     0.64055357     0.35944590
       99     0.00000071     0.64047864     0.35952065
      100     0.00000063     0.64045597     0.35954340
      101     0.00000039     0.64045809     0.35954152
      102     0.00000063     0.64045764     0.35954174
      103     0.00000076     0.64045545     0.35954380
      104     0.00000045     0.64045770     0.35954186
      105     0.00000053     0.64043657     0.35956290
      106     0.00000057     0.64035564     0.35964379
      107     0.00000070     0.64024285     0.35975645
      108     0.00000056     0.64021750     0.35978195
      109     0.00000035     0.64040069     0.35959896
      110     0.00000077     0.64081340     0.35918583
      111     0.00000056     0.64117444     0.35882500
      112     0.00000042     0.64120826     0.35879133
      113     0.00000059     0.64078604     0.35921338
      114     0.00000040     0.64003847     0.35996113
      115     0.00000057     0.63940174     0.36059769
      116     0.00000046     0.63932149     0.36067805
      117     0.00000035     0.63990073     0.36009892
      118     0.00000070     0.64083753     0.35916177
      119     0.00000042     0.64158010     0.35841948
      120     0.00000039     0.64170908     0.35829053
