#     Density Matrix: population Re; see the manual for detail orders
        0     0.00000000     0.00000000     1.00000000
        1     0.00000001     0.00000572     0.99999428
        2     0.00000002     0.00006157     0.99993841
        3     0.00000005     0.00020070     0.99979924
        4     0.00000009     0.00041818     0.99958173
        5     0.00000013     0.00068790     0.99931197
        6     0.00000019     0.00103973     0.99896008
        7     0.00000023     0.00172801     0.99827175
        8     0.00000032     0.00362506     0.99637462
        9     0.00000034     0.00945703     0.99054263
       10     0.00000044     0.02877361     0.97122595
       11     0.00000040     0.09934007     0.90065953
       12     0.00000110     0.47292312     0.52707578
       13     0.00000009     0.67559856     0.32440135
       14     0.00000155     0.50418155     0.49581690
       15     0.00000082     0.39711162     0.60288756
       16     0.00000030     0.34110512     0.65889457
       17     0.00000084     0.31981554     0.68018363
       18     0.00000037     0.31501598     0.68498366
       19     0.00000078     0.31241689     0.68758233
       20     0.00000067     0.31253345     0.68746589
       21     0.00000040     0.31540067     0.68459893
       22     0.00000090     0.32058738     0.67941171
       23     0.00000047     0.32731280     0.67268673
       24     0.00000056     0.33462770     0.66537173
       25     0.00000092     0.34160722     0.65839186
       26     0.00000033     0.34750070     0.65249897
       27     0.00000077     0.35175528     0.64824395
       28     0.00000090     0.35425399     0.64574511
       29     0.00000026     0.35501807     0.64498168
       30     0.00000094     0.35419743     0.64580164
       31     0.00000081     0.35213341     0.64786578
       32     0.00000027     0.34919245     0.65080728
       33     0.00000110     0.34570350     0.65429540
       34     0.00000081     0.34199012     0.65800907
       35     0.00000031     0.33831765     0.66168205
       36     0.00000111     0.33489301     0.66510588
       37     0.00000081     0.33182985     0.66816934
       38     0.00000028     0.32918881     0.67081091
       39     0.00000112     0.32699376     0.67300512
       40     0.00000092     0.32519682     0.67480227
       41     0.00000021     0.32377694     0.67622285
       42     0.00000103     0.32277621     0.67722277
       43     0.00000113     0.32209660     0.67790227
       44     0.00000019     0.32169348     0.67830633
       45     0.00000079     0.32155264     0.67844658
       46     0.00000141     0.32158073     0.67841787
       47     0.00000040     0.32172301     0.67827658
       48     0.00000038     0.32192075     0.67807887
       49     0.00000147     0.32209911     0.67789942
       50     0.00000095     0.32212544     0.67787361
       51     0.00000011     0.32161792     0.67838197
       52     0.00000098     0.31786709     0.68213194
       53     0.00000079     0.29747740     0.70252181
       54     0.00000025     0.46933189     0.53066786
       55     0.00000118     0.47032711     0.52967172
       56     0.00000166     0.46840354     0.53159479
       57     0.00000059     0.46596374     0.53403567
       58     0.00000048     0.46337049     0.53662903
       59     0.00000168     0.46082410     0.53917422
       60     0.00000163     0.45843406     0.54156430
       61     0.00000039     0.45611638     0.54388322
       62     0.00000068     0.45411430     0.54588502
       63     0.00000174     0.45265988     0.54733838
       64     0.00000122     0.45167966     0.54831912
       65     0.00000032     0.45109543     0.54890424
       66     0.00000084     0.45115560     0.54884356
       67     0.00000176     0.45212504     0.54787320
       68     0.00000139     0.45402947     0.54596914
       69     0.00000057     0.45651544     0.54348399
       70     0.00000070     0.45960578     0.54039352
       71     0.00000138     0.46343737     0.53656125
       72     0.00000165     0.46793715     0.53206119
       73     0.00000118     0.47298460     0.52701422
       74     0.00000043     0.47840498     0.52159459
       75     0.00000066     0.48397423     0.51602511
       76     0.00000225     0.48942398     0.51057377
       77     0.00000279     0.49455201     0.50544520
       78     0.00000102     0.49896031     0.50103867
       79     0.00000011     0.50212639     0.49787349
       80     0.00000283     0.50376085     0.49623631
       81     0.00000568     0.50361577     0.49637855
       82     0.00000411     0.50141783     0.49857806
       83     0.00000120     0.49712833     0.50287047
       84     0.00000329     0.49083374     0.50916297
       85     0.00000858     0.48269948     0.51729194
       86     0.00000885     0.47314025     0.52685090
       87     0.00000405     0.46275840     0.53723755
       88     0.00000302     0.45231980     0.54767718
       89     0.00000794     0.44271099     0.55728107
       90     0.00001025     0.43486790     0.56512186
       91     0.00000573     0.42967078     0.57032348
       92     0.00000135     0.42782673     0.57217192
       93     0.00000229     0.42975023     0.57024748
       94     0.00000406     0.43545263     0.56454331
       95     0.00000258     0.44446185     0.55553558
       96     0.00000091     0.45578913     0.54420996
       97     0.00000123     0.46797520     0.53202357
       98     0.00000085     0.47923424     0.52076490
       99     0.00000065     0.48770582     0.51229354
      100     0.00000546     0.49178945     0.50820509
      101     0.00001265     0.49050463     0.50948272
      102     0.00001331     0.48381359     0.51617311
      103     0.00000820     0.47265550     0.52733630
      104     0.00000814     0.45922494     0.54076692
      105     0.00001418     0.44672720     0.55325862
      106     0.00001527     0.43803099     0.56195374
      107     0.00000786     0.43548441     0.56450774
      108     0.00000122     0.43997875     0.56002003
      109     0.00000021     0.45035176     0.54964802
      110     0.00000015     0.46366572     0.53633413
      111     0.00000118     0.47579457     0.52420425
      112     0.00000812     0.48270286     0.51728902
      113     0.00001558     0.48190757     0.51807684
      114     0.00001427     0.47359426     0.52639147
      115     0.00000920     0.46087335     0.53911745
      116     0.00001048     0.44883953     0.55114999
      117     0.00001312     0.44259851     0.55738837
      118     0.00000829     0.44497149     0.55502022
      119     0.00000228     0.45491042     0.54508730
      120     0.00000289     0.46760368     0.53239343
