#     Density Matrix: population Re; see the manual for detail orders
        0     0.00000000     0.00000000     1.00000000
        1     0.00000001     0.00000005     0.99999994
        2     0.00000001     0.00000012     0.99999987
        3     0.00000005     0.00000095     0.99999899
        4     0.00000008     0.00000810     0.99999182
        5     0.00000018     0.00002969     0.99997014
        6     0.00000024     0.00007457     0.99992519
        7     0.00000040     0.00016515     0.99983445
        8     0.00000049     0.00037628     0.99962323
        9     0.00000065     0.00091890     0.99908045
       10     0.00000069     0.00236651     0.99763280
       11     0.00000080     0.00648054     0.99351867
       12     0.00000075     0.01986484     0.98013442
       13     0.00000076     0.07246665     0.92753259
       14     0.00000053     0.27392718     0.72607230
       15     0.00000051     0.60180584     0.39819365
       16     0.00000039     0.53341516     0.46658445
       17     0.00000188     0.40077933     0.59921879
       18     0.00000073     0.33803719     0.66196208
       19     0.00000024     0.31047959     0.68952017
       20     0.00000148     0.29200828     0.70799024
       21     0.00000021     0.28149643     0.71850336
       22     0.00000066     0.27738831     0.72261103
       23     0.00000118     0.27821468     0.72178414
       24     0.00000001     0.28280475     0.71719525
       25     0.00000110     0.29037036     0.70962854
       26     0.00000102     0.30043141     0.69956757
       27     0.00000001     0.31282683     0.68717316
       28     0.00000121     0.32757913     0.67241967
       29     0.00000089     0.34482419     0.65517492
       30     0.00000002     0.36476236     0.63523761
       31     0.00000116     0.38740239     0.61259645
       32     0.00000093     0.41258635     0.58741272
       33     0.00000000     0.43960216     0.56039784
       34     0.00000096     0.46696664     0.53303240
       35     0.00000106     0.49177487     0.50822407
       36     0.00000004     0.50918180     0.49081815
       37     0.00000063     0.51108138     0.48891799
       38     0.00000125     0.49366866     0.50633009
       39     0.00000026     0.45434080     0.54565894
       40     0.00000029     0.39086516     0.60913455
       41     0.00000137     0.29686217     0.70313646
       42     0.00000073     0.15679399     0.84320528
       43     0.00000003     0.14177883     0.85822114
       44     0.00000124     0.35140550     0.64859326
       45     0.00000164     0.47025442     0.52974394
       46     0.00000022     0.51784035     0.48215943
       47     0.00000054     0.54451537     0.45548409
       48     0.00000196     0.56427001     0.43572803
       49     0.00000106     0.58144374     0.41855520
       50     0.00000002     0.60019222     0.39980776
       51     0.00000153     0.62448424     0.37551424
       52     0.00000215     0.65779864     0.34219922
       53     0.00000038     0.69504756     0.30495206
       54     0.00000061     0.73317673     0.26682266
       55     0.00000274     0.76991147     0.23008579
       56     0.00000186     0.80436172     0.19563642
       57     0.00000006     0.83517145     0.16482849
       58     0.00000179     0.86140951     0.13858871
       59     0.00000337     0.88321296     0.11678367
       60     0.00000130     0.90073604     0.09926266
       61     0.00000036     0.91475981     0.08523983
       62     0.00000271     0.92639721     0.07360008
       63     0.00000330     0.93603317     0.06396353
       64     0.00000094     0.94385141     0.05614764
       65     0.00000085     0.95041820     0.04958096
       66     0.00000330     0.95621006     0.04378665
       67     0.00000352     0.96149077     0.03850571
       68     0.00000107     0.96646562     0.03353331
       69     0.00000090     0.97130597     0.02869313
       70     0.00000379     0.97597398     0.02402223
       71     0.00000434     0.98048470     0.01951096
       72     0.00000157     0.98486948     0.01512895
       73     0.00000098     0.98901042     0.01098861
       74     0.00000000     1.00000000     0.00000000
       75     0.00000593     0.99961887     0.00037520
       76     0.00001279     0.99840668     0.00158053
       77     0.00000755     0.99633709     0.00365536
       78     0.00000019     0.99350034     0.00649947
       79     0.00000517     0.99014398     0.00985085
       80     0.00001332     0.98668013     0.01330655
       81     0.00000938     0.98364205     0.01634857
       82     0.00000084     0.98161681     0.01838235
       83     0.00000285     0.98107866     0.01891848
       84     0.00001096     0.98227665     0.01771239
       85     0.00001117     0.98512070     0.01486813
       86     0.00000322     0.98913168     0.01086509
       87     0.00000000     1.00000000     0.00000000
       88     0.00000723     0.99920564     0.00078713
       89     0.00001707     0.99707860     0.00290433
       90     0.00001296     0.99431502     0.00567203
       91     0.00000189     0.99183544     0.00816267
       92     0.00000210     0.99048736     0.00951053
       93     0.00001255     0.99078647     0.00920098
       94     0.00001647     0.99267316     0.00731037
       95     0.00000833     0.99545019     0.00454149
       96     0.00000021     0.99802472     0.00197507
       97     0.00000496     0.99930432     0.00069071
       98     0.00001591     0.99882386     0.00116023
       99     0.00001664     0.99698817     0.00299519
      100     0.00000585     0.99487278     0.00512137
      101     0.00000006     0.99369515     0.00630478
      102     0.00000744     0.99412754     0.00586502
      103     0.00001727     0.99586106     0.00412166
      104     0.00001668     0.99775170     0.00223162
      105     0.00000628     0.99855366     0.00144006
      106     0.00000016     0.99780338     0.00219646
      107     0.00000811     0.99619686     0.00379504
      108     0.00002019     0.99507726     0.00490255
      109     0.00002082     0.99534599     0.00463319
      110     0.00000992     0.99668635     0.00330373
      111     0.00000098     0.99786214     0.00213688
      112     0.00000708     0.99779272     0.00220020
      113     0.00002409     0.99665242     0.00332349
      114     0.00003293     0.99569615     0.00427092
      115     0.00002419     0.99590711     0.00406870
      116     0.00000887     0.99695064     0.00304049
      117     0.00000516     0.99759527     0.00239957
      118     0.00002152     0.99716269     0.00281579
      119     0.00004595     0.99629731     0.00365674
      120     0.00005687     0.99610118     0.00384196
