#     Density Matrix: population Re; see the manual for detail orders
        0     0.00000000     0.00000000     1.00000000
        1     0.00000000     0.00003123     0.99996877
        2     0.00000001     0.00025687     0.99974312
        3     0.00000003     0.00059116     0.99940882
        4     0.00000006     0.00084741     0.99915253
        5     0.00000010     0.00087372     0.99912618
        6     0.00000014     0.00067779     0.99932206
        7     0.00000020     0.00052921     0.99947059
        8     0.00000024     0.00102907     0.99897069
        9     0.00000032     0.00324542     0.99675427
       10     0.00000033     0.00932284     0.99067684
       11     0.00000040     0.02523658     0.97476302
       12     0.00000035     0.07301026     0.92698939
       13     0.00000035     0.22491577     0.77508388
       14     0.00000022     0.47275940     0.52724038
       15     0.00000022     0.49037632     0.50962346
       16     0.00000036     0.34027322     0.65972642
       17     0.00000033     0.21954132     0.78045835
       18     0.00000045     0.14747189     0.85252767
       19     0.00000046     0.10933094     0.89066860
       20     0.00000052     0.09237410     0.90762538
       21     0.00000041     0.08774200     0.91225759
       22     0.00000041     0.08952932     0.91047027
       23     0.00000043     0.09397601     0.90602356
       24     0.00000031     0.09880536     0.90119433
       25     0.00000029     0.10277113     0.89722859
       26     0.00000028     0.10533548     0.89466424
       27     0.00000025     0.10638559     0.89361415
       28     0.00000022     0.10608053     0.89391925
       29     0.00000025     0.10471330     0.89528645
       30     0.00000025     0.10264175     0.89735799
       31     0.00000019     0.10029393     0.89970588
       32     0.00000014     0.09812356     0.90187630
       33     0.00000036     0.09669787     0.90330177
       34     0.00000025     0.09676542     0.90323432
       35     0.00000013     0.09950432     0.90049555
       36     0.00000035     0.10701132     0.89298833
       37     0.00000034     0.12336275     0.87663691
       38     0.00000014     0.15694941     0.84305045
       39     0.00000027     0.22397427     0.77602546
       40     0.00000042     0.35868785     0.64131173
       41     0.00000026     0.55006955     0.44993019
       42     0.00000016     0.70818714     0.29181270
       43     0.00000031     0.79944411     0.20055558
       44     0.00000030     0.84777222     0.15222749
       45     0.00000015     0.87505107     0.12494878
       46     0.00000018     0.89185683     0.10814299
       47     0.00000028     0.90298582     0.09701390
       48     0.00000019     0.91074044     0.08925936
       49     0.00000011     0.91630611     0.08369378
       50     0.00000017     0.92032869     0.07967114
       51     0.00000017     0.92320003     0.07679981
       52     0.00000008     0.92517473     0.07482519
       53     0.00000011     0.92642799     0.07357190
       54     0.00000014     0.92707589     0.07292396
       55     0.00000011     0.92723563     0.07276426
       56     0.00000007     0.92702456     0.07297538
       57     0.00000008     0.92653560     0.07346432
       58     0.00000009     0.92587629     0.07412362
       59     0.00000005     0.92514318     0.07485677
       60     0.00000004     0.92442902     0.07557095
       61     0.00000005     0.92381823     0.07618172
       62     0.00000006     0.92337136     0.07662858
       63     0.00000003     0.92312584     0.07687413
       64     0.00000002     0.92308681     0.07691317
       65     0.00000004     0.92322737     0.07677259
       66     0.00000004     0.92348582     0.07651413
       67     0.00000003     0.92378134     0.07621863
       68     0.00000002     0.92401465     0.07598533
       69     0.00000004     0.92407188     0.07592808
       70     0.00000005     0.92388192     0.07611803
       71     0.00000005     0.92338753     0.07661242
       72     0.00000005     0.92258200     0.07741795
       73     0.00000008     0.92151470     0.07848523
       74     0.00000011     0.92026889     0.07973100
       75     0.00000010     0.91899382     0.08100608
       76     0.00000008     0.91785816     0.08214175
       77     0.00000010     0.91703960     0.08296029
       78     0.00000015     0.91668378     0.08331607
       79     0.00000017     0.91688841     0.08311142
       80     0.00000015     0.91768302     0.08231683
       81     0.00000016     0.91901605     0.08098380
       82     0.00000021     0.92075599     0.07924380
       83     0.00000025     0.92271772     0.07728203
       84     0.00000026     0.92468438     0.07531535
       85     0.00000027     0.92644806     0.07355167
       86     0.00000033     0.92784617     0.07215350
       87     0.00000041     0.92879249     0.07120710
       88     0.00000045     0.92929586     0.07070370
       89     0.00000045     0.92946107     0.07053849
       90     0.00000047     0.92947231     0.07052722
       91     0.00000055     0.92955947     0.07043998
       92     0.00000063     0.92995208     0.07004729
       93     0.00000066     0.93082871     0.06917063
       94     0.00000068     0.93227028     0.06772904
       95     0.00000077     0.93422778     0.06577145
       96     0.00000094     0.93651292     0.06348614
       97     0.00000112     0.93882056     0.06117832
       98     0.00000129     0.94077199     0.05922671
       99     0.00000148     0.94197522     0.05802330
      100     0.00000172     0.94212585     0.05787243
      101     0.00000201     0.94108400     0.05891400
      102     0.00000229     0.93891637     0.06108134
      103     0.00000253     0.93590430     0.06409317
      104     0.00000272     0.93249898     0.06749829
      105     0.00000295     0.92922674     0.07077031
      106     0.00000322     0.92657503     0.07342174
      107     0.00000349     0.92487511     0.07512140
      108     0.00000369     0.92420708     0.07578924
      109     0.00000383     0.92437878     0.07561739
      110     0.00000400     0.92498272     0.07501328
      111     0.00000425     0.92552175     0.07447399
      112     0.00000454     0.92557385     0.07442162
      113     0.00000475     0.92494541     0.07504985
      114     0.00000485     0.92376296     0.07623218
      115     0.00000492     0.92246413     0.07753095
      116     0.00000504     0.92167870     0.07831626
      117     0.00000522     0.92202530     0.07796948
      118     0.00000537     0.92388589     0.07610874
      119     0.00000547     0.92723367     0.07276087
      120     0.00000550     0.93158674     0.06840775
