#     Density Matrix: population Re; see the manual for detail orders
        0     0.00000000     0.00000000     1.00000000
        1     0.00000002     0.00000093     0.99999905
        2     0.00000001     0.00000709     0.99999290
        3     0.00000001     0.00001412     0.99998587
        4     0.00000002     0.00001567     0.99998431
        5     0.00000000     0.00001029     0.99998971
        6     0.00000010     0.00000556     0.99999435
        7     0.00000005     0.00001472     0.99998522
        8     0.00000027     0.00004705     0.99995268
        9     0.00000020     0.00010188     0.99989792
       10     0.00000052     0.00017756     0.99982192
       11     0.00000040     0.00030485     0.99969475
       12     0.00000079     0.00063325     0.99936596
       13     0.00000061     0.00171876     0.99828064
       14     0.00000098     0.00591133     0.99408769
       15     0.00000077     0.02750213     0.97249710
       16     0.00000082     0.20797674     0.79202245
       17     0.00000046     0.75200522     0.24799433
       18     0.00000117     0.48334075     0.51665808
       19     0.00000274     0.35483459     0.64516267
       20     0.00000017     0.31789257     0.68210726
       21     0.00000279     0.29817895     0.70181825
       22     0.00000154     0.29035185     0.70964662
       23     0.00000067     0.29040116     0.70959817
       24     0.00000303     0.29545648     0.70454049
       25     0.00000068     0.30353769     0.69646163
       26     0.00000138     0.31334337     0.68665526
       27     0.00000265     0.32408312     0.67591423
       28     0.00000038     0.33532213     0.66467749
       29     0.00000179     0.34683860     0.65315961
       30     0.00000240     0.35853038     0.64146722
       31     0.00000033     0.37034362     0.62965605
       32     0.00000184     0.38214045     0.61785771
       33     0.00000239     0.39361788     0.60637973
       34     0.00000044     0.40420068     0.59579888
       35     0.00000154     0.41288887     0.58710959
       36     0.00000264     0.41786945     0.58212791
       37     0.00000072     0.41571030     0.58428898
       38     0.00000101     0.40081641     0.59918258
       39     0.00000272     0.37146533     0.62853195
       40     0.00000139     0.32773579     0.67226282
       41     0.00000040     0.27381288     0.72618672
       42     0.00000244     0.22624148     0.77375608
       43     0.00000250     0.21614689     0.78385062
       44     0.00000035     0.25392011     0.74607955
       45     0.00000131     0.31166737     0.68833132
       46     0.00000309     0.37298739     0.62700952
       47     0.00000132     0.54323246     0.45676621
       48     0.00000033     0.69257935     0.30742033
       49     0.00000289     0.77350499     0.22649213
       50     0.00000313     0.81360548     0.18639138
       51     0.00000037     0.83579658     0.16420305
       52     0.00000131     0.84974949     0.15024920
       53     0.00000411     0.85946156     0.14053433
       54     0.00000219     0.86675721     0.13324060
       55     0.00000005     0.87251518     0.12748478
       56     0.00000302     0.87729584     0.12270114
       57     0.00000442     0.88203608     0.11795950
       58     0.00000092     0.88539500     0.11460407
       59     0.00000082     0.88711600     0.11288318
       60     0.00000467     0.88718677     0.11280856
       61     0.00000356     0.88593787     0.11405857
       62     0.00000007     0.88405395     0.11594599
       63     0.00000243     0.88254845     0.11744912
       64     0.00000509     0.88259888     0.11739603
       65     0.00000184     0.88526259     0.11473557
       66     0.00000020     0.89118932     0.10881047
       67     0.00000353     0.90045335     0.09954312
       68     0.00000396     0.91255384     0.08744220
       69     0.00000067     0.92652461     0.07347471
       70     0.00000073     0.94115477     0.05884450
       71     0.00000323     0.95518890     0.04480787
       72     0.00000270     0.96746263     0.03253467
       73     0.00000027     0.97694053     0.02305920
       74     0.00000094     0.98299560     0.01700346
       75     0.00000281     0.98565921     0.01433797
       76     0.00000169     0.98577272     0.01422560
       77     0.00000009     0.98485318     0.01514673
       78     0.00000147     0.98450550     0.01549303
       79     0.00000257     0.98570689     0.01429054
       80     0.00000102     0.98848994     0.01150904
       81     0.00000000     1.00000000     0.00000000
       82     0.00000084     0.99764621     0.00235294
       83     0.00000138     0.99261876     0.00737986
       84     0.00000033     0.98839601     0.01160366
       85     0.00000016     0.98748636     0.01251349
       86     0.00000000     1.00000000     0.00000000
       87     0.00000083     0.99920476     0.00079441
       88     0.00000157     0.99765564     0.00234280
       89     0.00000048     0.99672247     0.00327704
       90     0.00000010     0.99704021     0.00295968
       91     0.00000122     0.99821240     0.00178638
       92     0.00000140     0.99924351     0.00075509
       93     0.00000020     0.99941456     0.00058524
       94     0.00000060     0.99883955     0.00115985
       95     0.00000222     0.99822890     0.00176888
       96     0.00000148     0.99814684     0.00185168
       97     0.00000016     0.99854628     0.00145356
       98     0.00000162     0.99890880     0.00108958
       99     0.00000331     0.99894860     0.00104809
      100     0.00000170     0.99874708     0.00125122
      101     0.00000092     0.99857596     0.00142312
      102     0.00000377     0.99858851     0.00140772
      103     0.00000478     0.99861609     0.00137913
      104     0.00000218     0.99858177     0.00141604
      105     0.00000256     0.99864183     0.00135561
      106     0.00000680     0.99880868     0.00118452
      107     0.00000707     0.99885789     0.00113504
      108     0.00000378     0.99863490     0.00136131
      109     0.00000536     0.99837320     0.00162144
      110     0.00001093     0.99845410     0.00153497
      111     0.00001131     0.99883289     0.00115580
      112     0.00000737     0.99900356     0.00098908
      113     0.00000901     0.99870251     0.00128848
      114     0.00001615     0.99833220     0.00165165
      115     0.00001853     0.99839895     0.00158253
      116     0.00001412     0.99885700     0.00112888
      117     0.00001345     0.99907260     0.00091395
      118     0.00002078     0.99874406     0.00123517
      119     0.00002757     0.99833818     0.00163425
      120     0.00002646     0.99841464     0.00155890
