#     Density Matrix: population Re; see the manual for detail orders
        0     0.00000000     0.00000000     1.00000000
        1     0.00000003     0.00000020     0.99999977
        2     0.00000005     0.00000412     0.99999583
        3     0.00000011     0.00002351     0.99997638
        4     0.00000015     0.00007567     0.99992418
        5     0.00000024     0.00018390     0.99981587
        6     0.00000029     0.00040627     0.99959343
        7     0.00000037     0.00095730     0.99904234
        8     0.00000046     0.00273452     0.99726501
        9     0.00000046     0.01054147     0.98945807
       10     0.00000059     0.06805398     0.93194543
       11     0.00000031     0.55526200     0.44473769
       12     0.00000005     0.64448431     0.35551565
       13     0.00000158     0.27029604     0.72970238
       14     0.00000107     0.19256663     0.80743231
       15     0.00000069     0.15899866     0.84100065
       16     0.00000136     0.13817249     0.86182616
       17     0.00000024     0.12130412     0.87869564
       18     0.00000080     0.10542421     0.89457499
       19     0.00000078     0.08973000     0.91026922
       20     0.00000010     0.07450383     0.92549607
       21     0.00000075     0.06037278     0.93962647
       22     0.00000042     0.04796208     0.95203750
       23     0.00000007     0.03757884     0.96242108
       24     0.00000059     0.02925489     0.97074452
       25     0.00000022     0.02278649     0.97721329
       26     0.00000007     0.01786211     0.98213782
       27     0.00000045     0.01417526     0.98582428
       28     0.00000014     0.01147020     0.98852966
       29     0.00000000     1.00000000     0.00000000
       30     0.00000000     0.99999693     0.00000307
       31     0.00000000     0.99998456     0.00001544
       32     0.00000000     0.99995671     0.00004329
       33     0.00000000     0.99990517     0.00009483
       34     0.00000000     0.99981951     0.00018049
       35     0.00000000     0.99968686     0.00031314
       36     0.00000000     0.99949070     0.00050930
       37     0.00000000     0.99920678     0.00079322
       38     0.00000000     0.99879082     0.00120918
       39     0.00000000     0.99814116     0.00185884
       40     0.00000000     0.99698167     0.00301833
       41     0.00000000     0.99444361     0.00555639
       42     0.00000000     0.98729641     0.01270358
       43     0.00000000     0.95961839     0.04038161
       44     0.00000002     0.80363546     0.19636451
       45     0.00000012     0.35974092     0.64025896
       46     0.00000033     0.43706039     0.56293928
       47     0.00000014     0.70486211     0.29513775
       48     0.00000003     0.82427064     0.17572933
       49     0.00000017     0.86986269     0.13013715
       50     0.00000000     0.88158172     0.11841828
       51     0.00000017     0.88075450     0.11924534
       52     0.00000006     0.87980902     0.12019092
       53     0.00000009     0.88437023     0.11562969
       54     0.00000015     0.89466649     0.10533336
       55     0.00000001     0.90790802     0.09209197
       56     0.00000016     0.92081596     0.07918388
       57     0.00000001     0.93124110     0.06875889
       58     0.00000013     0.93864667     0.06135320
       59     0.00000003     0.94376872     0.05623125
       60     0.00000009     0.94785008     0.05214983
       61     0.00000006     0.95185920     0.04814074
       62     0.00000005     0.95606934     0.04393061
       63     0.00000007     0.96014395     0.03985598
       64     0.00000004     0.96356663     0.03643333
       65     0.00000007     0.96608634     0.03391359
       66     0.00000003     0.96788613     0.03211383
       67     0.00000008     0.96939492     0.03060499
       68     0.00000003     0.97092462     0.02907536
       69     0.00000006     0.97246976     0.02753019
       70     0.00000006     0.97383446     0.02616549
       71     0.00000005     0.97490475     0.02509519
       72     0.00000003     0.97576882     0.02423114
       73     0.00000009     0.97655526     0.02344464
       74     0.00000004     0.97723353     0.02276643
       75     0.00000003     0.97767607     0.02232390
       76     0.00000011     0.97792734     0.02207255
       77     0.00000005     0.97828139     0.02171856
       78     0.00000002     0.97895405     0.02104592
       79     0.00000012     0.97970731     0.02029256
       80     0.00000008     0.97998672     0.02001320
       81     0.00000001     0.97957247     0.02042751
       82     0.00000018     0.97901310     0.02098672
       83     0.00000008     0.97917908     0.02082084
       84     0.00000001     0.98026773     0.01973226
       85     0.00000016     0.98138475     0.01861509
       86     0.00000017     0.98135127     0.01864856
       87     0.00000001     0.98002373     0.01997626
       88     0.00000023     0.97868648     0.02131329
       89     0.00000017     0.97890828     0.02109155
       90     0.00000000     0.98089066     0.01910933
       91     0.00000015     0.98301940     0.01698045
       92     0.00000028     0.98322840     0.01677132
       93     0.00000004     0.98100396     0.01899600
       94     0.00000018     0.97812970     0.02187012
       95     0.00000030     0.97732455     0.02267515
       96     0.00000006     0.97984567     0.02015427
       97     0.00000007     0.98418190     0.01581803
       98     0.00000033     0.98702242     0.01297725
       99     0.00000019     0.98579260     0.01420721
      100     0.00000005     0.98085148     0.01914847
      101     0.00000035     0.97558881     0.02441084
      102     0.00000027     0.97408146     0.02591827
      103     0.00000003     0.97801926     0.02198071
      104     0.00000026     0.98535552     0.01464422
      105     0.00000000     1.00000000     0.00000000
      106     0.00000049     0.99893145     0.00106805
      107     0.00000070     0.99620092     0.00379838
      108     0.00000008     0.99327576     0.00672416
      109     0.00000028     0.99181303     0.00818669
      110     0.00000084     0.99261826     0.00738091
      111     0.00000031     0.99517525     0.00482444
      112     0.00000009     0.99803557     0.00196434
      113     0.00000082     0.99977276     0.00022642
      114     0.00000064     0.99981834     0.00018103
      115     0.00000002     0.99864717     0.00135282
      116     0.00000060     0.99729555     0.00270385
      117     0.00000095     0.99660791     0.00339114
      118     0.00000017     0.99675238     0.00324745
      119     0.00000033     0.99729507     0.00270461
      120     0.00000111     0.99767954     0.00231935
