#     Density Matrix: population Re; see the manual for detail orders
        0     0.00000000     0.00000000     1.00000000
        1     0.00000002     0.00002116     0.99997881
        2     0.00000005     0.00017508     0.99982487
        3     0.00000014     0.00040596     0.99959390
        4     0.00000020     0.00059121     0.99940860
        5     0.00000034     0.00066818     0.99933148
        6     0.00000041     0.00081939     0.99918019
        7     0.00000056     0.00186215     0.99813729
        8     0.00000063     0.00657105     0.99342831
        9     0.00000070     0.02647336     0.97352594
       10     0.00000071     0.12637620     0.87362309
       11     0.00000035     0.48969263     0.51030702
       12     0.00000024     0.61655201     0.38344775
       13     0.00000118     0.35541345     0.64458537
       14     0.00000067     0.25826066     0.74173868
       15     0.00000011     0.22207125     0.77792863
       16     0.00000104     0.19998462     0.80001434
       17     0.00000020     0.18850999     0.81148982
       18     0.00000065     0.18427874     0.81572061
       19     0.00000128     0.18445015     0.81554857
       20     0.00000003     0.18683307     0.81316690
       21     0.00000101     0.18986901     0.81012999
       22     0.00000087     0.19254325     0.80745588
       23     0.00000002     0.19428767     0.80571231
       24     0.00000094     0.19485780     0.80514126
       25     0.00000058     0.19422354     0.80577588
       26     0.00000005     0.19249669     0.80750326
       27     0.00000092     0.18986204     0.81013704
       28     0.00000055     0.18654587     0.81345358
       29     0.00000003     0.18278684     0.81721313
       30     0.00000081     0.17884383     0.82115537
       31     0.00000063     0.17502075     0.82497862
       32     0.00000000     0.17171633     0.82828367
       33     0.00000047     0.16953875     0.83046078
       34     0.00000066     0.16956359     0.83043575
       35     0.00000009     0.17394431     0.82605560
       36     0.00000024     0.18732276     0.81267700
       37     0.00000079     0.21987133     0.78012788
       38     0.00000035     0.29013517     0.70986448
       39     0.00000006     0.42362780     0.57637214
       40     0.00000073     0.58557306     0.41442621
       41     0.00000059     0.69851404     0.30148537
       42     0.00000004     0.75851134     0.24148862
       43     0.00000042     0.79045897     0.20954061
       44     0.00000074     0.80918822     0.19081104
       45     0.00000021     0.82124832     0.17875147
       46     0.00000013     0.82959708     0.17040279
       47     0.00000067     0.83568560     0.16431373
       48     0.00000054     0.84029339     0.15970607
       49     0.00000003     0.84386966     0.15613031
       50     0.00000042     0.84669166     0.15330793
       51     0.00000086     0.84894387     0.15105527
       52     0.00000032     0.85075536     0.14924432
       53     0.00000006     0.85222087     0.14777907
       54     0.00000074     0.85341407     0.14658518
       55     0.00000082     0.85439505     0.14560413
       56     0.00000011     0.85521128     0.14478861
       57     0.00000025     0.85589931     0.14410045
       58     0.00000095     0.85648791     0.14351114
       59     0.00000063     0.85699806     0.14300132
       60     0.00000001     0.85744040     0.14255959
       61     0.00000046     0.85781620     0.14218333
       62     0.00000092     0.85811970     0.14187937
       63     0.00000036     0.85833771     0.14166192
       64     0.00000004     0.85845235     0.14154761
       65     0.00000056     0.85843033     0.14156911
       66     0.00000070     0.85824862     0.14175068
       67     0.00000020     0.85788197     0.14211783
       68     0.00000015     0.85731040     0.14268945
       69     0.00000047     0.85652368     0.14347585
       70     0.00000042     0.85552778     0.14447181
       71     0.00000023     0.85433393     0.14566583
       72     0.00000027     0.85298086     0.14701887
       73     0.00000026     0.85154219     0.14845755
       74     0.00000033     0.85011526     0.14988441
       75     0.00000049     0.84878566     0.15121385
       76     0.00000026     0.84762071     0.15237902
       77     0.00000008     0.84668108     0.15331884
       78     0.00000063     0.84602743     0.15397194
       79     0.00000091     0.84567695     0.15432214
       80     0.00000020     0.84558259     0.15441721
       81     0.00000025     0.84565834     0.15434142
       82     0.00000150     0.84578366     0.15421484
       83     0.00000150     0.84579545     0.15420305
       84     0.00000032     0.84550531     0.15449438
       85     0.00000106     0.84477063     0.15522832
       86     0.00000285     0.84349942     0.15649773
       87     0.00000218     0.84168436     0.15831346
       88     0.00000069     0.83943129     0.16056802
       89     0.00000200     0.83697430     0.16302371
       90     0.00000363     0.83467392     0.16532245
       91     0.00000220     0.83298768     0.16701012
       92     0.00000058     0.83240877     0.16759064
       93     0.00000148     0.83338328     0.16661523
       94     0.00000220     0.83621134     0.16378645
       95     0.00000112     0.84094137     0.15905750
       96     0.00000019     0.84727765     0.15272216
       97     0.00000001     0.85453246     0.14546752
       98     0.00000078     0.86165626     0.13834296
       99     0.00000327     0.86736770     0.13262903
      100     0.00000484     0.87037635     0.12961881
      101     0.00000385     0.86969445     0.13030171
      102     0.00000556     0.86497454     0.13501990
      103     0.00001139     0.85678558     0.14320303
      104     0.00001306     0.84669275     0.15329420
      105     0.00000855     0.83704031     0.16295114
      106     0.00000623     0.83041571     0.16957806
      107     0.00000754     0.82887805     0.17111441
      108     0.00000656     0.83316766     0.16682578
      109     0.00000366     0.84219809     0.15779824
      110     0.00000228     0.85312598     0.14687174
      111     0.00000274     0.86215645     0.13784081
      112     0.00000720     0.86591131     0.13408150
      113     0.00001500     0.86288024     0.13710476
      114     0.00001778     0.85429983     0.14568239
      115     0.00001325     0.84392025     0.15606650
      116     0.00000953     0.83652401     0.16346646
      117     0.00000936     0.83568941     0.16430123
      118     0.00000894     0.84182259     0.15816848
      119     0.00000913     0.85161214     0.14837873
      120     0.00001132     0.85953528     0.14045340
