#     Density Matrix: population Re; see the manual for detail orders
        0     0.00000000     0.00000000     1.00000000
        1     0.00000006     0.00000221     0.99999773
        2     0.00000003     0.00001872     0.99998125
        3     0.00000001     0.00004110     0.99995889
        4     0.00000003     0.00004950     0.99995047
        5     0.00000002     0.00004046     0.99995952
        6     0.00000010     0.00003924     0.99996066
        7     0.00000010     0.00008081     0.99991909
        8     0.00000017     0.00018362     0.99981621
        9     0.00000020     0.00035830     0.99964150
       10     0.00000025     0.00066044     0.99933931
       11     0.00000030     0.00128425     0.99871545
       12     0.00000034     0.00277246     0.99722720
       13     0.00000038     0.00665868     0.99334094
       14     0.00000041     0.01764832     0.98235127
       15     0.00000023     0.52987601     0.47012376
       16     0.00000026     0.50223676     0.49776298
       17     0.00000044     0.26474237     0.73525719
       18     0.00000033     0.09368155     0.90631812
       19     0.00000057     0.02527952     0.97471991
       20     0.00000042     0.01104138     0.98895820
       21     0.00000047     0.01317893     0.98682061
       22     0.00000047     0.01732637     0.98267316
       23     0.00000044     0.01963031     0.98036925
       24     0.00000047     0.01980581     0.98019373
       25     0.00000046     0.01851685     0.98148269
       26     0.00000046     0.01648107     0.98351847
       27     0.00000048     0.01424419     0.98575533
       28     0.00000050     0.01214659     0.98785291
       29     0.00000048     0.01038358     0.98961594
       30     0.00000046     0.00905652     0.99094302
       31     0.00000046     0.00821898     0.99178056
       32     0.00000046     0.00791734     0.99208220
       33     0.00000045     0.00822370     0.99177585
       34     0.00000044     0.00927170     0.99072785
       35     0.00000044     0.01130983     0.98868973
       36     0.00000044     0.01479669     0.98520287
       37     0.00000044     0.02058405     0.97941551
       38     0.00000044     0.03029712     0.96970245
       39     0.00000044     0.04714690     0.95285267
       40     0.00000044     0.07764428     0.92235528
       41     0.00000045     0.13464654     0.86535301
       42     0.00000046     0.23851120     0.76148834
       43     0.00000046     0.40104703     0.59895251
       44     0.00000047     0.59215984     0.40783969
       45     0.00000044     0.76108940     0.23891016
       46     0.00000052     0.88997395     0.11002553
       47     0.00000075     0.96325847     0.03674079
       48     0.00000068     0.98444780     0.01555152
       49     0.00000054     0.98241229     0.01758717
       50     0.00000067     0.97399344     0.02600589
       51     0.00000077     0.96500075     0.03499847
       52     0.00000066     0.95702456     0.04297478
       53     0.00000064     0.95038209     0.04961727
       54     0.00000078     0.94506035     0.05493887
       55     0.00000079     0.94098879     0.05901042
       56     0.00000070     0.93810804     0.06189126
       57     0.00000076     0.93638730     0.06361194
       58     0.00000087     0.93581692     0.06418221
       59     0.00000086     0.93638251     0.06361663
       60     0.00000085     0.93805574     0.06194340
       61     0.00000097     0.94076678     0.05923225
       62     0.00000109     0.94438141     0.05561750
       63     0.00000116     0.94867340     0.05132545
       64     0.00000127     0.95333126     0.04666747
       65     0.00000149     0.95792711     0.04207140
       66     0.00000170     0.96194428     0.03805402
       67     0.00000189     0.96479473     0.03520338
       68     0.00000213     0.96588941     0.03410846
       69     0.00000242     0.96471277     0.03528481
       70     0.00000268     0.96093836     0.03905896
       71     0.00000288     0.95456022     0.04543690
       72     0.00000307     0.94600035     0.05399659
       73     0.00000319     0.93619473     0.06380208
       74     0.00000320     0.92657321     0.07342359
       75     0.00000310     0.91892401     0.08107289
       76     0.00000292     0.91506937     0.08492770
       77     0.00000268     0.91649148     0.08350584
       78     0.00000238     0.92382306     0.07617456
       79     0.00000211     0.93652661     0.06347128
       80     0.00000190     0.95277977     0.04721833
       81     0.00000181     0.96978296     0.03021523
       82     0.00000182     0.98444727     0.01555091
       83     0.00000192     0.99429256     0.00570552
       84     0.00000207     0.99824247     0.00175546
       85     0.00000220     0.99697117     0.00302663
       86     0.00000225     0.99263128     0.00736648
       87     0.00000219     0.98802523     0.01197257
       88     0.00000206     0.98554181     0.01445613
       89     0.00000189     0.98627622     0.01372189
       90     0.00000173     0.98974296     0.01025531
       91     0.00000163     0.99429360     0.00570476
       92     0.00000162     0.99804764     0.00195074
       93     0.00000167     0.99983968     0.00015865
       94     0.00000173     0.99968716     0.00031111
       95     0.00000178     0.99855734     0.00144088
       96     0.00000180     0.99764230     0.00235590
       97     0.00000181     0.99762913     0.00236906
       98     0.00000184     0.99841509     0.00158307
       99     0.00000193     0.99937800     0.00062007
      100     0.00000208     0.99993177     0.00006615
      101     0.00000227     0.99992891     0.00006881
      102     0.00000250     0.99965090     0.00034660
      103     0.00000274     0.99947924     0.00051802
      104     0.00000303     0.99957215     0.00042482
      105     0.00000339     0.99980573     0.00019087
      106     0.00000385     0.99996681     0.00002934
      107     0.00000441     0.99996966     0.00002593
      108     0.00000507     0.99989602     0.00009891
      109     0.00000584     0.99986629     0.00012787
      110     0.00000676     0.99991081     0.00008242
      111     0.00000787     0.99996996     0.00002216
      112     0.00000921     0.99998722     0.00000357
      113     0.00001080     0.99996914     0.00002006
      114     0.00001268     0.99995610     0.00003122
      115     0.00001492     0.99996461     0.00002047
      116     0.00001760     0.99997778     0.00000462
      117     0.00002081     0.99997891     0.00000027
      118     0.00002465     0.99997157     0.00000378
      119     0.00002923     0.99996593     0.00000484
      120     0.00003473     0.99996288     0.00000239
