#     Density Matrix: population Re; see the manual for detail orders
        0     0.00000000     0.00000000     1.00000000
        1     0.00000001     0.00000041     0.99999958
        2     0.00000005     0.00000406     0.99999589
        3     0.00000014     0.00001531     0.99998455
        4     0.00000021     0.00004139     0.99995840
        5     0.00000034     0.00008399     0.99991567
        6     0.00000044     0.00015196     0.99984760
        7     0.00000058     0.00028837     0.99971105
        8     0.00000067     0.00062270     0.99937664
        9     0.00000079     0.00150700     0.99849221
       10     0.00000082     0.00400763     0.99599155
       11     0.00000089     0.01212185     0.98787726
       12     0.00000083     0.04549635     0.95450282
       13     0.00000072     0.21394175     0.78605753
       14     0.00000025     0.58956346     0.41043629
       15     0.00000023     0.55117540     0.44882437
       16     0.00000079     0.33773780     0.66226140
       17     0.00000057     0.21957442     0.78042501
       18     0.00000097     0.16106500     0.83893404
       19     0.00000080     0.13378984     0.86620936
       20     0.00000064     0.12310714     0.87689222
       21     0.00000102     0.12094570     0.87905328
       22     0.00000073     0.12269326     0.87730601
       23     0.00000061     0.12571287     0.87428652
       24     0.00000105     0.12857079     0.87142815
       25     0.00000021     0.13057550     0.86942429
       26     0.00000150     0.13124614     0.86875236
       27     0.00000121     0.13058308     0.86941570
       28     0.00000005     0.12868698     0.87131296
       29     0.00000176     0.12541355     0.87458469
       30     0.00000096     0.12069237     0.87930666
       31     0.00000002     0.11435295     0.88564702
       32     0.00000081     0.10570124     0.89429796
       33     0.00000072     0.09421064     0.90578864
       34     0.00000001     0.07963340     0.92036659
       35     0.00000053     0.06288569     0.93711379
       36     0.00000088     0.05667560     0.94332353
       37     0.00000008     0.12053471     0.87946521
       38     0.00000042     0.30408634     0.69591324
       39     0.00000092     0.49857943     0.50141966
       40     0.00000038     0.61814640     0.38185322
       41     0.00000007     0.67898630     0.32101363
       42     0.00000020     0.71083874     0.28916107
       43     0.00000022     0.73046652     0.26953326
       44     0.00000008     0.74272090     0.25727902
       45     0.00000020     0.75028326     0.24971654
       46     0.00000050     0.75483119     0.24516832
       47     0.00000019     0.75801016     0.24198965
       48     0.00000003     0.76030708     0.23969289
       49     0.00000039     0.76176678     0.23823283
       50     0.00000047     0.76246231     0.23753722
       51     0.00000012     0.76276709     0.23723278
       52     0.00000015     0.76298804     0.23701181
       53     0.00000048     0.76304345     0.23695607
       54     0.00000034     0.76300983     0.23698983
       55     0.00000002     0.76284987     0.23715011
       56     0.00000012     0.76270623     0.23729365
       57     0.00000033     0.76266057     0.23733910
       58     0.00000014     0.76265090     0.23734896
       59     0.00000001     0.76267668     0.23732332
       60     0.00000023     0.76273211     0.23726767
       61     0.00000026     0.76280574     0.23719401
       62     0.00000004     0.76288186     0.23711810
       63     0.00000004     0.76312437     0.23687559
       64     0.00000013     0.76332721     0.23667266
       65     0.00000009     0.76325659     0.23674332
       66     0.00000013     0.76342787     0.23657200
       67     0.00000015     0.76356920     0.23643065
       68     0.00000001     0.76340762     0.23659237
       69     0.00000025     0.76323333     0.23676642
       70     0.00000056     0.76307228     0.23692716
       71     0.00000025     0.76294952     0.23705023
       72     0.00000014     0.76289770     0.23710216
       73     0.00000093     0.76294296     0.23705611
       74     0.00000121     0.76307304     0.23692575
       75     0.00000052     0.76326131     0.23673817
       76     0.00000075     0.76346521     0.23653403
       77     0.00000194     0.76359139     0.23640667
       78     0.00000183     0.76355139     0.23644678
       79     0.00000087     0.76327336     0.23672577
       80     0.00000145     0.76272925     0.23726930
       81     0.00000252     0.76196413     0.23803335
       82     0.00000180     0.76111545     0.23888275
       83     0.00000076     0.76041427     0.23958497
       84     0.00000138     0.76014068     0.23985794
       85     0.00000202     0.76078904     0.23920894
       86     0.00000087     0.76274499     0.23725414
       87     0.00000003     0.76641285     0.23358712
       88     0.00000030     0.77111500     0.22888471
       89     0.00000058     0.77647732     0.22352210
       90     0.00000118     0.78276635     0.21723246
       91     0.00000142     0.78865035     0.21134822
       92     0.00000062     0.79270591     0.20729346
       93     0.00000232     0.79422151     0.20577617
       94     0.00000667     0.79239017     0.20760316
       95     0.00000730     0.78692353     0.21306917
       96     0.00000467     0.77828196     0.22171338
       97     0.00000648     0.76778835     0.23220517
       98     0.00001059     0.75750145     0.24248796
       99     0.00000875     0.74972608     0.25026517
      100     0.00000369     0.74677913     0.25321718
      101     0.00000220     0.75001236     0.24998544
      102     0.00000270     0.75904399     0.24095331
      103     0.00000282     0.77168172     0.22831546
      104     0.00000395     0.78421445     0.21578161
      105     0.00000463     0.79282691     0.20716847
      106     0.00000495     0.79427753     0.20571752
      107     0.00000993     0.78770019     0.21228988
      108     0.00001657     0.77527559     0.22470784
      109     0.00001514     0.76173954     0.23824532
      110     0.00000838     0.75273977     0.24725185
      111     0.00000494     0.75226009     0.24773497
      112     0.00000417     0.76068483     0.23931099
      113     0.00000494     0.77407915     0.22591592
      114     0.00000873     0.78574467     0.21424660
      115     0.00001254     0.78954300     0.21044445
      116     0.00001430     0.78345903     0.21652667
      117     0.00001765     0.77112466     0.22885769
      118     0.00002163     0.75998259     0.23999578
      119     0.00001970     0.75707440     0.24290590
      120     0.00001400     0.76431664     0.23566937
