#     Density Matrix: population Re; see the manual for detail orders
        0     0.00000000     0.00000000     1.00000000
        1     0.00000000     0.00000012     0.99999988
        2     0.00000000     0.00000140     0.99999860
        3     0.00000000     0.00000438     0.99999562
        4     0.00000000     0.00000726     0.99999274
        5     0.00000012     0.00000627     0.99999361
        6     0.00000017     0.00001190     0.99998793
        7     0.00000020     0.00002018     0.99997962
        8     0.00000023     0.00002432     0.99997546
        9     0.00000027     0.00002866     0.99997107
       10     0.00000030     0.00005748     0.99994222
       11     0.00000033     0.00020231     0.99979736
       12     0.00000036     0.00099639     0.99900325
       13     0.00000038     0.01048104     0.98951858
       14     0.00000021     0.48969812     0.51030167
       15     0.00000036     0.53298115     0.46701849
       16     0.00000060     0.26654235     0.73345706
       17     0.00000023     0.21180728     0.78819250
       18     0.00000035     0.17836604     0.82163361
       19     0.00000034     0.15478923     0.84521043
       20     0.00000032     0.13677596     0.86322373
       21     0.00000040     0.12239521     0.87760439
       22     0.00000038     0.11065605     0.88934357
       23     0.00000039     0.10103711     0.89896249
       24     0.00000038     0.09315835     0.90684126
       25     0.00000037     0.08673925     0.91326038
       26     0.00000036     0.08157478     0.91842486
       27     0.00000035     0.07748718     0.92251247
       28     0.00000033     0.07434689     0.92565278
       29     0.00000032     0.07206242     0.92793726
       30     0.00000030     0.07061803     0.92938167
       31     0.00000028     0.07008636     0.92991336
       32     0.00000026     0.07072337     0.92927637
       33     0.00000024     0.07318455     0.92681520
       34     0.00000022     0.07926014     0.92073964
       35     0.00000021     0.09524135     0.90475844
       36     0.00000019     0.15759123     0.84240858
       37     0.00000015     0.47317366     0.52682620
       38     0.00000017     0.84793305     0.15206679
       39     0.00000020     0.93651023     0.06348956
       40     0.00000015     0.94993587     0.05006398
       41     0.00000012     0.95425251     0.04574736
       42     0.00000016     0.95642992     0.04356992
       43     0.00000015     0.95785031     0.04214954
       44     0.00000011     0.95891937     0.04108052
       45     0.00000014     0.95978716     0.04021270
       46     0.00000015     0.96052078     0.03947907
       47     0.00000012     0.96115733     0.03884255
       48     0.00000012     0.96172092     0.03827896
       49     0.00000014     0.96222791     0.03777195
       50     0.00000014     0.96269562     0.03730424
       51     0.00000011     0.96313646     0.03686343
       52     0.00000012     0.96356344     0.03643644
       53     0.00000014     0.96398674     0.03601312
       54     0.00000013     0.96441411     0.03558577
       55     0.00000011     0.96485034     0.03514954
       56     0.00000013     0.96529798     0.03470190
       57     0.00000014     0.96575455     0.03424532
       58     0.00000013     0.96621666     0.03378322
       59     0.00000012     0.96667688     0.03332300
       60     0.00000013     0.96712748     0.03287239
       61     0.00000014     0.96756054     0.03243932
       62     0.00000013     0.96796893     0.03203095
       63     0.00000012     0.96834792     0.03165195
       64     0.00000014     0.96869390     0.03130597
       65     0.00000014     0.96900700     0.03099286
       66     0.00000013     0.96929049     0.03070938
       67     0.00000013     0.96955050     0.03044937
       68     0.00000015     0.96979594     0.03020391
       69     0.00000016     0.97003707     0.02996278
       70     0.00000016     0.97028327     0.02971657
       71     0.00000016     0.97054337     0.02945647
       72     0.00000018     0.97082494     0.02917488
       73     0.00000020     0.97113133     0.02886847
       74     0.00000021     0.97146302     0.02853677
       75     0.00000022     0.97181667     0.02818312
       76     0.00000024     0.97218836     0.02781140
       77     0.00000027     0.97257101     0.02742872
       78     0.00000029     0.97295481     0.02704489
       79     0.00000031     0.97333141     0.02666827
       80     0.00000035     0.97369368     0.02630598
       81     0.00000039     0.97403807     0.02596154
       82     0.00000042     0.97436369     0.02563589
       83     0.00000044     0.97467578     0.02532378
       84     0.00000048     0.97498392     0.02501560
       85     0.00000052     0.97529987     0.02469961
       86     0.00000056     0.97563964     0.02435980
       87     0.00000059     0.97602163     0.02397778
       88     0.00000063     0.97646373     0.02353564
       89     0.00000068     0.97698130     0.02301803
       90     0.00000072     0.97758646     0.02241281
       91     0.00000077     0.97828630     0.02171293
       92     0.00000081     0.97907811     0.02092108
       93     0.00000088     0.97995319     0.02004593
       94     0.00000096     0.98089369     0.01910535
       95     0.00000105     0.98187353     0.01812541
       96     0.00000116     0.98286240     0.01713644
       97     0.00000130     0.98382717     0.01617154
       98     0.00000147     0.98473787     0.01526066
       99     0.00000166     0.98556944     0.01442890
      100     0.00000187     0.98630925     0.01368888
      101     0.00000209     0.98695604     0.01304187
      102     0.00000231     0.98752416     0.01247353
      103     0.00000253     0.98803867     0.01195880
      104     0.00000272     0.98853371     0.01146358
      105     0.00000288     0.98904768     0.01094944
      106     0.00000300     0.98961496     0.01038204
      107     0.00000311     0.99025981     0.00973708
      108     0.00000320     0.99099147     0.00900533
      109     0.00000329     0.99179963     0.00819708
      110     0.00000339     0.99265440     0.00734221
      111     0.00000352     0.99351414     0.00648234
      112     0.00000367     0.99432855     0.00566778
      113     0.00000385     0.99505016     0.00494599
      114     0.00000405     0.99564139     0.00435456
      115     0.00000425     0.99608165     0.00391411
      116     0.00000442     0.99637100     0.00362458
      117     0.00000456     0.99652918     0.00346626
      118     0.00000465     0.99659222     0.00340313
      119     0.00000470     0.99660615     0.00338915
      120     0.00000470     0.99661912     0.00337618
