#     Density Matrix: population Re; see the manual for detail orders
        0     0.00000000     0.00000000     1.00000000
        1     0.00000008     0.00000040     0.99999952
        2     0.00000010     0.00000156     0.99999834
        3     0.00000030     0.00000207     0.99999763
        4     0.00000028     0.00001236     0.99998736
        5     0.00000061     0.00004671     0.99995267
        6     0.00000052     0.00011158     0.99988789
        7     0.00000091     0.00021575     0.99978335
        8     0.00000075     0.00042610     0.99957315
        9     0.00000107     0.00105087     0.99894807
       10     0.00000092     0.00348096     0.99651812
       11     0.00000100     0.01663168     0.98336733
       12     0.00000095     0.16550170     0.83449735
       13     0.00000102     0.14328318     0.85671579
       14     0.00000485     0.44838113     0.55161403
       15     0.00000021     0.31638229     0.68361751
       16     0.00000352     0.27448045     0.72551604
       17     0.00000292     0.25484527     0.74515181
       18     0.00000037     0.24210553     0.75789410
       19     0.00000389     0.23053112     0.76946499
       20     0.00000151     0.21759686     0.78240163
       21     0.00000096     0.20231336     0.79768568
       22     0.00000334     0.18472749     0.81526917
       23     0.00000108     0.16534679     0.83465213
       24     0.00000120     0.14519684     0.85480196
       25     0.00000262     0.12531766     0.87467971
       26     0.00000116     0.10672989     0.89326894
       27     0.00000136     0.09010151     0.90989713
       28     0.00000222     0.07587692     0.92412086
       29     0.00000132     0.06425907     0.93573961
       30     0.00000143     0.05523639     0.94476218
       31     0.00000201     0.04847726     0.95152073
       32     0.00000158     0.04368135     0.95631707
       33     0.00000159     0.04055237     0.95944604
       34     0.00000172     0.03882679     0.96117150
       35     0.00000180     0.03868370     0.96131450
       36     0.00000170     0.04139281     0.95860550
       37     0.00000131     0.04703992     0.95295877
       38     0.00000187     0.05744249     0.94255563
       39     0.00000180     0.07601450     0.92398370
       40     0.00000117     0.10907280     0.89092604
       41     0.00000236     0.16697896     0.83301868
       42     0.00000179     0.26087579     0.73912241
       43     0.00000131     0.38815636     0.61184233
       44     0.00000257     0.52139955     0.47859788
       45     0.00000148     0.63202360     0.36797492
       46     0.00000163     0.71714260     0.28285577
       47     0.00000259     0.79663377     0.20336364
       48     0.00000161     0.72346063     0.27653776
       49     0.00000044     0.57025868     0.42974088
       50     0.00000091     0.74142814     0.25857095
       51     0.00000156     0.86123173     0.13876671
       52     0.00000067     0.92030212     0.07969721
       53     0.00000119     0.94926680     0.05073201
       54     0.00000102     0.96244037     0.03755861
       55     0.00000093     0.96734694     0.03265212
       56     0.00000118     0.96888001     0.03111881
       57     0.00000082     0.97014115     0.02985803
       58     0.00000127     0.97244469     0.02755404
       59     0.00000085     0.97567428     0.02432486
       60     0.00000114     0.97903060     0.02096827
       61     0.00000096     0.98175113     0.01824790
       62     0.00000108     0.98353699     0.01646194
       63     0.00000104     0.98460673     0.01539223
       64     0.00000098     0.98542495     0.01457408
       65     0.00000114     0.98633709     0.01366177
       66     0.00000096     0.98737435     0.01262469
       67     0.00000105     0.98836211     0.01163684
       68     0.00000103     0.98914979     0.01084918
       69     0.00000113     0.98974340     0.01025547
       70     0.00000000     1.00000000     0.00000000
       71     0.00000001     0.99999999     0.00000001
       72     0.00000001     0.99999998     0.00000001
       73     0.00000000     0.99999989     0.00000011
       74     0.00000001     0.99999962     0.00000037
       75     0.00000002     0.99999936     0.00000063
       76     0.00000001     0.99999933     0.00000067
       77     0.00000001     0.99999939     0.00000060
       78     0.00000003     0.99999910     0.00000087
       79     0.00000001     0.99999823     0.00000175
       80     0.00000002     0.99999707     0.00000292
       81     0.00000004     0.99999626     0.00000369
       82     0.00000003     0.99999604     0.00000393
       83     0.00000002     0.99999553     0.00000445
       84     0.00000006     0.99999359     0.00000636
       85     0.00000005     0.99999030     0.00000965
       86     0.00000003     0.99998697     0.00001300
       87     0.00000006     0.99998462     0.00001531
       88     0.00000008     0.99998277     0.00001715
       89     0.00000004     0.99997939     0.00002056
       90     0.00000008     0.99997283     0.00002709
       91     0.00000010     0.99996394     0.00003596
       92     0.00000006     0.99995516     0.00004478
       93     0.00000007     0.99994786     0.00005207
       94     0.00000010     0.99994120     0.00005870
       95     0.00000008     0.99993244     0.00006748
       96     0.00000006     0.99991941     0.00008053
       97     0.00000010     0.99990273     0.00009717
       98     0.00000010     0.99988623     0.00011366
       99     0.00000006     0.99987361     0.00012633
      100     0.00000008     0.99986501     0.00013491
      101     0.00000011     0.99985758     0.00014232
      102     0.00000007     0.99984823     0.00015169
      103     0.00000005     0.99983668     0.00016327
      104     0.00000009     0.99982612     0.00017379
      105     0.00000009     0.99982121     0.00017869
      106     0.00000005     0.99982460     0.00017535
      107     0.00000006     0.99983490     0.00016504
      108     0.00000009     0.99984955     0.00015036
      109     0.00000006     0.99986575     0.00013419
      110     0.00000004     0.99988152     0.00011844
      111     0.00000007     0.99989678     0.00010316
      112     0.00000008     0.99991260     0.00008732
      113     0.00000005     0.99992930     0.00007064
      114     0.00000004     0.99994656     0.00005340
      115     0.00000006     0.99996281     0.00003713
      116     0.00000006     0.99997688     0.00002306
      117     0.00000003     0.99998740     0.00001256
      118     0.00000003     0.99999398     0.00000599
      119     0.00000005     0.99999733     0.00000261
      120     0.00000006     0.99999882     0.00000112
