#     Density Matrix: population Re; see the manual for detail orders
        0     0.00000000     0.00000000     1.00000000
        1     0.00000000     0.00000060     0.99999940
        2     0.00000001     0.00000167     0.99999832
        3     0.00000002     0.00000413     0.99999586
        4     0.00000006     0.00002853     0.99997141
        5     0.00000007     0.00008695     0.99991297
        6     0.00000015     0.00016259     0.99983725
        7     0.00000017     0.00023009     0.99976974
        8     0.00000029     0.00031099     0.99968873
        9     0.00000031     0.00053906     0.99946063
       10     0.00000043     0.00123614     0.99876343
       11     0.00000047     0.00310277     0.99689676
       12     0.00000055     0.00795052     0.99204893
       13     0.00000061     0.02174227     0.97825712
       14     0.00000057     0.06760861     0.93239082
       15     0.00000138     0.36143739     0.63856123
       16     0.00000017     0.68057852     0.31942132
       17     0.00000181     0.52306061     0.47693758
       18     0.00000148     0.38895764     0.61104088
       19     0.00000051     0.31913778     0.68086171
       20     0.00000237     0.28467649     0.71532114
       21     0.00000057     0.26913267     0.73086676
       22     0.00000066     0.26334450     0.73665483
       23     0.00000165     0.26199607     0.73800228
       24     0.00000017     0.26201635     0.73798348
       25     0.00000056     0.26173477     0.73826467
       26     0.00000101     0.26035252     0.73964647
       27     0.00000008     0.25758160     0.74241832
       28     0.00000051     0.25341274     0.74658675
       29     0.00000062     0.24799896     0.75200042
       30     0.00000011     0.24163761     0.75836229
       31     0.00000057     0.23482422     0.76517521
       32     0.00000046     0.22834254     0.77165700
       33     0.00000013     0.22335077     0.77664910
       34     0.00000060     0.22141914     0.77858026
       35     0.00000045     0.22447589     0.77552366
       36     0.00000015     0.23459909     0.76540077
       37     0.00000046     0.25359169     0.74640785
       38     0.00000045     0.28230218     0.71769737
       39     0.00000027     0.31963927     0.68036046
       40     0.00000025     0.36133763     0.63866212
       41     0.00000044     0.39875320     0.60124636
       42     0.00000052     0.41837352     0.58162596
       43     0.00000010     0.40355044     0.59644945
       44     0.00000057     0.34078868     0.65921076
       45     0.00000077     0.23250525     0.76749398
       46     0.00000002     0.11137821     0.88862178
       47     0.00000092     0.03707148     0.96292760
       48     0.00000077     0.05717078     0.94282845
       49     0.00000007     0.16051502     0.83948491
       50     0.00000111     0.28273268     0.71726621
       51     0.00000020     0.35978380     0.64021599
       52     0.00000068     0.36768415     0.63231517
       53     0.00000107     0.32266584     0.67733309
       54     0.00000004     0.26017794     0.73982202
       55     0.00000153     0.21308502     0.78691346
       56     0.00000039     0.19802818     0.80197142
       57     0.00000070     0.21216524     0.78783406
       58     0.00000109     0.23912561     0.76087330
       59     0.00000010     0.26014822     0.73985168
       60     0.00000142     0.26453822     0.73546036
       61     0.00000005     0.25405241     0.74594753
       62     0.00000122     0.23934065     0.76065813
       63     0.00000052     0.23137115     0.76862833
       64     0.00000053     0.23392795     0.76607152
       65     0.00000075     0.24232521     0.75767404
       66     0.00000027     0.24860537     0.75139435
       67     0.00000105     0.24841881     0.75158013
       68     0.00000004     0.24377468     0.75622527
       69     0.00000117     0.23987206     0.76012676
       70     0.00000009     0.23975668     0.76024323
       71     0.00000064     0.24214439     0.75785498
       72     0.00000008     0.24393815     0.75606177
       73     0.00000101     0.24388503     0.75611396
       74     0.00000021     0.24316402     0.75683577
       75     0.00000052     0.24296178     0.75703771
       76     0.00000051     0.24281961     0.75717988
       77     0.00000043     0.24196730     0.75803227
       78     0.00000010     0.24118784     0.75881206
       79     0.00000077     0.24230351     0.75769572
       80     0.00000081     0.24456421     0.75543498
       81     0.00000008     0.24517425     0.75482567
       82     0.00000040     0.24247255     0.75752705
       83     0.00000086     0.23922968     0.76076946
       84     0.00000045     0.23989280     0.76010675
       85     0.00000014     0.24453573     0.75546414
       86     0.00000100     0.24767875     0.75232025
       87     0.00000064     0.24472033     0.75527902
       88     0.00000008     0.23849475     0.76150517
       89     0.00000048     0.23672301     0.76327652
       90     0.00000135     0.24243894     0.75755970
       91     0.00000036     0.24931847     0.75068118
       92     0.00000014     0.24873376     0.75126610
       93     0.00000079     0.24054859     0.75945062
       94     0.00000116     0.23410313     0.76589571
       95     0.00000026     0.23740770     0.76259204
       96     0.00000048     0.24729534     0.75270419
       97     0.00000140     0.25260149     0.74739711
       98     0.00000059     0.24696029     0.75303912
       99     0.00000014     0.23629358     0.76370628
      100     0.00000031     0.23231128     0.76768841
      101     0.00000200     0.23945676     0.76054124
      102     0.00000103     0.25010618     0.74989279
      103     0.00000003     0.25303494     0.74696503
      104     0.00000045     0.24540100     0.75459854
      105     0.00000088     0.23534835     0.76465077
      106     0.00000162     0.23303405     0.76696433
      107     0.00000025     0.24021971     0.75978004
      108     0.00000081     0.24917196     0.75082723
      109     0.00000133     0.25116863     0.74883004
      110     0.00000046     0.24510042     0.75489912
      111     0.00000056     0.23763934     0.76236010
      112     0.00000002     0.23586125     0.76413873
      113     0.00000170     0.24048953     0.75950877
      114     0.00000217     0.24618933     0.75380850
      115     0.00000020     0.24761438     0.75238542
      116     0.00000028     0.24444974     0.75554998
      117     0.00000009     0.24064545     0.75935446
      118     0.00000137     0.23971492     0.76028371
      119     0.00000226     0.24157975     0.75841799
      120     0.00000024     0.24361399     0.75638577
