#     Density Matrix: population Re; see the manual for detail orders
        0     0.00000000     0.00000000     1.00000000
        1     0.00000001     0.00000217     0.99999782
        2     0.00000003     0.00001088     0.99998909
        3     0.00000007     0.00001250     0.99998743
        4     0.00000012     0.00001850     0.99998138
        5     0.00000018     0.00004914     0.99995068
        6     0.00000025     0.00010837     0.99989138
        7     0.00000032     0.00017891     0.99982077
        8     0.00000041     0.00024961     0.99974998
        9     0.00000047     0.00038767     0.99961186
       10     0.00000059     0.00092064     0.99907877
       11     0.00000059     0.00312963     0.99686978
       12     0.00000072     0.01343424     0.98656504
       13     0.00000061     0.08732773     0.91267166
       14     0.00000043     0.57754980     0.42244977
       15     0.00000014     0.64599546     0.35400440
       16     0.00000119     0.32259272     0.67740609
       17     0.00000008     0.25524797     0.74475195
       18     0.00000097     0.22016129     0.77983774
       19     0.00000072     0.20323159     0.79676769
       20     0.00000013     0.19685042     0.80314946
       21     0.00000106     0.19647802     0.80352093
       22     0.00000025     0.19929260     0.80070715
       23     0.00000035     0.20353473     0.79646493
       24     0.00000093     0.20813746     0.79186161
       25     0.00000009     0.21250548     0.78749444
       26     0.00000051     0.21635606     0.78364343
       27     0.00000090     0.21961114     0.78038795
       28     0.00000007     0.22232634     0.77767359
       29     0.00000052     0.22463294     0.77536654
       30     0.00000096     0.22670502     0.77329402
       31     0.00000013     0.22875076     0.77124911
       32     0.00000038     0.23102891     0.76897071
       33     0.00000101     0.23391603     0.76608295
       34     0.00000030     0.23811401     0.76188569
       35     0.00000017     0.24539752     0.75460231
       36     0.00000096     0.26286466     0.73713438
       37     0.00000065     0.38563977     0.61435958
       38     0.00000002     0.74313855     0.25686143
       39     0.00000052     0.83294235     0.16705712
       40     0.00000102     0.82633000     0.17366898
       41     0.00000031     0.82300976     0.17698993
       42     0.00000013     0.82099297     0.17900690
       43     0.00000094     0.81950930     0.18048976
       44     0.00000085     0.81822563     0.18177352
       45     0.00000008     0.81696080     0.18303911
       46     0.00000042     0.81559928     0.18440030
       47     0.00000113     0.81406594     0.18593293
       48     0.00000064     0.81231460     0.18768476
       49     0.00000005     0.81032189     0.18967807
       50     0.00000067     0.80808901     0.19191032
       51     0.00000122     0.80564439     0.19435439
       52     0.00000056     0.80304000     0.19695945
       53     0.00000009     0.80034620     0.19965371
       54     0.00000086     0.79764987     0.20234927
       55     0.00000135     0.79504986     0.20494879
       56     0.00000059     0.79264681     0.20735260
       57     0.00000014     0.79053281     0.20946706
       58     0.00000097     0.78878572     0.21121331
       59     0.00000150     0.78746396     0.21253454
       60     0.00000071     0.78659957     0.21339972
       61     0.00000014     0.78619308     0.21380678
       62     0.00000085     0.78621732     0.21378183
       63     0.00000146     0.78662412     0.21337442
       64     0.00000085     0.78734922     0.21264993
       65     0.00000011     0.78831729     0.21168260
       66     0.00000038     0.78945099     0.21054863
       67     0.00000109     0.79067951     0.20931940
       68     0.00000117     0.79194115     0.20805768
       69     0.00000056     0.79317949     0.20681996
       70     0.00000014     0.79433770     0.20566216
       71     0.00000078     0.79535388     0.20464534
       72     0.00000204     0.79615514     0.20384282
       73     0.00000231     0.79665176     0.20334593
       74     0.00000133     0.79673875     0.20325992
       75     0.00000118     0.79630976     0.20368905
       76     0.00000303     0.79528083     0.20471614
       77     0.00000463     0.79361882     0.20637655
       78     0.00000377     0.79136612     0.20863011
       79     0.00000215     0.78865976     0.21133809
       80     0.00000270     0.78573944     0.21425786
       81     0.00000461     0.78293807     0.21705732
       82     0.00000479     0.78064691     0.21934829
       83     0.00000283     0.77925971     0.22073746
       84     0.00000132     0.77910441     0.22089427
       85     0.00000167     0.78037843     0.21961990
       86     0.00000260     0.78309200     0.21690541
       87     0.00000265     0.78703806     0.21295929
       88     0.00000189     0.79179024     0.20820788
       89     0.00000105     0.79674062     0.20325833
       90     0.00000101     0.80117836     0.19882063
       91     0.00000261     0.80439826     0.19559913
       92     0.00000535     0.80582183     0.19417282
       93     0.00000696     0.80510740     0.19488564
       94     0.00000620     0.80223916     0.19775465
       95     0.00000536     0.79756851     0.20242613
       96     0.00000722     0.79179878     0.20819400
       97     0.00001039     0.78589842     0.21409119
       98     0.00001081     0.78095147     0.21903771
       99     0.00000762     0.77795865     0.22203373
      100     0.00000417     0.77762485     0.22237098
      101     0.00000292     0.78017370     0.21982339
      102     0.00000307     0.78523175     0.21476518
      103     0.00000363     0.79182363     0.20817274
      104     0.00000503     0.79850929     0.20148568
      105     0.00000684     0.80366149     0.19633166
      106     0.00000781     0.80585565     0.19413653
      107     0.00000909     0.80428919     0.19570172
      108     0.00001313     0.79911332     0.20087354
      109     0.00001826     0.79155212     0.20842962
      110     0.00001910     0.78370913     0.21627177
      111     0.00001402     0.77803531     0.22195067
      112     0.00000752     0.77655736     0.22343512
      113     0.00000375     0.78009381     0.21990244
      114     0.00000259     0.78775129     0.21224611
      115     0.00000363     0.79698421     0.20301215
      116     0.00000799     0.80434761     0.19564440
      117     0.00001403     0.80678453     0.19320144
      118     0.00001714     0.80300181     0.19698105
      119     0.00001623     0.79430511     0.20567866
      120     0.00001485     0.78434891     0.21563624
