#     Density Matrix: population Re; see the manual for detail orders
        0     0.00000000     0.00000000     1.00000000
        1     0.00000006     0.00001730     0.99998264
        2     0.00000006     0.00012930     0.99987064
        3     0.00000022     0.00024611     0.99975367
        4     0.00000018     0.00025702     0.99974280
        5     0.00000048     0.00015527     0.99984425
        6     0.00000038     0.00007493     0.99992469
        7     0.00000073     0.00025337     0.99974589
        8     0.00000057     0.00095880     0.99904063
        9     0.00000092     0.00249763     0.99750146
       10     0.00000067     0.00558018     0.99441915
       11     0.00000095     0.01294805     0.98705099
       12     0.00000067     0.03632006     0.96367927
       13     0.00000074     0.12406568     0.87593358
       14     0.00000038     0.36191160     0.63808802
       15     0.00000021     0.54010466     0.45989513
       16     0.00000038     0.45443779     0.54556183
       17     0.00000052     0.32296767     0.67703181
       18     0.00000067     0.23273209     0.76726724
       19     0.00000055     0.17995192     0.82004753
       20     0.00000067     0.15270412     0.84729521
       21     0.00000063     0.14168640     0.85831298
       22     0.00000053     0.14029588     0.85970359
       23     0.00000064     0.14420899     0.85579037
       24     0.00000026     0.15044912     0.84955063
       25     0.00000044     0.15704383     0.84295573
       26     0.00000029     0.16243896     0.83756075
       27     0.00000017     0.16574780     0.83425203
       28     0.00000053     0.16597235     0.83402712
       29     0.00000028     0.16226483     0.83773488
       30     0.00000006     0.15371260     0.84628734
       31     0.00000059     0.13863001     0.86136940
       32     0.00000045     0.11738588     0.88261367
       33     0.00000002     0.09141513     0.90858485
       34     0.00000044     0.06234614     0.93765342
       35     0.00000061     0.03355285     0.96644654
       36     0.00000010     0.01348901     0.98651088
       37     0.00000023     0.02113976     0.97886000
       38     0.00000072     0.07852469     0.92147459
       39     0.00000037     0.19579545     0.80420418
       40     0.00000002     0.34273403     0.65726596
       41     0.00000034     0.46888738     0.53111228
       42     0.00000043     0.55378815     0.44621142
       43     0.00000007     0.60855449     0.39144544
       44     0.00000010     0.64514385     0.35485605
       45     0.00000041     0.67166526     0.32833433
       46     0.00000025     0.69450809     0.30549166
       47     0.00000000     0.71567213     0.28432786
       48     0.00000023     0.73514262     0.26485715
       49     0.00000041     0.75359807     0.24640152
       50     0.00000012     0.77150369     0.22849618
       51     0.00000003     0.78913397     0.21086600
       52     0.00000033     0.80658731     0.19341236
       53     0.00000034     0.82380091     0.17619875
       54     0.00000004     0.84058640     0.15941356
       55     0.00000010     0.85669357     0.14330633
       56     0.00000039     0.87187381     0.12812580
       57     0.00000030     0.88592770     0.11407200
       58     0.00000002     0.89872870     0.10127128
       59     0.00000014     0.91022336     0.08977650
       60     0.00000041     0.92041309     0.07958651
       61     0.00000027     0.92936459     0.07063514
       62     0.00000002     0.93714483     0.06285515
       63     0.00000015     0.94382176     0.05617809
       64     0.00000044     0.94949539     0.05050417
       65     0.00000035     0.95425480     0.04574485
       66     0.00000005     0.95819305     0.04180690
       67     0.00000014     0.96140792     0.03859194
       68     0.00000053     0.96400655     0.03599291
       69     0.00000057     0.96610860     0.03389083
       70     0.00000019     0.96784178     0.03215803
       71     0.00000011     0.96949418     0.03050571
       72     0.00000043     0.97099390     0.02900568
       73     0.00000073     0.97247908     0.02752019
       74     0.00000070     0.97412346     0.02587584
       75     0.00000041     0.97569507     0.02430452
       76     0.00000052     0.97726526     0.02273422
       77     0.00000132     0.97894051     0.02105816
       78     0.00000210     0.98057735     0.01942056
       79     0.00000185     0.98209104     0.01790711
       80     0.00000129     0.98334111     0.01665760
       81     0.00000140     0.98429765     0.01570095
       82     0.00000247     0.98487473     0.01512281
       83     0.00000367     0.98508254     0.01491379
       84     0.00000345     0.98509472     0.01490183
       85     0.00000240     0.98483625     0.01516135
       86     0.00000228     0.98448994     0.01550777
       87     0.00000393     0.98435110     0.01564497
       88     0.00000438     0.98463566     0.01535996
       89     0.00000304     0.98540883     0.01458813
       90     0.00000222     0.98665911     0.01333867
       91     0.00000339     0.98834942     0.01164719
       92     0.00000000     1.00000000     0.00000000
       93     0.00000623     0.99975862     0.00023515
       94     0.00001616     0.99903093     0.00095291
       95     0.00001506     0.99788275     0.00210219
       96     0.00000441     0.99646143     0.00353416
       97     0.00000062     0.99498444     0.00501494
       98     0.00001076     0.99371168     0.00627757
       99     0.00002126     0.99293004     0.00704870
      100     0.00001703     0.99286412     0.00711885
      101     0.00000452     0.99356637     0.00642911
      102     0.00000105     0.99490378     0.00509517
      103     0.00001049     0.99658532     0.00340419
      104     0.00002085     0.99822471     0.00175444
      105     0.00001909     0.99941905     0.00056187
      106     0.00000743     0.99984399     0.00014858
      107     0.00000157     0.99936999     0.00062844
      108     0.00001122     0.99815330     0.00183548
      109     0.00002456     0.99664724     0.00332820
      110     0.00002502     0.99541597     0.00455901
      111     0.00001236     0.99494597     0.00504167
      112     0.00000238     0.99543630     0.00456132
      113     0.00000689     0.99669551     0.00329760
      114     0.00002116     0.99819113     0.00178772
      115     0.00003040     0.99926506     0.00070455
      116     0.00002492     0.99940396     0.00057112
      117     0.00001061     0.99856779     0.00142160
      118     0.00000419     0.99723158     0.00276423
      119     0.00001408     0.99617512     0.00381081
      120     0.00003094     0.99604495     0.00392412
