#     Density Matrix: population Re; see the manual for detail orders
        0     0.00000000     0.00000000     1.00000000
        1     0.00000002     0.00000089     0.99999909
        2     0.00000001     0.00000472     0.99999527
        3     0.00000000     0.00000569     0.99999431
        4     0.00000006     0.00000454     0.99999541
        5     0.00000005     0.00000239     0.99999756
        6     0.00000024     0.00000323     0.99999653
        7     0.00000026     0.00001995     0.99997979
        8     0.00000053     0.00006211     0.99993736
        9     0.00000055     0.00012579     0.99987366
       10     0.00000082     0.00021778     0.99978140
       11     0.00000079     0.00043546     0.99956375
       12     0.00000104     0.00120566     0.99879330
       13     0.00000087     0.00439152     0.99560762
       14     0.00000110     0.02191781     0.97808109
       15     0.00000068     0.20779557     0.79220375
       16     0.00000075     0.17640465     0.82359460
       17     0.00000535     0.50110363     0.49889102
       18     0.00000069     0.36341512     0.63658420
       19     0.00000293     0.31786823     0.68212884
       20     0.00000366     0.30696405     0.69303229
       21     0.00000170     0.30546379     0.69453451
       22     0.00000404     0.30709656     0.69289940
       23     0.00000254     0.31142503     0.68857243
       24     0.00000240     0.31768211     0.68231549
       25     0.00000397     0.32513506     0.67486097
       26     0.00000183     0.33325003     0.66674814
       27     0.00000323     0.34172720     0.65826957
       28     0.00000373     0.35055171     0.64944456
       29     0.00000162     0.35996576     0.64003262
       30     0.00000374     0.37045420     0.62954205
       31     0.00000343     0.38272169     0.61727488
       32     0.00000170     0.39769604     0.60230226
       33     0.00000378     0.41653931     0.58345691
       34     0.00000322     0.44076698     0.55922980
       35     0.00000187     0.47187765     0.52812047
       36     0.00000354     0.51142454     0.48857192
       37     0.00000316     0.56051503     0.43948182
       38     0.00000214     0.61820148     0.38179638
       39     0.00000313     0.68066574     0.31933112
       40     0.00000306     0.74210120     0.25789574
       41     0.00000251     0.78583909     0.21415840
       42     0.00000291     0.81114499     0.18885211
       43     0.00000288     0.81920732     0.18078981
       44     0.00000267     0.80988211     0.19011522
       45     0.00000296     0.78084562     0.21915142
       46     0.00000285     0.72852489     0.27147226
       47     0.00000251     0.65207500     0.34792249
       48     0.00000297     0.55918121     0.44081582
       49     0.00000320     0.46611131     0.53388550
       50     0.00000241     0.49431077     0.50568683
       51     0.00000263     0.51960359     0.48039378
       52     0.00000317     0.51447267     0.48552416
       53     0.00000272     0.46687482     0.53312245
       54     0.00000258     0.40293733     0.59706010
       55     0.00000288     0.35769644     0.64230069
       56     0.00000272     0.33229338     0.66770390
       57     0.00000253     0.31434504     0.68565243
       58     0.00000287     0.30039698     0.69960015
       59     0.00000293     0.28875304     0.71124403
       60     0.00000251     0.27852499     0.72147250
       61     0.00000268     0.26923145     0.73076587
       62     0.00000311     0.26060567     0.73939123
       63     0.00000270     0.25252726     0.74747004
       64     0.00000240     0.24488005     0.75511755
       65     0.00000303     0.23765745     0.76233951
       66     0.00000309     0.23080958     0.76918733
       67     0.00000232     0.22438775     0.77560992
       68     0.00000264     0.21842573     0.78157163
       69     0.00000334     0.21292894     0.78706772
       70     0.00000265     0.20801104     0.79198632
       71     0.00000223     0.20372046     0.79627731
       72     0.00000317     0.20018278     0.79981405
       73     0.00000317     0.19756593     0.80243091
       74     0.00000225     0.19601686     0.80398090
       75     0.00000267     0.19569913     0.80429820
       76     0.00000341     0.19657043     0.80342617
       77     0.00000267     0.19826948     0.80172785
       78     0.00000223     0.20000884     0.79998893
       79     0.00000319     0.20038994     0.79960687
       80     0.00000327     0.19731032     0.80268641
       81     0.00000223     0.18764576     0.81235201
       82     0.00000252     0.16765712     0.83234035
       83     0.00000340     0.13995304     0.86004356
       84     0.00000282     0.14429890     0.85569828
       85     0.00000232     0.22538988     0.77460780
       86     0.00000327     0.29871450     0.70128223
       87     0.00000294     0.29624865     0.70374840
       88     0.00000224     0.24232980     0.75766795
       89     0.00000330     0.18348353     0.81651317
       90     0.00000331     0.15145023     0.84854645
       91     0.00000202     0.14579242     0.85420556
       92     0.00000281     0.15370435     0.84629284
       93     0.00000393     0.16656365     0.83343241
       94     0.00000247     0.18059733     0.81940019
       95     0.00000198     0.19438371     0.80561430
       96     0.00000390     0.20740743     0.79258868
       97     0.00000355     0.21948438     0.78051208
       98     0.00000163     0.23051196     0.76948641
       99     0.00000295     0.24043038     0.75956667
      100     0.00000443     0.24915254     0.75084303
      101     0.00000233     0.25662746     0.74337020
      102     0.00000175     0.26269728     0.73730098
      103     0.00000429     0.26730014     0.73269557
      104     0.00000379     0.27034445     0.72965176
      105     0.00000138     0.27171251     0.72828612
      106     0.00000295     0.27128630     0.72871075
      107     0.00000478     0.26904148     0.73095375
      108     0.00000241     0.26491032     0.73508726
      109     0.00000153     0.25881588     0.74118259
      110     0.00000418     0.25071768     0.74927814
      111     0.00000400     0.24038544     0.75961056
      112     0.00000149     0.22753916     0.77245935
      113     0.00000252     0.21169725     0.78830022
      114     0.00000448     0.19225113     0.80774439
      115     0.00000272     0.16847548     0.83152180
      116     0.00000144     0.13980862     0.86018994
      117     0.00000346     0.10650213     0.89349441
      118     0.00000398     0.07067209     0.92932392
      119     0.00000200     0.03784983     0.96214817
      120     0.00000214     0.01712650     0.98287136
