#     Density Matrix: population Re; see the manual for detail orders
        0     0.00000000     0.00000000     1.00000000
        1     0.00000000     0.00000008     0.99999992
        2     0.00000000     0.00000172     0.99999828
        3     0.00000001     0.00000941     0.99999058
        4     0.00000007     0.00002833     0.99997160
        5     0.00000013     0.00006862     0.99993126
        6     0.00000016     0.00015281     0.99984703
        7     0.00000019     0.00032153     0.99967828
        8     0.00000021     0.00069362     0.99930617
        9     0.00000023     0.00166723     0.99833254
       10     0.00000026     0.00472244     0.99527731
       11     0.00000027     0.01668414     0.98331559
       12     0.00000027     0.07741206     0.92258767
       13     0.00000012     0.69135731     0.30864257
       14     0.00000002     0.54622050     0.45377948
       15     0.00000051     0.16430055     0.83569894
       16     0.00000020     0.07364642     0.92635338
       17     0.00000033     0.03622768     0.96377199
       18     0.00000033     0.02169533     0.97830434
       19     0.00000028     0.01703909     0.98296063
       20     0.00000033     0.01638811     0.98361157
       21     0.00000027     0.01706614     0.98293359
       22     0.00000026     0.01790375     0.98209599
       23     0.00000027     0.01845639     0.98154334
       24     0.00000025     0.01861891     0.98138084
       25     0.00000025     0.01842522     0.98157453
       26     0.00000025     0.01795901     0.98204075
       27     0.00000024     0.01730976     0.98269000
       28     0.00000024     0.01655633     0.98344343
       29     0.00000024     0.01577094     0.98422882
       30     0.00000023     0.01502064     0.98497913
       31     0.00000023     0.01437904     0.98562073
       32     0.00000023     0.01394568     0.98605409
       33     0.00000023     0.01389646     0.98610331
       34     0.00000023     0.01457926     0.98542052
       35     0.00000023     0.01681205     0.98318772
       36     0.00000022     0.02293329     0.97706648
       37     0.00000023     0.04184081     0.95815896
       38     0.00000023     0.12472623     0.87527354
       39     0.00000023     0.45392091     0.54607886
       40     0.00000027     0.83031628     0.16968345
       41     0.00000027     0.94668627     0.05331346
       42     0.00000021     0.97223216     0.02776764
       43     0.00000021     0.98108019     0.01891959
       44     0.00000025     0.98529331     0.01470644
       45     0.00000023     0.98773902     0.01226076
       46     0.00000020     0.98935606     0.01064373
       47     0.00000023     0.99052353     0.00947624
       48     0.00000025     0.99141660     0.00858315
       49     0.00000022     0.99212411     0.00787567
       50     0.00000023     0.99269455     0.00730523
       51     0.00000025     0.99315571     0.00684404
       52     0.00000026     0.99352499     0.00647475
       53     0.00000024     0.99381431     0.00618545
       54     0.00000026     0.99403286     0.00596688
       55     0.00000029     0.99418946     0.00581025
       56     0.00000029     0.99429390     0.00570581
       57     0.00000029     0.99435641     0.00564330
       58     0.00000033     0.99438907     0.00561060
       59     0.00000036     0.99440467     0.00559497
       60     0.00000037     0.99441655     0.00558307
       61     0.00000040     0.99443838     0.00556122
       62     0.00000045     0.99448309     0.00551646
       63     0.00000049     0.99456244     0.00543707
       64     0.00000053     0.99468731     0.00531215
       65     0.00000059     0.99486660     0.00513281
       66     0.00000066     0.99510856     0.00489078
       67     0.00000074     0.99541948     0.00457978
       68     0.00000082     0.99580243     0.00419676
       69     0.00000092     0.99625628     0.00374280
       70     0.00000105     0.99677228     0.00322667
       71     0.00000120     0.99733068     0.00266812
       72     0.00000136     0.99789785     0.00210079
       73     0.00000155     0.99842450     0.00157395
       74     0.00000177     0.99884707     0.00115115
       75     0.00000202     0.99909304     0.00090494
       76     0.00000228     0.99909160     0.00090612
       77     0.00000254     0.99878868     0.00120878
       78     0.00000282     0.99816386     0.00183332
       79     0.00000308     0.99724607     0.00275085
       80     0.00000330     0.99612321     0.00387349
       81     0.00000349     0.99493926     0.00505724
       82     0.00000364     0.99387883     0.00611752
       83     0.00000375     0.99313708     0.00685917
       84     0.00000381     0.99287876     0.00711743
       85     0.00000384     0.99319678     0.00679938
       86     0.00000387     0.99407701     0.00591912
       87     0.00000390     0.99538659     0.00460952
       88     0.00000396     0.99689083     0.00310521
       89     0.00000405     0.99830047     0.00169548
       90     0.00000419     0.99934225     0.00065356
       91     0.00000435     0.99983465     0.00016100
       92     0.00000452     0.99974474     0.00025074
       93     0.00000468     0.99920328     0.00079204
       94     0.00000481     0.99846674     0.00152845
       95     0.00000490     0.99783405     0.00216104
       96     0.00000498     0.99754365     0.00245137
       97     0.00000506     0.99768995     0.00230498
       98     0.00000518     0.99819572     0.00179910
       99     0.00000536     0.99885293     0.00114172
      100     0.00000562     0.99941819     0.00057619
      101     0.00000596     0.99971915     0.00027489
      102     0.00000636     0.99972296     0.00027068
      103     0.00000681     0.99953439     0.00045880
      104     0.00000729     0.99932677     0.00066594
      105     0.00000782     0.99924409     0.00074809
      106     0.00000843     0.99933009     0.00066148
      107     0.00000914     0.99952164     0.00046922
      108     0.00000999     0.99970542     0.00028459
      109     0.00001101     0.99979672     0.00019227
      110     0.00001220     0.99978751     0.00020029
      111     0.00001358     0.99973542     0.00025100
      112     0.00001519     0.99970946     0.00027535
      113     0.00001709     0.99973814     0.00024478
      114     0.00001937     0.99979850     0.00018213
      115     0.00002212     0.99984738     0.00013050
      116     0.00002543     0.99986181     0.00011275
      117     0.00002944     0.99985288     0.00011768
      118     0.00003434     0.99984630     0.00011936
      119     0.00004040     0.99985487     0.00010473
      120     0.00004797     0.99987032     0.00008171
