#     Density Matrix: population Re; see the manual for detail orders
        0     0.00000000     0.00000000     1.00000000
        1     0.00000000     0.00000033     0.99999967
        2     0.00000000     0.00000326     0.99999674
        3     0.00000000     0.00000832     0.99999168
        4     0.00000001     0.00001110     0.99998889
        5     0.00000001     0.00000919     0.99999080
        6     0.00000003     0.00000547     0.99999450
        7     0.00000011     0.00000374     0.99999615
        8     0.00000017     0.00002169     0.99997814
        9     0.00000020     0.00009041     0.99990939
       10     0.00000022     0.00020959     0.99979019
       11     0.00000024     0.00040711     0.99959265
       12     0.00000025     0.00087236     0.99912739
       13     0.00000027     0.00233591     0.99766382
       14     0.00000028     0.00802178     0.99197794
       15     0.00000029     0.03769118     0.96230853
       16     0.00000014     0.63136956     0.36863030
       17     0.00000001     0.54661912     0.45338087
       18     0.00000055     0.10511362     0.89488583
       19     0.00000023     0.03463389     0.96536588
       20     0.00000031     0.01109422     0.98890547
       21     0.00000034     0.00340983     0.99658984
       22     0.00000027     0.00153398     0.99846575
       23     0.00000040     0.00167127     0.99832833
       24     0.00000039     0.00230361     0.99769600
       25     0.00000022     0.00284000     0.99715978
       26     0.00000038     0.00310959     0.99689003
       27     0.00000031     0.00310511     0.99689458
       28     0.00000024     0.00289661     0.99710315
       29     0.00000029     0.00257306     0.99742666
       30     0.00000026     0.00222517     0.99777456
       31     0.00000025     0.00194861     0.99805115
       32     0.00000027     0.00185682     0.99814292
       33     0.00000026     0.00210779     0.99789196
       34     0.00000024     0.00295638     0.99704338
       35     0.00000025     0.00486065     0.99513910
       36     0.00000024     0.00872205     0.99127770
       37     0.00000023     0.01647923     0.98352054
       38     0.00000022     0.03269950     0.96730028
       39     0.00000021     0.06917167     0.93082813
       40     0.00000023     0.15593393     0.84406584
       41     0.00000023     0.33856518     0.66143459
       42     0.00000020     0.58730366     0.41269614
       43     0.00000018     0.78800343     0.21199638
       44     0.00000020     0.91299221     0.08700759
       45     0.00000024     0.97801863     0.02198113
       46     0.00000019     0.99811886     0.00188095
       47     0.00000013     0.99786214     0.00213773
       48     0.00000020     0.99120778     0.00879202
       49     0.00000021     0.98329699     0.01670280
       50     0.00000014     0.97572291     0.02427695
       51     0.00000014     0.96889899     0.03110087
       52     0.00000019     0.96288226     0.03711755
       53     0.00000018     0.95764996     0.04234986
       54     0.00000016     0.95317340     0.04682644
       55     0.00000020     0.94943348     0.05056632
       56     0.00000024     0.94642974     0.05357002
       57     0.00000024     0.94419906     0.05580070
       58     0.00000026     0.94273953     0.05726021
       59     0.00000034     0.94206161     0.05793805
       60     0.00000040     0.94217354     0.05782606
       61     0.00000045     0.94302593     0.05697363
       62     0.00000055     0.94455510     0.05544435
       63     0.00000071     0.94662230     0.05337699
       64     0.00000085     0.94901301     0.05098615
       65     0.00000100     0.95143893     0.04856007
       66     0.00000123     0.95351839     0.04648037
       67     0.00000152     0.95483065     0.04516782
       68     0.00000176     0.95493575     0.04506249
       69     0.00000195     0.95339525     0.04660279
       70     0.00000216     0.94998311     0.05001473
       71     0.00000244     0.94479195     0.05520562
       72     0.00000256     0.93810158     0.06189586
       73     0.00000252     0.93080043     0.06919706
       74     0.00000254     0.92427023     0.07572723
       75     0.00000247     0.91999946     0.07999807
       76     0.00000222     0.91953378     0.08046400
       77     0.00000195     0.92402357     0.07597448
       78     0.00000173     0.93374150     0.06625677
       79     0.00000154     0.94778428     0.05221419
       80     0.00000139     0.96404203     0.03595659
       81     0.00000132     0.97958854     0.02041014
       82     0.00000134     0.99151348     0.00848518
       83     0.00000139     0.99788369     0.00211492
       84     0.00000143     0.99844658     0.00155199
       85     0.00000145     0.99475669     0.00524185
       86     0.00000142     0.98960244     0.01039614
       87     0.00000131     0.98589379     0.01410490
       88     0.00000117     0.98543137     0.01456746
       89     0.00000105     0.98826103     0.01173792
       90     0.00000091     0.99288297     0.00711612
       91     0.00000082     0.99718911     0.00281008
       92     0.00000091     0.99961465     0.00038444
       93     0.00000098     0.99987920     0.00011982
       94     0.00000093     0.99886457     0.00113450
       95     0.00000088     0.99785764     0.00214149
       96     0.00000089     0.99770050     0.00229861
       97     0.00000093     0.99839107     0.00160800
       98     0.00000095     0.99932404     0.00067501
       99     0.00000095     0.99988716     0.00011189
      100     0.00000103     0.99991259     0.00008638
      101     0.00000120     0.99967150     0.00032729
      102     0.00000140     0.99953078     0.00046782
      103     0.00000155     0.99962982     0.00036863
      104     0.00000168     0.99983791     0.00016041
      105     0.00000196     0.99996317     0.00003487
      106     0.00000235     0.99995306     0.00004460
      107     0.00000280     0.99989752     0.00009968
      108     0.00000334     0.99989172     0.00010495
      109     0.00000394     0.99993893     0.00005712
      110     0.00000471     0.99998050     0.00001479
      111     0.00000573     0.99998341     0.00001086
      112     0.00000702     0.99996868     0.00002430
      113     0.00000855     0.99996694     0.00002451
      114     0.00001037     0.99997855     0.00001107
      115     0.00001262     0.99998561     0.00000177
      116     0.00001542     0.99998208     0.00000250
      117     0.00001888     0.99997639     0.00000472
      118     0.00002311     0.99997383     0.00000306
      119     0.00002825     0.99997113     0.00000062
      120     0.00003456     0.99996539     0.00000005
