#     Density Matrix: population Re; see the manual for detail orders
        0     0.00000000     0.00000000     1.00000000
        1     0.00000008     0.00000762     0.99999230
        2     0.00000010     0.00006144     0.99993846
        3     0.00000024     0.00013415     0.99986561
        4     0.00000024     0.00017463     0.99982513
        5     0.00000044     0.00016153     0.99983802
        6     0.00000041     0.00015253     0.99984706
        7     0.00000062     0.00033330     0.99966609
        8     0.00000062     0.00113579     0.99886359
        9     0.00000067     0.00381268     0.99618665
       10     0.00000078     0.01408194     0.98591728
       11     0.00000054     0.07824944     0.92175002
       12     0.00000054     0.52708508     0.47291438
       13     0.00000023     0.64837246     0.35162731
       14     0.00000148     0.30478833     0.69521019
       15     0.00000016     0.23586005     0.76413978
       16     0.00000085     0.20064709     0.79935206
       17     0.00000089     0.18385401     0.81614509
       18     0.00000021     0.17742282     0.82257697
       19     0.00000080     0.17665493     0.82334428
       20     0.00000024     0.17864962     0.82135015
       21     0.00000027     0.18167835     0.81832139
       22     0.00000066     0.18480072     0.81519862
       23     0.00000017     0.18751240     0.81248743
       24     0.00000015     0.18944258     0.81055727
       25     0.00000072     0.19016205     0.80983723
       26     0.00000030     0.18942955     0.81057015
       27     0.00000007     0.18709231     0.81290762
       28     0.00000062     0.18298191     0.81701747
       29     0.00000036     0.17615021     0.82384943
       30     0.00000003     0.16583038     0.83416959
       31     0.00000052     0.15096670     0.84903278
       32     0.00000052     0.12929393     0.87070556
       33     0.00000004     0.10060296     0.89939700
       34     0.00000037     0.06733957     0.93266007
       35     0.00000063     0.04446327     0.95553610
       36     0.00000016     0.08967924     0.91032059
       37     0.00000022     0.23645621     0.76354358
       38     0.00000075     0.36658744     0.63341181
       39     0.00000046     0.42057450     0.57942504
       40     0.00000009     0.58080482     0.41919509
       41     0.00000068     0.74208985     0.25790947
       42     0.00000083     0.85438457     0.14561461
       43     0.00000023     0.91522147     0.08477830
       44     0.00000045     0.94539619     0.05460336
       45     0.00000099     0.96151842     0.03848059
       46     0.00000061     0.97084370     0.02915569
       47     0.00000039     0.97611269     0.02388692
       48     0.00000103     0.97943799     0.02056098
       49     0.00000115     0.98160874     0.01839011
       50     0.00000054     0.98317991     0.01681955
       51     0.00000081     0.98420645     0.01579274
       52     0.00000163     0.98464735     0.01535102
       53     0.00000121     0.98471190     0.01528689
       54     0.00000065     0.98427614     0.01572321
       55     0.00000152     0.98286347     0.01713500
       56     0.00000217     0.98035062     0.01964722
       57     0.00000131     0.97671259     0.02328610
       58     0.00000105     0.97171248     0.02828646
       59     0.00000217     0.96551631     0.03448152
       60     0.00000221     0.95864902     0.04134877
       61     0.00000106     0.95190444     0.04809449
       62     0.00000124     0.94649387     0.05350490
       63     0.00000224     0.94342829     0.05656948
       64     0.00000153     0.94313361     0.05686486
       65     0.00000061     0.94565337     0.05434602
       66     0.00000125     0.95057273     0.04942602
       67     0.00000168     0.95720536     0.04279296
       68     0.00000080     0.96474337     0.03525584
       69     0.00000049     0.97235589     0.02764361
       70     0.00000139     0.97925387     0.02074473
       71     0.00000119     0.98475381     0.01524500
       72     0.00000028     0.98835013     0.01164959
       73     0.00000045     0.98991867     0.01008089
       74     0.00000106     0.98989218     0.01010676
       75     0.00000070     0.98921731     0.01078199
       76     0.00000013     0.98895699     0.01104288
       77     0.00000051     0.98978000     0.01021949
       78     0.00000000     1.00000000     0.00000000
       79     0.00000073     0.99742073     0.00257854
       80     0.00000127     0.99181398     0.00818475
       81     0.00000037     0.98705878     0.01294085
       82     0.00000006     0.98619487     0.01380507
       83     0.00000066     0.98952182     0.01047752
       84     0.00000000     1.00000000     0.00000000
       85     0.00000059     0.99915172     0.00084769
       86     0.00000114     0.99754475     0.00245411
       87     0.00000040     0.99671780     0.00328179
       88     0.00000003     0.99730062     0.00269935
       89     0.00000074     0.99863508     0.00136418
       90     0.00000118     0.99952606     0.00047276
       91     0.00000047     0.99927042     0.00072911
       92     0.00000018     0.99841389     0.00158593
       93     0.00000115     0.99797664     0.00202222
       94     0.00000174     0.99834042     0.00165784
       95     0.00000092     0.99898025     0.00101883
       96     0.00000060     0.99916845     0.00083095
       97     0.00000213     0.99884372     0.00115416
       98     0.00000313     0.99853254     0.00146433
       99     0.00000205     0.99858455     0.00141339
      100     0.00000155     0.99877141     0.00122704
      101     0.00000357     0.99882557     0.00117086
      102     0.00000585     0.99875880     0.00123535
      103     0.00000523     0.99872223     0.00127254
      104     0.00000402     0.99871389     0.00128209
      105     0.00000614     0.99864805     0.00134581
      106     0.00001028     0.99862420     0.00136552
      107     0.00001162     0.99875956     0.00122882
      108     0.00000997     0.99887325     0.00111678
      109     0.00001070     0.99872487     0.00126443
      110     0.00001615     0.99849489     0.00148897
      111     0.00002205     0.99857265     0.00140531
      112     0.00002333     0.99887255     0.00110412
      113     0.00002203     0.99889337     0.00108460
      114     0.00002471     0.99855891     0.00141638
      115     0.00003359     0.99840830     0.00155811
      116     0.00004365     0.99870193     0.00125443
      117     0.00004866     0.99894385     0.00100749
      118     0.00004967     0.99870865     0.00124168
      119     0.00005343     0.99838340     0.00156317
      120     0.00006473     0.99851117     0.00142410
