#     Density Matrix: population Re; see the manual for detail orders
        0     0.00000000     0.00000000     1.00000000
        1     0.00000001     0.00005421     0.99994578
        2     0.00000003     0.00045321     0.99954676
        3     0.00000005     0.00108078     0.99891918
        4     0.00000007     0.00170669     0.99829324
        5     0.00000009     0.00237866     0.99762125
        6     0.00000012     0.00379807     0.99620181
        7     0.00000015     0.00805303     0.99194682
        8     0.00000017     0.02110879     0.97889104
        9     0.00000019     0.06056790     0.93943191
       10     0.00000018     0.16147606     0.83852376
       11     0.00000014     0.29899212     0.70100774
       12     0.00000013     0.33378960     0.66621028
       13     0.00000018     0.25880283     0.74119698
       14     0.00000027     0.16878255     0.83121718
       15     0.00000034     0.10129562     0.89870404
       16     0.00000036     0.05790891     0.94209073
       17     0.00000038     0.03232911     0.96767051
       18     0.00000038     0.01837956     0.98162006
       19     0.00000039     0.01145145     0.98854817
       20     0.00000039     0.00845705     0.99154257
       21     0.00000040     0.00745779     0.99254181
       22     0.00000040     0.00731756     0.99268204
       23     0.00000037     0.00740810     0.99259153
       24     0.00000052     0.00737821     0.99262127
       25     0.00000055     0.00708812     0.99291132
       26     0.00000043     0.00651097     0.99348860
       27     0.00000041     0.00571420     0.99428539
       28     0.00000033     0.00474530     0.99525437
       29     0.00000050     0.00363511     0.99636439
       30     0.00000025     0.00246565     0.99753410
       31     0.00000038     0.00155212     0.99844750
       32     0.00000063     0.00135793     0.99864144
       33     0.00000017     0.00290220     0.99709763
       34     0.00000019     0.00877169     0.99122813
       35     0.00000059     0.02384120     0.97615821
       36     0.00000058     0.06140199     0.93859743
       37     0.00000027     0.14861910     0.85138063
       38     0.00000033     0.30766168     0.69233800
       39     0.00000047     0.51474440     0.48525513
       40     0.00000033     0.68870072     0.31129895
       41     0.00000013     0.79056355     0.20943632
       42     0.00000028     0.84538673     0.15461299
       43     0.00000052     0.87475584     0.12524364
       44     0.00000028     0.89207947     0.10792025
       45     0.00000004     0.90255227     0.09744769
       46     0.00000022     0.90964046     0.09035932
       47     0.00000031     0.91429725     0.08570244
       48     0.00000015     0.91722605     0.08277379
       49     0.00000021     0.91902670     0.08097310
       50     0.00000014     0.92039160     0.07960827
       51     0.00000008     0.92150826     0.07849166
       52     0.00000014     0.92241204     0.07758782
       53     0.00000031     0.92317763     0.07682206
       54     0.00000032     0.92393231     0.07606737
       55     0.00000002     0.92481613     0.07518385
       56     0.00000010     0.92583075     0.07416914
       57     0.00000056     0.92700161     0.07299783
       58     0.00000054     0.92836155     0.07163792
       59     0.00000003     0.92986234     0.07013763
       60     0.00000012     0.93147008     0.06852980
       61     0.00000034     0.93314455     0.06685511
       62     0.00000049     0.93468650     0.06531301
       63     0.00000023     0.93604470     0.06395507
       64     0.00000007     0.93733786     0.06266206
       65     0.00000017     0.93875134     0.06124848
       66     0.00000016     0.94009054     0.05990930
       67     0.00000006     0.94118686     0.05881308
       68     0.00000018     0.94224229     0.05775754
       69     0.00000051     0.94328568     0.05671381
       70     0.00000057     0.94434485     0.05565458
       71     0.00000041     0.94543722     0.05456236
       72     0.00000071     0.94649901     0.05350028
       73     0.00000150     0.94740593     0.05259257
       74     0.00000138     0.94817640     0.05182223
       75     0.00000120     0.94902116     0.05097765
       76     0.00000171     0.94974829     0.05025000
       77     0.00000171     0.95036932     0.04962897
       78     0.00000142     0.95118150     0.04881709
       79     0.00000156     0.95201885     0.04797958
       80     0.00000188     0.95299828     0.04699984
       81     0.00000178     0.95430616     0.04569206
       82     0.00000147     0.95613492     0.04386361
       83     0.00000142     0.95865801     0.04134057
       84     0.00000153     0.96198183     0.03801664
       85     0.00000142     0.96611525     0.03388333
       86     0.00000119     0.97082559     0.02917322
       87     0.00000121     0.97571471     0.02428407
       88     0.00000158     0.98038578     0.01961264
       89     0.00000204     0.98433946     0.01565850
       90     0.00000242     0.98714423     0.01285335
       91     0.00000283     0.98855160     0.01144556
       92     0.00000344     0.98858728     0.01140928
       93     0.00000408     0.98758403     0.01241188
       94     0.00000446     0.98612177     0.01387377
       95     0.00000457     0.98489634     0.01509908
       96     0.00000476     0.98450066     0.01549458
       97     0.00000498     0.98535741     0.01463761
       98     0.00000470     0.98751889     0.01247641
       99     0.00000454     0.99059545     0.00940001
      100     0.00000455     0.99391755     0.00607790
      101     0.00000511     0.99673740     0.00325748
      102     0.00000571     0.99848929     0.00150500
      103     0.00000648     0.99897946     0.00101405
      104     0.00000687     0.99845542     0.00153771
      105     0.00000716     0.99748887     0.00250396
      106     0.00000787     0.99671885     0.00327327
      107     0.00000903     0.99660885     0.00338211
      108     0.00000972     0.99724830     0.00274198
      109     0.00000989     0.99833298     0.00165712
      110     0.00001026     0.99936282     0.00062692
      111     0.00001135     0.99992698     0.00006166
      112     0.00001277     0.99992088     0.00006635
      113     0.00001365     0.99956799     0.00041836
      114     0.00001462     0.99922386     0.00076151
      115     0.00001670     0.99914417     0.00083913
      116     0.00002046     0.99934781     0.00063173
      117     0.00002444     0.99965794     0.00031762
      118     0.00002789     0.99986415     0.00010796
      119     0.00003134     0.99988123     0.00008743
      120     0.00003593     0.99978131     0.00018276
