#     Density Matrix: population Re; see the manual for detail orders
        0     0.00000000     0.00000000     1.00000000
        1     0.00000004     0.00000120     0.99999875
        2     0.00000002     0.00000689     0.99999308
        3     0.00000003     0.00000918     0.99999079
        4     0.00000000     0.00000639     0.99999360
        5     0.00000008     0.00000108     0.99999884
        6     0.00000004     0.00000322     0.99999674
        7     0.00000016     0.00002538     0.99997446
        8     0.00000014     0.00006608     0.99993378
        9     0.00000021     0.00011479     0.99988499
       10     0.00000022     0.00018475     0.99981503
       11     0.00000025     0.00034732     0.99965242
       12     0.00000027     0.00078394     0.99921579
       13     0.00000029     0.00198659     0.99801312
       14     0.00000031     0.00562237     0.99437732
       15     0.00000031     0.01868299     0.98131669
       16     0.00000030     0.07490280     0.92509690
       17     0.00000014     0.65561496     0.34438490
       18     0.00000004     0.55834447     0.44165549
       19     0.00000052     0.20111173     0.79888775
       20     0.00000022     0.09000350     0.90999628
       21     0.00000034     0.04111484     0.95888482
       22     0.00000033     0.02132401     0.97867566
       23     0.00000025     0.01473514     0.98526461
       24     0.00000028     0.01373850     0.98626122
       25     0.00000023     0.01466571     0.98533406
       26     0.00000022     0.01582092     0.98417886
       27     0.00000023     0.01649536     0.98350442
       28     0.00000020     0.01648491     0.98351490
       29     0.00000019     0.01582219     0.98417763
       30     0.00000018     0.01463700     0.98536282
       31     0.00000017     0.01309990     0.98689993
       32     0.00000017     0.01140945     0.98859039
       33     0.00000017     0.00979756     0.99020228
       34     0.00000016     0.00859668     0.99140316
       35     0.00000016     0.00837192     0.99162792
       36     0.00000016     0.01024123     0.98975861
       37     0.00000017     0.01668182     0.98331801
       38     0.00000018     0.03376542     0.96623440
       39     0.00000019     0.07737268     0.92262713
       40     0.00000020     0.18445933     0.81554047
       41     0.00000021     0.39084671     0.60915308
       42     0.00000021     0.63729078     0.36270901
       43     0.00000023     0.82591468     0.17408509
       44     0.00000031     0.92965818     0.07034151
       45     0.00000027     0.97235344     0.02764629
       46     0.00000023     0.98882919     0.01117058
       47     0.00000029     0.99538717     0.00461254
       48     0.00000034     0.99806116     0.00193850
       49     0.00000031     0.99912564     0.00087405
       50     0.00000032     0.99950182     0.00049785
       51     0.00000039     0.99958892     0.00041069
       52     0.00000041     0.99956766     0.00043193
       53     0.00000040     0.99952025     0.00047935
       54     0.00000046     0.99948165     0.00051790
       55     0.00000053     0.99946318     0.00053629
       56     0.00000056     0.99946366     0.00053578
       57     0.00000058     0.99947485     0.00052456
       58     0.00000067     0.99948452     0.00051481
       59     0.00000075     0.99947791     0.00052134
       60     0.00000081     0.99943855     0.00056064
       61     0.00000088     0.99934869     0.00065043
       62     0.00000100     0.99918988     0.00080912
       63     0.00000112     0.99894394     0.00105494
       64     0.00000122     0.99859406     0.00140472
       65     0.00000135     0.99812635     0.00187230
       66     0.00000151     0.99753256     0.00246593
       67     0.00000167     0.99681285     0.00318548
       68     0.00000181     0.99597922     0.00401897
       69     0.00000197     0.99505922     0.00493881
       70     0.00000213     0.99409848     0.00589939
       71     0.00000229     0.99316194     0.00683577
       72     0.00000241     0.99233199     0.00766559
       73     0.00000253     0.99170241     0.00829506
       74     0.00000264     0.99136840     0.00862896
       75     0.00000273     0.99141015     0.00858712
       76     0.00000279     0.99187375     0.00812346
       77     0.00000285     0.99275260     0.00724455
       78     0.00000291     0.99397175     0.00602534
       79     0.00000297     0.99538697     0.00461005
       80     0.00000304     0.99679833     0.00319863
       81     0.00000311     0.99798353     0.00201336
       82     0.00000319     0.99874720     0.00124961
       83     0.00000326     0.99897387     0.00102287
       84     0.00000332     0.99866886     0.00132782
       85     0.00000335     0.99797099     0.00202565
       86     0.00000336     0.99712484     0.00287180
       87     0.00000333     0.99641530     0.00358137
       88     0.00000327     0.99608054     0.00391619
       89     0.00000321     0.99623463     0.00376216
       90     0.00000315     0.99682756     0.00316929
       91     0.00000310     0.99766602     0.00233088
       92     0.00000308     0.99848824     0.00150867
       93     0.00000308     0.99906752     0.00092940
       94     0.00000310     0.99929981     0.00069709
       95     0.00000312     0.99923476     0.00076212
       96     0.00000315     0.99903582     0.00096103
       97     0.00000318     0.99888983     0.00110699
       98     0.00000321     0.99891325     0.00108354
       99     0.00000326     0.99910503     0.00089171
      100     0.00000335     0.99936870     0.00062796
      101     0.00000347     0.99958468     0.00041184
      102     0.00000364     0.99968514     0.00031122
      103     0.00000383     0.99968471     0.00031147
      104     0.00000405     0.99965291     0.00034304
      105     0.00000431     0.99965551     0.00034018
      106     0.00000464     0.99971053     0.00028483
      107     0.00000504     0.99978819     0.00020677
      108     0.00000552     0.99984669     0.00014779
      109     0.00000611     0.99986882     0.00012507
      110     0.00000682     0.99986939     0.00012379
      111     0.00000768     0.99987368     0.00011865
      112     0.00000871     0.99989240     0.00009889
      113     0.00000997     0.99991681     0.00007322
      114     0.00001151     0.99993331     0.00005519
      115     0.00001340     0.99993853     0.00004807
      116     0.00001573     0.99993965     0.00004462
      117     0.00001860     0.99994350     0.00003789
      118     0.00002217     0.99994941     0.00002842
      119     0.00002663     0.99995244     0.00002093
      120     0.00003220     0.99995056     0.00001724
