#     Density Matrix: population Re; see the manual for detail orders
        0     0.00000000     0.00000000     1.00000000
        1     0.00000003     0.00000011     0.99999985
        2     0.00000005     0.00000209     0.99999785
        3     0.00000009     0.00001173     0.99998819
        4     0.00000011     0.00003910     0.99996079
        5     0.00000015     0.00010360     0.99989625
        6     0.00000019     0.00025794     0.99974187
        7     0.00000023     0.00066844     0.99933133
        8     0.00000027     0.00192085     0.99807888
        9     0.00000031     0.00653460     0.99346510
       10     0.00000034     0.02955158     0.97044808
       11     0.00000017     0.57760904     0.42239079
       12     0.00000013     0.58982987     0.41017000
       13     0.00000050     0.14040572     0.85959378
       14     0.00000037     0.05789194     0.94210769
       15     0.00000035     0.02466950     0.97533015
       16     0.00000049     0.01105094     0.98894858
       17     0.00000037     0.00614304     0.99385660
       18     0.00000041     0.00517323     0.99482636
       19     0.00000037     0.00585489     0.99414473
       20     0.00000038     0.00707449     0.99292513
       21     0.00000042     0.00831813     0.99168145
       22     0.00000039     0.00938525     0.99061437
       23     0.00000038     0.01023482     0.98976479
       24     0.00000038     0.01089518     0.98910443
       25     0.00000036     0.01141897     0.98858066
       26     0.00000036     0.01185626     0.98814338
       27     0.00000033     0.01225283     0.98774684
       28     0.00000030     0.01264519     0.98735451
       29     0.00000028     0.01306616     0.98693356
       30     0.00000026     0.01355628     0.98644346
       31     0.00000024     0.01417920     0.98582056
       32     0.00000022     0.01504040     0.98495938
       33     0.00000020     0.01634675     0.98365306
       34     0.00000018     0.01852719     0.98147263
       35     0.00000016     0.02262512     0.97737472
       36     0.00000015     0.03181217     0.96818768
       37     0.00000013     0.06306311     0.93693676
       38     0.00000012     0.21188953     0.78811036
       39     0.00000009     0.59037736     0.40962255
       40     0.00000007     0.85080891     0.14919102
       41     0.00000011     0.91832172     0.08167817
       42     0.00000012     0.94020741     0.05979247
       43     0.00000010     0.95025335     0.04974656
       44     0.00000010     0.95585058     0.04414933
       45     0.00000013     0.95930654     0.04069333
       46     0.00000014     0.96153730     0.03846256
       47     0.00000013     0.96298209     0.03701778
       48     0.00000015     0.96388426     0.03611559
       49     0.00000019     0.96440049     0.03559932
       50     0.00000020     0.96465551     0.03534428
       51     0.00000021     0.96475430     0.03524550
       52     0.00000025     0.96479257     0.03520718
       53     0.00000029     0.96485642     0.03514328
       54     0.00000032     0.96502736     0.03497232
       55     0.00000035     0.96537073     0.03462892
       56     0.00000040     0.96593387     0.03406573
       57     0.00000047     0.96674270     0.03325684
       58     0.00000051     0.96779721     0.03220228
       59     0.00000055     0.96906756     0.03093189
       60     0.00000061     0.97050089     0.02949850
       61     0.00000067     0.97202327     0.02797606
       62     0.00000072     0.97354962     0.02644966
       63     0.00000075     0.97499029     0.02500896
       64     0.00000079     0.97626649     0.02373272
       65     0.00000084     0.97731779     0.02268137
       66     0.00000087     0.97811243     0.02188671
       67     0.00000088     0.97865085     0.02134827
       68     0.00000090     0.97896832     0.02103078
       69     0.00000093     0.97912939     0.02086967
       70     0.00000096     0.97922068     0.02077836
       71     0.00000099     0.97933724     0.02066176
       72     0.00000104     0.97956757     0.02043139
       73     0.00000111     0.97997793     0.02002096
       74     0.00000121     0.98060240     0.01939640
       75     0.00000133     0.98143014     0.01856853
       76     0.00000147     0.98240683     0.01759169
       77     0.00000166     0.98343765     0.01656069
       78     0.00000189     0.98439852     0.01559959
       79     0.00000216     0.98515177     0.01484607
       80     0.00000245     0.98557126     0.01442629
       81     0.00000278     0.98555819     0.01443903
       82     0.00000313     0.98506681     0.01493006
       83     0.00000349     0.98411665     0.01587986
       84     0.00000385     0.98280212     0.01719404
       85     0.00000418     0.98128916     0.01870666
       86     0.00000447     0.97980275     0.02019278
       87     0.00000471     0.97859999     0.02139530
       88     0.00000490     0.97793823     0.02205687
       89     0.00000503     0.97802856     0.02196642
       90     0.00000511     0.97899523     0.02099966
       91     0.00000518     0.98084124     0.01915359
       92     0.00000527     0.98343115     0.01656358
       93     0.00000543     0.98649932     0.01349524
       94     0.00000571     0.98968138     0.01031291
       95     0.00000613     0.99257583     0.00741804
       96     0.00000668     0.99481813     0.00517518
       97     0.00000735     0.99615420     0.00383845
       98     0.00000806     0.99650100     0.00349093
       99     0.00000873     0.99597139     0.00401987
      100     0.00000926     0.99486056     0.00513018
      101     0.00000957     0.99358431     0.00640612
      102     0.00000962     0.99258547     0.00740490
      103     0.00000946     0.99222575     0.00776479
      104     0.00000917     0.99268586     0.00730497
      105     0.00000888     0.99391213     0.00607899
      106     0.00000870     0.99562166     0.00436963
      107     0.00000874     0.99738402     0.00260724
      108     0.00000898     0.99875709     0.00123392
      109     0.00000939     0.99943698     0.00055363
      110     0.00000986     0.99936761     0.00062253
      111     0.00001025     0.99876072     0.00122903
      112     0.00001049     0.99800942     0.00198009
      113     0.00001057     0.99752315     0.00246627
      114     0.00001059     0.99755371     0.00243570
      115     0.00001068     0.99809308     0.00189625
      116     0.00001097     0.99889347     0.00109557
      117     0.00001153     0.99960534     0.00038313
      118     0.00001236     0.99995999     0.00002765
      119     0.00001336     0.99990021     0.00008642
      120     0.00001444     0.99958771     0.00039785
