#     Density Matrix: population Re; see the manual for detail orders
        0     0.00000000     0.00000000     1.00000000
        1     0.00000001     0.00001094     0.99998905
        2     0.00000003     0.00008008     0.99991989
        3     0.00000010     0.00014660     0.99985330
        4     0.00000015     0.00014480     0.99985505
        5     0.00000033     0.00007808     0.99992159
        6     0.00000042     0.00001384     0.99998574
        7     0.00000066     0.00004604     0.99995331
        8     0.00000072     0.00027378     0.99972550
        9     0.00000093     0.00083102     0.99916806
       10     0.00000090     0.00212691     0.99787219
       11     0.00000102     0.00641031     0.99358867
       12     0.00000089     0.03359939     0.96639972
       13     0.00000075     0.38101099     0.61898826
       14     0.00000004     0.75286869     0.24713127
       15     0.00000106     0.34945432     0.65054462
       16     0.00000065     0.27200093     0.72799842
       17     0.00000046     0.23550590     0.76449363
       18     0.00000121     0.21890273     0.78109606
       19     0.00000016     0.21266680     0.78733304
       20     0.00000080     0.21163196     0.78836724
       21     0.00000085     0.21279570     0.78720344
       22     0.00000009     0.21440323     0.78559669
       23     0.00000087     0.21547310     0.78452602
       24     0.00000050     0.21551315     0.78448635
       25     0.00000011     0.21433058     0.78566931
       26     0.00000082     0.21190425     0.78809493
       27     0.00000037     0.20829773     0.79170191
       28     0.00000011     0.20359977     0.79640012
       29     0.00000075     0.19788108     0.80211817
       30     0.00000039     0.19115952     0.80884010
       31     0.00000005     0.18336728     0.81663267
       32     0.00000065     0.17430886     0.82569050
       33     0.00000052     0.16359359     0.83640589
       34     0.00000001     0.15053225     0.84946774
       35     0.00000047     0.13408162     0.86591791
       36     0.00000070     0.11407678     0.88592252
       37     0.00000011     0.10874387     0.89125601
       38     0.00000021     0.23698665     0.76301313
       39     0.00000082     0.50520647     0.49479271
       40     0.00000048     0.67566346     0.32433606
       41     0.00000004     0.75320947     0.24679048
       42     0.00000057     0.78967112     0.21032830
       43     0.00000077     0.80923950     0.19075973
       44     0.00000017     0.82084506     0.17915477
       45     0.00000023     0.82808967     0.17191010
       46     0.00000085     0.83262416     0.16737499
       47     0.00000059     0.83529089     0.16470853
       48     0.00000007     0.83656090     0.16343903
       49     0.00000057     0.83672515     0.16327429
       50     0.00000099     0.83598659     0.16401242
       51     0.00000038     0.83450536     0.16549427
       52     0.00000019     0.83242275     0.16757706
       53     0.00000096     0.82987743     0.17012161
       54     0.00000099     0.82701195     0.17298706
       55     0.00000024     0.82397166     0.17602810
       56     0.00000051     0.82090123     0.17909826
       57     0.00000131     0.81794189     0.18205680
       58     0.00000089     0.81522302     0.18477609
       59     0.00000024     0.81284953     0.18715023
       60     0.00000093     0.81089443     0.18910465
       61     0.00000150     0.80939571     0.19060279
       62     0.00000072     0.80835294     0.19164634
       63     0.00000033     0.80772728     0.19227240
       64     0.00000116     0.80745189     0.19254695
       65     0.00000137     0.80745020     0.19254843
       66     0.00000049     0.80765410     0.19234542
       67     0.00000027     0.80802062     0.19197911
       68     0.00000091     0.80855030     0.19144879
       69     0.00000097     0.80929786     0.19070117
       70     0.00000034     0.81036519     0.18963447
       71     0.00000005     0.81187585     0.18812411
       72     0.00000040     0.81393791     0.18606169
       73     0.00000098     0.81659463     0.18340439
       74     0.00000110     0.81976506     0.18023383
       75     0.00000061     0.82318987     0.17680952
       76     0.00000092     0.82640487     0.17359421
       77     0.00000279     0.82875714     0.17124007
       78     0.00000397     0.82946993     0.17052610
       79     0.00000311     0.82776201     0.17223488
       80     0.00000322     0.82301695     0.17697983
       81     0.00000591     0.81498991     0.18500417
       82     0.00000735     0.80399098     0.19600167
       83     0.00000548     0.79099978     0.20899474
       84     0.00000427     0.77765962     0.22233611
       85     0.00000577     0.76611088     0.23388335
       86     0.00000622     0.75863638     0.24135741
       87     0.00000382     0.75715426     0.24284192
       88     0.00000167     0.76265842     0.23733991
       89     0.00000150     0.77475349     0.22524501
       90     0.00000214     0.79143843     0.20855943
       91     0.00000279     0.80929618     0.19070103
       92     0.00000298     0.82415578     0.17584124
       93     0.00000277     0.83214274     0.16785448
       94     0.00000434     0.83089426     0.16910140
       95     0.00000788     0.82054739     0.17944473
       96     0.00000911     0.80408652     0.19590436
       97     0.00000662     0.78673367     0.21325971
       98     0.00000462     0.77438530     0.22561008
       99     0.00000480     0.77148460     0.22851060
      100     0.00000465     0.77908467     0.22091067
      101     0.00000378     0.79402010     0.20597612
      102     0.00000335     0.80983027     0.19016637
      103     0.00000375     0.81939195     0.18060431
      104     0.00000643     0.81831042     0.18168315
      105     0.00001077     0.80742409     0.19256514
      106     0.00001183     0.79282280     0.20716537
      107     0.00000838     0.78284095     0.21715066
      108     0.00000509     0.78325590     0.21673901
      109     0.00000465     0.79346240     0.20653296
      110     0.00000709     0.80642465     0.19356826
      111     0.00001164     0.81312389     0.18686447
      112     0.00001447     0.80899710     0.19098843
      113     0.00001338     0.79767981     0.20230681
      114     0.00001167     0.78852170     0.21146663
      115     0.00001178     0.78903124     0.21095698
      116     0.00001383     0.79823769     0.20174848
      117     0.00001828     0.80729300     0.19268873
      118     0.00002265     0.80766666     0.19231069
      119     0.00002381     0.79960148     0.20037472
      120     0.00002348     0.79197751     0.20799900
