#     Density Matrix: population Re; see the manual for detail orders
        0     0.00000000     0.00000000     1.00000000
        1     0.00000002     0.00000733     0.99999265
        2     0.00000003     0.00004983     0.99995015
        3     0.00000010     0.00008134     0.99991856
        4     0.00000011     0.00006971     0.99993018
        5     0.00000028     0.00003026     0.99996946
        6     0.00000031     0.00000192     0.99999777
        7     0.00000057     0.00001966     0.99997977
        8     0.00000059     0.00010236     0.99989705
        9     0.00000088     0.00024977     0.99974935
       10     0.00000083     0.00047170     0.99952747
       11     0.00000109     0.00095703     0.99904188
       12     0.00000094     0.00298582     0.99701323
       13     0.00000111     0.01686533     0.98313356
       14     0.00000079     0.22073166     0.77926754
       15     0.00000053     0.16812605     0.83187342
       16     0.00000532     0.43261747     0.56737721
       17     0.00000102     0.32593758     0.67406140
       18     0.00000231     0.28829849     0.71169921
       19     0.00000404     0.26785123     0.73214473
       20     0.00000013     0.25115468     0.74884519
       21     0.00000278     0.23302452     0.76697270
       22     0.00000235     0.21167896     0.78831869
       23     0.00000038     0.18718471     0.81281491
       24     0.00000248     0.16070319     0.83929433
       25     0.00000162     0.13402764     0.86597074
       26     0.00000072     0.10883726     0.89116202
       27     0.00000198     0.08666217     0.91333584
       28     0.00000134     0.06795852     0.93204015
       29     0.00000096     0.05266173     0.94733732
       30     0.00000164     0.04060078     0.95939758
       31     0.00000128     0.03129333     0.96870538
       32     0.00000116     0.02429385     0.97570499
       33     0.00000138     0.01928455     0.98071407
       34     0.00000150     0.01601451     0.98398399
       35     0.00000184     0.01447592     0.98552224
       36     0.00000165     0.01472919     0.98526916
       37     0.00000192     0.01707638     0.98292170
       38     0.00000262     0.02210390     0.97789348
       39     0.00000155     0.03101937     0.96897909
       40     0.00000197     0.04625743     0.95374060
       41     0.00000283     0.07406314     0.92593403
       42     0.00000133     0.12247895     0.87751972
       43     0.00000192     0.19839474     0.80160334
       44     0.00000226     0.29859505     0.70140268
       45     0.00000091     0.39839609     0.60160300
       46     0.00000220     0.46536478     0.53463302
       47     0.00000212     0.49012383     0.50987405
       48     0.00000094     0.50048534     0.49951372
       49     0.00000270     0.54671108     0.45328622
       50     0.00000221     0.65284610     0.34715169
       51     0.00000122     0.77835964     0.22163914
       52     0.00000202     0.87708225     0.12291573
       53     0.00000191     0.94090561     0.05909248
       54     0.00000155     0.97781659     0.02218186
       55     0.00000000     1.00000000     0.00000000
       56     0.00000001     0.99594727     0.00405272
       57     0.00000002     0.98842280     0.01157718
       58     0.00000000     0.98288258     0.01711742
       59     0.00000001     0.98186197     0.01813802
       60     0.00000001     0.98488032     0.01511967
       61     0.00000000     0.98948552     0.01051447
       62     0.00000000     1.00000000     0.00000000
       63     0.00000001     0.99972979     0.00027020
       64     0.00000002     0.99923576     0.00076422
       65     0.00000000     0.99894751     0.00105249
       66     0.00000001     0.99903955     0.00096044
       67     0.00000003     0.99937447     0.00062550
       68     0.00000001     0.99967196     0.00032803
       69     0.00000001     0.99974777     0.00025221
       70     0.00000005     0.99963137     0.00036858
       71     0.00000004     0.99948811     0.00051186
       72     0.00000003     0.99944350     0.00055647
       73     0.00000008     0.99948013     0.00051979
       74     0.00000009     0.99951182     0.00048810
       75     0.00000006     0.99951160     0.00048834
       76     0.00000012     0.99953318     0.00046670
       77     0.00000017     0.99960925     0.00039058
       78     0.00000013     0.99966347     0.00033641
       79     0.00000017     0.99958725     0.00041258
       80     0.00000027     0.99940827     0.00059146
       81     0.00000024     0.99930054     0.00069921
       82     0.00000025     0.99941763     0.00058212
       83     0.00000039     0.99968055     0.00031906
       84     0.00000041     0.99980785     0.00019174
       85     0.00000036     0.99960636     0.00039328
       86     0.00000050     0.99922263     0.00077687
       87     0.00000064     0.99903653     0.00096284
       88     0.00000056     0.99926962     0.00072982
       89     0.00000056     0.99971972     0.00027972
       90     0.00000080     0.99991720     0.00008200
       91     0.00000085     0.99961121     0.00038794
       92     0.00000072     0.99904919     0.00095009
       93     0.00000087     0.99875455     0.00124458
       94     0.00000112     0.99901589     0.00098299
       95     0.00000106     0.99959573     0.00040322
       96     0.00000095     0.99995515     0.00004390
       97     0.00000114     0.99974440     0.00025446
       98     0.00000132     0.99914371     0.00085497
       99     0.00000117     0.99868101     0.00131782
      100     0.00000112     0.99875499     0.00124389
      101     0.00000145     0.99928457     0.00071397
      102     0.00000158     0.99981342     0.00018500
      103     0.00000130     0.99992346     0.00007524
      104     0.00000123     0.99957573     0.00042304
      105     0.00000149     0.99910253     0.00089597
      106     0.00000146     0.99890246     0.00109608
      107     0.00000117     0.99910616     0.00089268
      108     0.00000125     0.99950613     0.00049262
      109     0.00000166     0.99978482     0.00021352
      110     0.00000149     0.99977171     0.00022680
      111     0.00000102     0.99954119     0.00045779
      112     0.00000103     0.99932621     0.00067277
      113     0.00000147     0.99928549     0.00071304
      114     0.00000159     0.99940046     0.00059796
      115     0.00000116     0.99953650     0.00046234
      116     0.00000089     0.99959099     0.00040813
      117     0.00000117     0.99957275     0.00042608
      118     0.00000149     0.99955157     0.00044694
      119     0.00000134     0.99955682     0.00044183
      120     0.00000095     0.99954538     0.00045367
