#     Density Matrix: population Re; see the manual for detail orders
        0     0.00000000     0.00000000     1.00000000
        1     0.00000000     0.00000000     1.00000000
        2     0.00000000     0.00000004     0.99999996
        3     0.00000001     0.00000124     0.99999875
        4     0.00000005     0.00000672     0.99999324
        5     0.00000013     0.00001925     0.99998062
        6     0.00000033     0.00004111     0.99995856
        7     0.00000049     0.00007984     0.99991967
        8     0.00000069     0.00015742     0.99984189
        9     0.00000080     0.00032610     0.99967310
       10     0.00000095     0.00072057     0.99927848
       11     0.00000098     0.00174749     0.99825153
       12     0.00000104     0.00488136     0.99511760
       13     0.00000098     0.01702594     0.98297308
       14     0.00000091     0.08452975     0.91546934
       15     0.00000054     0.44853644     0.55146302
       16     0.00000015     0.67080031     0.32919953
       17     0.00000078     0.38462504     0.61537419
       18     0.00000042     0.28916481     0.71083477
       19     0.00000077     0.23708084     0.76291839
       20     0.00000067     0.21045046     0.78954887
       21     0.00000021     0.19846300     0.80153679
       22     0.00000084     0.19438943     0.80560973
       23     0.00000062     0.19399297     0.80600642
       24     0.00000015     0.19459628     0.80540357
       25     0.00000099     0.19453204     0.80546697
       26     0.00000044     0.19277868     0.80722087
       27     0.00000015     0.18867958     0.81132026
       28     0.00000103     0.18172970     0.81826927
       29     0.00000036     0.17143787     0.82856176
       30     0.00000015     0.15722681     0.84277304
       31     0.00000100     0.13836460     0.86163440
       32     0.00000047     0.11397039     0.88602913
       33     0.00000007     0.08337206     0.91662787
       34     0.00000096     0.04753371     0.95246533
       35     0.00000075     0.01333980     0.98665945
       36     0.00000001     0.00084248     0.99915751
       37     0.00000080     0.03777530     0.96222390
       38     0.00000113     0.12497558     0.87502329
       39     0.00000014     0.24004030     0.75995956
       40     0.00000054     0.36076214     0.63923733
       41     0.00000116     0.46209023     0.53790860
       42     0.00000037     0.53753930     0.46246033
       43     0.00000014     0.59132375     0.40867612
       44     0.00000102     0.62948233     0.37051665
       45     0.00000086     0.65682513     0.34317401
       46     0.00000005     0.67666140     0.32333854
       47     0.00000056     0.69116921     0.30883023
       48     0.00000115     0.70181700     0.29818186
       49     0.00000040     0.70960906     0.29039054
       50     0.00000010     0.71525538     0.28474452
       51     0.00000098     0.71926758     0.28073143
       52     0.00000098     0.72203076     0.27796826
       53     0.00000010     0.72384471     0.27615519
       54     0.00000043     0.72494099     0.27505859
       55     0.00000118     0.72551222     0.27448661
       56     0.00000057     0.72571973     0.27427970
       57     0.00000004     0.72570065     0.27429931
       58     0.00000078     0.72557651     0.27442271
       59     0.00000104     0.72545772     0.27454124
       60     0.00000022     0.72544361     0.27455617
       61     0.00000016     0.72562100     0.27437884
       62     0.00000084     0.72606533     0.27393384
       63     0.00000061     0.72683879     0.27316060
       64     0.00000003     0.72798352     0.27201646
       65     0.00000023     0.72951834     0.27048143
       66     0.00000052     0.73143519     0.26856429
       67     0.00000030     0.73369589     0.26630381
       68     0.00000012     0.73622830     0.26377158
       69     0.00000008     0.73892578     0.26107415
       70     0.00000022     0.74165521     0.25834457
       71     0.00000070     0.74426697     0.25573233
       72     0.00000064     0.74659437     0.25340499
       73     0.00000012     0.74846897     0.25153091
       74     0.00000098     0.74973471     0.25026431
       75     0.00000248     0.75024973     0.24974779
       76     0.00000198     0.74988812     0.25010990
       77     0.00000122     0.74854601     0.25145277
       78     0.00000332     0.74615231     0.25384436
       79     0.00000528     0.74268371     0.25731101
       80     0.00000380     0.73819655     0.26179965
       81     0.00000290     0.73286260     0.26713449
       82     0.00000547     0.72701312     0.27298141
       83     0.00000664     0.72116933     0.27882403
       84     0.00000403     0.71603543     0.28396054
       85     0.00000258     0.71244106     0.28755636
       86     0.00000401     0.71124669     0.28874930
       87     0.00000409     0.71317051     0.28682539
       88     0.00000189     0.71858731     0.28141079
       89     0.00000047     0.72732880     0.27267073
       90     0.00000062     0.73855399     0.26144538
       91     0.00000175     0.75073542     0.24926284
       92     0.00000337     0.76182207     0.23817456
       93     0.00000375     0.76957887     0.23041738
       94     0.00000337     0.77207836     0.22791827
       95     0.00000608     0.76827105     0.23172287
       96     0.00001075     0.75845472     0.24153453
       97     0.00001107     0.74449099     0.25549794
       98     0.00000755     0.72958789     0.27040456
       99     0.00000664     0.71761811     0.28237525
      100     0.00000783     0.71207361     0.28791857
      101     0.00000609     0.71487690     0.28511701
      102     0.00000272     0.72546049     0.27453679
      103     0.00000118     0.74056437     0.25943444
      104     0.00000179     0.75500270     0.24499552
      105     0.00000573     0.76339252     0.23660175
      106     0.00001194     0.76232354     0.23766452
      107     0.00001409     0.75209183     0.24789408
      108     0.00001146     0.73706863     0.26291991
      109     0.00001050     0.72417791     0.27581159
      110     0.00001087     0.71976083     0.28022830
      111     0.00000868     0.72615305     0.27383827
      112     0.00000663     0.73992742     0.26006595
      113     0.00000737     0.75323303     0.24675961
      114     0.00001051     0.75810102     0.24188847
      115     0.00001847     0.75152744     0.24845409
      116     0.00002758     0.73797207     0.26200035
      117     0.00002726     0.72691817     0.27305458
      118     0.00001825     0.72634451     0.27363723
      119     0.00001235     0.73648308     0.26350457
      120     0.00001551     0.74904848     0.25093600
