#     Density Matrix: population Re; see the manual for detail orders
        0     0.00000000     0.00000000     1.00000000
        1     0.00000001     0.00001002     0.99998996
        2     0.00000006     0.00006542     0.99993452
        3     0.00000013     0.00012069     0.99987918
        4     0.00000021     0.00014511     0.99985468
        5     0.00000032     0.00014134     0.99985834
        6     0.00000044     0.00020843     0.99979113
        7     0.00000055     0.00057670     0.99942275
        8     0.00000066     0.00170735     0.99829200
        9     0.00000075     0.00481402     0.99518523
       10     0.00000078     0.01461624     0.98538298
       11     0.00000080     0.05704215     0.94295705
       12     0.00000060     0.28181894     0.71818047
       13     0.00000039     0.67447221     0.32552740
       14     0.00000055     0.46580950     0.53418995
       15     0.00000219     0.31734619     0.68265162
       16     0.00000043     0.24996409     0.75003548
       17     0.00000181     0.21352870     0.78646949
       18     0.00000190     0.19047539     0.80952271
       19     0.00000002     0.17279213     0.82720785
       20     0.00000163     0.15646443     0.84353394
       21     0.00000096     0.13968338     0.86031566
       22     0.00000010     0.12215775     0.87784215
       23     0.00000132     0.10436997     0.89562871
       24     0.00000056     0.08715486     0.91284458
       25     0.00000017     0.07140809     0.92859174
       26     0.00000093     0.05764874     0.94235033
       27     0.00000042     0.04608717     0.95391241
       28     0.00000023     0.03675158     0.96324819
       29     0.00000070     0.02940737     0.97059193
       30     0.00000040     0.02386342     0.97613618
       31     0.00000029     0.01981524     0.98018447
       32     0.00000050     0.01702747     0.98297203
       33     0.00000042     0.01550984     0.98448974
       34     0.00000041     0.01533726     0.98466233
       35     0.00000035     0.01671872     0.98328093
       36     0.00000049     0.02011621     0.97988331
       37     0.00000055     0.02641552     0.97358393
       38     0.00000021     0.03769194     0.96230786
       39     0.00000060     0.05875928     0.94124012
       40     0.00000065     0.09520740     0.90479195
       41     0.00000012     0.15470347     0.84529641
       42     0.00000082     0.23964563     0.76035355
       43     0.00000061     0.33523696     0.66476243
       44     0.00000018     0.41172867     0.58827116
       45     0.00000108     0.45105244     0.54894648
       46     0.00000039     0.47122694     0.52877267
       47     0.00000036     0.52984819     0.47015145
       48     0.00000117     0.66676319     0.33323564
       49     0.00000052     0.81735740     0.18264208
       50     0.00000023     0.91502428     0.08497549
       51     0.00000062     0.96311617     0.03688321
       52     0.00000062     0.98345869     0.01654069
       53     0.00000000     1.00000000     0.00000000
       54     0.00000000     0.99463993     0.00536007
       55     0.00000002     0.98552961     0.01447037
       56     0.00000001     0.97977719     0.02022280
       57     0.00000001     0.97975858     0.02024141
       58     0.00000001     0.98397528     0.01602472
       59     0.00000000     0.98902172     0.01097828
       60     0.00000000     1.00000000     0.00000000
       61     0.00000000     0.99976020     0.00023980
       62     0.00000000     0.99934342     0.00065658
       63     0.00000000     0.99913870     0.00086130
       64     0.00000000     0.99927010     0.00072990
       65     0.00000000     0.99957398     0.00042602
       66     0.00000000     0.99978795     0.00021205
       67     0.00000001     0.99978376     0.00021623
       68     0.00000000     0.99964209     0.00035791
       69     0.00000000     0.99953209     0.00046791
       70     0.00000001     0.99953984     0.00046014
       71     0.00000001     0.99961344     0.00038656
       72     0.00000001     0.99966049     0.00033950
       73     0.00000003     0.99965896     0.00034101
       74     0.00000003     0.99965218     0.00034779
       75     0.00000002     0.99966007     0.00033991
       76     0.00000005     0.99964598     0.00035396
       77     0.00000007     0.99958917     0.00041077
       78     0.00000004     0.99954846     0.00045150
       79     0.00000008     0.99960002     0.00039990
       80     0.00000012     0.99971240     0.00028748
       81     0.00000009     0.99974844     0.00025148
       82     0.00000012     0.99962487     0.00037501
       83     0.00000019     0.99945154     0.00054827
       84     0.00000014     0.99943656     0.00056330
       85     0.00000014     0.99963134     0.00036852
       86     0.00000025     0.99982850     0.00017125
       87     0.00000024     0.99977323     0.00022653
       88     0.00000018     0.99947296     0.00052686
       89     0.00000027     0.99923142     0.00076831
       90     0.00000034     0.99932872     0.00067094
       91     0.00000026     0.99968945     0.00031029
       92     0.00000026     0.99992790     0.00007183
       93     0.00000038     0.99974972     0.00024989
       94     0.00000037     0.99928268     0.00071695
       95     0.00000027     0.99897258     0.00102715
       96     0.00000034     0.99913325     0.00086642
       97     0.00000044     0.99962061     0.00037895
       98     0.00000035     0.99996358     0.00003607
       99     0.00000026     0.99981940     0.00018034
      100     0.00000035     0.99930337     0.00069628
      101     0.00000041     0.99887433     0.00112525
      102     0.00000031     0.99890858     0.00109111
      103     0.00000024     0.99936606     0.00063370
      104     0.00000034     0.99984698     0.00015268
      105     0.00000037     0.99995867     0.00004096
      106     0.00000026     0.99964667     0.00035307
      107     0.00000021     0.99920911     0.00079068
      108     0.00000029     0.99901589     0.00098382
      109     0.00000033     0.99920105     0.00079862
      110     0.00000023     0.99958521     0.00041456
      111     0.00000016     0.99986160     0.00013824
      112     0.00000022     0.99985707     0.00014271
      113     0.00000026     0.99964500     0.00035473
      114     0.00000022     0.99943921     0.00056057
      115     0.00000011     0.99939664     0.00060324
      116     0.00000009     0.99950914     0.00049077
      117     0.00000016     0.99965171     0.00034813
      118     0.00000016     0.99971628     0.00028356
      119     0.00000008     0.99969505     0.00030486
      120     0.00000006     0.99965179     0.00034816
