#     Density Matrix: population Re; see the manual for detail orders
        0     0.00000000     0.00000000     1.00000000
        1     0.00000000     0.00000814     0.99999186
        2     0.00000001     0.00005676     0.99994323
        3     0.00000001     0.00009647     0.99990352
        4     0.00000007     0.00008731     0.99991262
        5     0.00000007     0.00004413     0.99995580
        6     0.00000020     0.00001045     0.99998935
        7     0.00000019     0.00001021     0.99998960
        8     0.00000038     0.00003409     0.99996553
        9     0.00000036     0.00005845     0.99994118
       10     0.00000059     0.00006457     0.99993485
       11     0.00000053     0.00004619     0.99995328
       12     0.00000075     0.00001399     0.99998526
       13     0.00000063     0.00000864     0.99999073
       14     0.00000081     0.00015114     0.99984805
       15     0.00000064     0.00095144     0.99904792
       16     0.00000073     0.00791225     0.99208703
       17     0.00000056     0.09684342     0.90315602
       18     0.00000113     0.20198264     0.79801623
       19     0.00000139     0.08587185     0.91412676
       20     0.00000001     0.08872254     0.91127746
       21     0.00000127     0.09298419     0.90701453
       22     0.00000049     0.09650582     0.90349369
       23     0.00000038     0.09893714     0.90106248
       24     0.00000130     0.10039737     0.89960133
       25     0.00000010     0.10113449     0.89886541
       26     0.00000077     0.10133282     0.89866641
       27     0.00000112     0.10134381     0.89865508
       28     0.00000004     0.10135797     0.89864198
       29     0.00000102     0.10149240     0.89850659
       30     0.00000134     0.10185366     0.89814499
       31     0.00000018     0.10261045     0.89738937
       32     0.00000088     0.10393192     0.89606720
       33     0.00000134     0.10586011     0.89413854
       34     0.00000028     0.10860867     0.89139105
       35     0.00000047     0.11278193     0.88721760
       36     0.00000111     0.11910294     0.88089595
       37     0.00000048     0.12880227     0.87119725
       38     0.00000028     0.14492614     0.85507358
       39     0.00000092     0.17599599     0.82400309
       40     0.00000073     0.25604435     0.74395493
       41     0.00000020     0.53444291     0.46555689
       42     0.00000071     0.90157481     0.09842448
       43     0.00000092     0.99749555     0.00250352
       44     0.00000040     0.99719592     0.00280368
       45     0.00000041     0.99294923     0.00705037
       46     0.00000088     0.98992282     0.01007630
       47     0.00000071     0.98791553     0.01208376
       48     0.00000029     0.98660868     0.01339103
       49     0.00000063     0.98572484     0.01427452
       50     0.00000096     0.98506870     0.01493034
       51     0.00000057     0.98458624     0.01541319
       52     0.00000035     0.98421516     0.01578449
       53     0.00000074     0.98391492     0.01608434
       54     0.00000087     0.98366056     0.01633857
       55     0.00000048     0.98343646     0.01656306
       56     0.00000042     0.98324302     0.01675656
       57     0.00000079     0.98307690     0.01692231
       58     0.00000082     0.98291825     0.01708093
       59     0.00000046     0.98276939     0.01723015
       60     0.00000045     0.98264331     0.01735624
       61     0.00000082     0.98254388     0.01745530
       62     0.00000082     0.98247503     0.01752416
       63     0.00000043     0.98243848     0.01756109
       64     0.00000044     0.98243314     0.01756642
       65     0.00000086     0.98245623     0.01754291
       66     0.00000088     0.98250321     0.01749591
       67     0.00000042     0.98256632     0.01743327
       68     0.00000039     0.98263517     0.01736444
       69     0.00000103     0.98269794     0.01730103
       70     0.00000120     0.98274295     0.01725585
       71     0.00000057     0.98277152     0.01722791
       72     0.00000037     0.98278305     0.01721659
       73     0.00000127     0.98276820     0.01723053
       74     0.00000185     0.98273083     0.01726731
       75     0.00000088     0.98267537     0.01732374
       76     0.00000014     0.98260397     0.01739589
       77     0.00000114     0.98252424     0.01747462
       78     0.00000222     0.98244781     0.01754997
       79     0.00000140     0.98238641     0.01761219
       80     0.00000011     0.98234695     0.01765294
       81     0.00000077     0.98233242     0.01766681
       82     0.00000242     0.98234545     0.01765213
       83     0.00000227     0.98238697     0.01761076
       84     0.00000051     0.98245156     0.01754793
       85     0.00000023     0.98252805     0.01747172
       86     0.00000221     0.98260624     0.01739155
       87     0.00000314     0.98268721     0.01730965
       88     0.00000156     0.98275635     0.01724209
       89     0.00000014     0.98279911     0.01720076
       90     0.00000147     0.98282122     0.01717732
       91     0.00000442     0.98284498     0.01715060
       92     0.00000490     0.98286038     0.01713471
       93     0.00000182     0.98286174     0.01713643
       94     0.00000022     0.98286251     0.01713727
       95     0.00000256     0.98285666     0.01714078
       96     0.00000480     0.98283350     0.01716170
       97     0.00000440     0.98282210     0.01717350
       98     0.00000217     0.98283181     0.01716602
       99     0.00000192     0.98283050     0.01716758
      100     0.00000468     0.98281274     0.01718258
      101     0.00000694     0.98278112     0.01721193
      102     0.00000572     0.98274303     0.01725124
      103     0.00000306     0.98270685     0.01729009
      104     0.00000311     0.98268354     0.01731334
      105     0.00000620     0.98268997     0.01730383
      106     0.00000778     0.98275956     0.01723266
      107     0.00000493     0.98289810     0.01709697
      108     0.00000159     0.98310168     0.01689673
      109     0.00000354     0.98337334     0.01662312
      110     0.00000726     0.98364433     0.01634842
      111     0.00000799     0.98388766     0.01610435
      112     0.00000493     0.98408485     0.01591022
      113     0.00000204     0.98419045     0.01580751
      114     0.00000358     0.98416609     0.01583033
      115     0.00000952     0.98399367     0.01599681
      116     0.00001285     0.98368866     0.01629850
      117     0.00000944     0.98327596     0.01671460
      118     0.00000303     0.98280410     0.01719287
      119     0.00000091     0.98233625     0.01766284
      120     0.00000510     0.98194142     0.01805347
