#     Density Matrix: population Re; see the manual for detail orders
        0     0.00000000     0.00000000     1.00000000
        1     0.00000000     0.00000012     0.99999988
        2     0.00000001     0.00000233     0.99999766
        3     0.00000002     0.00001208     0.99998791
        4     0.00000006     0.00003240     0.99996754
        5     0.00000008     0.00006055     0.99993937
        6     0.00000013     0.00009618     0.99990369
        7     0.00000015     0.00015747     0.99984238
        8     0.00000019     0.00029753     0.99970228
        9     0.00000022     0.00063469     0.99936509
       10     0.00000025     0.00146756     0.99853220
       11     0.00000027     0.00374263     0.99625710
       12     0.00000028     0.01122125     0.98877847
       13     0.00000013     0.50822840     0.49177147
       14     0.00000008     0.81824505     0.18175488
       15     0.00000049     0.20697364     0.79302587
       16     0.00000100     0.01405195     0.98594706
       17     0.00000002     0.00138485     0.99861514
       18     0.00000051     0.00123162     0.99876787
       19     0.00000019     0.00382408     0.99617573
       20     0.00000017     0.00621830     0.99378153
       21     0.00000027     0.00767594     0.99232379
       22     0.00000013     0.00821638     0.99178349
       23     0.00000020     0.00808019     0.99191962
       24     0.00000016     0.00752830     0.99247155
       25     0.00000014     0.00678299     0.99321686
       26     0.00000020     0.00600010     0.99399970
       27     0.00000017     0.00527316     0.99472667
       28     0.00000017     0.00465464     0.99534519
       29     0.00000019     0.00416671     0.99583310
       30     0.00000018     0.00381597     0.99618384
       31     0.00000017     0.00360105     0.99639878
       32     0.00000016     0.00352262     0.99647723
       33     0.00000018     0.00358576     0.99641406
       34     0.00000018     0.00380522     0.99619460
       35     0.00000018     0.00421794     0.99578188
       36     0.00000019     0.00489983     0.99509998
       37     0.00000020     0.00600340     0.99399640
       38     0.00000020     0.00785088     0.99214892
       39     0.00000022     0.01118127     0.98881851
       40     0.00000027     0.01802413     0.98197560
       41     0.00000023     0.03529011     0.96470966
       42     0.00000019     0.09584587     0.90415393
       43     0.00000026     0.34192578     0.65807396
       44     0.00000028     0.73177354     0.26822618
       45     0.00000025     0.92062526     0.07937450
       46     0.00000031     0.96946938     0.03053031
       47     0.00000031     0.98339874     0.01660095
       48     0.00000024     0.98839202     0.01160774
       49     0.00000026     0.99049413     0.00950562
       50     0.00000028     0.99146995     0.00852977
       51     0.00000024     0.99194799     0.00805177
       52     0.00000020     0.99218826     0.00781154
       53     0.00000022     0.99231162     0.00768816
       54     0.00000021     0.99237943     0.00762036
       55     0.00000016     0.99242463     0.00757521
       56     0.00000015     0.99246580     0.00753405
       57     0.00000017     0.99251428     0.00748554
       58     0.00000015     0.99257511     0.00742474
       59     0.00000012     0.99264779     0.00735209
       60     0.00000013     0.99273226     0.00726761
       61     0.00000015     0.99282697     0.00717288
       62     0.00000014     0.99292955     0.00707031
       63     0.00000013     0.99304446     0.00695541
       64     0.00000015     0.99317029     0.00682956
       65     0.00000018     0.99329917     0.00670064
       66     0.00000020     0.99343284     0.00656696
       67     0.00000022     0.99357804     0.00642174
       68     0.00000027     0.99374100     0.00625873
       69     0.00000034     0.99392933     0.00607033
       70     0.00000042     0.99413303     0.00586655
       71     0.00000048     0.99433548     0.00566404
       72     0.00000059     0.99452311     0.00547630
       73     0.00000076     0.99467001     0.00532923
       74     0.00000091     0.99474376     0.00525533
       75     0.00000106     0.99470933     0.00528962
       76     0.00000125     0.99453087     0.00546788
       77     0.00000149     0.99419473     0.00580377
       78     0.00000166     0.99370491     0.00629343
       79     0.00000182     0.99308873     0.00690945
       80     0.00000200     0.99242905     0.00756896
       81     0.00000211     0.99182337     0.00817452
       82     0.00000220     0.99137996     0.00861785
       83     0.00000230     0.99121674     0.00878096
       84     0.00000238     0.99143628     0.00856134
       85     0.00000242     0.99209688     0.00790070
       86     0.00000246     0.99319135     0.00680619
       87     0.00000253     0.99462977     0.00536770
       88     0.00000265     0.99625067     0.00374668
       89     0.00000281     0.99782040     0.00217679
       90     0.00000298     0.99907727     0.00091975
       91     0.00000318     0.99982635     0.00017047
       92     0.00000343     0.99995717     0.00003941
       93     0.00000368     0.99950060     0.00049572
       94     0.00000387     0.99864300     0.00135313
       95     0.00000401     0.99766465     0.00233135
       96     0.00000412     0.99687583     0.00312005
       97     0.00000420     0.99652435     0.00347145
       98     0.00000426     0.99671522     0.00328052
       99     0.00000433     0.99737526     0.00262042
      100     0.00000445     0.99827976     0.00171579
      101     0.00000465     0.99913650     0.00085885
      102     0.00000494     0.99969814     0.00029692
      103     0.00000529     0.99984595     0.00014877
      104     0.00000567     0.99964289     0.00035144
      105     0.00000606     0.99929068     0.00070326
      106     0.00000645     0.99902476     0.00096880
      107     0.00000683     0.99899318     0.00099999
      108     0.00000730     0.99918865     0.00080405
      109     0.00000790     0.99948395     0.00050815
      110     0.00000865     0.99972008     0.00027127
      111     0.00000954     0.99980501     0.00018545
      112     0.00001057     0.99975736     0.00023207
      113     0.00001176     0.99967194     0.00031630
      114     0.00001327     0.99963830     0.00034843
      115     0.00001534     0.99968125     0.00030341
      116     0.00001760     0.99976383     0.00021857
      117     0.00001997     0.99982765     0.00015238
      118     0.00002328     0.99984388     0.00013284
      119     0.00002743     0.99983253     0.00014004
      120     0.00003279     0.99982601     0.00014120
