#     Density Matrix: population Re; see the manual for detail orders
        0     0.00000000     0.00000000     1.00000000
        1     0.00000000     0.00000075     0.99999925
        2     0.00000001     0.00000757     0.99999242
        3     0.00000001     0.00002103     0.99997896
        4     0.00000003     0.00003320     0.99996677
        5     0.00000004     0.00003656     0.99996339
        6     0.00000009     0.00003454     0.99996538
        7     0.00000010     0.00004149     0.99995840
        8     0.00000015     0.00007303     0.99992682
        9     0.00000017     0.00013852     0.99986132
       10     0.00000021     0.00025010     0.99974969
       11     0.00000025     0.00045067     0.99954908
       12     0.00000028     0.00087819     0.99912154
       13     0.00000028     0.00196127     0.99803845
       14     0.00000028     0.00520814     0.99479158
       15     0.00000034     0.01729329     0.98270637
       16     0.00000020     0.50663119     0.49336860
       17     0.00000009     0.84014931     0.15985059
       18     0.00000044     0.30200527     0.69799429
       19     0.00000095     0.08204258     0.91795647
       20     0.00000009     0.03863178     0.96136813
       21     0.00000060     0.02279394     0.97720546
       22     0.00000033     0.01911441     0.98088526
       23     0.00000026     0.02033116     0.97966859
       24     0.00000021     0.02298014     0.97701964
       25     0.00000035     0.02551867     0.97448098
       26     0.00000055     0.02735928     0.97264016
       27     0.00000032     0.02833506     0.97166462
       28     0.00000023     0.02854450     0.97145527
       29     0.00000040     0.02818713     0.97181247
       30     0.00000033     0.02746638     0.97253329
       31     0.00000034     0.02656781     0.97343185
       32     0.00000052     0.02566419     0.97433530
       33     0.00000043     0.02490969     0.97508988
       34     0.00000037     0.02447780     0.97552183
       35     0.00000046     0.02461584     0.97538370
       36     0.00000044     0.02576166     0.97423791
       37     0.00000037     0.02886816     0.97113147
       38     0.00000042     0.03654740     0.96345218
       39     0.00000044     0.05832564     0.94167392
       40     0.00000037     0.14856961     0.85143001
       41     0.00000032     0.47619528     0.52380441
       42     0.00000039     0.82268445     0.17731516
       43     0.00000044     0.92579512     0.07420444
       44     0.00000040     0.95097205     0.04902755
       45     0.00000041     0.96030615     0.03969344
       46     0.00000039     0.96457881     0.03542080
       47     0.00000038     0.96663730     0.03336233
       48     0.00000040     0.96750439     0.03249521
       49     0.00000042     0.96763069     0.03236889
       50     0.00000041     0.96724894     0.03275065
       51     0.00000042     0.96649981     0.03349977
       52     0.00000044     0.96549518     0.03450437
       53     0.00000046     0.96431530     0.03568425
       54     0.00000044     0.96303269     0.03696687
       55     0.00000045     0.96172356     0.03827599
       56     0.00000049     0.96044952     0.03954999
       57     0.00000051     0.95927339     0.04072610
       58     0.00000054     0.95825076     0.04174870
       59     0.00000065     0.95742942     0.04256993
       60     0.00000070     0.95684478     0.04315453
       61     0.00000061     0.95651749     0.04348190
       62     0.00000068     0.95645364     0.04354568
       63     0.00000089     0.95664335     0.04335577
       64     0.00000095     0.95706385     0.04293520
       65     0.00000086     0.95767664     0.04232250
       66     0.00000088     0.95843548     0.04156364
       67     0.00000107     0.95928627     0.04071266
       68     0.00000121     0.96017541     0.03982338
       69     0.00000119     0.96105351     0.03894530
       70     0.00000115     0.96187886     0.03811999
       71     0.00000127     0.96262462     0.03737411
       72     0.00000145     0.96327801     0.03672054
       73     0.00000151     0.96384049     0.03615800
       74     0.00000145     0.96432781     0.03567074
       75     0.00000146     0.96476131     0.03523722
       76     0.00000161     0.96517294     0.03482545
       77     0.00000173     0.96560028     0.03439799
       78     0.00000167     0.96606785     0.03393048
       79     0.00000159     0.96659491     0.03340349
       80     0.00000163     0.96719121     0.03280716
       81     0.00000172     0.96785713     0.03214115
       82     0.00000175     0.96858676     0.03141148
       83     0.00000170     0.96936827     0.03063003
       84     0.00000166     0.97019102     0.02980732
       85     0.00000171     0.97104433     0.02895397
       86     0.00000183     0.97191362     0.02808455
       87     0.00000201     0.97279147     0.02720652
       88     0.00000226     0.97366261     0.02633512
       89     0.00000253     0.97450470     0.02549277
       90     0.00000278     0.97528260     0.02471462
       91     0.00000310     0.97595187     0.02404503
       92     0.00000355     0.97646738     0.02352908
       93     0.00000403     0.97679284     0.02320313
       94     0.00000439     0.97690958     0.02308603
       95     0.00000455     0.97684618     0.02314927
       96     0.00000463     0.97668935     0.02330602
       97     0.00000475     0.97657245     0.02342279
       98     0.00000485     0.97667452     0.02332062
       99     0.00000473     0.97718604     0.02280924
      100     0.00000430     0.97826778     0.02172793
      101     0.00000397     0.97999044     0.02000559
      102     0.00000385     0.98229849     0.01769766
      103     0.00000391     0.98498927     0.01500682
      104     0.00000408     0.98773311     0.01226282
      105     0.00000435     0.99013360     0.00986204
      106     0.00000477     0.99182870     0.00816653
      107     0.00000536     0.99259753     0.00739711
      108     0.00000603     0.99244606     0.00754792
      109     0.00000657     0.99163378     0.00835966
      110     0.00000679     0.99061819     0.00937502
      111     0.00000669     0.98992257     0.01007074
      112     0.00000642     0.98997147     0.01002211
      113     0.00000599     0.99094331     0.00905070
      114     0.00000562     0.99269809     0.00729629
      115     0.00000558     0.99482531     0.00516911
      116     0.00000600     0.99679273     0.00320127
      117     0.00000667     0.99814381     0.00184952
      118     0.00000758     0.99866783     0.00132459
      119     0.00000849     0.99846924     0.00152227
      120     0.00000908     0.99790571     0.00208521
