#     Density Matrix: population Re; see the manual for detail orders
        0     0.00000000     0.00000000     1.00000000
        1     0.00000004     0.00000714     0.99999282
        2     0.00000003     0.00005235     0.99994762
        3     0.00000000     0.00010047     0.99989953
        4     0.00000001     0.00011495     0.99988504
        5     0.00000001     0.00008974     0.99991025
        6     0.00000003     0.00005325     0.99994672
        7     0.00000006     0.00005428     0.99994566
        8     0.00000009     0.00014328     0.99985662
        9     0.00000013     0.00037003     0.99962984
       10     0.00000017     0.00083165     0.99916818
       11     0.00000021     0.00187601     0.99812378
       12     0.00000024     0.00500011     0.99499964
       13     0.00000027     0.01843808     0.98156165
       14     0.00000012     0.52119114     0.47880874
       15     0.00000011     0.57154513     0.42845476
       16     0.00000055     0.12550577     0.87449368
       17     0.00000028     0.05321206     0.94678766
       18     0.00000040     0.02384506     0.97615454
       19     0.00000052     0.01049737     0.98950211
       20     0.00000059     0.00453067     0.99546874
       21     0.00000048     0.00219082     0.99780869
       22     0.00000039     0.00160186     0.99839775
       23     0.00000049     0.00178694     0.99821257
       24     0.00000044     0.00223930     0.99776026
       25     0.00000045     0.00270696     0.99729259
       26     0.00000048     0.00307707     0.99692245
       27     0.00000046     0.00331222     0.99668732
       28     0.00000047     0.00341426     0.99658527
       29     0.00000047     0.00340603     0.99659349
       30     0.00000045     0.00331851     0.99668104
       31     0.00000044     0.00318862     0.99681094
       32     0.00000040     0.00305562     0.99694399
       33     0.00000032     0.00296516     0.99703452
       34     0.00000035     0.00297454     0.99702510
       35     0.00000036     0.00317010     0.99682954
       36     0.00000031     0.00370251     0.99629718
       37     0.00000032     0.00487765     0.99512203
       38     0.00000033     0.00742490     0.99257477
       39     0.00000031     0.01349693     0.98650276
       40     0.00000029     0.03180482     0.96819489
       41     0.00000029     0.11981199     0.88018772
       42     0.00000029     0.48449117     0.51550854
       43     0.00000032     0.85930343     0.14069625
       44     0.00000035     0.95568799     0.04431167
       45     0.00000029     0.97642925     0.02357046
       46     0.00000027     0.98365140     0.01634833
       47     0.00000032     0.98687380     0.01312588
       48     0.00000034     0.98846032     0.01153935
       49     0.00000030     0.98923220     0.01076751
       50     0.00000031     0.98954601     0.01045368
       51     0.00000037     0.98958089     0.01041875
       52     0.00000037     0.98945047     0.01054915
       53     0.00000036     0.98923456     0.01076508
       54     0.00000039     0.98899792     0.01100169
       55     0.00000044     0.98879310     0.01120647
       56     0.00000045     0.98866635     0.01133320
       57     0.00000046     0.98865584     0.01134370
       58     0.00000050     0.98878579     0.01121371
       59     0.00000055     0.98906551     0.01093393
       60     0.00000058     0.98948781     0.01051161
       61     0.00000061     0.99002947     0.00996993
       62     0.00000066     0.99065239     0.00934696
       63     0.00000071     0.99130899     0.00869029
       64     0.00000075     0.99194942     0.00804983
       65     0.00000079     0.99252844     0.00747077
       66     0.00000086     0.99301210     0.00698705
       67     0.00000094     0.99338484     0.00661422
       68     0.00000102     0.99365106     0.00634792
       69     0.00000110     0.99383302     0.00616588
       70     0.00000120     0.99396662     0.00603218
       71     0.00000133     0.99409209     0.00590658
       72     0.00000147     0.99424519     0.00575334
       73     0.00000162     0.99444596     0.00555242
       74     0.00000177     0.99469703     0.00530120
       75     0.00000191     0.99498261     0.00501548
       76     0.00000206     0.99527545     0.00472249
       77     0.00000222     0.99553575     0.00446203
       78     0.00000237     0.99573478     0.00426284
       79     0.00000250     0.99586499     0.00413251
       80     0.00000260     0.99593250     0.00406490
       81     0.00000270     0.99596704     0.00403026
       82     0.00000278     0.99601995     0.00397728
       83     0.00000284     0.99615012     0.00384704
       84     0.00000290     0.99640758     0.00358953
       85     0.00000297     0.99681984     0.00317719
       86     0.00000307     0.99737843     0.00261850
       87     0.00000319     0.99803235     0.00196446
       88     0.00000335     0.99869196     0.00130469
       89     0.00000354     0.99924272     0.00075374
       90     0.00000375     0.99957286     0.00042338
       91     0.00000403     0.99959708     0.00039889
       92     0.00000430     0.99928648     0.00070922
       93     0.00000457     0.99868070     0.00131473
       94     0.00000488     0.99789036     0.00210476
       95     0.00000515     0.99708320     0.00291165
       96     0.00000529     0.99644178     0.00355293
       97     0.00000537     0.99612045     0.00387418
       98     0.00000553     0.99620744     0.00378703
       99     0.00000584     0.99669792     0.00329623
      100     0.00000619     0.99748840     0.00250541
      101     0.00000644     0.99840120     0.00159236
      102     0.00000670     0.99922989     0.00076341
      103     0.00000714     0.99979381     0.00019905
      104     0.00000783     0.99999060     0.00000157
      105     0.00000862     0.99982567     0.00016572
      106     0.00000932     0.99940906     0.00058162
      107     0.00000987     0.99891817     0.00107196
      108     0.00001034     0.99854103     0.00144863
      109     0.00001073     0.99841376     0.00157551
      110     0.00001111     0.99857387     0.00141502
      111     0.00001158     0.99895373     0.00103470
      112     0.00001218     0.99941038     0.00057744
      113     0.00001290     0.99978349     0.00020361
      114     0.00001369     0.99995856     0.00002775
      115     0.00001455     0.99991006     0.00007539
      116     0.00001547     0.99970648     0.00027805
      117     0.00001623     0.99947579     0.00050798
      118     0.00001687     0.99934147     0.00064165
      119     0.00001755     0.99936585     0.00061661
      120     0.00001840     0.99952455     0.00045705
