#     Density Matrix: population Re; see the manual for detail orders
        0     0.00000000     0.00000000     1.00000000
        1     0.00000001     0.00000002     0.99999996
        2     0.00000001     0.00000044     0.99999955
        3     0.00000000     0.00000223     0.99999777
        4     0.00000001     0.00000569     0.99999430
        5     0.00000001     0.00001021     0.99998978
        6     0.00000005     0.00001673     0.99998322
        7     0.00000007     0.00003035     0.99996958
        8     0.00000012     0.00006069     0.99993919
        9     0.00000016     0.00012250     0.99987734
       10     0.00000020     0.00024407     0.99975573
       11     0.00000024     0.00049437     0.99950539
       12     0.00000027     0.00105532     0.99894441
       13     0.00000029     0.00243524     0.99756447
       14     0.00000031     0.00620848     0.99379121
       15     0.00000032     0.01790927     0.98209041
       16     0.00000032     0.05826417     0.94173551
       17     0.00000016     0.59041428     0.40958556
       18     0.00000010     0.54732981     0.45267009
       19     0.00000029     0.24542147     0.75457824
       20     0.00000023     0.10838972     0.89161004
       21     0.00000031     0.04365677     0.95634292
       22     0.00000030     0.01635450     0.98364520
       23     0.00000028     0.00668377     0.99331595
       24     0.00000029     0.00480453     0.99519518
       25     0.00000024     0.00599067     0.99400909
       26     0.00000021     0.00805514     0.99194465
       27     0.00000031     0.01002617     0.98997353
       28     0.00000024     0.01156898     0.98843078
       29     0.00000023     0.01261021     0.98738956
       30     0.00000026     0.01320238     0.98679736
       31     0.00000021     0.01342931     0.98657048
       32     0.00000023     0.01338659     0.98661318
       33     0.00000026     0.01318159     0.98681815
       34     0.00000018     0.01285623     0.98714358
       35     0.00000020     0.01249134     0.98750846
       36     0.00000023     0.01218312     0.98781665
       37     0.00000020     0.01204360     0.98795620
       38     0.00000020     0.01227289     0.98772691
       39     0.00000023     0.01333460     0.98666517
       40     0.00000023     0.01660139     0.98339838
       41     0.00000023     0.02782536     0.97217441
       42     0.00000026     0.09128488     0.90871486
       43     0.00000031     0.45080596     0.54919373
       44     0.00000040     0.85650481     0.14349479
       45     0.00000037     0.94946581     0.05053382
       46     0.00000029     0.96749593     0.03250378
       47     0.00000038     0.97372737     0.02627225
       48     0.00000045     0.97672277     0.02327678
       49     0.00000037     0.97823074     0.02176889
       50     0.00000035     0.97897251     0.02102714
       51     0.00000044     0.97926855     0.02073101
       52     0.00000046     0.97928802     0.02071152
       53     0.00000040     0.97913669     0.02086291
       54     0.00000041     0.97889079     0.02110880
       55     0.00000051     0.97855162     0.02144787
       56     0.00000054     0.97817275     0.02182671
       57     0.00000046     0.97784980     0.02214974
       58     0.00000054     0.97767167     0.02232780
       59     0.00000066     0.97765715     0.02234219
       60     0.00000063     0.97775887     0.02224050
       61     0.00000057     0.97796947     0.02202996
       62     0.00000058     0.97824192     0.02175750
       63     0.00000052     0.97859291     0.02140657
       64     0.00000052     0.97900444     0.02099504
       65     0.00000061     0.97942573     0.02057366
       66     0.00000066     0.97984145     0.02015789
       67     0.00000073     0.98030969     0.01968958
       68     0.00000101     0.98079885     0.01920014
       69     0.00000113     0.98124887     0.01875000
       70     0.00000104     0.98176797     0.01823099
       71     0.00000105     0.98239419     0.01760475
       72     0.00000133     0.98315334     0.01684533
       73     0.00000164     0.98405035     0.01594801
       74     0.00000176     0.98505368     0.01494455
       75     0.00000187     0.98609111     0.01390703
       76     0.00000220     0.98705134     0.01294645
       77     0.00000270     0.98779245     0.01220485
       78     0.00000309     0.98816614     0.01183077
       79     0.00000335     0.98804385     0.01195280
       80     0.00000367     0.98734849     0.01264784
       81     0.00000414     0.98608390     0.01391196
       82     0.00000456     0.98435844     0.01563700
       83     0.00000475     0.98238692     0.01760833
       84     0.00000481     0.98047786     0.01951733
       85     0.00000490     0.97899437     0.02100073
       86     0.00000497     0.97829356     0.02170147
       87     0.00000492     0.97865594     0.02133914
       88     0.00000460     0.98021595     0.01977945
       89     0.00000419     0.98291282     0.01708299
       90     0.00000444     0.98643288     0.01356267
       91     0.00000491     0.99029419     0.00970090
       92     0.00000507     0.99393809     0.00605684
       93     0.00000490     0.99680726     0.00318784
       94     0.00000479     0.99848625     0.00150896
       95     0.00000549     0.99880980     0.00118471
       96     0.00000639     0.99794358     0.00205003
       97     0.00000647     0.99633291     0.00366062
       98     0.00000618     0.99456595     0.00542787
       99     0.00000632     0.99324607     0.00674761
      100     0.00000661     0.99281953     0.00717386
      101     0.00000680     0.99342781     0.00656540
      102     0.00000652     0.99488682     0.00510665
      103     0.00000626     0.99674805     0.00324569
      104     0.00000655     0.99847402     0.00151943
      105     0.00000752     0.99960391     0.00038857
      106     0.00000835     0.99993092     0.00006073
      107     0.00000839     0.99958467     0.00040694
      108     0.00000831     0.99891276     0.00107893
      109     0.00000882     0.99834055     0.00165063
      110     0.00000948     0.99817651     0.00181402
      111     0.00001007     0.99847717     0.00151276
      112     0.00001005     0.99906442     0.00092553
      113     0.00001015     0.99963973     0.00035012
      114     0.00001121     0.99994780     0.00004099
      115     0.00001271     0.99992174     0.00006555
      116     0.00001360     0.99970189     0.00028451
      117     0.00001362     0.99950376     0.00048262
      118     0.00001421     0.99946711     0.00051868
      119     0.00001563     0.99960112     0.00038325
      120     0.00001743     0.99979223     0.00019034
