#     Density Matrix: population Re; see the manual for detail orders
        0     0.00000000     0.00000000     1.00000000
        1     0.00000001     0.00000087     0.99999913
        2     0.00000001     0.00000729     0.99999270
        3     0.00000000     0.00001573     0.99998427
        4     0.00000005     0.00001807     0.99998188
        5     0.00000004     0.00001239     0.99998757
        6     0.00000017     0.00000862     0.99999121
        7     0.00000016     0.00002582     0.99997402
        8     0.00000036     0.00008392     0.99991572
        9     0.00000036     0.00019957     0.99980007
       10     0.00000059     0.00040643     0.99959298
       11     0.00000057     0.00083364     0.99916580
       12     0.00000081     0.00192185     0.99807734
       13     0.00000070     0.00508013     0.99491917
       14     0.00000093     0.01515046     0.98484860
       15     0.00000072     0.05104757     0.94895171
       16     0.00000081     0.18125893     0.81874026
       17     0.00000037     0.44886611     0.55113352
       18     0.00000023     0.55089652     0.44910325
       19     0.00000041     0.43508103     0.56491857
       20     0.00000055     0.31228332     0.68771613
       21     0.00000069     0.22913191     0.77086740
       22     0.00000075     0.17831681     0.82168245
       23     0.00000078     0.14948220     0.85051702
       24     0.00000080     0.13484015     0.86515906
       25     0.00000076     0.12896185     0.87103738
       26     0.00000073     0.12814919     0.87185009
       27     0.00000070     0.12994301     0.87005630
       28     0.00000067     0.13275687     0.86724246
       29     0.00000065     0.13560840     0.86439095
       30     0.00000065     0.13791796     0.86208139
       31     0.00000064     0.13935958     0.86063978
       32     0.00000064     0.13974296     0.86025640
       33     0.00000064     0.13891137     0.86108799
       34     0.00000065     0.13662764     0.86337171
       35     0.00000069     0.13236000     0.86763931
       36     0.00000071     0.12470436     0.87529492
       37     0.00000071     0.10895284     0.89104645
       38     0.00000073     0.05522470     0.94477457
       39     0.00000047     0.08759246     0.91240707
       40     0.00000027     0.53479041     0.46520932
       41     0.00000107     0.61826579     0.38173314
       42     0.00000102     0.65213673     0.34786225
       43     0.00000043     0.67312661     0.32687295
       44     0.00000086     0.68474255     0.31525660
       45     0.00000142     0.69112072     0.30887786
       46     0.00000091     0.69412867     0.30587043
       47     0.00000054     0.69477218     0.30522729
       48     0.00000122     0.69368674     0.30631204
       49     0.00000152     0.69133899     0.30865949
       50     0.00000082     0.68811879     0.31188039
       51     0.00000068     0.68437838     0.31562094
       52     0.00000143     0.68045236     0.31954621
       53     0.00000148     0.67666121     0.32333731
       54     0.00000073     0.67330486     0.32669441
       55     0.00000073     0.67065274     0.32934652
       56     0.00000141     0.66893016     0.33106842
       57     0.00000129     0.66830273     0.33169598
       58     0.00000056     0.66886381     0.33113564
       59     0.00000054     0.67062386     0.32937560
       60     0.00000102     0.67350941     0.32648957
       61     0.00000088     0.67736993     0.32262919
       62     0.00000030     0.68199076     0.31800894
       63     0.00000013     0.68711432     0.31288555
       64     0.00000037     0.69246707     0.30753256
       65     0.00000055     0.69778445     0.30221500
       66     0.00000054     0.70282878     0.29717068
       67     0.00000035     0.70739387     0.29260578
       68     0.00000043     0.71129992     0.28869964
       69     0.00000142     0.71437615     0.28562243
       70     0.00000266     0.71643722     0.28356012
       71     0.00000287     0.71726183     0.28273530
       72     0.00000276     0.71659298     0.28340426
       73     0.00000432     0.71417277     0.28582291
       74     0.00000670     0.70981924     0.29017407
       75     0.00000710     0.70353024     0.29646266
       76     0.00000593     0.69559889     0.30439518
       77     0.00000615     0.68671097     0.31328288
       78     0.00000760     0.67797424     0.32201816
       79     0.00000720     0.67083614     0.32915666
       80     0.00000467     0.66686425     0.33313108
       81     0.00000273     0.66741345     0.33258382
       82     0.00000226     0.67322688     0.32677087
       83     0.00000187     0.68407583     0.31592230
       84     0.00000137     0.69855463     0.30144400
       85     0.00000139     0.71414996     0.28584865
       86     0.00000174     0.72764382     0.27235444
       87     0.00000282     0.73582925     0.26416793
       88     0.00000567     0.73639385     0.26360047
       89     0.00000880     0.72872251     0.27126869
       90     0.00000927     0.71436682     0.28562391
       91     0.00000770     0.69691242     0.30307988
       92     0.00000704     0.68116895     0.31882401
       93     0.00000692     0.67179632     0.32819676
       94     0.00000502     0.67175235     0.32824262
       95     0.00000223     0.68107295     0.31892482
       96     0.00000087     0.69656171     0.30343741
       97     0.00000113     0.71264898     0.28734989
       98     0.00000307     0.72332267     0.27667427
       99     0.00000717     0.72451980     0.27547303
      100     0.00001084     0.71599349     0.28399567
      101     0.00001074     0.70171308     0.29827618
      102     0.00000825     0.68835264     0.31163911
      103     0.00000630     0.68227085     0.31772285
      104     0.00000467     0.68628671     0.31370861
      105     0.00000355     0.69795938     0.30203707
      106     0.00000484     0.71058916     0.28940600
      107     0.00000773     0.71683651     0.28315577
      108     0.00001019     0.71313788     0.28685193
      109     0.00001251     0.70220029     0.29778720
      110     0.00001362     0.69157176     0.30841462
      111     0.00001121     0.68865657     0.31133222
      112     0.00000767     0.69530488     0.30468745
      113     0.00000738     0.70610259     0.29389003
      114     0.00001068     0.71231365     0.28767567
      115     0.00001602     0.70898286     0.29100112
      116     0.00002090     0.69939674     0.30058236
      117     0.00002103     0.69245165     0.30752732
      118     0.00001714     0.69450030     0.30548256
      119     0.00001609     0.70308268     0.29690123
      120     0.00002122     0.70920367     0.29077511
