#    Density matrix based averaged BO population
       0     0.00000000     0.00000000     1.00000000
       1     0.00000003     0.00000505     0.99999492
       2     0.00000004     0.00004217     0.99995779
       3     0.00000008     0.00010243     0.99989748
       4     0.00000011     0.00016622     0.99983366
       5     0.00000020     0.00022638     0.99977342
       6     0.00000026     0.00031926     0.99968048
       7     0.00000036     0.00059576     0.99940388
       8     0.00000046     0.00154047     0.99845907
       9     0.00000054     0.00517966     0.99481981
      10     0.00000065     0.01869768     0.98130167
      11     0.00000066     0.05847860     0.94152074
      12     0.00000075     0.13096639     0.86903285
      13     0.00000073     0.18592023     0.81407904
      14     0.00000086     0.22605539     0.77394375
      15     0.00000080     0.25723330     0.74276590
      16     0.00000090     0.28105160     0.71894749
      17     0.00000089     0.31009315     0.68990597
      18     0.00000080     0.29305773     0.70694147
      19     0.00000091     0.25312979     0.74686929
      20     0.00000079     0.22247308     0.77752612
      21     0.00000084     0.20629918     0.79369998
      22     0.00000080     0.19835056     0.80164864
      23     0.00000072     0.19529040     0.80470887
      24     0.00000075     0.19564699     0.80435226
      25     0.00000066     0.19847275     0.80152659
      26     0.00000066     0.20299947     0.79699988
      27     0.00000070     0.20905490     0.79094440
      28     0.00000061     0.22619452     0.77380486
      29     0.00000062     0.24413931     0.75586007
      30     0.00000065     0.26740541     0.73259394
      31     0.00000057     0.27597910     0.72402032
      32     0.00000057     0.32430214     0.67569729
      33     0.00000062     0.35149425     0.64850512
      34     0.00000054     0.37801204     0.62198741
      35     0.00000055     0.39920141     0.60079804
      36     0.00000060     0.44996592     0.55003348
      37     0.00000055     0.47373494     0.52626451
      38     0.00000054     0.50699013     0.49300933
      39     0.00000059     0.53062256     0.46937685
      40     0.00000056     0.55121440     0.44878505
      41     0.00000055     0.56808320     0.43191625
      42     0.00000059     0.58846124     0.41153817
      43     0.00000059     0.61012636     0.38987305
      44     0.00000057     0.63537320     0.36462623
      45     0.00000056     0.66058343     0.33941601
      46     0.00000060     0.68008755     0.31991185
      47     0.00000060     0.69825193     0.30174747
      48     0.00000056     0.71401590     0.28598354
      49     0.00000060     0.73470529     0.26529411
      50     0.00000061     0.75479350     0.24520589
      51     0.00000060     0.77423378     0.22576562
      52     0.00000059     0.79227006     0.20772934
      53     0.00000063     0.81024634     0.18975302
      54     0.00000065     0.82478297     0.17521638
      55     0.00000063     0.83707663     0.16292274
      56     0.00000063     0.84681994     0.15317943
      57     0.00000065     0.85514380     0.14485555
      58     0.00000068     0.86095563     0.13904369
      59     0.00000068     0.86508471     0.13491461
      60     0.00000067     0.87086408     0.12913525
      61     0.00000069     0.87441896     0.12558035
      62     0.00000070     0.87708388     0.12291541
      63     0.00000070     0.87881086     0.12118844
      64     0.00000073     0.87925298     0.12074628
      65     0.00000075     0.88085217     0.11914708
      66     0.00000077     0.88480498     0.11519426
      67     0.00000080     0.88632384     0.11367537
      68     0.00000080     0.88910686     0.11089234
      69     0.00000078     0.89296406     0.10703517
      70     0.00000077     0.89526659     0.10473264
      71     0.00000094     0.89360375     0.10639531
      72     0.00000113     0.89052893     0.10946994
      73     0.00000115     0.89732519     0.10267366
      74     0.00000098     0.90264496     0.09735406
      75     0.00000101     0.91135996     0.08863903
      76     0.00000135     0.91803265     0.08196600
      77     0.00000153     0.92036450     0.07963398
      78     0.00000140     0.92171351     0.07828510
      79     0.00000139     0.92546119     0.07453742
      80     0.00000156     0.92758572     0.07241271
      81     0.00000156     0.92878683     0.07121161
      82     0.00000141     0.92974223     0.07025636
      83     0.00000180     0.93052226     0.06947594
      84     0.00000231     0.93098213     0.06901555
      85     0.00000212     0.93179049     0.06820739
      86     0.00000168     0.93473188     0.06526644
      87     0.00000183     0.93812467     0.06187350
      88     0.00000242     0.93874737     0.06125021
      89     0.00000268     0.93896881     0.06102850
      90     0.00000245     0.93988538     0.06011216
      91     0.00000216     0.94107944     0.05891839
      92     0.00000229     0.94211599     0.05788172
      93     0.00000292     0.94254477     0.05745231
      94     0.00000326     0.94212870     0.05786804
      95     0.00000302     0.94124852     0.05874846
      96     0.00000274     0.94091484     0.05908242
      97     0.00000297     0.94098016     0.05901687
      98     0.00000342     0.94161635     0.05838023
      99     0.00000361     0.94280621     0.05719018
     100     0.00000342     0.94407021     0.05592637
     101     0.00000334     0.94514517     0.05485149
     102     0.00000371     0.94590995     0.05408634
     103     0.00000413     0.94639690     0.05359897
     104     0.00000413     0.94690407     0.05309180
     105     0.00000400     0.94734573     0.05265027
     106     0.00000428     0.94761768     0.05237804
     107     0.00000486     0.94793353     0.05206162
     108     0.00000517     0.94811634     0.05187848
     109     0.00000511     0.94791711     0.05207777
     110     0.00000530     0.94731077     0.05268393
     111     0.00000588     0.94777011     0.05222402
     112     0.00000660     0.94914230     0.05085110
     113     0.00000716     0.95162286     0.04836998
     114     0.00000759     0.95372708     0.04626533
     115     0.00000810     0.95505855     0.04493335
     116     0.00000902     0.95712342     0.04286757
     117     0.00001040     0.96044224     0.03954737
     118     0.00001186     0.96245461     0.03753353
     119     0.00001310     0.96373621     0.03625069
     120     0.00001443     0.96504351     0.03494206