#     Density Matrix: population Re; see the manual for detail orders
        0     0.00000000     0.00000000     1.00000000
        1     0.00000010     0.00000769     0.99999221
        2     0.00000013     0.00005970     0.99994017
        3     0.00000023     0.00012566     0.99987410
        4     0.00000027     0.00016188     0.99983785
        5     0.00000038     0.00014603     0.99985359
        6     0.00000045     0.00009257     0.99990697
        7     0.00000048     0.00006873     0.99993078
        8     0.00000066     0.00026267     0.99973667
        9     0.00000048     0.00139677     0.99860275
       10     0.00000080     0.00925729     0.99074190
       11     0.00000032     0.36436505     0.63563464
       12     0.00000003     0.75295324     0.24704674
       13     0.00000170     0.18580044     0.81419786
       14     0.00000066     0.15929011     0.84070923
       15     0.00000060     0.14805196     0.85194744
       16     0.00000157     0.14394136     0.85605707
       17     0.00000002     0.14327600     0.85672398
       18     0.00000128     0.14406410     0.85593462
       19     0.00000076     0.14518277     0.85481647
       20     0.00000025     0.14603023     0.85396952
       21     0.00000151     0.14633217     0.85366631
       22     0.00000031     0.14602634     0.85397335
       23     0.00000061     0.14524648     0.85475291
       24     0.00000145     0.14414315     0.85585540
       25     0.00000015     0.14278986     0.85720999
       26     0.00000084     0.14147669     0.85852247
       27     0.00000154     0.14047812     0.85952034
       28     0.00000018     0.13999302     0.86000680
       29     0.00000079     0.14039785     0.85960136
       30     0.00000160     0.14209140     0.85790700
       31     0.00000029     0.14579162     0.85420809
       32     0.00000049     0.15281614     0.84718338
       33     0.00000154     0.16539514     0.83460332
       34     0.00000059     0.18875593     0.81124349
       35     0.00000018     0.23666128     0.76333854
       36     0.00000129     0.34845847     0.65154024
       37     0.00000098     0.57889485     0.42110417
       38     0.00000008     0.81417607     0.18582385
       39     0.00000080     0.91488393     0.08511527
       40     0.00000135     0.93609010     0.06390855
       41     0.00000039     0.93643097     0.06356864
       42     0.00000029     0.93369743     0.06630228
       43     0.00000125     0.93095376     0.06904498
       44     0.00000096     0.92866852     0.07133052
       45     0.00000012     0.92698825     0.07301163
       46     0.00000069     0.92589368     0.07410563
       47     0.00000134     0.92525118     0.07474749
       48     0.00000057     0.92494151     0.07505792
       49     0.00000014     0.92493113     0.07506872
       50     0.00000104     0.92515212     0.07484684
       51     0.00000127     0.92553846     0.07446028
       52     0.00000029     0.92602065     0.07397906
       53     0.00000032     0.92652797     0.07347171
       54     0.00000138     0.92699559     0.07300303
       55     0.00000114     0.92736636     0.07263251
       56     0.00000009     0.92759066     0.07240925
       57     0.00000067     0.92763194     0.07236739
       58     0.00000176     0.92747264     0.07252560
       59     0.00000094     0.92711354     0.07288552
       60     0.00000001     0.92657061     0.07342938
       61     0.00000122     0.92587611     0.07412267
       62     0.00000210     0.92507841     0.07491950
       63     0.00000071     0.92423443     0.07576486
       64     0.00000012     0.92340186     0.07659803
       65     0.00000167     0.92249829     0.07750004
       66     0.00000204     0.92161384     0.07838412
       67     0.00000049     0.92095830     0.07904121
       68     0.00000021     0.92063384     0.07936596
       69     0.00000169     0.92060087     0.07939744
       70     0.00000186     0.92082555     0.07917259
       71     0.00000045     0.92144880     0.07855075
       72     0.00000013     0.92241130     0.07758857
       73     0.00000126     0.92353875     0.07645999
       74     0.00000181     0.92497587     0.07502232
       75     0.00000101     0.92693587     0.07306312
       76     0.00000004     0.92935586     0.07064410
       77     0.00000071     0.93179427     0.06820501
       78     0.00000265     0.93380736     0.06618999
       79     0.00000301     0.93523119     0.06476580
       80     0.00000112     0.93596613     0.06403275
       81     0.00000131     0.93569307     0.06430562
       82     0.00000527     0.93402461     0.06597013
       83     0.00000733     0.93072601     0.06926665
       84     0.00000401     0.92624269     0.07375330
       85     0.00000222     0.92073171     0.07926607
       86     0.00000653     0.91468665     0.08530682
       87     0.00000873     0.90946072     0.09053056
       88     0.00000483     0.90585552     0.09413964
       89     0.00000150     0.90474459     0.09525391
       90     0.00000244     0.90675271     0.09324484
       91     0.00000430     0.91177185     0.08822385
       92     0.00000409     0.91913595     0.08085996
       93     0.00000245     0.92744346     0.07255409
       94     0.00000107     0.93481936     0.06517957
       95     0.00000267     0.93935761     0.06063972
       96     0.00000767     0.93968000     0.06031233
       97     0.00001037     0.93545489     0.06453475
       98     0.00000731     0.92767958     0.07231311
       99     0.00000468     0.91857188     0.08142344
      100     0.00000740     0.91100759     0.08898501
      101     0.00001027     0.90759288     0.09239685
      102     0.00000832     0.90965346     0.09033822
      103     0.00000438     0.91653711     0.08345851
      104     0.00000247     0.92561927     0.07437825
      105     0.00000453     0.93317105     0.06682442
      106     0.00001111     0.93589494     0.06409395
      107     0.00001716     0.93252434     0.06745850
      108     0.00001604     0.92468180     0.07530216
      109     0.00001085     0.91637112     0.08361803
      110     0.00000959     0.91206180     0.08792861
      111     0.00001263     0.91419143     0.08579594
      112     0.00001625     0.92148989     0.07849386
      113     0.00001925     0.92940368     0.07057707
      114     0.00002008     0.93278119     0.06719873
      115     0.00001929     0.92938023     0.07060048
      116     0.00002260     0.92166618     0.07831122
      117     0.00003121     0.91554985     0.08441894
      118     0.00003718     0.91582765     0.08413517
      119     0.00004039     0.92220028     0.07775933
      120     0.00004345     0.92906260     0.07089396
