#     Density Matrix: population Re; see the manual for detail orders
        0     0.00000000     0.00000000     1.00000000
        1     0.00000000     0.00000715     0.99999285
        2     0.00000001     0.00006093     0.99993907
        3     0.00000002     0.00014480     0.99985518
        4     0.00000004     0.00021278     0.99978718
        5     0.00000006     0.00023602     0.99976392
        6     0.00000009     0.00024481     0.99975509
        7     0.00000012     0.00034970     0.99965017
        8     0.00000015     0.00074836     0.99925149
        9     0.00000018     0.00178884     0.99821098
       10     0.00000020     0.00431078     0.99568902
       11     0.00000022     0.01107494     0.98892484
       12     0.00000023     0.03300778     0.96699199
       13     0.00000022     0.11321562     0.88678416
       14     0.00000017     0.30640457     0.69359527
       15     0.00000009     0.41861384     0.58138607
       16     0.00000015     0.32829511     0.67170473
       17     0.00000025     0.21037419     0.78962556
       18     0.00000033     0.12863758     0.87136209
       19     0.00000039     0.07882308     0.92117653
       20     0.00000039     0.04994398     0.95005564
       21     0.00000036     0.03382460     0.96617504
       22     0.00000046     0.02518798     0.97481156
       23     0.00000048     0.02077136     0.97922816
       24     0.00000039     0.01860270     0.98139691
       25     0.00000041     0.01749619     0.98250340
       26     0.00000052     0.01674034     0.98325915
       27     0.00000046     0.01592077     0.98407877
       28     0.00000044     0.01479183     0.98520773
       29     0.00000047     0.01322187     0.98677766
       30     0.00000053     0.01114165     0.98885782
       31     0.00000045     0.00854886     0.99145069
       32     0.00000049     0.00559919     0.99440032
       33     0.00000056     0.00299693     0.99700251
       34     0.00000054     0.00393405     0.99606541
       35     0.00000052     0.02610458     0.97389490
       36     0.00000051     0.17151937     0.82848012
       37     0.00000059     0.52875848     0.47124094
       38     0.00000069     0.79129614     0.20870316
       39     0.00000071     0.87589811     0.12410118
       40     0.00000074     0.90625478     0.09374449
       41     0.00000073     0.92009680     0.07990247
       42     0.00000079     0.92721860     0.07278061
       43     0.00000079     0.93100150     0.06899771
       44     0.00000068     0.93290457     0.06709475
       45     0.00000075     0.93366894     0.06633031
       46     0.00000089     0.93374081     0.06625830
       47     0.00000082     0.93344576     0.06655342
       48     0.00000071     0.93303070     0.06696859
       49     0.00000074     0.93270280     0.06729645
       50     0.00000072     0.93264257     0.06735671
       51     0.00000067     0.93300108     0.06699824
       52     0.00000070     0.93389087     0.06610844
       53     0.00000074     0.93539619     0.06460307
       54     0.00000073     0.93755115     0.06244812
       55     0.00000069     0.94033405     0.05966526
       56     0.00000070     0.94368113     0.05631817
       57     0.00000077     0.94747065     0.05252857
       58     0.00000083     0.95154112     0.04845805
       59     0.00000075     0.95569579     0.04430345
       60     0.00000073     0.95972974     0.04026953
       61     0.00000086     0.96344657     0.03655258
       62     0.00000099     0.96668369     0.03331531
       63     0.00000102     0.96933868     0.03066030
       64     0.00000104     0.97136713     0.02863182
       65     0.00000119     0.97280790     0.02719090
       66     0.00000141     0.97377881     0.02621978
       67     0.00000155     0.97444082     0.02555762
       68     0.00000164     0.97496633     0.02503204
       69     0.00000183     0.97551322     0.02448495
       70     0.00000197     0.97618316     0.02381487
       71     0.00000204     0.97700248     0.02299548
       72     0.00000214     0.97793695     0.02206090
       73     0.00000215     0.97891364     0.02108421
       74     0.00000208     0.97984927     0.02014865
       75     0.00000204     0.98069439     0.01930357
       76     0.00000203     0.98145166     0.01854631
       77     0.00000199     0.98217733     0.01782068
       78     0.00000192     0.98295892     0.01703917
       79     0.00000188     0.98387407     0.01612405
       80     0.00000191     0.98494658     0.01505151
       81     0.00000198     0.98613102     0.01386700
       82     0.00000207     0.98730652     0.01269141
       83     0.00000219     0.98828978     0.01170802
       84     0.00000236     0.98888482     0.01111282
       85     0.00000254     0.98894735     0.01105011
       86     0.00000272     0.98842798     0.01156930
       87     0.00000284     0.98741139     0.01258577
       88     0.00000284     0.98610951     0.01388765
       89     0.00000276     0.98482970     0.01516754
       90     0.00000266     0.98391831     0.01607903
       91     0.00000259     0.98367259     0.01632482
       92     0.00000251     0.98426649     0.01573100
       93     0.00000237     0.98571449     0.01428314
       94     0.00000224     0.98784983     0.01214794
       95     0.00000221     0.99035787     0.00963992
       96     0.00000230     0.99284742     0.00715028
       97     0.00000250     0.99492472     0.00507278
       98     0.00000279     0.99629108     0.00370612
       99     0.00000315     0.99680730     0.00318955
      100     0.00000353     0.99651948     0.00347699
      101     0.00000387     0.99565100     0.00434513
      102     0.00000414     0.99454092     0.00545494
      103     0.00000437     0.99355457     0.00644107
      104     0.00000453     0.99299932     0.00699615
      105     0.00000454     0.99304772     0.00694774
      106     0.00000441     0.99370060     0.00629499
      107     0.00000431     0.99480163     0.00519405
      108     0.00000443     0.99608937     0.00390621
      109     0.00000482     0.99727801     0.00271717
      110     0.00000540     0.99813992     0.00185468
      111     0.00000602     0.99855638     0.00143760
      112     0.00000662     0.99854319     0.00145019
      113     0.00000710     0.99823644     0.00175647
      114     0.00000738     0.99784280     0.00214982
      115     0.00000754     0.99757579     0.00241667
      116     0.00000766     0.99758827     0.00240406
      117     0.00000786     0.99792479     0.00206735
      118     0.00000809     0.99850237     0.00148953
      119     0.00000843     0.99913723     0.00085434
      120     0.00000899     0.99961423     0.00037679
