#     Density Matrix: population Re; see the manual for detail orders
        0     0.00000000     0.00000000     1.00000000
        1     0.00000008     0.00000240     0.99999753
        2     0.00000003     0.00002072     0.99997925
        3     0.00000002     0.00004760     0.99995238
        4     0.00000007     0.00006116     0.99993877
        5     0.00000001     0.00005159     0.99994840
        6     0.00000028     0.00004355     0.99995617
        7     0.00000012     0.00009533     0.99990455
        8     0.00000061     0.00026970     0.99972969
        9     0.00000035     0.00060759     0.99939206
       10     0.00000100     0.00116169     0.99883731
       11     0.00000061     0.00215374     0.99784565
       12     0.00000135     0.00437476     0.99562390
       13     0.00000078     0.01024925     0.98974997
       14     0.00000144     0.02707041     0.97292816
       15     0.00000077     0.07636695     0.92363228
       16     0.00000098     0.20128585     0.79871317
       17     0.00000047     0.37587955     0.62411998
       18     0.00000056     0.42684951     0.57314993
       19     0.00000074     0.34291827     0.65708099
       20     0.00000073     0.23940202     0.76059725
       21     0.00000130     0.16133628     0.83866242
       22     0.00000081     0.11125770     0.88874149
       23     0.00000109     0.08257705     0.91742185
       24     0.00000117     0.06838635     0.93161248
       25     0.00000064     0.06317105     0.93682831
       26     0.00000103     0.06291037     0.93708860
       27     0.00000092     0.06482716     0.93517192
       28     0.00000050     0.06708712     0.93291239
       29     0.00000081     0.06852628     0.93147291
       30     0.00000070     0.06843889     0.93156041
       31     0.00000039     0.06640546     0.93359415
       32     0.00000069     0.06217663     0.93782267
       33     0.00000067     0.05560664     0.94439269
       34     0.00000036     0.04664877     0.95335087
       35     0.00000060     0.03546024     0.96453916
       36     0.00000073     0.02275105     0.97724822
       37     0.00000042     0.01072720     0.98927238
       38     0.00000051     0.00531682     0.99468267
       39     0.00000081     0.01984544     0.98015375
       40     0.00000057     0.07459947     0.92539995
       41     0.00000044     0.17902022     0.82097934
       42     0.00000079     0.31207966     0.68791955
       43     0.00000090     0.45649536     0.54350374
       44     0.00000087     0.59064154     0.40935759
       45     0.00000088     0.68635908     0.31364003
       46     0.00000091     0.74719442     0.25280467
       47     0.00000093     0.78466539     0.21533369
       48     0.00000095     0.80771968     0.19227937
       49     0.00000099     0.82182108     0.17817793
       50     0.00000102     0.83016684     0.16983214
       51     0.00000103     0.83467227     0.16532669
       52     0.00000106     0.83654541     0.16345354
       53     0.00000109     0.83659601     0.16340290
       54     0.00000111     0.83540493     0.16459396
       55     0.00000111     0.83341933     0.16657956
       56     0.00000113     0.83100296     0.16899591
       57     0.00000114     0.82846484     0.17153402
       58     0.00000112     0.82607295     0.17392593
       59     0.00000109     0.82405908     0.17593983
       60     0.00000107     0.82261832     0.17738061
       61     0.00000103     0.82190222     0.17809675
       62     0.00000096     0.82201260     0.17798643
       63     0.00000089     0.82299610     0.17700302
       64     0.00000081     0.82484099     0.17515819
       65     0.00000072     0.82747523     0.17252405
       66     0.00000062     0.83077242     0.16922696
       67     0.00000053     0.83456313     0.16543634
       68     0.00000047     0.83865021     0.16134931
       69     0.00000045     0.84282560     0.15717395
       70     0.00000047     0.84688855     0.15311097
       71     0.00000057     0.85065734     0.14934209
       72     0.00000078     0.85397435     0.14602488
       73     0.00000110     0.85670347     0.14329543
       74     0.00000153     0.85872085     0.14127761
       75     0.00000208     0.85990157     0.14009635
       76     0.00000275     0.86011050     0.13988675
       77     0.00000352     0.85920613     0.14079035
       78     0.00000428     0.85706471     0.14293101
       79     0.00000497     0.85362798     0.14636706
       80     0.00000555     0.84896879     0.15102566
       81     0.00000594     0.84336359     0.15663047
       82     0.00000600     0.83734438     0.16264962
       83     0.00000570     0.83170536     0.16828894
       84     0.00000512     0.82743442     0.17256046
       85     0.00000430     0.82555940     0.17443630
       86     0.00000334     0.82691287     0.17308379
       87     0.00000242     0.83186717     0.16813041
       88     0.00000178     0.84009583     0.15990240
       89     0.00000161     0.85045074     0.14954766
       90     0.00000202     0.86104163     0.13895635
       91     0.00000301     0.86955483     0.13044216
       92     0.00000445     0.87378689     0.12620866
       93     0.00000609     0.87229250     0.12770140
       94     0.00000760     0.86496171     0.13503069
       95     0.00000855     0.85331509     0.14667636
       96     0.00000862     0.84033466     0.15965671
       97     0.00000775     0.82975744     0.17023481
       98     0.00000618     0.82494797     0.17504585
       99     0.00000439     0.82767295     0.17232266
      100     0.00000304     0.83723078     0.16276618
      101     0.00000281     0.85038135     0.14961584
      102     0.00000407     0.86228391     0.13771202
      103     0.00000667     0.86827603     0.13171731
      104     0.00000987     0.86588022     0.13410991
      105     0.00001250     0.85614728     0.14384022
      106     0.00001343     0.84354879     0.15643777
      107     0.00001227     0.83414028     0.16584745
      108     0.00000978     0.83262821     0.16736201
      109     0.00000767     0.83972276     0.16026957
      110     0.00000788     0.85137835     0.14861377
      111     0.00001145     0.86074996     0.13923859
      112     0.00001747     0.86217356     0.13780897
      113     0.00002327     0.85491683     0.14505990
      114     0.00002596     0.84406819     0.15590584
      115     0.00002462     0.83738471     0.16259067
      116     0.00002171     0.83972094     0.16025734
      117     0.00002210     0.84903663     0.15094128
      118     0.00002940     0.85757375     0.14239685
      119     0.00004225     0.85809687     0.14186087
      120     0.00005436     0.85040019     0.14954545
