#     Density Matrix: population Re; see the manual for detail orders
        0     0.00000000     0.00000000     1.00000000
        1     0.00000000     0.00000506     0.99999494
        2     0.00000000     0.00004491     0.99995509
        3     0.00000001     0.00011058     0.99988941
        4     0.00000003     0.00016380     0.99983617
        5     0.00000005     0.00018071     0.99981924
        6     0.00000008     0.00019218     0.99980775
        7     0.00000010     0.00029731     0.99970258
        8     0.00000013     0.00067435     0.99932552
        9     0.00000016     0.00169139     0.99830845
       10     0.00000018     0.00445783     0.99554199
       11     0.00000021     0.01354166     0.98645814
       12     0.00000022     0.05351674     0.94648305
       13     0.00000008     0.60766666     0.39233326
       14     0.00000004     0.56993806     0.43006189
       15     0.00000048     0.16508336     0.83491616
       16     0.00000020     0.07537749     0.92462231
       17     0.00000033     0.03641118     0.96358849
       18     0.00000033     0.01981983     0.98017984
       19     0.00000025     0.01336074     0.98663901
       20     0.00000029     0.01136808     0.98863163
       21     0.00000030     0.01113476     0.98886494
       22     0.00000026     0.01139088     0.98860886
       23     0.00000028     0.01157611     0.98842361
       24     0.00000027     0.01148885     0.98851087
       25     0.00000024     0.01110035     0.98889940
       26     0.00000029     0.01046510     0.98953461
       27     0.00000030     0.00966083     0.99033887
       28     0.00000032     0.00877692     0.99122275
       29     0.00000032     0.00790274     0.99209694
       30     0.00000032     0.00713236     0.99286732
       31     0.00000032     0.00658142     0.99341826
       32     0.00000032     0.00641285     0.99358683
       33     0.00000031     0.00689121     0.99310848
       34     0.00000031     0.00848997     0.99150973
       35     0.00000030     0.01215510     0.98784460
       36     0.00000029     0.01998475     0.98001496
       37     0.00000028     0.03725506     0.96274466
       38     0.00000028     0.07910021     0.92089951
       39     0.00000027     0.18932566     0.81067407
       40     0.00000028     0.42817322     0.57182651
       41     0.00000027     0.71049176     0.28950797
       42     0.00000028     0.88505674     0.11494298
       43     0.00000031     0.95801133     0.04198835
       44     0.00000027     0.98321226     0.01678747
       45     0.00000025     0.99239270     0.00760705
       46     0.00000029     0.99609143     0.00390828
       47     0.00000030     0.99770033     0.00229937
       48     0.00000028     0.99842422     0.00157550
       49     0.00000030     0.99873047     0.00126923
       50     0.00000033     0.99881133     0.00118834
       51     0.00000033     0.99874777     0.00125190
       52     0.00000033     0.99857352     0.00142615
       53     0.00000036     0.99830052     0.00169912
       54     0.00000039     0.99793847     0.00206114
       55     0.00000041     0.99749755     0.00250204
       56     0.00000044     0.99698393     0.00301563
       57     0.00000047     0.99641407     0.00358546
       58     0.00000052     0.99581304     0.00418644
       59     0.00000057     0.99520996     0.00478947
       60     0.00000062     0.99463818     0.00536119
       61     0.00000068     0.99413319     0.00586613
       62     0.00000075     0.99373024     0.00626901
       63     0.00000083     0.99346090     0.00653827
       64     0.00000091     0.99334995     0.00664914
       65     0.00000099     0.99341424     0.00658476
       66     0.00000109     0.99365700     0.00634190
       67     0.00000118     0.99406975     0.00592906
       68     0.00000128     0.99463210     0.00536662
       69     0.00000140     0.99531267     0.00468593
       70     0.00000153     0.99607172     0.00392675
       71     0.00000168     0.99686394     0.00313438
       72     0.00000184     0.99764099     0.00235717
       73     0.00000203     0.99835387     0.00164410
       74     0.00000227     0.99895801     0.00103972
       75     0.00000258     0.99940704     0.00059038
       76     0.00000287     0.99965967     0.00033746
       77     0.00000313     0.99968933     0.00030755
       78     0.00000340     0.99948688     0.00050971
       79     0.00000372     0.99906786     0.00092842
       80     0.00000399     0.99848174     0.00151427
       81     0.00000415     0.99780896     0.00218689
       82     0.00000432     0.99714234     0.00285333
       83     0.00000457     0.99659673     0.00339870
       84     0.00000472     0.99628959     0.00370569
       85     0.00000472     0.99629319     0.00370210
       86     0.00000473     0.99662691     0.00336837
       87     0.00000482     0.99724380     0.00275137
       88     0.00000497     0.99803192     0.00196311
       89     0.00000512     0.99882648     0.00116840
       90     0.00000526     0.99945767     0.00053707
       91     0.00000545     0.99980203     0.00019251
       92     0.00000572     0.99980863     0.00018565
       93     0.00000602     0.99951848     0.00047550
       94     0.00000628     0.99906866     0.00092506
       95     0.00000649     0.99863994     0.00135357
       96     0.00000670     0.99839103     0.00160227
       97     0.00000698     0.99840538     0.00158764
       98     0.00000735     0.99866599     0.00132665
       99     0.00000776     0.99906740     0.00092484
      100     0.00000826     0.99945714     0.00053461
      101     0.00000880     0.99970796     0.00028324
      102     0.00000946     0.99976744     0.00022310
      103     0.00001037     0.99967169     0.00031794
      104     0.00001150     0.99952065     0.00046784
      105     0.00001251     0.99942352     0.00056398
      106     0.00001349     0.99943732     0.00054919
      107     0.00001474     0.99954706     0.00043820
      108     0.00001643     0.99968538     0.00029820
      109     0.00001852     0.99978099     0.00020049
      110     0.00002110     0.99980299     0.00017591
      111     0.00002440     0.99977290     0.00020269
      112     0.00002807     0.99973915     0.00023278
      113     0.00003196     0.99973811     0.00022993
      114     0.00003610     0.99977076     0.00019315
      115     0.00004065     0.99981072     0.00014862
      116     0.00004667     0.99983110     0.00012223
      117     0.00005504     0.99982544     0.00011952
      118     0.00006665     0.99981483     0.00011852
      119     0.00008139     0.99981058     0.00010804
      120     0.00009901     0.99981044     0.00009055
