#     Density Matrix: population Re; see the manual for detail orders
        0     0.00000000     0.00000000     1.00000000
        1     0.00000000     0.00000000     0.99999999
        2     0.00000001     0.00000006     0.99999993
        3     0.00000003     0.00000013     0.99999984
        4     0.00000005     0.00000012     0.99999983
        5     0.00000007     0.00000069     0.99999924
        6     0.00000010     0.00000354     0.99999636
        7     0.00000013     0.00001148     0.99998839
        8     0.00000016     0.00003044     0.99996940
        9     0.00000019     0.00007497     0.99992484
       10     0.00000022     0.00018053     0.99981925
       11     0.00000025     0.00043678     0.99956297
       12     0.00000028     0.00109380     0.99890593
       13     0.00000030     0.00295089     0.99704881
       14     0.00000031     0.00906169     0.99093800
       15     0.00000031     0.03397217     0.96602752
       16     0.00000028     0.14831620     0.85168352
       17     0.00000010     0.72543664     0.27456326
       18     0.00000010     0.56960186     0.43039804
       19     0.00000071     0.27762330     0.72237600
       20     0.00000027     0.16790679     0.83209294
       21     0.00000046     0.11010619     0.88989334
       22     0.00000049     0.08009936     0.91990015
       23     0.00000041     0.06459702     0.93540257
       24     0.00000043     0.05642070     0.94357888
       25     0.00000032     0.05169678     0.94830290
       26     0.00000029     0.04831272     0.95168698
       27     0.00000034     0.04508848     0.95491118
       28     0.00000039     0.04131375     0.95868586
       29     0.00000041     0.03665755     0.96334204
       30     0.00000044     0.03066071     0.96933885
       31     0.00000045     0.02329065     0.97670890
       32     0.00000044     0.01518094     0.98481861
       33     0.00000044     0.00920686     0.99079270
       34     0.00000047     0.01817897     0.98182055
       35     0.00000055     0.07638056     0.92361889
       36     0.00000048     0.21359976     0.78639976
       37     0.00000038     0.37758352     0.62241609
       38     0.00000052     0.50582422     0.49417526
       39     0.00000044     0.59490725     0.40509231
       40     0.00000035     0.66076966     0.33922999
       41     0.00000071     0.71456447     0.28543482
       42     0.00000072     0.75378228     0.24621700
       43     0.00000040     0.78190986     0.21808974
       44     0.00000044     0.80202097     0.19797858
       45     0.00000062     0.81645216     0.18354722
       46     0.00000050     0.82657374     0.17342576
       47     0.00000039     0.83368633     0.16631328
       48     0.00000046     0.83915541     0.16084414
       49     0.00000051     0.84345819     0.15654130
       50     0.00000045     0.84676931     0.15323023
       51     0.00000042     0.84940146     0.15059812
       52     0.00000049     0.85158236     0.14841715
       53     0.00000052     0.85347929     0.14652019
       54     0.00000047     0.85521904     0.14478049
       55     0.00000046     0.85690896     0.14309057
       56     0.00000057     0.85863181     0.14136762
       57     0.00000068     0.86044848     0.13955083
       58     0.00000057     0.86241874     0.13758069
       59     0.00000041     0.86456214     0.13543745
       60     0.00000051     0.86679394     0.13320555
       61     0.00000061     0.86918885     0.13081055
       62     0.00000053     0.87177154     0.12822793
       63     0.00000040     0.87456690     0.12543269
       64     0.00000044     0.87759328     0.12240628
       65     0.00000057     0.88107389     0.11892555
       66     0.00000069     0.88482999     0.11516932
       67     0.00000068     0.88864739     0.11135193
       68     0.00000064     0.89268145     0.10731790
       69     0.00000077     0.89686737     0.10313186
       70     0.00000106     0.90110255     0.09889638
       71     0.00000133     0.90520502     0.09479365
       72     0.00000152     0.90902415     0.09097433
       73     0.00000169     0.91224523     0.08775308
       74     0.00000204     0.91464013     0.08535783
       75     0.00000259     0.91597841     0.08401900
       76     0.00000312     0.91617573     0.08382115
       77     0.00000338     0.91537166     0.08462496
       78     0.00000343     0.91363457     0.08636200
       79     0.00000367     0.91131693     0.08867940
       80     0.00000399     0.90894895     0.09104706
       81     0.00000400     0.90719861     0.09279739
       82     0.00000383     0.90673256     0.09326362
       83     0.00000360     0.90829787     0.09169853
       84     0.00000339     0.91254272     0.08745389
       85     0.00000311     0.91960845     0.08038844
       86     0.00000277     0.92922218     0.07077505
       87     0.00000253     0.94066126     0.05933621
       88     0.00000255     0.95277688     0.04722057
       89     0.00000281     0.96416774     0.03582945
       90     0.00000319     0.97347045     0.02652636
       91     0.00000373     0.97965664     0.02033963
       92     0.00000448     0.98231644     0.01767908
       93     0.00000536     0.98180503     0.01818962
       94     0.00000597     0.97919055     0.02080348
       95     0.00000600     0.97601021     0.02398379
       96     0.00000551     0.97381455     0.02617994
       97     0.00000521     0.97376461     0.02623017
       98     0.00000495     0.97630046     0.02369459
       99     0.00000456     0.98096217     0.01903327
      100     0.00000458     0.98662064     0.01337479
      101     0.00000486     0.99186000     0.00813515
      102     0.00000494     0.99550078     0.00449428
      103     0.00000474     0.99706425     0.00293101
      104     0.00000464     0.99685892     0.00313643
      105     0.00000478     0.99575070     0.00424451
      106     0.00000517     0.99479986     0.00519497
      107     0.00000518     0.99475172     0.00524310
      108     0.00000511     0.99573866     0.00425623
      109     0.00000511     0.99732866     0.00266622
      110     0.00000527     0.99881154     0.00118320
      111     0.00000547     0.99963077     0.00036376
      112     0.00000557     0.99969314     0.00030130
      113     0.00000597     0.99931108     0.00068295
      114     0.00000684     0.99895181     0.00104135
      115     0.00000763     0.99894732     0.00104504
      116     0.00000808     0.99929033     0.00070159
      117     0.00000840     0.99972074     0.00027086
      118     0.00000893     0.99996554     0.00002553
      119     0.00000984     0.99995250     0.00003766
      120     0.00001132     0.99980782     0.00018085
