#     Density Matrix: population Re; see the manual for detail orders
        0     0.00000000     0.00000000     1.00000000
        1     0.00000002     0.00000684     0.99999314
        2     0.00000002     0.00004210     0.99995787
        3     0.00000010     0.00005882     0.99994108
        4     0.00000012     0.00004850     0.99995138
        5     0.00000031     0.00004380     0.99995589
        6     0.00000035     0.00005425     0.99994540
        7     0.00000061     0.00005183     0.99994756
        8     0.00000066     0.00002363     0.99997571
        9     0.00000093     0.00001906     0.99998001
       10     0.00000093     0.00014686     0.99985221
       11     0.00000119     0.00055521     0.99944361
       12     0.00000109     0.00150722     0.99849169
       13     0.00000130     0.00393976     0.99605895
       14     0.00000111     0.01323215     0.98676674
       15     0.00000120     0.08325804     0.91674076
       16     0.00000073     0.59950073     0.40049854
       17     0.00000012     0.63227170     0.36772817
       18     0.00000139     0.31634435     0.68365426
       19     0.00000017     0.25249545     0.74750437
       20     0.00000118     0.22079166     0.77920716
       21     0.00000110     0.20649117     0.79350773
       22     0.00000023     0.20215005     0.79784973
       23     0.00000157     0.20357321     0.79642522
       24     0.00000073     0.20832342     0.79167585
       25     0.00000042     0.21496781     0.78503177
       26     0.00000158     0.22262845     0.77736997
       27     0.00000055     0.23074427     0.76925519
       28     0.00000040     0.23889472     0.76110488
       29     0.00000143     0.24664386     0.75335470
       30     0.00000056     0.25335193     0.74664752
       31     0.00000023     0.25792345     0.74207632
       32     0.00000118     0.25830247     0.74169635
       33     0.00000068     0.25005283     0.74994649
       34     0.00000007     0.22133464     0.77866529
       35     0.00000083     0.12338600     0.87661318
       36     0.00000067     0.02945593     0.97054341
       37     0.00000001     0.35411741     0.64588258
       38     0.00000100     0.47409058     0.52590842
       39     0.00000130     0.50830914     0.49168956
       40     0.00000017     0.52538815     0.47461168
       41     0.00000040     0.53847588     0.46152372
       42     0.00000140     0.55325083     0.44674777
       43     0.00000074     0.57611248     0.42388679
       44     0.00000001     0.60563401     0.39436597
       45     0.00000098     0.64064211     0.35935690
       46     0.00000140     0.67901865     0.32097995
       47     0.00000030     0.71819575     0.28180396
       48     0.00000023     0.75576591     0.24423386
       49     0.00000137     0.78997452     0.21002411
       50     0.00000117     0.81989244     0.18010638
       51     0.00000008     0.84529976     0.15470016
       52     0.00000047     0.86645352     0.13354601
       53     0.00000148     0.88386367     0.11613486
       54     0.00000096     0.89812888     0.10187016
       55     0.00000003     0.90983442     0.09016555
       56     0.00000057     0.91950647     0.08049296
       57     0.00000146     0.92759859     0.07239995
       58     0.00000093     0.93448607     0.06551301
       59     0.00000003     0.94046330     0.05953667
       60     0.00000052     0.94575186     0.05424762
       61     0.00000149     0.95051018     0.04948833
       62     0.00000113     0.95484375     0.04515512
       63     0.00000010     0.95880870     0.04119120
       64     0.00000039     0.96242414     0.03757546
       65     0.00000162     0.96569169     0.03430669
       66     0.00000159     0.96860009     0.03139832
       67     0.00000034     0.97113484     0.02886482
       68     0.00000026     0.97329088     0.02670886
       69     0.00000175     0.97508185     0.02491640
       70     0.00000227     0.97654357     0.02345416
       71     0.00000089     0.97773054     0.02226858
       72     0.00000017     0.97870921     0.02129062
       73     0.00000164     0.97954980     0.02044856
       74     0.00000290     0.98032987     0.01966723
       75     0.00000181     0.98111710     0.01888109
       76     0.00000031     0.98195533     0.01804436
       77     0.00000107     0.98287088     0.01712806
       78     0.00000294     0.98387396     0.01612310
       79     0.00000293     0.98496067     0.01503640
       80     0.00000112     0.98611257     0.01388631
       81     0.00000040     0.98729981     0.01269979
       82     0.00000197     0.98848911     0.01150891
       83     0.00000363     0.98964886     0.01034750
       84     0.00000000     1.00000000     0.00000000
       85     0.00000318     0.99998782     0.00000900
       86     0.00000832     0.99995405     0.00003764
       87     0.00000808     0.99990467     0.00008725
       88     0.00000279     0.99984021     0.00015700
       89     0.00000011     0.99975669     0.00024320
       90     0.00000417     0.99965694     0.00033889
       91     0.00000981     0.99955605     0.00043414
       92     0.00000952     0.99947334     0.00051714
       93     0.00000376     0.99942065     0.00057559
       94     0.00000023     0.99940037     0.00059941
       95     0.00000374     0.99941266     0.00058360
       96     0.00001009     0.99945959     0.00053031
       97     0.00001155     0.99953898     0.00044947
       98     0.00000642     0.99963517     0.00035841
       99     0.00000100     0.99971970     0.00027930
      100     0.00000193     0.99976345     0.00023461
      101     0.00000844     0.99974988     0.00024168
      102     0.00001329     0.99967920     0.00030751
      103     0.00001112     0.99956340     0.00042548
      104     0.00000446     0.99942066     0.00057488
      105     0.00000082     0.99927471     0.00072447
      106     0.00000443     0.99915645     0.00083913
      107     0.00001174     0.99909964     0.00088862
      108     0.00001541     0.99912837     0.00085622
      109     0.00001188     0.99924342     0.00074470
      110     0.00000486     0.99941773     0.00057741
      111     0.00000150     0.99960438     0.00039412
      112     0.00000547     0.99975366     0.00024087
      113     0.00001367     0.99982916     0.00015717
      114     0.00001890     0.99981841     0.00016270
      115     0.00001662     0.99973292     0.00025046
      116     0.00000915     0.99960336     0.00038750
      117     0.00000354     0.99947390     0.00052256
      118     0.00000530     0.99939112     0.00060359
      119     0.00001359     0.99939037     0.00059603
      120     0.00002209     0.99948111     0.00049681
