#     Density Matrix: population Re; see the manual for detail orders
        0     0.00000000     0.00000000     1.00000000
        1     0.00000000     0.00000179     0.99999820
        2     0.00000002     0.00002560     0.99997439
        3     0.00000004     0.00010937     0.99989059
        4     0.00000008     0.00028059     0.99971933
        5     0.00000012     0.00054708     0.99945279
        6     0.00000018     0.00093590     0.99906391
        7     0.00000025     0.00161333     0.99838642
        8     0.00000033     0.00318195     0.99681772
        9     0.00000040     0.00754614     0.99245345
       10     0.00000049     0.02100683     0.97899268
       11     0.00000053     0.06626236     0.93373712
       12     0.00000050     0.20979613     0.79020337
       13     0.00000029     0.44963648     0.55036323
       14     0.00000022     0.51594801     0.48405177
       15     0.00000049     0.41185525     0.58814426
       16     0.00000057     0.30723752     0.69276191
       17     0.00000073     0.23891001     0.76108926
       18     0.00000077     0.20170110     0.79829813
       19     0.00000065     0.18735001     0.81264934
       20     0.00000070     0.18961607     0.81038323
       21     0.00000058     0.20456760     0.79543182
       22     0.00000050     0.23037486     0.76962465
       23     0.00000051     0.26706434     0.73293514
       24     0.00000039     0.31629494     0.68370467
       25     0.00000035     0.38109020     0.61890944
       26     0.00000066     0.38602738     0.61397196
       27     0.00000118     0.38707981     0.61291901
       28     0.00000054     0.38214398     0.61785548
       29     0.00000045     0.37192564     0.62807391
       30     0.00000092     0.35732800     0.64267109
       31     0.00000048     0.33937379     0.66062573
       32     0.00000019     0.31919598     0.68080383
       33     0.00000061     0.29804485     0.70195454
       34     0.00000048     0.27706548     0.72293404
       35     0.00000007     0.25716616     0.74283377
       36     0.00000027     0.23896825     0.76103148
       37     0.00000039     0.22302377     0.77697584
       38     0.00000008     0.21013521     0.78986471
       39     0.00000006     0.20053890     0.79946104
       40     0.00000023     0.19478785     0.80521191
       41     0.00000010     0.19359356     0.80640634
       42     0.00000001     0.19796106     0.80203893
       43     0.00000012     0.20903393     0.79096595
       44     0.00000010     0.22857810     0.77142180
       45     0.00000002     0.25963858     0.74036140
       46     0.00000008     0.30502363     0.69497628
       47     0.00000011     0.36772287     0.63227703
       48     0.00000005     0.44854053     0.55145942
       49     0.00000003     0.54357979     0.45642018
       50     0.00000005     0.64298074     0.35701921
       51     0.00000015     0.73599126     0.26400859
       52     0.00000015     0.81225993     0.18773991
       53     0.00000001     0.86173848     0.13826151
       54     0.00000018     0.88133808     0.11866174
       55     0.00000045     0.86648615     0.13351340
       56     0.00000021     0.81884142     0.18115838
       57     0.00000014     0.75792894     0.24207091
       58     0.00000057     0.71621800     0.28378143
       59     0.00000047     0.71761037     0.28238916
       60     0.00000009     0.76026568     0.23973422
       61     0.00000020     0.82059487     0.17940493
       62     0.00000033     0.87711800     0.12288167
       63     0.00000013     0.92182073     0.07817915
       64     0.00000000     0.95460894     0.04539105
       65     0.00000006     0.97726319     0.02273675
       66     0.00000000     1.00000000     0.00000000
       67     0.00000006     0.99780286     0.00219708
       68     0.00000011     0.99360260     0.00639729
       69     0.00000002     0.99032992     0.00967005
       70     0.00000002     0.98951122     0.01048876
       71     0.00000000     1.00000000     0.00000000
       72     0.00000004     0.99966708     0.00033288
       73     0.00000006     0.99903739     0.00096255
       74     0.00000001     0.99861995     0.00138003
       75     0.00000001     0.99866070     0.00133930
       76     0.00000004     0.99905473     0.00094522
       77     0.00000004     0.99948329     0.00051667
       78     0.00000000     0.99967028     0.00032971
       79     0.00000002     0.99956935     0.00043064
       80     0.00000007     0.99935050     0.00064944
       81     0.00000003     0.99922050     0.00077947
       82     0.00000000     0.99924808     0.00075192
       83     0.00000005     0.99934688     0.00065307
       84     0.00000007     0.99940566     0.00059427
       85     0.00000002     0.99940909     0.00059089
       86     0.00000003     0.99941912     0.00058085
       87     0.00000012     0.99945789     0.00054200
       88     0.00000007     0.99945554     0.00054439
       89     0.00000002     0.99934605     0.00065393
       90     0.00000012     0.99919572     0.00080416
       91     0.00000018     0.99917663     0.00082319
       92     0.00000007     0.99937032     0.00062961
       93     0.00000010     0.99961965     0.00038025
       94     0.00000026     0.99964145     0.00035829
       95     0.00000021     0.99932887     0.00067092
       96     0.00000011     0.99892187     0.00107802
       97     0.00000026     0.99881808     0.00118166
       98     0.00000039     0.99917138     0.00082823
       99     0.00000024     0.99968511     0.00031465
      100     0.00000022     0.99984831     0.00015148
      101     0.00000045     0.99942133     0.00057823
      102     0.00000047     0.99870161     0.00129793
      103     0.00000028     0.99829139     0.00170833
      104     0.00000037     0.99856344     0.00143620
      105     0.00000061     0.99931172     0.00068766
      106     0.00000052     0.99990767     0.00009181
      107     0.00000033     0.99982712     0.00017256
      108     0.00000048     0.99909069     0.00090883
      109     0.00000068     0.99824742     0.00175190
      110     0.00000054     0.99793036     0.00206910
      111     0.00000037     0.99836406     0.00163557
      112     0.00000055     0.99921402     0.00078543
      113     0.00000072     0.99986828     0.00013100
      114     0.00000054     0.99990030     0.00009917
      115     0.00000035     0.99935445     0.00064520
      116     0.00000051     0.99866777     0.00133172
      117     0.00000069     0.99832562     0.00167369
      118     0.00000054     0.99852571     0.00147375
      119     0.00000034     0.99908443     0.00091523
      120     0.00000044     0.99961475     0.00038481
