#     Density Matrix: population Re; see the manual for detail orders
        0     0.00000000     0.00000000     1.00000000
        1     0.00000000     0.00000009     0.99999990
        2     0.00000000     0.00000074     0.99999926
        3     0.00000000     0.00000149     0.99999851
        4     0.00000001     0.00000155     0.99999844
        5     0.00000001     0.00000088     0.99999911
        6     0.00000007     0.00000067     0.99999926
        7     0.00000010     0.00000339     0.99999651
        8     0.00000023     0.00001228     0.99998749
        9     0.00000031     0.00003065     0.99996905
       10     0.00000047     0.00006438     0.99993515
       11     0.00000056     0.00013394     0.99986550
       12     0.00000071     0.00030849     0.99969079
       13     0.00000075     0.00082301     0.99917625
       14     0.00000088     0.00263458     0.99736454
       15     0.00000080     0.01150662     0.98849257
       16     0.00000087     0.10338638     0.89661275
       17     0.00000104     0.10690016     0.89309880
       18     0.00000293     0.39584615     0.60415092
       19     0.00000007     0.25116012     0.74883981
       20     0.00000141     0.21974164     0.78025695
       21     0.00000040     0.21266236     0.78733725
       22     0.00000057     0.21137922     0.78862020
       23     0.00000131     0.21385875     0.78613994
       24     0.00000007     0.21858104     0.78141889
       25     0.00000100     0.22441682     0.77558218
       26     0.00000089     0.23062344     0.76937568
       27     0.00000006     0.23658350     0.76341644
       28     0.00000111     0.24181089     0.75818801
       29     0.00000062     0.24613976     0.75385962
       30     0.00000017     0.24948901     0.75051082
       31     0.00000131     0.25186872     0.74812997
       32     0.00000057     0.25336102     0.74663841
       33     0.00000027     0.25406431     0.74593542
       34     0.00000126     0.25412954     0.74586920
       35     0.00000060     0.25372034     0.74627906
       36     0.00000027     0.25300561     0.74699412
       37     0.00000112     0.25216467     0.74783421
       38     0.00000074     0.25137992     0.74861933
       39     0.00000024     0.25084113     0.74915863
       40     0.00000077     0.25076423     0.74923500
       41     0.00000080     0.25142510     0.74857410
       42     0.00000027     0.25322052     0.74677921
       43     0.00000057     0.25679340     0.74320603
       44     0.00000086     0.26341621     0.73658294
       45     0.00000040     0.27620027     0.72379933
       46     0.00000036     0.30594790     0.69405174
       47     0.00000089     0.43695871     0.56304040
       48     0.00000067     0.84892646     0.15107287
       49     0.00000026     0.93770614     0.06229359
       50     0.00000079     0.91117460     0.08882461
       51     0.00000106     0.90218691     0.09781203
       52     0.00000038     0.89854812     0.10145150
       53     0.00000037     0.89695961     0.10304002
       54     0.00000116     0.89624357     0.10375527
       55     0.00000093     0.89595955     0.10403952
       56     0.00000019     0.89593140     0.10406841
       57     0.00000066     0.89600845     0.10399089
       58     0.00000130     0.89614237     0.10385633
       59     0.00000065     0.89632600     0.10367335
       60     0.00000014     0.89650340     0.10349647
       61     0.00000106     0.89663312     0.10336583
       62     0.00000166     0.89671553     0.10328281
       63     0.00000061     0.89673287     0.10326652
       64     0.00000014     0.89664075     0.10335911
       65     0.00000133     0.89640264     0.10359604
       66     0.00000178     0.89598359     0.10401463
       67     0.00000056     0.89534852     0.10465093
       68     0.00000014     0.89446304     0.10553682
       69     0.00000128     0.89341089     0.10658784
       70     0.00000164     0.89223323     0.10776513
       71     0.00000055     0.89068698     0.10931247
       72     0.00000005     0.88875210     0.11124785
       73     0.00000101     0.88685777     0.11314122
       74     0.00000149     0.88487392     0.11512459
       75     0.00000061     0.88295620     0.11704319
       76     0.00000005     0.88120274     0.11879721
       77     0.00000112     0.87943365     0.12056523
       78     0.00000215     0.87803066     0.12196719
       79     0.00000149     0.87731352     0.12268499
       80     0.00000019     0.87702438     0.12297543
       81     0.00000057     0.87692317     0.12307626
       82     0.00000265     0.87714672     0.12285063
       83     0.00000329     0.87750845     0.12248826
       84     0.00000143     0.87774537     0.12225320
       85     0.00000080     0.87753328     0.12246593
       86     0.00000381     0.87642873     0.12356746
       87     0.00000709     0.87415346     0.12583944
       88     0.00000582     0.87048185     0.12951233
       89     0.00000233     0.86509244     0.13490522
       90     0.00000390     0.85826099     0.14173511
       91     0.00000905     0.85032895     0.14966200
       92     0.00000996     0.84188563     0.15810441
       93     0.00000517     0.83374034     0.16625449
       94     0.00000285     0.82684784     0.17314931
       95     0.00000607     0.82228966     0.17770427
       96     0.00000874     0.82085847     0.17913279
       97     0.00000627     0.82307281     0.17692092
       98     0.00000213     0.82906763     0.17093024
       99     0.00000106     0.83838030     0.16161864
      100     0.00000307     0.84990720     0.15008972
      101     0.00000576     0.86200017     0.13799406
      102     0.00000678     0.87267758     0.12731564
      103     0.00000490     0.87996979     0.12002531
      104     0.00000326     0.88235594     0.11764080
      105     0.00000702     0.87918419     0.12080879
      106     0.00001384     0.87097456     0.12901160
      107     0.00001487     0.85946403     0.14052109
      108     0.00000912     0.84734061     0.15265028
      109     0.00000538     0.83765618     0.16233844
      110     0.00000737     0.83300525     0.16698737
      111     0.00000934     0.83478492     0.16520573
      112     0.00000735     0.84253465     0.15745799
      113     0.00000433     0.85388528     0.14611038
      114     0.00000253     0.86504942     0.13494805
      115     0.00000378     0.87212209     0.12787413
      116     0.00001010     0.87250540     0.12748451
      117     0.00001663     0.86607891     0.13390445
      118     0.00001518     0.85552115     0.14446367
      119     0.00000848     0.84542953     0.15456199
      120     0.00000585     0.84041423     0.15957991
