#     Density Matrix: population Re; see the manual for detail orders
        0     0.00000000     0.00000000     1.00000000
        1     0.00000003     0.00000177     0.99999820
        2     0.00000004     0.00001019     0.99998977
        3     0.00000015     0.00001310     0.99998675
        4     0.00000016     0.00001426     0.99998558
        5     0.00000037     0.00002915     0.99997049
        6     0.00000038     0.00005950     0.99994012
        7     0.00000066     0.00008992     0.99990942
        8     0.00000066     0.00012333     0.99987601
        9     0.00000095     0.00023689     0.99976216
       10     0.00000087     0.00065444     0.99934468
       11     0.00000113     0.00194218     0.99805669
       12     0.00000095     0.00587093     0.99412812
       13     0.00000111     0.02017149     0.97982740
       14     0.00000086     0.09299961     0.90699953
       15     0.00000128     0.56585490     0.43414382
       16     0.00000005     0.68905727     0.31094268
       17     0.00000170     0.48978764     0.51021066
       18     0.00000032     0.41470249     0.58529719
       19     0.00000097     0.36919559     0.63080343
       20     0.00000152     0.34642014     0.65357834
       21     0.00000006     0.33993328     0.66006666
       22     0.00000150     0.34478544     0.65521306
       23     0.00000100     0.35762110     0.64237790
       24     0.00000017     0.37627526     0.62372457
       25     0.00000164     0.39930813     0.60069023
       26     0.00000058     0.42606564     0.57393378
       27     0.00000032     0.45631885     0.54368082
       28     0.00000133     0.48991139     0.51008728
       29     0.00000047     0.52652080     0.47347873
       30     0.00000029     0.56550445     0.43449527
       31     0.00000121     0.60547843     0.39452036
       32     0.00000059     0.64425733     0.35574208
       33     0.00000018     0.67834578     0.32165403
       34     0.00000098     0.70223862     0.29776041
       35     0.00000080     0.70388948     0.29610973
       36     0.00000013     0.67369558     0.32630429
       37     0.00000073     0.58146575     0.41853353
       38     0.00000108     0.37278382     0.62721510
       39     0.00000026     0.16675038     0.83324936
       40     0.00000035     0.12052109     0.87947857
       41     0.00000146     0.13723274     0.86276580
       42     0.00000100     0.15894085     0.84105816
       43     0.00000007     0.18269736     0.81730257
       44     0.00000094     0.24588745     0.75411161
       45     0.00000180     0.34293220     0.65706600
       46     0.00000057     0.45185318     0.54814626
       47     0.00000022     0.54962724     0.45037254
       48     0.00000209     0.62533158     0.37466633
       49     0.00000208     0.68025665     0.31974127
       50     0.00000017     0.71936831     0.28063152
       51     0.00000105     0.74727691     0.25272204
       52     0.00000314     0.76722682     0.23277003
       53     0.00000179     0.78141927     0.21857894
       54     0.00000009     0.79148082     0.20851909
       55     0.00000213     0.79874141     0.20125646
       56     0.00000351     0.80492901     0.19506748
       57     0.00000117     0.81311009     0.18688874
       58     0.00000036     0.82184810     0.17815155
       59     0.00000288     0.83060271     0.16939441
       60     0.00000314     0.84015889     0.15983797
       61     0.00000059     0.85125201     0.14874741
       62     0.00000061     0.86435502     0.13564437
       63     0.00000282     0.87956106     0.12043612
       64     0.00000243     0.89652758     0.10347000
       65     0.00000028     0.91449854     0.08550118
       66     0.00000057     0.93245916     0.06754027
       67     0.00000234     0.94930508     0.05069259
       68     0.00000196     0.96395699     0.03604105
       69     0.00000024     0.97550498     0.02449478
       70     0.00000045     0.98332027     0.01667927
       71     0.00000202     0.98723279     0.01276519
       72     0.00000172     0.98781326     0.01218502
       73     0.00000019     0.98639563     0.01360418
       74     0.00000051     0.98475587     0.01524361
       75     0.00000190     0.98439743     0.01560067
       76     0.00000139     0.98596404     0.01403457
       77     0.00000015     0.98915414     0.01084571
       78     0.00000000     1.00000000     0.00000000
       79     0.00000060     0.99821189     0.00178751
       80     0.00000111     0.99429072     0.00570816
       81     0.00000043     0.99075168     0.00924789
       82     0.00000002     0.98955567     0.01044431
       83     0.00000000     1.00000000     0.00000000
       84     0.00000036     0.99936450     0.00063513
       85     0.00000067     0.99807489     0.00192443
       86     0.00000027     0.99715597     0.00284377
       87     0.00000001     0.99723090     0.00276909
       88     0.00000035     0.99814983     0.00184982
       89     0.00000058     0.99917779     0.00082164
       90     0.00000024     0.99959510     0.00040466
       91     0.00000001     0.99924641     0.00075358
       92     0.00000048     0.99859651     0.00140302
       93     0.00000071     0.99826500     0.00173429
       94     0.00000023     0.99847713     0.00152264
       95     0.00000005     0.99893389     0.00106606
       96     0.00000068     0.99918415     0.00081517
       97     0.00000104     0.99907832     0.00092064
       98     0.00000041     0.99883828     0.00116130
       99     0.00000020     0.99873597     0.00126383
      100     0.00000114     0.99880182     0.00119704
      101     0.00000167     0.99888320     0.00111513
      102     0.00000090     0.99889923     0.00109987
      103     0.00000057     0.99891606     0.00108337
      104     0.00000192     0.99897268     0.00102540
      105     0.00000291     0.99897021     0.00102689
      106     0.00000203     0.99883224     0.00116573
      107     0.00000131     0.99869336     0.00130533
      108     0.00000285     0.99876787     0.00122927
      109     0.00000485     0.99901975     0.00097541
      110     0.00000440     0.99913068     0.00086491
      111     0.00000283     0.99890611     0.00109106
      112     0.00000362     0.99859410     0.00140228
      113     0.00000668     0.99860829     0.00138503
      114     0.00000815     0.99896480     0.00102705
      115     0.00000662     0.99920788     0.00078550
      116     0.00000541     0.99899834     0.00099625
      117     0.00000765     0.99859145     0.00140089
      118     0.00001168     0.99852071     0.00146761
      119     0.00001322     0.99888401     0.00110278
      120     0.00001133     0.99920156     0.00078711
