#     Density Matrix: population Re; see the manual for detail orders
        0     0.00000000     0.00000000     1.00000000
        1     0.00000000     0.00000008     0.99999992
        2     0.00000002     0.00000160     0.99999838
        3     0.00000006     0.00000776     0.99999218
        4     0.00000016     0.00001775     0.99998209
        5     0.00000024     0.00002578     0.99997399
        6     0.00000041     0.00002934     0.99997025
        7     0.00000050     0.00003639     0.99996312
        8     0.00000068     0.00006538     0.99993394
        9     0.00000075     0.00014356     0.99985569
       10     0.00000090     0.00031761     0.99968148
       11     0.00000091     0.00071126     0.99928783
       12     0.00000100     0.00176992     0.99822908
       13     0.00000092     0.00555705     0.99444203
       14     0.00000095     0.02686875     0.97313029
       15     0.00000070     0.27774568     0.72225362
       16     0.00000017     0.77712543     0.22287439
       17     0.00000139     0.36228600     0.63771261
       18     0.00000268     0.25593753     0.74405980
       19     0.00000015     0.22156029     0.77843956
       20     0.00000225     0.20913245     0.79086530
       21     0.00000125     0.20534525     0.79465349
       22     0.00000022     0.20471587     0.79528391
       23     0.00000179     0.20464698     0.79535123
       24     0.00000051     0.20392899     0.79607050
       25     0.00000034     0.20210863     0.79789103
       26     0.00000129     0.19915943     0.80083928
       27     0.00000028     0.19529164     0.80470808
       28     0.00000041     0.19083685     0.80916274
       29     0.00000099     0.18617452     0.81382449
       30     0.00000023     0.18168957     0.81831020
       31     0.00000044     0.17775348     0.82224608
       32     0.00000082     0.17472154     0.82527764
       33     0.00000024     0.17293905     0.82706071
       34     0.00000043     0.17275116     0.82724841
       35     0.00000068     0.17450628     0.82549304
       36     0.00000031     0.17854648     0.82145321
       37     0.00000041     0.18516714     0.81483245
       38     0.00000054     0.19453663     0.80546283
       39     0.00000044     0.20657069     0.79342887
       40     0.00000039     0.22074862     0.77925099
       41     0.00000036     0.23588129     0.76411835
       42     0.00000067     0.24985585     0.75014348
       43     0.00000042     0.25941822     0.74058136
       44     0.00000024     0.26011696     0.73988280
       45     0.00000101     0.24667297     0.75332602
       46     0.00000038     0.21419114     0.78580848
       47     0.00000036     0.16099291     0.83900672
       48     0.00000136     0.09418487     0.90581378
       49     0.00000016     0.03821830     0.96178154
       50     0.00000084     0.04060636     0.95939280
       51     0.00000127     0.15146282     0.84853591
       52     0.00000003     0.35475107     0.64524891
       53     0.00000106     0.53190869     0.46809025
       54     0.00000020     0.57461333     0.42538647
       55     0.00000092     0.49445615     0.50554294
       56     0.00000087     0.37392042     0.62607871
       57     0.00000022     0.28214911     0.71785066
       58     0.00000154     0.24664188     0.75335658
       59     0.00000006     0.26009900     0.73990093
       60     0.00000111     0.29691139     0.70308750
       61     0.00000040     0.32988194     0.67011765
       62     0.00000070     0.34267587     0.65732343
       63     0.00000083     0.33464601     0.66535316
       64     0.00000028     0.31708825     0.68291147
       65     0.00000115     0.30386410     0.69613475
       66     0.00000009     0.30227743     0.69772248
       67     0.00000090     0.30983585     0.69016325
       68     0.00000016     0.31830185     0.68169799
       69     0.00000094     0.32113076     0.67886830
       70     0.00000011     0.31808166     0.68191823
       71     0.00000090     0.31368303     0.68631607
       72     0.00000038     0.31195257     0.68804705
       73     0.00000044     0.31295243     0.68704713
       74     0.00000036     0.31420821     0.68579144
       75     0.00000075     0.31444922     0.68555002
       76     0.00000021     0.31479984     0.68519995
       77     0.00000059     0.31622112     0.68377829
       78     0.00000072     0.31715474     0.68284454
       79     0.00000025     0.31523732     0.68476243
       80     0.00000039     0.31128667     0.68871294
       81     0.00000091     0.30978961     0.69020948
       82     0.00000030     0.31385890     0.68614081
       83     0.00000034     0.32026961     0.67973005
       84     0.00000107     0.32165788     0.67834105
       85     0.00000041     0.31489148     0.68510810
       86     0.00000022     0.30612573     0.69387405
       87     0.00000117     0.30534660     0.69465223
       88     0.00000066     0.31514393     0.68485540
       89     0.00000006     0.32633197     0.67366797
       90     0.00000123     0.32662365     0.67337513
       91     0.00000107     0.31400230     0.68599663
       92     0.00000001     0.30018412     0.69981587
       93     0.00000102     0.29949281     0.70050618
       94     0.00000161     0.31408179     0.68591661
       95     0.00000017     0.33087842     0.66912141
       96     0.00000068     0.33380636     0.66619296
       97     0.00000179     0.31932830     0.68066991
       98     0.00000073     0.30003419     0.69996508
       99     0.00000010     0.29301157     0.70698833
      100     0.00000199     0.30435234     0.69564567
      101     0.00000189     0.32416443     0.67583368
      102     0.00000006     0.33589244     0.66410749
      103     0.00000111     0.33065038     0.66934851
      104     0.00000181     0.31384875     0.68614945
      105     0.00000096     0.29938174     0.70061730
      106     0.00000016     0.29769327     0.70230657
      107     0.00000261     0.30820172     0.69179567
      108     0.00000273     0.32143240     0.67856487
      109     0.00000020     0.32759613     0.67240367
      110     0.00000079     0.32387895     0.67612026
      111     0.00000152     0.31508918     0.68490930
      112     0.00000186     0.30844802     0.69155012
      113     0.00000052     0.30776012     0.69223936
      114     0.00000183     0.31153267     0.68846550
      115     0.00000410     0.31561250     0.68438340
      116     0.00000127     0.31718314     0.68281559
      117     0.00000005     0.31652109     0.68347885
      118     0.00000049     0.31557892     0.68442059
      119     0.00000223     0.31544483     0.68455293
      120     0.00000326     0.31537723     0.68461951
