#     Density Matrix: population Re; see the manual for detail orders
        0     0.00000000     0.00000000     1.00000000
        1     0.00000001     0.00000011     0.99999988
        2     0.00000002     0.00000049     0.99999948
        3     0.00000005     0.00000044     0.99999950
        4     0.00000007     0.00000205     0.99999788
        5     0.00000011     0.00000934     0.99999055
        6     0.00000013     0.00002553     0.99997434
        7     0.00000016     0.00005779     0.99994205
        8     0.00000019     0.00013305     0.99986676
        9     0.00000022     0.00034208     0.99965770
       10     0.00000025     0.00101791     0.99898183
       11     0.00000028     0.00375281     0.99624691
       12     0.00000029     0.02089621     0.97910349
       13     0.00000014     0.62086491     0.37913496
       14     0.00000000     0.54213825     0.45786175
       15     0.00000082     0.05695989     0.94303928
       16     0.00000025     0.02154114     0.97845861
       17     0.00000035     0.00900649     0.99099316
       18     0.00000041     0.00436192     0.99563766
       19     0.00000024     0.00283823     0.99716153
       20     0.00000030     0.00251254     0.99748715
       21     0.00000032     0.00254998     0.99744970
       22     0.00000032     0.00260128     0.99739839
       23     0.00000033     0.00254531     0.99745436
       24     0.00000032     0.00236615     0.99763353
       25     0.00000032     0.00209076     0.99790892
       26     0.00000032     0.00175835     0.99824133
       27     0.00000030     0.00140842     0.99859128
       28     0.00000029     0.00107874     0.99892097
       29     0.00000028     0.00081137     0.99918836
       30     0.00000026     0.00066823     0.99933151
       31     0.00000025     0.00076658     0.99923317
       32     0.00000023     0.00136774     0.99863203
       33     0.00000021     0.00313076     0.99686902
       34     0.00000020     0.00797752     0.99202228
       35     0.00000019     0.02282290     0.97717691
       36     0.00000017     0.08041805     0.91958177
       37     0.00000017     0.30657038     0.69342946
       38     0.00000016     0.67021284     0.32978700
       39     0.00000014     0.87135798     0.12864187
       40     0.00000014     0.93703485     0.06296502
       41     0.00000012     0.96031817     0.03968171
       42     0.00000012     0.97005245     0.02994744
       43     0.00000012     0.97460434     0.02539555
       44     0.00000011     0.97682604     0.02317385
       45     0.00000012     0.97788276     0.02211713
       46     0.00000013     0.97832782     0.02167206
       47     0.00000012     0.97845800     0.02154188
       48     0.00000012     0.97844701     0.02155287
       49     0.00000013     0.97840129     0.02159857
       50     0.00000014     0.97838788     0.02161198
       51     0.00000014     0.97844636     0.02155350
       52     0.00000014     0.97859623     0.02140362
       53     0.00000016     0.97884255     0.02115729
       54     0.00000017     0.97917457     0.02082527
       55     0.00000017     0.97957206     0.02042777
       56     0.00000018     0.98000268     0.01999714
       57     0.00000020     0.98042743     0.01957237
       58     0.00000020     0.98080292     0.01919687
       59     0.00000021     0.98108585     0.01891394
       60     0.00000023     0.98123517     0.01876460
       61     0.00000024     0.98121951     0.01878025
       62     0.00000025     0.98102110     0.01897865
       63     0.00000027     0.98063846     0.01936127
       64     0.00000028     0.98009210     0.01990761
       65     0.00000031     0.97942294     0.02057675
       66     0.00000033     0.97868901     0.02131066
       67     0.00000036     0.97796010     0.02203954
       68     0.00000040     0.97731164     0.02268796
       69     0.00000045     0.97681169     0.02318785
       70     0.00000052     0.97651360     0.02348588
       71     0.00000059     0.97644598     0.02355343
       72     0.00000068     0.97660557     0.02339375
       73     0.00000079     0.97695904     0.02304016
       74     0.00000092     0.97744485     0.02255423
       75     0.00000106     0.97798346     0.02201548
       76     0.00000121     0.97848856     0.02151023
       77     0.00000138     0.97887946     0.02111916
       78     0.00000156     0.97909555     0.02090289
       79     0.00000174     0.97910637     0.02089189
       80     0.00000193     0.97891691     0.02108116
       81     0.00000212     0.97856761     0.02143027
       82     0.00000229     0.97813688     0.02186082
       83     0.00000246     0.97772922     0.02226832
       84     0.00000260     0.97746787     0.02252953
       85     0.00000273     0.97748130     0.02251597
       86     0.00000285     0.97788393     0.02211322
       87     0.00000295     0.97876169     0.02123535
       88     0.00000306     0.98015668     0.01984026
       89     0.00000317     0.98204830     0.01794853
       90     0.00000332     0.98434897     0.01564770
       91     0.00000352     0.98690518     0.01309130
       92     0.00000378     0.98950941     0.01048681
       93     0.00000412     0.99191996     0.00807592
       94     0.00000454     0.99389988     0.00609558
       95     0.00000503     0.99525187     0.00474311
       96     0.00000556     0.99585910     0.00413534
       97     0.00000611     0.99571156     0.00428233
       98     0.00000663     0.99492081     0.00507256
       99     0.00000705     0.99371098     0.00628196
      100     0.00000735     0.99238564     0.00760701
      101     0.00000750     0.99127731     0.00871519
      102     0.00000751     0.99068319     0.00930930
      103     0.00000741     0.99080114     0.00919146
      104     0.00000725     0.99167970     0.00831305
      105     0.00000711     0.99319557     0.00679732
      106     0.00000707     0.99507175     0.00492118
      107     0.00000718     0.99693600     0.00305683
      108     0.00000745     0.99841381     0.00157875
      109     0.00000785     0.99923172     0.00076043
      110     0.00000831     0.99930196     0.00068974
      111     0.00000874     0.99875581     0.00123545
      112     0.00000907     0.99790718     0.00208374
      113     0.00000927     0.99714987     0.00284086
      114     0.00000936     0.99681836     0.00317228
      115     0.00000943     0.99706464     0.00292594
      116     0.00000958     0.99780263     0.00218779
      117     0.00000992     0.99875029     0.00123979
      118     0.00001052     0.99955528     0.00043421
      119     0.00001133     0.99995355     0.00003512
      120     0.00001228     0.99988431     0.00010341
