#     Density Matrix: population Re; see the manual for detail orders
        0     0.00000000     0.00000000     1.00000000
        1     0.00000001     0.00000971     0.99999028
        2     0.00000001     0.00007017     0.99992982
        3     0.00000001     0.00012650     0.99987349
        4     0.00000008     0.00012335     0.99987658
        5     0.00000007     0.00006606     0.99993388
        6     0.00000020     0.00000977     0.99999004
        7     0.00000015     0.00000874     0.99999111
        8     0.00000035     0.00007569     0.99992396
        9     0.00000029     0.00017758     0.99982212
       10     0.00000055     0.00025918     0.99974027
       11     0.00000039     0.00028872     0.99971089
       12     0.00000079     0.00033869     0.99966052
       13     0.00000074     0.00078166     0.99921760
       14     0.00000082     0.00307096     0.99692822
       15     0.00000066     0.01492293     0.98507641
       16     0.00000053     0.11350249     0.88649698
       17     0.00000057     0.66223993     0.33775950
       18     0.00000073     0.59221951     0.40777976
       19     0.00000139     0.31328700     0.68671161
       20     0.00000005     0.25735986     0.74264009
       21     0.00000181     0.23031084     0.76968735
       22     0.00000060     0.21915133     0.78084807
       23     0.00000043     0.21711015     0.78288942
       24     0.00000133     0.22031753     0.77968114
       25     0.00000011     0.22656980     0.77343010
       26     0.00000067     0.23467614     0.76532318
       27     0.00000096     0.24407184     0.75592720
       28     0.00000004     0.25461326     0.74538671
       29     0.00000077     0.26638311     0.73361611
       30     0.00000082     0.27960966     0.72038952
       31     0.00000004     0.29443751     0.70556245
       32     0.00000076     0.31097533     0.68902391
       33     0.00000088     0.32905116     0.67094796
       34     0.00000005     0.34807362     0.65192633
       35     0.00000060     0.36682513     0.63317427
       36     0.00000107     0.38321120     0.61678774
       37     0.00000022     0.39388984     0.60610994
       38     0.00000026     0.39146296     0.60853678
       39     0.00000112     0.37429169     0.62570719
       40     0.00000067     0.34346266     0.65653668
       41     0.00000002     0.30170812     0.69829186
       42     0.00000094     0.25722863     0.74277043
       43     0.00000128     0.26504535     0.73495337
       44     0.00000022     0.37777827     0.62222152
       45     0.00000029     0.44000954     0.55999017
       46     0.00000139     0.41920112     0.58079749
       47     0.00000107     0.38072611     0.61927282
       48     0.00000010     0.35560282     0.64439709
       49     0.00000035     0.35833083     0.64166882
       50     0.00000075     0.39002408     0.60997516
       51     0.00000039     0.57425906     0.42574055
       52     0.00000012     0.72283848     0.27716139
       53     0.00000075     0.80217633     0.19782292
       54     0.00000111     0.84208248     0.15791641
       55     0.00000037     0.86348317     0.13651646
       56     0.00000012     0.87561345     0.12438643
       57     0.00000100     0.88238039     0.11761861
       58     0.00000122     0.88553977     0.11445901
       59     0.00000027     0.88591739     0.11408235
       60     0.00000020     0.88396712     0.11603269
       61     0.00000112     0.88010015     0.11989872
       62     0.00000103     0.87509969     0.12489928
       63     0.00000010     0.86999104     0.13000886
       64     0.00000046     0.86482726     0.13517228
       65     0.00000145     0.86103913     0.13895942
       66     0.00000092     0.85988255     0.14011654
       67     0.00000011     0.86281777     0.13718213
       68     0.00000065     0.87045916     0.12954019
       69     0.00000127     0.87986419     0.12013455
       70     0.00000066     0.87947161     0.12052774
       71     0.00000002     0.85304886     0.14695112
       72     0.00000072     0.81461151     0.18538777
       73     0.00000152     0.80802582     0.19197266
       74     0.00000078     0.83981036     0.16018885
       75     0.00000014     0.88497220     0.11502766
       76     0.00000046     0.92577947     0.07422007
       77     0.00000059     0.95680190     0.04319751
       78     0.00000045     0.97770037     0.02229918
       79     0.00000040     0.98935204     0.01064756
       80     0.00000000     1.00000000     0.00000000
       81     0.00000002     0.99928259     0.00071739
       82     0.00000003     0.99795923     0.00204074
       83     0.00000001     0.99703357     0.00296642
       84     0.00000001     0.99696571     0.00303428
       85     0.00000001     0.99761279     0.00238720
       86     0.00000001     0.99845217     0.00154782
       87     0.00000001     0.99896658     0.00103341
       88     0.00000001     0.99895930     0.00104069
       89     0.00000002     0.99861146     0.00138853
       90     0.00000001     0.99827429     0.00172570
       91     0.00000000     0.99818459     0.00181540
       92     0.00000001     0.99831784     0.00168215
       93     0.00000001     0.99848554     0.00151445
       94     0.00000001     0.99854992     0.00145007
       95     0.00000000     0.99853375     0.00146625
       96     0.00000002     0.99853194     0.00146804
       97     0.00000003     0.99855554     0.00144443
       98     0.00000001     0.99852369     0.00147630
       99     0.00000001     0.99839362     0.00160637
      100     0.00000005     0.99827380     0.00172615
      101     0.00000005     0.99833370     0.00166625
      102     0.00000002     0.99858216     0.00141781
      103     0.00000007     0.99878719     0.00121274
      104     0.00000010     0.99868616     0.00131374
      105     0.00000005     0.99829730     0.00170265
      106     0.00000006     0.99797454     0.00202540
      107     0.00000014     0.99809258     0.00190728
      108     0.00000015     0.99860191     0.00139793
      109     0.00000010     0.99902035     0.00097955
      110     0.00000014     0.99887211     0.00112775
      111     0.00000020     0.99819510     0.00180470
      112     0.00000019     0.99758823     0.00241157
      113     0.00000017     0.99765696     0.00234287
      114     0.00000023     0.99840912     0.00159065
      115     0.00000029     0.99918622     0.00081349
      116     0.00000025     0.99923427     0.00076549
      117     0.00000024     0.99841193     0.00158784
      118     0.00000029     0.99736585     0.00263385
      119     0.00000032     0.99698219     0.00301749
      120     0.00000028     0.99761346     0.00238626
