#     Density Matrix: population Re; see the manual for detail orders
        0     0.00000000     0.00000000     1.00000000
        1     0.00000006     0.00000132     0.99999862
        2     0.00000003     0.00000760     0.99999237
        3     0.00000005     0.00001044     0.99998952
        4     0.00000000     0.00000768     0.99999232
        5     0.00000015     0.00000141     0.99999843
        6     0.00000003     0.00000322     0.99999675
        7     0.00000037     0.00003350     0.99996613
        8     0.00000016     0.00010077     0.99989907
        9     0.00000063     0.00019059     0.99980877
       10     0.00000037     0.00029850     0.99970113
       11     0.00000092     0.00051079     0.99948829
       12     0.00000054     0.00114679     0.99885267
       13     0.00000116     0.00311365     0.99688518
       14     0.00000060     0.00924458     0.99075482
       15     0.00000122     0.03055594     0.96944284
       16     0.00000052     0.11699874     0.88300074
       17     0.00000065     0.38620943     0.61378992
       18     0.00000016     0.59368151     0.40631833
       19     0.00000102     0.43704540     0.56295358
       20     0.00000104     0.31813100     0.68186796
       21     0.00000039     0.26567986     0.73431975
       22     0.00000005     0.24456267     0.75543729
       23     0.00000051     0.22930576     0.77069372
       24     0.00000015     0.21994151     0.78005834
       25     0.00000013     0.21570447     0.78429540
       26     0.00000041     0.21542977     0.78456982
       27     0.00000003     0.21785477     0.78214519
       28     0.00000022     0.22182997     0.77816981
       29     0.00000034     0.22642904     0.77357062
       30     0.00000000     0.23098701     0.76901299
       31     0.00000027     0.23508863     0.76491109
       32     0.00000033     0.23852724     0.76147244
       33     0.00000000     0.24125241     0.75874759
       34     0.00000026     0.24331111     0.75668863
       35     0.00000039     0.24480343     0.75519617
       36     0.00000002     0.24584725     0.75415273
       37     0.00000025     0.24661048     0.75338928
       38     0.00000045     0.24712611     0.75287344
       39     0.00000007     0.24744153     0.75255840
       40     0.00000015     0.24767282     0.75232702
       41     0.00000051     0.24785475     0.75214474
       42     0.00000019     0.24801745     0.75198235
       43     0.00000004     0.24818193     0.75181803
       44     0.00000047     0.24836769     0.75163184
       45     0.00000038     0.24859547     0.75140415
       46     0.00000001     0.24892690     0.75107309
       47     0.00000034     0.24970254     0.75029712
       48     0.00000061     0.26985323     0.73014615
       49     0.00000041     0.51554106     0.48445853
       50     0.00000007     0.70995949     0.29004044
       51     0.00000080     0.71140978     0.28858942
       52     0.00000103     0.71076591     0.28923306
       53     0.00000019     0.70961704     0.29038277
       54     0.00000029     0.70834530     0.29165442
       55     0.00000126     0.70713952     0.29285922
       56     0.00000091     0.70612670     0.29387239
       57     0.00000001     0.70540736     0.29459264
       58     0.00000080     0.70506862     0.29493058
       59     0.00000168     0.70518039     0.29481793
       60     0.00000066     0.70578265     0.29421669
       61     0.00000013     0.70687851     0.29312136
       62     0.00000172     0.70842944     0.29156884
       63     0.00000222     0.71035149     0.28964630
       64     0.00000055     0.71250645     0.28749300
       65     0.00000087     0.71467101     0.28532812
       66     0.00000340     0.71660490     0.28339171
       67     0.00000304     0.71804913     0.28194783
       68     0.00000079     0.71867051     0.28132870
       69     0.00000238     0.71813952     0.28185810
       70     0.00000535     0.71617922     0.28381543
       71     0.00000372     0.71251632     0.28747996
       72     0.00000146     0.70703782     0.29296072
       73     0.00000429     0.69989868     0.30009703
       74     0.00000682     0.69133833     0.30865485
       75     0.00000385     0.68198650     0.31800965
       76     0.00000172     0.67276812     0.32723016
       77     0.00000459     0.66486071     0.33513470
       78     0.00000582     0.65972063     0.34027354
       79     0.00000250     0.65879253     0.34120497
       80     0.00000065     0.66330397     0.33669538
       81     0.00000215     0.67395244     0.32604541
       82     0.00000276     0.69074281     0.30925442
       83     0.00000159     0.71253063     0.28746778
       84     0.00000040     0.73685779     0.26314182
       85     0.00000031     0.76026997     0.23972971
       86     0.00000278     0.77881013     0.22118709
       87     0.00000568     0.78863674     0.21135758
       88     0.00000430     0.78709024     0.21290546
       89     0.00000220     0.77371419     0.22628362
       90     0.00000572     0.75081543     0.24917885
       91     0.00000901     0.72348785     0.27650314
       92     0.00000539     0.69866816     0.30132645
       93     0.00000149     0.68333158     0.31666692
       94     0.00000247     0.68221991     0.31777762
       95     0.00000340     0.69581814     0.30417846
       96     0.00000258     0.71951597     0.28048144
       97     0.00000162     0.74464752     0.25535086
       98     0.00000086     0.76144919     0.23854995
       99     0.00000310     0.76325512     0.23674179
      100     0.00000718     0.74980441     0.25018840
      101     0.00000642     0.72798382     0.27200976
      102     0.00000236     0.70899537     0.29100227
      103     0.00000141     0.70275284     0.29724575
      104     0.00000250     0.71214849     0.28784901
      105     0.00000345     0.73081208     0.26918446
      106     0.00000414     0.74657362     0.25342223
      107     0.00000272     0.74930838     0.25068890
      108     0.00000177     0.73808852     0.26190971
      109     0.00000482     0.72214850     0.27784668
      110     0.00000647     0.71405353     0.28594000
      111     0.00000430     0.71962187     0.28037383
      112     0.00000202     0.73296307     0.26703491
      113     0.00000133     0.74166541     0.25833326
      114     0.00000427     0.73829699     0.26169874
      115     0.00000874     0.72738629     0.27260497
      116     0.00000828     0.72059130     0.27940041
      117     0.00000461     0.72440549     0.27558990
      118     0.00000271     0.73345391     0.26654338
      119     0.00000473     0.73707252     0.26292275
      120     0.00001113     0.73193502     0.26805384
