#     Density Matrix: population Re; see the manual for detail orders
        0     0.00000000     0.00000000     1.00000000
        1     0.00000003     0.00000141     0.99999857
        2     0.00000003     0.00000983     0.99999014
        3     0.00000008     0.00001728     0.99998264
        4     0.00000008     0.00001740     0.99998252
        5     0.00000014     0.00001492     0.99998494
        6     0.00000015     0.00002884     0.99997101
        7     0.00000019     0.00008842     0.99991139
        8     0.00000021     0.00023519     0.99976460
        9     0.00000024     0.00056774     0.99943202
       10     0.00000027     0.00140791     0.99859182
       11     0.00000029     0.00392604     0.99607366
       12     0.00000032     0.01312752     0.98687216
       13     0.00000032     0.05515067     0.94484901
       14     0.00000028     0.23192557     0.76807416
       15     0.00000013     0.45465195     0.54534792
       16     0.00000014     0.39707845     0.60292142
       17     0.00000030     0.25485872     0.74514098
       18     0.00000037     0.15783178     0.84216785
       19     0.00000043     0.10012064     0.89987894
       20     0.00000046     0.06696456     0.93303497
       21     0.00000059     0.04829771     0.95170170
       22     0.00000065     0.03805395     0.96194540
       23     0.00000041     0.03257834     0.96742125
       24     0.00000054     0.02963871     0.97036075
       25     0.00000049     0.02794623     0.97205328
       26     0.00000042     0.02674123     0.97325835
       27     0.00000046     0.02564360     0.97435594
       28     0.00000043     0.02457852     0.97542105
       29     0.00000039     0.02391029     0.97608932
       30     0.00000041     0.02499881     0.97500078
       31     0.00000041     0.03216767     0.96783193
       32     0.00000037     0.05935542     0.94064421
       33     0.00000036     0.14609317     0.85390647
       34     0.00000035     0.33627513     0.66372452
       35     0.00000029     0.56493989     0.43505982
       36     0.00000031     0.72835257     0.27164712
       37     0.00000040     0.82081949     0.17918011
       38     0.00000035     0.86712494     0.13287471
       39     0.00000026     0.89093399     0.10906575
       40     0.00000028     0.90384658     0.09615314
       41     0.00000029     0.91113288     0.08886683
       42     0.00000026     0.91533577     0.08466397
       43     0.00000023     0.91779738     0.08220239
       44     0.00000024     0.91927496     0.08072480
       45     0.00000024     0.92024714     0.07975262
       46     0.00000022     0.92102265     0.07897714
       47     0.00000021     0.92181289     0.07818690
       48     0.00000021     0.92276451     0.07723527
       49     0.00000021     0.92397967     0.07602013
       50     0.00000019     0.92551904     0.07448076
       51     0.00000019     0.92740896     0.07259085
       52     0.00000021     0.92965303     0.07034676
       53     0.00000020     0.93222245     0.06777735
       54     0.00000018     0.93506929     0.06493053
       55     0.00000019     0.93812027     0.06187954
       56     0.00000019     0.94130181     0.05869800
       57     0.00000017     0.94451451     0.05548532
       58     0.00000018     0.94765697     0.05234285
       59     0.00000021     0.95064020     0.04935959
       60     0.00000024     0.95339151     0.04660824
       61     0.00000027     0.95585683     0.04414290
       62     0.00000032     0.95800491     0.04199477
       63     0.00000043     0.95982876     0.04017081
       64     0.00000055     0.96135991     0.03863954
       65     0.00000064     0.96264740     0.03735196
       66     0.00000076     0.96374869     0.03625055
       67     0.00000094     0.96471649     0.03528258
       68     0.00000115     0.96559074     0.03440811
       69     0.00000133     0.96640159     0.03359707
       70     0.00000151     0.96714668     0.03285182
       71     0.00000169     0.96781367     0.03218464
       72     0.00000186     0.96841072     0.03158742
       73     0.00000199     0.96893998     0.03105803
       74     0.00000206     0.96942547     0.03057247
       75     0.00000210     0.96992935     0.03006855
       76     0.00000212     0.97055665     0.02944123
       77     0.00000211     0.97143920     0.02855869
       78     0.00000206     0.97270676     0.02729118
       79     0.00000202     0.97446427     0.02553372
       80     0.00000201     0.97672874     0.02326926
       81     0.00000207     0.97943913     0.02055881
       82     0.00000221     0.98244142     0.01755638
       83     0.00000243     0.98546433     0.01453323
       84     0.00000274     0.98816364     0.01183361
       85     0.00000314     0.99022512     0.00977173
       86     0.00000364     0.99138815     0.00860822
       87     0.00000418     0.99152488     0.00847094
       88     0.00000470     0.99069196     0.00930335
       89     0.00000515     0.98913475     0.01086011
       90     0.00000551     0.98725399     0.01274050
       91     0.00000579     0.98554664     0.01444758
       92     0.00000596     0.98449460     0.01549945
       93     0.00000604     0.98447022     0.01552374
       94     0.00000599     0.98562786     0.01436615
       95     0.00000592     0.98784218     0.01215190
       96     0.00000601     0.99073830     0.00925569
       97     0.00000635     0.99377408     0.00621957
       98     0.00000697     0.99636794     0.00362509
       99     0.00000767     0.99805583     0.00193650
      100     0.00000824     0.99864315     0.00134862
      101     0.00000884     0.99824287     0.00174829
      102     0.00000962     0.99723907     0.00275131
      103     0.00001020     0.99616556     0.00382424
      104     0.00001047     0.99551535     0.00447418
      105     0.00001054     0.99558317     0.00440628
      106     0.00001071     0.99636798     0.00362131
      107     0.00001118     0.99758977     0.00239905
      108     0.00001174     0.99881657     0.00117169
      109     0.00001241     0.99965189     0.00033570
      110     0.00001329     0.99989806     0.00008865
      111     0.00001450     0.99962880     0.00035670
      112     0.00001575     0.99913640     0.00084786
      113     0.00001670     0.99877034     0.00121296
      114     0.00001737     0.99875192     0.00123071
      115     0.00001835     0.99907344     0.00090821
      116     0.00001990     0.99953276     0.00044734
      117     0.00002198     0.99987591     0.00010211
      118     0.00002442     0.99995881     0.00001676
      119     0.00002698     0.99982178     0.00015124
      120     0.00002952     0.99963388     0.00033660
