#     Density Matrix: population Re; see the manual for detail orders
        0     0.00000000     0.00000000     1.00000000
        1     0.00000004     0.00000273     0.99999723
        2     0.00000006     0.00002823     0.99997171
        3     0.00000009     0.00008469     0.99991523
        4     0.00000011     0.00015747     0.99984242
        5     0.00000014     0.00023538     0.99976448
        6     0.00000016     0.00035725     0.99964259
        7     0.00000018     0.00066249     0.99933733
        8     0.00000020     0.00149748     0.99850232
        9     0.00000022     0.00384641     0.99615337
       10     0.00000023     0.01135021     0.98864956
       11     0.00000024     0.04135010     0.95864966
       12     0.00000011     0.58225918     0.41774071
       13     0.00000003     0.82759892     0.17240105
       14     0.00000049     0.29132792     0.70867159
       15     0.00000068     0.11699829     0.88300102
       16     0.00000003     0.07353936     0.92646060
       17     0.00000042     0.05514144     0.94485814
       18     0.00000023     0.04916892     0.95083085
       19     0.00000017     0.04877028     0.95122955
       20     0.00000034     0.05029481     0.94970485
       21     0.00000020     0.05190221     0.94809760
       22     0.00000021     0.05278524     0.94721455
       23     0.00000025     0.05273303     0.94726672
       24     0.00000020     0.05182976     0.94817004
       25     0.00000022     0.05030036     0.94969942
       26     0.00000023     0.04841629     0.95158348
       27     0.00000020     0.04644873     0.95355107
       28     0.00000020     0.04464585     0.95535395
       29     0.00000020     0.04325874     0.95674106
       30     0.00000017     0.04254529     0.95745453
       31     0.00000017     0.04282313     0.95717670
       32     0.00000017     0.04455066     0.95544918
       33     0.00000014     0.04848378     0.95151607
       34     0.00000013     0.05601554     0.94398433
       35     0.00000013     0.07001600     0.92998388
       36     0.00000011     0.09719344     0.90280645
       37     0.00000010     0.15548133     0.84451857
       38     0.00000010     0.29467550     0.70532440
       39     0.00000010     0.56964299     0.43035691
       40     0.00000009     0.83173725     0.16826266
       41     0.00000006     0.93970969     0.06029025
       42     0.00000005     0.97082029     0.02917966
       43     0.00000006     0.98101060     0.01898934
       44     0.00000005     0.98496331     0.01503664
       45     0.00000005     0.98668649     0.01331346
       46     0.00000005     0.98750507     0.01249487
       47     0.00000006     0.98793399     0.01206595
       48     0.00000006     0.98819736     0.01180258
       49     0.00000006     0.98839822     0.01160172
       50     0.00000007     0.98858060     0.01141933
       51     0.00000008     0.98875689     0.01124302
       52     0.00000009     0.98892090     0.01107901
       53     0.00000010     0.98905474     0.01094516
       54     0.00000013     0.98913295     0.01086693
       55     0.00000014     0.98912756     0.01087230
       56     0.00000016     0.98901101     0.01098883
       57     0.00000019     0.98875873     0.01124108
       58     0.00000022     0.98835316     0.01164662
       59     0.00000024     0.98778648     0.01221328
       60     0.00000027     0.98706205     0.01293768
       61     0.00000031     0.98619617     0.01380352
       62     0.00000035     0.98521854     0.01478111
       63     0.00000039     0.98417138     0.01582823
       64     0.00000043     0.98310756     0.01689200
       65     0.00000048     0.98208560     0.01791392
       66     0.00000053     0.98116641     0.01883306
       67     0.00000056     0.98040792     0.01959151
       68     0.00000061     0.97986009     0.02013931
       69     0.00000065     0.97956162     0.02043773
       70     0.00000069     0.97953508     0.02046423
       71     0.00000072     0.97978865     0.02021063
       72     0.00000075     0.98031498     0.01968427
       73     0.00000079     0.98109518     0.01890403
       74     0.00000083     0.98209957     0.01789960
       75     0.00000088     0.98329373     0.01670539
       76     0.00000094     0.98463892     0.01536014
       77     0.00000104     0.98609084     0.01390812
       78     0.00000117     0.98759911     0.01239972
       79     0.00000134     0.98909990     0.01089876
       80     0.00000157     0.99051405     0.00948438
       81     0.00000185     0.99174785     0.00825029
       82     0.00000220     0.99269911     0.00729870
       83     0.00000259     0.99326941     0.00672800
       84     0.00000302     0.99338763     0.00660936
       85     0.00000345     0.99303427     0.00696228
       86     0.00000387     0.99226362     0.00773251
       87     0.00000425     0.99121524     0.00878052
       88     0.00000455     0.99010584     0.00988961
       89     0.00000476     0.98920393     0.01079132
       90     0.00000488     0.98877664     0.01121847
       91     0.00000494     0.98903158     0.01096348
       92     0.00000497     0.99005255     0.00994248
       93     0.00000500     0.99176312     0.00823188
       94     0.00000509     0.99392050     0.00607441
       95     0.00000527     0.99615912     0.00383561
       96     0.00000556     0.99807157     0.00192287
       97     0.00000595     0.99931499     0.00067906
       98     0.00000640     0.99971146     0.00028214
       99     0.00000684     0.99930645     0.00068670
      100     0.00000725     0.99836215     0.00163060
      101     0.00000757     0.99728091     0.00271151
      102     0.00000781     0.99647752     0.00351467
      103     0.00000799     0.99624536     0.00374666
      104     0.00000817     0.99665965     0.00333218
      105     0.00000843     0.99756085     0.00243072
      106     0.00000885     0.99862511     0.00136605
      107     0.00000944     0.99949796     0.00049259
      108     0.00001021     0.99993620     0.00005359
      109     0.00001112     0.99989847     0.00009042
      110     0.00001210     0.99954376     0.00044414
      111     0.00001313     0.99913967     0.00084720
      112     0.00001423     0.99892606     0.00105972
      113     0.00001544     0.99900290     0.00098166
      114     0.00001689     0.99929943     0.00068368
      115     0.00001866     0.99963798     0.00034336
      116     0.00002081     0.99984952     0.00012967
      117     0.00002338     0.99987018     0.00010644
      118     0.00002637     0.99976119     0.00021244
      119     0.00002982     0.99964700     0.00032318
      120     0.00003385     0.99962141     0.00034474
