#     Density Matrix: population Re; see the manual for detail orders
        0     0.00000000     0.00000000     1.00000000
        1     0.00000003     0.00000005     0.99999993
        2     0.00000004     0.00000015     0.99999981
        3     0.00000007     0.00000738     0.99999255
        4     0.00000012     0.00004703     0.99995286
        5     0.00000015     0.00015825     0.99984161
        6     0.00000023     0.00039942     0.99960035
        7     0.00000022     0.00091687     0.99908291
        8     0.00000037     0.00225528     0.99774435
        9     0.00000030     0.00688080     0.99311890
       10     0.00000049     0.03007348     0.96992602
       11     0.00000032     0.21865124     0.78134844
       12     0.00000019     0.71611911     0.28388070
       13     0.00000029     0.47342133     0.52657838
       14     0.00000095     0.24590924     0.75408981
       15     0.00000001     0.19526986     0.80473013
       16     0.00000110     0.16882704     0.83117186
       17     0.00000039     0.15719955     0.84280006
       18     0.00000039     0.15482594     0.84517366
       19     0.00000119     0.15828931     0.84170950
       20     0.00000005     0.16546663     0.83453332
       21     0.00000081     0.17505422     0.82494497
       22     0.00000095     0.18627929     0.81371976
       23     0.00000000     0.19872638     0.80127362
       24     0.00000104     0.21222970     0.78776926
       25     0.00000081     0.22678256     0.77321662
       26     0.00000003     0.24246783     0.75753214
       27     0.00000110     0.25940053     0.74059838
       28     0.00000080     0.27766887     0.72233033
       29     0.00000001     0.29726044     0.70273954
       30     0.00000097     0.31797811     0.68202092
       31     0.00000085     0.33931106     0.66068809
       32     0.00000000     0.36015217     0.63984783
       33     0.00000071     0.37809101     0.62190828
       34     0.00000091     0.38846021     0.61153888
       35     0.00000007     0.39523605     0.60476387
       36     0.00000040     0.39995305     0.60004654
       37     0.00000089     0.40536622     0.59463289
       38     0.00000025     0.42114549     0.57885426
       39     0.00000013     0.49200605     0.50799383
       40     0.00000063     0.57991120     0.42008817
       41     0.00000029     0.57735971     0.42263999
       42     0.00000012     0.52435888     0.47564099
       43     0.00000050     0.45190612     0.54809338
       44     0.00000031     0.37223794     0.62776176
       45     0.00000012     0.29737699     0.70262289
       46     0.00000036     0.35208231     0.64791734
       47     0.00000035     0.63636170     0.36363795
       48     0.00000012     0.67582578     0.32417410
       49     0.00000037     0.68171342     0.31828621
       50     0.00000047     0.68472415     0.31527538
       51     0.00000013     0.68791733     0.31208254
       52     0.00000026     0.69320089     0.30679885
       53     0.00000055     0.70304931     0.29695014
       54     0.00000024     0.71926644     0.28073332
       55     0.00000014     0.73941180     0.26058806
       56     0.00000048     0.76221313     0.23778639
       57     0.00000035     0.78663914     0.21336051
       58     0.00000014     0.81193597     0.18806389
       59     0.00000032     0.83757540     0.16242428
       60     0.00000032     0.86314355     0.13685613
       61     0.00000026     0.88818784     0.11181191
       62     0.00000029     0.91197872     0.08802099
       63     0.00000017     0.93307896     0.06692087
       64     0.00000039     0.94842482     0.05157479
       65     0.00000040     0.95137722     0.04862238
       66     0.00000007     0.92844510     0.07155483
       67     0.00000061     0.85817049     0.14182890
       68     0.00000054     0.72580707     0.27419239
       69     0.00000002     0.58666832     0.41333166
       70     0.00000109     0.61305685     0.38694206
       71     0.00000137     0.76083506     0.23916357
       72     0.00000035     0.87035006     0.12964958
       73     0.00000043     0.93263548     0.06736409
       74     0.00000066     0.96747889     0.03252045
       75     0.00000045     0.98523034     0.01476921
       76     0.00000000     1.00000000     0.00000000
       77     0.00000001     0.99922555     0.00077444
       78     0.00000001     0.99796535     0.00203464
       79     0.00000000     0.99730558     0.00269442
       80     0.00000000     0.99753506     0.00246493
       81     0.00000000     0.99827846     0.00172154
       82     0.00000000     0.99892025     0.00107975
       83     0.00000000     0.99907485     0.00092515
       84     0.00000001     0.99880477     0.00119523
       85     0.00000000     0.99846678     0.00153322
       86     0.00000000     0.99835827     0.00164173
       87     0.00000001     0.99848833     0.00151167
       88     0.00000001     0.99865627     0.00134373
       89     0.00000000     0.99870710     0.00129290
       90     0.00000001     0.99866940     0.00133059
       91     0.00000002     0.99864752     0.00135246
       92     0.00000001     0.99864890     0.00135109
       93     0.00000002     0.99859848     0.00140150
       94     0.00000004     0.99850369     0.00149627
       95     0.00000003     0.99850145     0.00149852
       96     0.00000005     0.99866912     0.00133083
       97     0.00000008     0.99884308     0.00115684
       98     0.00000006     0.99876558     0.00123436
       99     0.00000008     0.99844307     0.00155685
      100     0.00000013     0.99823510     0.00176477
      101     0.00000011     0.99845327     0.00154662
      102     0.00000013     0.99891246     0.00108741
      103     0.00000020     0.99905636     0.00094343
      104     0.00000018     0.99861133     0.00138849
      105     0.00000020     0.99800102     0.00199878
      106     0.00000028     0.99794115     0.00205857
      107     0.00000025     0.99859561     0.00140414
      108     0.00000026     0.99928427     0.00071547
      109     0.00000036     0.99917181     0.00082783
      110     0.00000037     0.99822425     0.00177539
      111     0.00000034     0.99734669     0.00265297
      112     0.00000043     0.99747896     0.00252061
      113     0.00000045     0.99857691     0.00142265
      114     0.00000040     0.99957357     0.00042603
      115     0.00000049     0.99940220     0.00059731
      116     0.00000056     0.99806742     0.00193203
      117     0.00000049     0.99669469     0.00330482
      118     0.00000050     0.99650724     0.00349226
      119     0.00000059     0.99770182     0.00229759
      120     0.00000056     0.99926408     0.00073536
