#     Density Matrix: population Re; see the manual for detail orders
        0     0.00000000     0.00000000     1.00000000
        1     0.00000003     0.00000106     0.99999891
        2     0.00000001     0.00000638     0.99999361
        3     0.00000000     0.00000850     0.99999150
        4     0.00000004     0.00000874     0.99999122
        5     0.00000001     0.00001643     0.99998356
        6     0.00000015     0.00003111     0.99996874
        7     0.00000011     0.00003999     0.99995991
        8     0.00000038     0.00004219     0.99995743
        9     0.00000033     0.00007352     0.99992615
       10     0.00000069     0.00020682     0.99979249
       11     0.00000059     0.00054485     0.99945456
       12     0.00000101     0.00127537     0.99872362
       13     0.00000078     0.00296057     0.99703865
       14     0.00000120     0.00774842     0.99225039
       15     0.00000083     0.02538454     0.97461463
       16     0.00000110     0.10874409     0.89125481
       17     0.00000051     0.41824348     0.58175602
       18     0.00000046     0.63614269     0.36385685
       19     0.00000088     0.43874926     0.56124987
       20     0.00000212     0.32256332     0.67743456
       21     0.00000091     0.27766518     0.72233391
       22     0.00000016     0.26079921     0.73920063
       23     0.00000160     0.24973157     0.75026683
       24     0.00000040     0.24390562     0.75609397
       25     0.00000034     0.24239269     0.75760697
       26     0.00000096     0.24427424     0.75572480
       27     0.00000005     0.24875313     0.75124682
       28     0.00000075     0.25518739     0.74481186
       29     0.00000098     0.26313848     0.73686054
       30     0.00000000     0.27240974     0.72759025
       31     0.00000078     0.28307823     0.71692100
       32     0.00000076     0.29518918     0.70481006
       33     0.00000000     0.30887715     0.69112285
       34     0.00000081     0.32465503     0.67534416
       35     0.00000082     0.34298165     0.65701753
       36     0.00000000     0.36448728     0.63551271
       37     0.00000072     0.38965116     0.61034811
       38     0.00000098     0.41882086     0.58117816
       39     0.00000007     0.45213038     0.54786955
       40     0.00000047     0.48799409     0.51200543
       41     0.00000113     0.51430829     0.48569059
       42     0.00000032     0.52821930     0.47178039
       43     0.00000016     0.52751580     0.47248404
       44     0.00000118     0.51111305     0.48888576
       45     0.00000090     0.48025174     0.51974737
       46     0.00000014     0.59477810     0.40522176
       47     0.00000047     0.69955237     0.30044715
       48     0.00000092     0.64773856     0.35226051
       49     0.00000046     0.64838931     0.35161023
       50     0.00000035     0.65103233     0.34896733
       51     0.00000095     0.65512078     0.34487827
       52     0.00000098     0.66115075     0.33884827
       53     0.00000046     0.67011220     0.32988734
       54     0.00000072     0.68380421     0.31619507
       55     0.00000141     0.70514405     0.29485455
       56     0.00000109     0.73041338     0.26958553
       57     0.00000067     0.75758341     0.24241592
       58     0.00000136     0.78452597     0.21547268
       59     0.00000170     0.80993177     0.19006653
       60     0.00000113     0.83328770     0.16671116
       61     0.00000109     0.85446045     0.14553847
       62     0.00000187     0.87317440     0.12682373
       63     0.00000192     0.88913076     0.11086732
       64     0.00000133     0.90228428     0.09771438
       65     0.00000173     0.91312724     0.08687104
       66     0.00000231     0.92259023     0.07740745
       67     0.00000199     0.93067063     0.06932739
       68     0.00000175     0.93772735     0.06227090
       69     0.00000220     0.94408971     0.05590808
       70     0.00000234     0.94999095     0.05000671
       71     0.00000195     0.95567363     0.04432442
       72     0.00000191     0.96115934     0.03883875
       73     0.00000237     0.96652799     0.03346964
       74     0.00000256     0.97182564     0.02817180
       75     0.00000235     0.97700861     0.02298904
       76     0.00000228     0.98199163     0.01800609
       77     0.00000258     0.98674078     0.01325664
       78     0.00000000     1.00000000     0.00000000
       79     0.00000637     0.99943941     0.00055422
       80     0.00001392     0.99777918     0.00220690
       81     0.00000840     0.99515346     0.00483814
       82     0.00000026     0.99186757     0.00813217
       83     0.00000510     0.98844516     0.01154974
       84     0.00001428     0.98552425     0.01446147
       85     0.00001114     0.98375480     0.01623406
       86     0.00000152     0.98364800     0.01635049
       87     0.00000214     0.98534312     0.01465475
       88     0.00001116     0.98855582     0.01143302
       89     0.00000000     1.00000000     0.00000000
       90     0.00000763     0.99924689     0.00074548
       91     0.00001782     0.99725063     0.00273155
       92     0.00001316     0.99470920     0.00527764
       93     0.00000163     0.99253649     0.00746188
       94     0.00000254     0.99156530     0.00843217
       95     0.00001332     0.99221770     0.00776898
       96     0.00001691     0.99428349     0.00569960
       97     0.00000809     0.99690117     0.00309074
       98     0.00000016     0.99893578     0.00106406
       99     0.00000530     0.99950863     0.00048607
      100     0.00001665     0.99845345     0.00152990
      101     0.00001673     0.99647030     0.00351297
      102     0.00000536     0.99477094     0.00522370
      103     0.00000019     0.99438609     0.00561372
      104     0.00000898     0.99553560     0.00445542
      105     0.00002030     0.99743671     0.00254299
      106     0.00001897     0.99876233     0.00121870
      107     0.00000637     0.99866897     0.00132466
      108     0.00000038     0.99738587     0.00261375
      109     0.00001124     0.99604724     0.00394152
      110     0.00002517     0.99579174     0.00418309
      111     0.00002474     0.99677506     0.00320021
      112     0.00001105     0.99802858     0.00196038
      113     0.00000136     0.99837703     0.00162162
      114     0.00001038     0.99759217     0.00239745
      115     0.00003098     0.99659754     0.00337148
      116     0.00004058     0.99646948     0.00348994
      117     0.00003001     0.99728570     0.00268429
      118     0.00001261     0.99803592     0.00195147
      119     0.00000965     0.99788278     0.00210757
      120     0.00003070     0.99715729     0.00281201
