#     Density Matrix: population Re; see the manual for detail orders
        0     0.00000000     0.00000000     1.00000000
        1     0.00000007     0.00000841     0.99999152
        2     0.00000005     0.00006467     0.99993528
        3     0.00000002     0.00013272     0.99986726
        4     0.00000004     0.00016111     0.99983885
        5     0.00000002     0.00012734     0.99987264
        6     0.00000011     0.00005924     0.99994065
        7     0.00000007     0.00003163     0.99996830
        8     0.00000022     0.00014420     0.99985558
        9     0.00000020     0.00050247     0.99949733
       10     0.00000036     0.00124811     0.99875153
       11     0.00000040     0.00278684     0.99721276
       12     0.00000045     0.00694495     0.99305461
       13     0.00000066     0.02436411     0.97563523
       14     0.00000039     0.14254046     0.85745915
       15     0.00000043     0.60566623     0.39433334
       16     0.00000056     0.58838208     0.41161736
       17     0.00000152     0.32352287     0.67647560
       18     0.00000006     0.25796728     0.74203265
       19     0.00000229     0.22230430     0.77769341
       20     0.00000082     0.20560550     0.79439369
       21     0.00000061     0.20102628     0.79897311
       22     0.00000157     0.20416496     0.79583347
       23     0.00000006     0.21225693     0.78774300
       24     0.00000108     0.22365509     0.77634383
       25     0.00000098     0.23749836     0.76250066
       26     0.00000005     0.25351026     0.74648968
       27     0.00000127     0.27184609     0.72815264
       28     0.00000062     0.29303483     0.70696455
       29     0.00000016     0.31771467     0.68228517
       30     0.00000137     0.34676500     0.65323363
       31     0.00000056     0.38103769     0.61896175
       32     0.00000012     0.42113139     0.57886849
       33     0.00000105     0.46688886     0.53311010
       34     0.00000058     0.51686461     0.48313481
       35     0.00000003     0.56778950     0.43221047
       36     0.00000074     0.61417006     0.38582920
       37     0.00000071     0.64623161     0.35376768
       38     0.00000006     0.65868421     0.34131572
       39     0.00000040     0.65437496     0.34562464
       40     0.00000085     0.64208721     0.35791195
       41     0.00000029     0.65173708     0.34826263
       42     0.00000015     0.68244996     0.31754989
       43     0.00000108     0.58631072     0.41368819
       44     0.00000134     0.46462009     0.53537857
       45     0.00000046     0.37105329     0.62894625
       46     0.00000023     0.30066848     0.69933129
       47     0.00000094     0.24920694     0.75079212
       48     0.00000093     0.21342658     0.78657248
       49     0.00000036     0.19240413     0.80759551
       50     0.00000045     0.18947325     0.81052630
       51     0.00000068     0.21397276     0.78602656
       52     0.00000059     0.27198024     0.72801917
       53     0.00000072     0.33744505     0.66255423
       54     0.00000063     0.49581719     0.50418218
       55     0.00000044     0.61601237     0.38398719
       56     0.00000044     0.68407707     0.31592249
       57     0.00000042     0.72265542     0.27734416
       58     0.00000055     0.74586152     0.25413793
       59     0.00000061     0.76065436     0.23934502
       60     0.00000035     0.77070190     0.22929775
       61     0.00000040     0.77819075     0.22180886
       62     0.00000077     0.78476449     0.21523474
       63     0.00000052     0.79212736     0.20787212
       64     0.00000023     0.80240546     0.19759431
       65     0.00000067     0.81350353     0.18649581
       66     0.00000067     0.82652007     0.17347926
       67     0.00000022     0.84325054     0.15674924
       68     0.00000051     0.86636077     0.13363872
       69     0.00000073     0.89923871     0.10076056
       70     0.00000037     0.93947891     0.06052072
       71     0.00000023     0.92730198     0.07269779
       72     0.00000067     0.71330917     0.28669016
       73     0.00000179     0.56918872     0.43080950
       74     0.00000117     0.66615883     0.33383999
       75     0.00000023     0.79688494     0.20311483
       76     0.00000093     0.88255900     0.11744007
       77     0.00000080     0.93185462     0.06814458
       78     0.00000046     0.95796344     0.04203610
       79     0.00000086     0.96910788     0.03089126
       80     0.00000056     0.97122953     0.02876992
       81     0.00000071     0.96957019     0.03042910
       82     0.00000069     0.96826888     0.03173043
       83     0.00000054     0.96935575     0.03064370
       84     0.00000084     0.97266795     0.02733121
       85     0.00000050     0.97680746     0.02319205
       86     0.00000072     0.98030430     0.01969499
       87     0.00000064     0.98241225     0.01758712
       88     0.00000063     0.98331467     0.01668470
       89     0.00000071     0.98376414     0.01623514
       90     0.00000050     0.98443475     0.01556475
       91     0.00000070     0.98547777     0.01452153
       92     0.00000064     0.98661523     0.01338413
       93     0.00000065     0.98755590     0.01244345
       94     0.00000049     0.98827492     0.01172459
       95     0.00000078     0.98893209     0.01106712
       96     0.00000066     0.98960114     0.01039819
       97     0.00000000     1.00000000     0.00000000
       98     0.00000004     0.99999818     0.00000179
       99     0.00000006     0.99999268     0.00000726
      100     0.00000001     0.99998690     0.00001309
      101     0.00000003     0.99998564     0.00001433
      102     0.00000008     0.99998982     0.00001009
      103     0.00000003     0.99999398     0.00000598
      104     0.00000002     0.99999036     0.00000963
      105     0.00000010     0.99997691     0.00002299
      106     0.00000008     0.99996114     0.00003878
      107     0.00000002     0.99995384     0.00004614
      108     0.00000010     0.99995791     0.00004199
      109     0.00000013     0.99996420     0.00003567
      110     0.00000006     0.99995874     0.00004121
      111     0.00000009     0.99993515     0.00006476
      112     0.00000016     0.99990071     0.00009913
      113     0.00000010     0.99987218     0.00012772
      114     0.00000008     0.99986074     0.00013917
      115     0.00000018     0.99986221     0.00013761
      116     0.00000017     0.99985907     0.00014077
      117     0.00000010     0.99983257     0.00016733
      118     0.00000017     0.99977741     0.00022242
      119     0.00000023     0.99970918     0.00029059
      120     0.00000013     0.99965210     0.00034777
