#     Density Matrix: population Re; see the manual for detail orders
        0     0.00000000     0.00000000     1.00000000
        1     0.00000010     0.00000373     0.99999617
        2     0.00000011     0.00003045     0.99996944
        3     0.00000037     0.00006675     0.99993288
        4     0.00000030     0.00008566     0.99991404
        5     0.00000073     0.00008095     0.99991832
        6     0.00000056     0.00009913     0.99990031
        7     0.00000109     0.00025864     0.99974027
        8     0.00000081     0.00077992     0.99921927
        9     0.00000133     0.00215433     0.99784434
       10     0.00000097     0.00599711     0.99400192
       11     0.00000132     0.01978650     0.98021218
       12     0.00000180     0.20037206     0.79962614
       13     0.00000070     0.75016075     0.24983855
       14     0.00000209     0.52690777     0.47309014
       15     0.00000234     0.35267256     0.64732510
       16     0.00000071     0.30159870     0.69840059
       17     0.00000310     0.27068772     0.72930918
       18     0.00000108     0.25686827     0.74313065
       19     0.00000171     0.25548636     0.74451194
       20     0.00000253     0.26181394     0.73818353
       21     0.00000074     0.27184356     0.72815571
       22     0.00000250     0.28261473     0.71738277
       23     0.00000168     0.29224916     0.70774916
       24     0.00000109     0.29984556     0.70015335
       25     0.00000311     0.30515045     0.69484645
       26     0.00000148     0.30829269     0.69170583
       27     0.00000165     0.30969670     0.69030166
       28     0.00000358     0.30989288     0.69010354
       29     0.00000127     0.30945048     0.69054825
       30     0.00000161     0.30884413     0.69115426
       31     0.00000295     0.30837923     0.69161781
       32     0.00000167     0.30844762     0.69155071
       33     0.00000195     0.30940503     0.69059302
       34     0.00000322     0.31116859     0.68882819
       35     0.00000184     0.31388407     0.68611409
       36     0.00000167     0.31823189     0.68176644
       37     0.00000271     0.32458397     0.67541332
       38     0.00000203     0.33308125     0.66691672
       39     0.00000166     0.34393779     0.65606055
       40     0.00000405     0.35889465     0.64110130
       41     0.00000351     0.37953713     0.62045936
       42     0.00000250     0.40890046     0.59109704
       43     0.00000473     0.45790149     0.54209378
       44     0.00000486     0.54727377     0.45272136
       45     0.00000281     0.71385233     0.28614485
       46     0.00000402     0.91060328     0.08939270
       47     0.00000533     0.93648954     0.06350514
       48     0.00000370     0.87568865     0.12430765
       49     0.00000350     0.83256291     0.16743359
       50     0.00000481     0.80596767     0.19402752
       51     0.00000426     0.78811379     0.21188195
       52     0.00000359     0.77494991     0.22504650
       53     0.00000427     0.76443121     0.23556452
       54     0.00000427     0.75546972     0.24452601
       55     0.00000391     0.74745405     0.25254204
       56     0.00000424     0.74002506     0.25997071
       57     0.00000463     0.73348188     0.26651349
       58     0.00000468     0.72772910     0.27226622
       59     0.00000533     0.72171523     0.27827943
       60     0.00000500     0.71543771     0.28455728
       61     0.00000487     0.70998820     0.29000693
       62     0.00000522     0.70487972     0.29511505
       63     0.00000426     0.69964948     0.30034627
       64     0.00000375     0.69491272     0.30508352
       65     0.00000550     0.69074807     0.30924643
       66     0.00000595     0.68723712     0.31275693
       67     0.00000330     0.68441920     0.31557750
       68     0.00000344     0.68269908     0.31729748
       69     0.00000711     0.68194256     0.31805033
       70     0.00000538     0.68141120     0.31858341
       71     0.00000144     0.68123753     0.31876103
       72     0.00000593     0.68126672     0.31872735
       73     0.00000995     0.68122385     0.31876620
       74     0.00000339     0.68070662     0.31928999
       75     0.00000162     0.67916309     0.32083529
       76     0.00001171     0.67636487     0.32362342
       77     0.00001139     0.67202512     0.32796349
       78     0.00000078     0.66592126     0.33407796
       79     0.00000578     0.65854609     0.34144813
       80     0.00001718     0.64954268     0.35044013
       81     0.00000922     0.63930749     0.36068329
       82     0.00000009     0.62911293     0.37088698
       83     0.00001074     0.61898121     0.38100805
       84     0.00001647     0.61044477     0.38953876
       85     0.00000482     0.60558478     0.39441040
       86     0.00000078     0.60551620     0.39448302
       87     0.00000879     0.61103954     0.38895167
       88     0.00000846     0.62272594     0.37726560
       89     0.00000330     0.63963189     0.36036481
       90     0.00000232     0.65948095     0.34051673
       91     0.00000199     0.67958105     0.32041696
       92     0.00000807     0.69630126     0.30369067
       93     0.00001448     0.70585163     0.29413388
       94     0.00000536     0.70534999     0.29464464
       95     0.00000186     0.69420700     0.30579114
       96     0.00001862     0.67479080     0.32519058
       97     0.00002147     0.65200624     0.34797230
       98     0.00000449     0.63201576     0.36797976
       99     0.00000241     0.62119389     0.37880370
      100     0.00001164     0.62336331     0.37662505
      101     0.00001096     0.63790884     0.36208020
      102     0.00000679     0.65947544     0.34051777
      103     0.00000275     0.67941295     0.32058430
      104     0.00000053     0.68915032     0.31084914
      105     0.00001368     0.68435559     0.31563073
      106     0.00002427     0.66754941     0.33242632
      107     0.00001096     0.64757379     0.35241525
      108     0.00000054     0.63543507     0.36456439
      109     0.00000653     0.63793441     0.36205906
      110     0.00001151     0.65314801     0.34684048
      111     0.00001555     0.67091105     0.32907340
      112     0.00001338     0.67902243     0.32096419
      113     0.00000370     0.67212908     0.32786722
      114     0.00000875     0.65612809     0.34386316
      115     0.00002385     0.64412416     0.35585199
      116     0.00002446     0.64591283     0.35406271
      117     0.00001638     0.65912071     0.34086291
      118     0.00000840     0.67098372     0.32900788
      119     0.00000567     0.67032254     0.32967179
      120     0.00002433     0.65870947     0.34126620
