#     Density Matrix: population Re; see the manual for detail orders
        0     0.00000000     0.00000000     1.00000000
        1     0.00000011     0.00000104     0.99999885
        2     0.00000012     0.00001205     0.99998782
        3     0.00000027     0.00004310     0.99995663
        4     0.00000026     0.00010135     0.99989839
        5     0.00000048     0.00020369     0.99979583
        6     0.00000047     0.00042432     0.99957522
        7     0.00000066     0.00101135     0.99898799
        8     0.00000072     0.00270504     0.99729424
        9     0.00000070     0.00784810     0.99215120
       10     0.00000092     0.02508043     0.97491865
       11     0.00000052     0.09018648     0.90981300
       12     0.00000069     0.29892902     0.70107029
       13     0.00000008     0.54048978     0.45951014
       14     0.00000046     0.50993108     0.49006846
       15     0.00000035     0.37726119     0.62273845
       16     0.00000066     0.27640606     0.72359328
       17     0.00000066     0.21358191     0.78641744
       18     0.00000042     0.17752389     0.82247569
       19     0.00000068     0.15862868     0.84137064
       20     0.00000042     0.15008440     0.84991518
       21     0.00000034     0.14725139     0.85274826
       22     0.00000054     0.14704318     0.85295629
       23     0.00000029     0.14746117     0.85253854
       24     0.00000032     0.14724894     0.85275074
       25     0.00000050     0.14563568     0.85436382
       26     0.00000028     0.14214517     0.85785455
       27     0.00000033     0.13645057     0.86354910
       28     0.00000054     0.12825918     0.87174027
       29     0.00000035     0.11721512     0.88278453
       30     0.00000033     0.10281647     0.89718320
       31     0.00000060     0.08437447     0.91562494
       32     0.00000050     0.06120463     0.93879487
       33     0.00000036     0.03406976     0.96592988
       34     0.00000063     0.01314818     0.98685118
       35     0.00000072     0.04777200     0.95222728
       36     0.00000045     0.22103971     0.77895985
       37     0.00000051     0.47672797     0.52327152
       38     0.00000070     0.68800540     0.31199390
       39     0.00000045     0.84193691     0.15806264
       40     0.00000021     0.94382058     0.05617922
       41     0.00000034     0.97980990     0.02018977
       42     0.00000050     0.95994421     0.04005529
       43     0.00000032     0.92482004     0.07517964
       44     0.00000023     0.89499762     0.10500215
       45     0.00000043     0.87398274     0.12601683
       46     0.00000045     0.86090175     0.13909780
       47     0.00000024     0.85441157     0.14558819
       48     0.00000025     0.85342357     0.14657618
       49     0.00000044     0.85711044     0.14288912
       50     0.00000038     0.86477043     0.13522918
       51     0.00000020     0.87566742     0.12433238
       52     0.00000031     0.88895303     0.11104666
       53     0.00000058     0.90314946     0.09684997
       54     0.00000044     0.91614584     0.08385372
       55     0.00000028     0.92523066     0.07476906
       56     0.00000053     0.92679977     0.07319970
       57     0.00000076     0.91651161     0.08348763
       58     0.00000059     0.89001804     0.10998138
       59     0.00000055     0.84486210     0.15513735
       60     0.00000089     0.78203275     0.21796637
       61     0.00000086     0.70800395     0.29199519
       62     0.00000044     0.63617274     0.36382682
       63     0.00000054     0.58485110     0.41514836
       64     0.00000060     0.57085300     0.42914640
       65     0.00000020     0.60147579     0.39852401
       66     0.00000001     0.66899565     0.33100434
       67     0.00000003     0.75191054     0.24808943
       68     0.00000002     0.82327475     0.17672522
       69     0.00000022     0.86182721     0.13817257
       70     0.00000022     0.86034500     0.13965478
       71     0.00000017     0.82734391     0.17265592
       72     0.00000045     0.78240007     0.21759948
       73     0.00000029     0.74704739     0.25295232
       74     0.00000006     0.73522101     0.26477893
       75     0.00000014     0.74788270     0.25211716
       76     0.00000001     0.77384121     0.22615878
       77     0.00000009     0.79685716     0.20314275
       78     0.00000009     0.80483408     0.19516584
       79     0.00000011     0.79637560     0.20362429
       80     0.00000030     0.78034746     0.21965223
       81     0.00000009     0.76889458     0.23110534
       82     0.00000006     0.76886166     0.23113828
       83     0.00000003     0.77774342     0.22225654
       84     0.00000006     0.78693761     0.21306233
       85     0.00000013     0.78933405     0.21066583
       86     0.00000010     0.78480247     0.21519743
       87     0.00000030     0.77892126     0.22107845
       88     0.00000016     0.77697989     0.22301995
       89     0.00000001     0.77935253     0.22064746
       90     0.00000004     0.78245041     0.21754955
       91     0.00000032     0.78331918     0.21668050
       92     0.00000046     0.78235994     0.21763960
       93     0.00000026     0.78159234     0.21840740
       94     0.00000031     0.78151458     0.21848510
       95     0.00000043     0.78101758     0.21898200
       96     0.00000052     0.77996725     0.22003223
       97     0.00000053     0.78007638     0.21992309
       98     0.00000092     0.78229139     0.21770769
       99     0.00000121     0.78441186     0.21558693
      100     0.00000087     0.78326529     0.21673385
      101     0.00000069     0.77931820     0.22068111
      102     0.00000126     0.77720039     0.22279835
      103     0.00000224     0.78016289     0.21983487
      104     0.00000217     0.78521684     0.21478099
      105     0.00000148     0.78610841     0.21389011
      106     0.00000149     0.78115202     0.21884649
      107     0.00000243     0.77605440     0.22394318
      108     0.00000344     0.77721208     0.22278448
      109     0.00000330     0.78357723     0.21641947
      110     0.00000283     0.78751876     0.21247840
      111     0.00000285     0.78412632     0.21587083
      112     0.00000354     0.77740869     0.22258778
      113     0.00000455     0.77547194     0.22452351
      114     0.00000491     0.78058896     0.21940612
      115     0.00000488     0.78649523     0.21349989
      116     0.00000461     0.78615796     0.21383743
      117     0.00000463     0.78026338     0.21973199
      118     0.00000569     0.77606069     0.22393362
      119     0.00000683     0.77836904     0.22162413
      120     0.00000736     0.78399182     0.21600082
