#     Density Matrix: population Re; see the manual for detail orders
        0     0.00000000     0.00000000     1.00000000
        1     0.00000002     0.00000013     0.99999986
        2     0.00000002     0.00000063     0.99999935
        3     0.00000005     0.00000061     0.99999933
        4     0.00000006     0.00000043     0.99999951
        5     0.00000009     0.00000076     0.99999915
        6     0.00000011     0.00000166     0.99999823
        7     0.00000014     0.00000347     0.99999639
        8     0.00000017     0.00000831     0.99999153
        9     0.00000019     0.00002075     0.99997906
       10     0.00000022     0.00004942     0.99995036
       11     0.00000024     0.00011367     0.99988609
       12     0.00000025     0.00026475     0.99973500
       13     0.00000026     0.00065865     0.99934109
       14     0.00000027     0.00186275     0.99813698
       15     0.00000027     0.00661181     0.99338793
       16     0.00000026     0.03577283     0.96422691
       17     0.00000014     0.65315667     0.34684319
       18     0.00000000     0.83594935     0.16405064
       19     0.00000036     0.31110149     0.68889815
       20     0.00000044     0.17975196     0.82024760
       21     0.00000005     0.13423031     0.86576963
       22     0.00000027     0.11021264     0.88978709
       23     0.00000020     0.09726135     0.90273845
       24     0.00000013     0.09008675     0.90991312
       25     0.00000023     0.08590420     0.91409558
       26     0.00000019     0.08324193     0.91675789
       27     0.00000016     0.08129314     0.91870669
       28     0.00000020     0.07963365     0.92036615
       29     0.00000017     0.07802029     0.92197954
       30     0.00000016     0.07631905     0.92368079
       31     0.00000017     0.07444833     0.92555150
       32     0.00000015     0.07232705     0.92767280
       33     0.00000014     0.06986492     0.93013494
       34     0.00000014     0.06693218     0.93306768
       35     0.00000014     0.06330616     0.93669371
       36     0.00000013     0.05859459     0.94140529
       37     0.00000013     0.05205789     0.94794199
       38     0.00000013     0.04225702     0.95774286
       39     0.00000012     0.02960598     0.97039390
       40     0.00000008     0.18431221     0.81568771
       41     0.00000008     0.65296502     0.34703490
       42     0.00000016     0.83373288     0.16626697
       43     0.00000013     0.87955071     0.12044916
       44     0.00000007     0.90071880     0.09928112
       45     0.00000011     0.91398194     0.08601795
       46     0.00000015     0.92391364     0.07608621
       47     0.00000011     0.93216516     0.06783473
       48     0.00000009     0.93942918     0.06057073
       49     0.00000014     0.94601703     0.05398282
       50     0.00000016     0.95207141     0.04792843
       51     0.00000014     0.95764861     0.04235125
       52     0.00000016     0.96276859     0.03723125
       53     0.00000022     0.96743194     0.03256784
       54     0.00000024     0.97163921     0.02836055
       55     0.00000024     0.97538983     0.02460993
       56     0.00000029     0.97868993     0.02130978
       57     0.00000037     0.98155333     0.01844630
       58     0.00000041     0.98399978     0.01599982
       59     0.00000043     0.98605320     0.01394636
       60     0.00000051     0.98774110     0.01225839
       61     0.00000061     0.98909399     0.01090540
       62     0.00000068     0.99014357     0.00985576
       63     0.00000074     0.99092390     0.00907536
       64     0.00000084     0.99146949     0.00852968
       65     0.00000096     0.99181587     0.00818317
       66     0.00000105     0.99200081     0.00799814
       67     0.00000113     0.99206410     0.00793478
       68     0.00000124     0.99204842     0.00795034
       69     0.00000138     0.99199815     0.00800047
       70     0.00000149     0.99196062     0.00803788
       71     0.00000159     0.99198256     0.00801585
       72     0.00000172     0.99210778     0.00789050
       73     0.00000187     0.99237333     0.00762480
       74     0.00000201     0.99280338     0.00719461
       75     0.00000214     0.99340414     0.00659372
       76     0.00000229     0.99415681     0.00584091
       77     0.00000246     0.99501377     0.00498377
       78     0.00000264     0.99589725     0.00410011
       79     0.00000281     0.99670324     0.00329395
       80     0.00000298     0.99731205     0.00268497
       81     0.00000317     0.99760580     0.00239103
       82     0.00000336     0.99749260     0.00250404
       83     0.00000354     0.99693279     0.00306367
       84     0.00000369     0.99596175     0.00403456
       85     0.00000382     0.99470074     0.00529544
       86     0.00000392     0.99335178     0.00664430
       87     0.00000399     0.99216860     0.00782742
       88     0.00000401     0.99140773     0.00858826
       89     0.00000399     0.99126326     0.00873275
       90     0.00000394     0.99181350     0.00818256
       91     0.00000388     0.99298405     0.00701207
       92     0.00000381     0.99455718     0.00543901
       93     0.00000374     0.99622017     0.00377609
       94     0.00000367     0.99764967     0.00234666
       95     0.00000360     0.99860487     0.00139153
       96     0.00000353     0.99899760     0.00099887
       97     0.00000344     0.99891259     0.00108397
       98     0.00000332     0.99856792     0.00142876
       99     0.00000323     0.99823033     0.00176644
      100     0.00000316     0.99810769     0.00188915
      101     0.00000295     0.99827508     0.00172197
      102     0.00000276     0.99867191     0.00132533
      103     0.00000261     0.99913956     0.00085783
      104     0.00000246     0.99950891     0.00048864
      105     0.00000235     0.99968440     0.00031325
      106     0.00000228     0.99967954     0.00031817
      107     0.00000223     0.99959085     0.00040691
      108     0.00000217     0.99953050     0.00046734
      109     0.00000211     0.99956101     0.00043688
      110     0.00000207     0.99966970     0.00032823
      111     0.00000208     0.99979366     0.00020426
      112     0.00000212     0.99987224     0.00012564
      113     0.00000216     0.99988766     0.00011018
      114     0.00000220     0.99986777     0.00013003
      115     0.00000234     0.99985543     0.00014222
      116     0.00000255     0.99987312     0.00012433
      117     0.00000277     0.99991092     0.00008631
      118     0.00000299     0.99994326     0.00005375
      119     0.00000327     0.99995468     0.00004205
      120     0.00000365     0.99995088     0.00004546
