#     Density Matrix: population Re; see the manual for detail orders
        0     0.00000000     0.00000000     1.00000000
        1     0.00000001     0.00000011     0.99999988
        2     0.00000001     0.00000087     0.99999912
        3     0.00000000     0.00000202     0.99999798
        4     0.00000003     0.00000328     0.99999669
        5     0.00000003     0.00000487     0.99999510
        6     0.00000009     0.00000894     0.99999097
        7     0.00000010     0.00002082     0.99997908
        8     0.00000019     0.00005034     0.99994948
        9     0.00000022     0.00011754     0.99988224
       10     0.00000029     0.00027913     0.99972058
       11     0.00000037     0.00075135     0.99924828
       12     0.00000036     0.00269235     0.99730729
       13     0.00000052     0.01842514     0.98157434
       14     0.00000031     0.24590648     0.75409321
       15     0.00000042     0.45022513     0.54977445
       16     0.00000105     0.15363395     0.84636499
       17     0.00000019     0.15623296     0.84376684
       18     0.00000055     0.16555850     0.83444095
       19     0.00000071     0.17500099     0.82499830
       20     0.00000004     0.18320701     0.81679294
       21     0.00000087     0.19018312     0.80981601
       22     0.00000028     0.19634572     0.80365400
       23     0.00000029     0.20222565     0.79777406
       24     0.00000089     0.20836650     0.79163260
       25     0.00000010     0.21529438     0.78470552
       26     0.00000045     0.22351742     0.77648213
       27     0.00000081     0.23349187     0.76650731
       28     0.00000005     0.24563894     0.75436101
       29     0.00000043     0.26031405     0.73968552
       30     0.00000072     0.27777418     0.72222509
       31     0.00000006     0.29812155     0.70187838
       32     0.00000029     0.32121533     0.67878438
       33     0.00000063     0.34654823     0.65345114
       34     0.00000012     0.37301387     0.62698601
       35     0.00000013     0.39852757     0.60147230
       36     0.00000051     0.41780169     0.58219780
       37     0.00000022     0.42960617     0.57039362
       38     0.00000004     0.43710264     0.56289731
       39     0.00000038     0.44606092     0.55393870
       40     0.00000032     0.46858197     0.53141771
       41     0.00000003     0.53227521     0.46772476
       42     0.00000025     0.67293000     0.32706975
       43     0.00000045     0.87909755     0.12090200
       44     0.00000016     0.93007010     0.06992974
       45     0.00000006     0.91659146     0.08340849
       46     0.00000035     0.90063942     0.09936023
       47     0.00000036     0.88878882     0.11121082
       48     0.00000008     0.88044611     0.11955381
       49     0.00000012     0.87504038     0.12495950
       50     0.00000039     0.87196105     0.12803857
       51     0.00000031     0.87089682     0.12910287
       52     0.00000005     0.87163936     0.12836059
       53     0.00000016     0.87400484     0.12599500
       54     0.00000043     0.87778912     0.12221045
       55     0.00000032     0.88274848     0.11725120
       56     0.00000003     0.88860255     0.11139741
       57     0.00000017     0.89505452     0.10494530
       58     0.00000052     0.90181834     0.09818115
       59     0.00000040     0.90864157     0.09135804
       60     0.00000003     0.91531920     0.08468077
       61     0.00000017     0.92169926     0.07830057
       62     0.00000064     0.92768177     0.07231758
       63     0.00000057     0.93321078     0.06678865
       64     0.00000008     0.93826306     0.06173685
       65     0.00000015     0.94283929     0.05716056
       66     0.00000077     0.94695791     0.05304132
       67     0.00000085     0.95064932     0.04934982
       68     0.00000025     0.95395002     0.04604972
       69     0.00000011     0.95689980     0.04310009
       70     0.00000082     0.95954199     0.04045719
       71     0.00000122     0.96192282     0.03807596
       72     0.00000062     0.96408806     0.03591132
       73     0.00000012     0.96608013     0.03391975
       74     0.00000072     0.96793798     0.03206130
       75     0.00000153     0.96969673     0.03030174
       76     0.00000124     0.97138466     0.02861410
       77     0.00000038     0.97301998     0.02697964
       78     0.00000049     0.97461129     0.02538823
       79     0.00000155     0.97616067     0.02383778
       80     0.00000199     0.97766566     0.02233235
       81     0.00000117     0.97911880     0.02088003
       82     0.00000047     0.98050849     0.01949104
       83     0.00000118     0.98182310     0.01817572
       84     0.00000244     0.98305463     0.01694293
       85     0.00000252     0.98419840     0.01579908
       86     0.00000141     0.98525032     0.01474827
       87     0.00000096     0.98620639     0.01379266
       88     0.00000218     0.98706492     0.01293290
       89     0.00000367     0.98782755     0.01216877
       90     0.00000355     0.98849667     0.01149978
       91     0.00000219     0.98907277     0.01092503
       92     0.00000186     0.98955582     0.01044232
       93     0.00000350     0.98994970     0.01004679
       94     0.00000000     1.00000000     0.00000000
       95     0.00000481     0.99999358     0.00000161
       96     0.00001310     0.99998004     0.00000686
       97     0.00001406     0.99996981     0.00001613
       98     0.00000640     0.99996420     0.00002939
       99     0.00000021     0.99995375     0.00004604
      100     0.00000378     0.99993140     0.00006483
      101     0.00001293     0.99990311     0.00008396
      102     0.00001637     0.99988239     0.00010123
      103     0.00000992     0.99987585     0.00011423
      104     0.00000156     0.99987765     0.00012079
      105     0.00000145     0.99987903     0.00011952
      106     0.00000972     0.99988011     0.00011017
      107     0.00001659     0.99988959     0.00009382
      108     0.00001413     0.99991302     0.00007285
      109     0.00000529     0.99994389     0.00005082
      110     0.00000015     0.99996795     0.00003190
      111     0.00000431     0.99997555     0.00002014
      112     0.00001289     0.99996844     0.00001867
      113     0.00001632     0.99995467     0.00002901
      114     0.00001094     0.99993845     0.00005061
      115     0.00000269     0.99991657     0.00008074
      116     0.00000032     0.99988485     0.00011483
      117     0.00000602     0.99984673     0.00014725
      118     0.00001347     0.99981419     0.00017234
      119     0.00001483     0.99979976     0.00018542
      120     0.00000881     0.99980738     0.00018381
